5.0860466957092285 
4.342691421508789 
4.7510600090026855 
4.745272159576416 
4.592679500579834 
4.576046466827393 
5.562531471252441 
4.521714687347412 
4.882122039794922 
4.858347415924072 
4.498701095581055 
5.106345176696777 
5.915277481079102 
5.473876476287842 
5.060222625732422 
4.51676607131958 
4.676612377166748 
5.224759101867676 
4.654560089111328 
4.530586242675781 
4.466724872589111 
4.52040433883667 
4.807606220245361 
5.076930522918701 
4.778101921081543 
4.747268199920654 
4.548856735229492 
4.938555717468262 
4.620923042297363 
5.626825332641602 
5.604465007781982 
4.746260166168213 
5.197836399078369 
4.762911319732666 
4.852230548858643 
4.5868096351623535 
4.652952194213867 
4.6264967918396 
4.5811285972595215 
4.465642929077148 
4.649017810821533 
4.919534683227539 
4.571444988250732 
4.685581684112549 
5.615100383758545 
4.7789435386657715 
4.771740913391113 
5.412069320678711 
4.608381748199463 
4.517296314239502 
4.510583400726318 
4.445659160614014 
5.966547012329102 
4.900007724761963 
4.653530597686768 
5.421211242675781 
4.683557510375977 
4.971135139465332 
5.063143253326416 
4.625628471374512 
4.787079334259033 
4.584853172302246 
6.076382637023926 
4.509839057922363 
4.612951755523682 
5.27807092666626 
4.703172206878662 
4.441510200500488 
6.138844013214111 
4.718069076538086 
5.041248321533203 
5.316648006439209 
4.574055194854736 
4.799036979675293 
4.59720516204834 
4.548973083496094 
4.562814235687256 
4.740063190460205 
4.607032775878906 
6.7432475090026855 
4.8275651931762695 
4.613577842712402 
5.054129123687744 
4.703821659088135 
4.439018249511719 
6.304434776306152 
4.578068256378174 
6.55168342590332 
4.850931644439697 
4.764668941497803 
4.884428024291992 
5.8927483558654785 
6.312568664550781 
6.124267578125 
4.610453128814697 
5.275637149810791 
4.35658597946167 
4.731532096862793 
4.708563327789307 
4.3464202880859375 
4.723197937011719 
4.677004337310791 
4.833908557891846 
4.613975524902344 
4.8055500984191895 
4.6990861892700195 
5.744361400604248 
4.571355819702148 
4.530770778656006 
5.51747989654541 
5.1488447189331055 
6.865228176116943 
4.533934116363525 
4.536932945251465 
4.685418128967285 
5.1322455406188965 
4.667624473571777 
4.433032989501953 
4.291396141052246 
4.461113452911377 
4.933835983276367 
4.489557266235352 
4.757843971252441 
4.300105094909668 
4.52647066116333 
5.191773891448975 
4.429253101348877 
4.855190277099609 
4.661028861999512 
4.467864036560059 
4.595439434051514 
5.603841781616211 
4.30759859085083 
4.6547160148620605 
4.656971454620361 
4.516940593719482 
4.828715801239014 
4.803704261779785 
4.843749523162842 
5.174275875091553 
4.570278644561768 
4.688566207885742 
5.0717668533325195 
6.1886796951293945 
4.46953010559082 
5.185593605041504 
5.411198139190674 
4.497410297393799 
5.335620880126953 
4.6813859939575195 
4.361475467681885 
5.218984603881836 
4.997328758239746 
5.759544849395752 
4.416139602661133 
5.143949031829834 
4.780298709869385 
6.2457780838012695 
5.055427074432373 
5.273488521575928 
4.895394325256348 
4.621470928192139 
5.179020404815674 
4.517416477203369 
4.44649600982666 
5.599424839019775 
4.5931925773620605 
4.629333972930908 
4.467230796813965 
4.818331241607666 
4.618460178375244 
4.585238933563232 
5.465355396270752 
5.210321426391602 
4.749237060546875 
5.892465114593506 
4.438370704650879 
5.713883876800537 
4.577600955963135 
4.669668197631836 
4.764987468719482 
4.817183494567871 
4.296182632446289 
6.1753363609313965 
4.86318826675415 
4.863201141357422 
4.601051330566406 
5.019717216491699 
6.463942050933838 
4.695012092590332 
4.8156538009643555 
6.032080173492432 
5.090344429016113 
4.493074893951416 
4.404207706451416 
4.510290145874023 
6.132819175720215 
4.586625099182129 
4.4610819816589355 
4.169428825378418 
5.0015740394592285 
4.961104869842529 
5.745982646942139 
4.27146577835083 
4.860382080078125 
4.384995937347412 
5.074547290802002 
4.7900190353393555 
4.5017805099487305 
5.232293605804443 
4.728171348571777 
4.704533100128174 
4.896387100219727 
4.888513565063477 
4.785566806793213 
5.717278003692627 
5.910638809204102 
4.900144577026367 
4.547570705413818 
5.556113243103027 
4.443367004394531 
4.611611843109131 
4.453612804412842 
4.796658992767334 
4.546989917755127 
4.725712776184082 
4.976803302764893 
6.310313701629639 
5.680498123168945 
4.8652472496032715 
4.480833053588867 
5.135928153991699 
4.8489556312561035 
4.5421576499938965 
4.788712024688721 
4.522461891174316 
4.567582130432129 
5.307787895202637 
4.5644917488098145 
4.49154806137085 
4.575434684753418 
4.548427104949951 
4.668812274932861 
4.6210503578186035 
4.811773777008057 
6.022524356842041 
4.84410285949707 
4.820051670074463 
4.4626336097717285 
4.438511371612549 
4.477543354034424 
4.680944442749023 
5.557833671569824 
4.853821277618408 
4.1631245613098145 
4.947681427001953 
5.204136371612549 
4.8029890060424805 
4.406383514404297 
4.588593482971191 
4.977895736694336 
5.076350212097168 
4.613448143005371 
4.318912982940674 
4.739177703857422 
4.568829536437988 
4.636139869689941 
4.835719108581543 
4.587017059326172 
4.629669189453125 
5.9088521003723145 
5.089552402496338 
4.582874774932861 
4.639913082122803 
5.237656116485596 
4.541219711303711 
4.611627101898193 
4.7188897132873535 
6.137182235717773 
4.675991535186768 
4.925295352935791 
4.487424850463867 
4.6198272705078125 
5.019294261932373 
4.6289215087890625 
4.350124835968018 
5.136375427246094 
4.792279243469238 
4.8863525390625 
4.409646034240723 
4.720165252685547 
4.515010833740234 
4.349052429199219 
4.396241188049316 
4.580397605895996 
4.60633659362793 
4.963558673858643 
4.770942211151123 
4.50901460647583 
5.046823024749756 
4.465704917907715 
4.48411226272583 
4.638175010681152 
4.660461902618408 
4.669759750366211 
5.143243789672852 
4.518612384796143 
4.5218634605407715 
5.190772533416748 
4.4240264892578125 
4.625921249389648 
4.805722713470459 
4.631309509277344 
4.311859130859375 
4.690513610839844 
4.912249565124512 
4.907259941101074 
4.681183815002441 
5.955715656280518 
4.823984622955322 
4.530735492706299 
5.931064128875732 
5.058270454406738 
4.733184814453125 
4.968235969543457 
5.287007808685303 
5.111605167388916 
4.733206748962402 
4.800917625427246 
4.447793006896973 
4.534171104431152 
4.964564800262451 
4.620379447937012 
4.439555644989014 
5.566225528717041 
4.676293849945068 
4.569195747375488 
4.9594807624816895 
4.647558212280273 
4.708607196807861 
4.465339183807373 
6.638462066650391 
4.755519866943359 
4.723615646362305 
4.794686317443848 
5.043212890625 
4.7276082038879395 
5.707828998565674 
4.6964521408081055 
4.605204105377197 
5.38812255859375 
4.786168575286865 
4.5696587562561035 
5.6867241859436035 
4.852370738983154 
4.659310340881348 
4.67604398727417 
4.340445041656494 
4.779683589935303 
4.884374141693115 
4.7130842208862305 
4.608252048492432 
4.799287796020508 
4.502605438232422 
4.585259437561035 
4.448408126831055 
4.546215534210205 
4.558243751525879 
5.618692398071289 
5.689389705657959 
5.089168548583984 
5.207860946655273 
4.7690935134887695 
4.527418613433838 
4.372047424316406 
4.778261184692383 
4.924936771392822 
4.52094841003418 
4.645861625671387 
4.777167320251465 
4.7429399490356445 
4.447020530700684 
4.381752967834473 
4.755030632019043 
4.478797435760498 
4.9578938484191895 
5.239574909210205 
4.802959442138672 
5.197687149047852 
4.652751922607422 
4.688161849975586 
4.689840316772461 
4.563018798828125 
4.753007888793945 
4.58161735534668 
5.231680393218994 
4.6062774658203125 
4.825434684753418 
5.74439001083374 
4.548903465270996 
5.00788688659668 
4.543919086456299 
4.854331016540527 
5.444161415100098 
4.648976802825928 
4.9345879554748535 
5.133065700531006 
4.509150981903076 
4.655119895935059 
4.6029181480407715 
4.768506050109863 
5.110319137573242 
4.824995517730713 
4.446160316467285 
5.5010552406311035 
4.763030529022217 
4.585309028625488 
4.701316833496094 
4.870071887969971 
4.650350570678711 
5.62290096282959 
4.775404930114746 
4.572411060333252 
4.471932888031006 
6.37156343460083 
4.6990227699279785 
4.568871974945068 
4.5100579261779785 
5.178976058959961 
6.167126655578613 
4.436912536621094 
4.907068729400635 
4.546215534210205 
5.42368745803833 
4.72035026550293 
5.118877410888672 
4.5871992111206055 
4.782473564147949 
4.721922397613525 
4.76139497756958 
4.745819091796875 
5.812408924102783 
4.690053462982178 
4.822484970092773 
4.550206661224365 
4.5794148445129395 
4.987908840179443 
4.930670261383057 
4.53132963180542 
6.024363040924072 
4.714889049530029 
4.407438278198242 
5.034228324890137 
5.280299663543701 
4.545348167419434 
4.818032264709473 
6.122754096984863 
4.536416530609131 
4.619325160980225 
4.776381969451904 
5.056346416473389 
4.53477144241333 
4.497884750366211 
5.717273235321045 
4.601380825042725 
4.8211798667907715 
4.6983232498168945 
4.583289623260498 
4.698080062866211 
4.741683006286621 
4.70698881149292 
4.79571533203125 
4.351309299468994 
4.408757209777832 
4.566259860992432 
4.750326156616211 
4.601767063140869 
4.846683025360107 
4.517096996307373 
5.2702436447143555 
4.661200523376465 
5.218624591827393 
4.934563636779785 
4.686255931854248 
4.644371509552002 
4.772697925567627 
5.840143203735352 
5.386882781982422 
4.6099371910095215 
4.233872413635254 
4.961703300476074 
4.5510969161987305 
5.811916828155518 
6.85959005355835 
4.671564102172852 
4.345512390136719 
4.857624053955078 
4.546051979064941 
4.674283027648926 
4.779273509979248 
4.698974609375 
4.396330833435059 
4.951970100402832 
4.460156440734863 
4.538928508758545 
4.563451290130615 
4.577859401702881 
5.335615158081055 
4.809169292449951 
4.737053871154785 
5.024990081787109 
4.650753974914551 
4.786938190460205 
4.318397045135498 
4.96145486831665 
4.541313171386719 
4.711114406585693 
4.418266296386719 
5.854214668273926 
4.989156723022461 
4.61379861831665 
4.58843469619751 
4.693202018737793 
4.819297790527344 
4.576451778411865 
4.294589519500732 
4.802112579345703 
5.141985893249512 
5.586319923400879 
4.618497371673584 
4.95389461517334 
4.753594875335693 
4.877176761627197 
4.622819423675537 
4.750338077545166 
4.644926071166992 
4.464084148406982 
4.5218634605407715 
4.703212261199951 
4.435151100158691 
4.4531378746032715 
4.6642656326293945 
4.543937683105469 
4.726649284362793 
5.25089693069458 
4.694766521453857 
4.706874847412109 
4.523018836975098 
4.748114585876465 
4.696488380432129 
4.51230001449585 
4.478249549865723 
4.629334449768066 
4.487214088439941 
4.825043201446533 
4.649293899536133 
7.107646942138672 
4.780081748962402 
4.900513648986816 
4.4755353927612305 
4.655951023101807 
6.9610795974731445 
4.574440956115723 
4.998950004577637 
5.143837928771973 
5.453555107116699 
4.445849895477295 
4.766480922698975 
4.7041015625 
4.722798824310303 
5.2060465812683105 
4.620476722717285 
4.342995643615723 
4.732986927032471 
4.469261646270752 
4.593261241912842 
4.698129653930664 
4.4432525634765625 
4.773100852966309 
4.731255531311035 
4.9853057861328125 
4.427166938781738 
5.1274733543396 
4.700410842895508 
5.3093791007995605 
4.780577659606934 
4.842545032501221 
4.546261787414551 
4.46974515914917 
4.587792873382568 
4.736635684967041 
4.614025115966797 
4.671303749084473 
4.409887790679932 
4.988179683685303 
4.468867301940918 
4.4833526611328125 
4.921849250793457 
7.364396095275879 
5.5326972007751465 
4.779411315917969 
4.470314979553223 
4.762868404388428 
4.830715179443359 
5.000508785247803 
4.43435001373291 
4.479203701019287 
5.480650901794434 
4.899203300476074 
4.640841960906982 
5.884327411651611 
5.117051124572754 
5.026439189910889 
4.791224002838135 
8.854866027832031 
4.61481237411499 
4.746090412139893 
5.38882303237915 
4.698614597320557 
4.549117565155029 
4.792271614074707 
5.120604515075684 
5.050594806671143 
5.318447113037109 
4.647482872009277 
4.750428199768066 
5.626450538635254 
4.915406703948975 
4.505374431610107 
4.963187217712402 
4.448693752288818 
4.479190826416016 
4.44288444519043 
4.681582927703857 
4.38185977935791 
4.526958465576172 
4.4097981452941895 
4.454431056976318 
5.095522880554199 
4.682227611541748 
4.643531322479248 
4.7088704109191895 
4.706984519958496 
4.74703311920166 
5.289103031158447 
4.714745998382568 
4.818933010101318 
4.490581035614014 
4.64677619934082 
4.796374320983887 
4.779935359954834 
5.127623558044434 
4.776772499084473 
4.6547322273254395 
4.555520534515381 
4.8595476150512695 
5.197636604309082 
5.829890251159668 
4.549193859100342 
4.223111629486084 
4.8530144691467285 
5.113437652587891 
4.571033477783203 
4.562969207763672 
4.9525885581970215 
4.819988250732422 
4.327131271362305 
4.658872604370117 
4.670012950897217 
4.878718376159668 
5.201786994934082 
5.599531650543213 
4.51522970199585 
4.665963649749756 
4.547983646392822 
4.9003143310546875 
4.742330074310303 
5.603841304779053 
4.718479633331299 
5.21531343460083 
4.576981067657471 
4.446349620819092 
4.707083225250244 
4.590072154998779 
4.57894229888916 
4.942725658416748 
4.794501781463623 
4.687100410461426 
5.599709987640381 
4.552607536315918 
4.9335479736328125 
4.560529708862305 
4.9666748046875 
4.230340957641602 
4.452476978302002 
4.827672004699707 
5.036571979522705 
5.125711917877197 
4.40133810043335 
6.23508882522583 
4.646409034729004 
4.566470146179199 
5.760932922363281 
4.460391998291016 
4.4658918380737305 
5.782867431640625 
4.641686916351318 
4.672632217407227 
4.922378063201904 
5.497954368591309 
5.015721797943115 
4.309712886810303 
4.895424842834473 
4.667160511016846 
5.292487621307373 
4.719161510467529 
4.669814109802246 
4.71829891204834 
4.763399124145508 
5.988501071929932 
6.255502700805664 
5.2021331787109375 
5.020579814910889 
4.774476051330566 
4.471621990203857 
5.1059465408325195 
4.356739044189453 
4.745291709899902 
6.103213310241699 
4.630983829498291 
4.775048732757568 
4.557520389556885 
4.510141849517822 
4.688083171844482 
4.790509223937988 
5.8205037117004395 
4.7743611335754395 
4.417318820953369 
4.773314476013184 
5.429625511169434 
4.8354082107543945 
6.357545852661133 
5.45389986038208 
4.826914310455322 
4.759819030761719 
5.2355122566223145 
6.117526531219482 
4.697960376739502 
4.615672588348389 
5.851067543029785 
4.848738193511963 
4.539833068847656 
4.864109992980957 
4.777002334594727 
4.656408786773682 
4.567496299743652 
4.672897815704346 
4.8599419593811035 
6.215365409851074 
4.779630184173584 
4.970978736877441 
5.659977436065674 
4.479587078094482 
4.841209411621094 
4.707262992858887 
5.295072555541992 
4.764461517333984 
5.379756450653076 
4.612438201904297 
5.128571510314941 
5.926519870758057 
4.960587978363037 
5.216801166534424 
4.603931427001953 
5.092079162597656 
4.525549411773682 
4.420643329620361 
4.8894500732421875 
6.032370090484619 
4.555624961853027 
4.492496967315674 
4.8024773597717285 
4.6539835929870605 
4.215696811676025 
4.906549453735352 
5.300564289093018 
4.487284183502197 
5.111052989959717 
4.765341281890869 
5.586009979248047 
4.864872932434082 
5.778556823730469 
4.877940654754639 
5.054146766662598 
4.854910373687744 
4.707449436187744 
4.962139129638672 
4.447500228881836 
4.682983875274658 
4.650640487670898 
4.692290306091309 
4.555713176727295 
4.9690470695495605 
4.541514873504639 
4.960635662078857 
4.558138847351074 
5.0147013664245605 
4.958312034606934 
4.797004699707031 
4.509566307067871 
4.544500350952148 
4.990278720855713 
6.697402000427246 
4.64149808883667 
4.89255428314209 
4.529895305633545 
6.532535076141357 
4.648438453674316 
4.340154647827148 
4.618569850921631 
4.435286045074463 
5.859021186828613 
5.83669900894165 
4.767850399017334 
4.791834354400635 
4.6789445877075195 
4.529198169708252 
4.615884304046631 
6.589566707611084 
4.809576988220215 
4.8516950607299805 
4.265895843505859 
4.584251403808594 
6.1020331382751465 
5.860964775085449 
4.538936614990234 
4.693098068237305 
6.177545547485352 
4.923680782318115 
5.1478590965271 
4.658015251159668 
6.196733474731445 
4.807614326477051 
6.089608669281006 
5.199402809143066 
4.211756706237793 
5.043360710144043 
4.822359085083008 
4.593436241149902 
5.021378040313721 
5.408863544464111 
4.6205220222473145 
4.45186185836792 
4.611008644104004 
4.564126014709473 
6.34630823135376 
4.602667331695557 
4.801711082458496 
5.413451671600342 
4.951614856719971 
4.837952136993408 
4.5846266746521 
4.731761932373047 
4.744661808013916 
4.453428268432617 
4.683850288391113 
5.326420307159424 
5.223334312438965 
5.420422077178955 
6.074848651885986 
4.684277057647705 
4.550966739654541 
4.737174987792969 
4.69168758392334 
4.451583385467529 
5.3055877685546875 
4.682064533233643 
4.758759498596191 
4.616798400878906 
4.238279342651367 
4.703095436096191 
4.873621463775635 
5.589509010314941 
4.698166370391846 
4.718015670776367 
4.575962066650391 
4.698588848114014 
5.094549655914307 
4.429908752441406 
4.789456844329834 
4.750931739807129 
4.803235054016113 
4.54921293258667 
4.478332042694092 
4.678145885467529 
5.0021209716796875 
5.3755598068237305 
4.685481548309326 
4.69956636428833 
4.6473774909973145 
4.417601585388184 
4.299480438232422 
4.448242664337158 
4.530757904052734 
4.306480884552002 
4.743375301361084 
4.820126533508301 
4.555311679840088 
5.388991355895996 
4.772342205047607 
4.601554870605469 
4.600370407104492 
4.968761444091797 
4.666015625 
4.482211589813232 
5.063982009887695 
5.21378755569458 
4.518478870391846 
4.32695198059082 
4.609921932220459 
6.562304973602295 
5.048165798187256 
4.564357280731201 
4.7409467697143555 
4.870180130004883 
4.762305736541748 
4.616027355194092 
4.716762065887451 
5.986302852630615 
5.344070911407471 
4.873132705688477 
4.770962715148926 
4.524101257324219 
4.553908348083496 
4.812814712524414 
4.66663122177124 
5.105367660522461 
4.422206401824951 
4.80371618270874 
6.127856731414795 
4.417566776275635 
4.43978214263916 
4.751877307891846 
4.225129127502441 
4.499890327453613 
4.269340515136719 
4.933651924133301 
4.482594966888428 
4.83534574508667 
4.8348188400268555 
5.194948196411133 
4.869699001312256 
4.633847236633301 
4.88839864730835 
4.696544647216797 
4.569777965545654 
4.720766544342041 
4.654664993286133 
6.052767753601074 
4.5458478927612305 
4.458674430847168 
5.326872825622559 
4.6458330154418945 
4.483900547027588 
4.517607688903809 
4.615039825439453 
5.750445365905762 
6.254419803619385 
4.503961563110352 
4.620866298675537 
5.088754653930664 
4.811788558959961 
4.6558308601379395 
4.850701808929443 
4.739983558654785 
4.681869029998779 
6.129124641418457 
4.983603000640869 
6.583147048950195 
5.038064479827881 
4.479991436004639 
4.3971428871154785 
5.729241847991943 
4.667333126068115 
4.671672344207764 
5.391007423400879 
5.838071823120117 
4.545015811920166 
5.712372303009033 
4.651384353637695 
4.739928722381592 
5.5703606605529785 
4.281740188598633 
4.8557634353637695 
4.8180623054504395 
5.2009406089782715 
4.855342388153076 
4.441342353820801 
4.913640022277832 
5.018622875213623 
4.949460983276367 
4.788885116577148 
4.862212657928467 
4.543272018432617 
4.942080497741699 
4.827492713928223 
4.635324001312256 
4.7368364334106445 
6.074565887451172 
5.634670257568359 
5.621265411376953 
6.685293674468994 
4.5937180519104 
4.50800085067749 
4.761850357055664 
4.252180099487305 
4.520185470581055 
4.824192047119141 
4.668372631072998 
5.93686056137085 
4.529263019561768 
4.683241367340088 
4.634096622467041 
4.673013687133789 
5.215983867645264 
5.700895309448242 
4.746799468994141 
4.863757133483887 
5.514350414276123 
4.541940212249756 
4.671497821807861 
4.533106803894043 
5.1088762283325195 
4.525176525115967 
5.589284896850586 
4.517796993255615 
4.489475250244141 
4.901251316070557 
5.2692179679870605 
4.530300617218018 
4.553421497344971 
4.40784215927124 
4.75521993637085 
4.468997955322266 
4.32682466506958 
4.621558666229248 
4.873446464538574 
4.4823431968688965 
4.53983211517334 
5.840249538421631 
4.482508182525635 
4.43179988861084 
4.880692481994629 
5.799482345581055 
4.633942127227783 
4.443525314331055 
5.1060662269592285 
4.946751594543457 
4.761260032653809 
6.562920093536377 
4.80872917175293 
4.7688117027282715 
4.678767204284668 
4.716619968414307 
4.575009346008301 
4.901645660400391 
4.367029190063477 
5.342893123626709 
4.787525177001953 
4.664560794830322 
6.173222541809082 
5.585154056549072 
4.758798122406006 
4.669438362121582 
4.837923049926758 
4.654056549072266 
4.896216869354248 
4.574514389038086 
4.472310543060303 
4.777167797088623 
4.870224475860596 
4.885106563568115 
6.04859733581543 
4.71378231048584 
4.109133720397949 
4.66666841506958 
7.302407264709473 
4.569212436676025 
5.588869571685791 
4.713358402252197 
5.930255889892578 
4.5656418800354 
4.542930603027344 
4.66935396194458 
4.826906204223633 
5.465023994445801 
4.647640705108643 
4.835749626159668 
4.423292636871338 
4.5596466064453125 
4.913725852966309 
5.094910144805908 
4.52531623840332 
4.754149913787842 
4.904821872711182 
5.086760997772217 
5.136708736419678 
4.531239032745361 
4.759232521057129 
4.52023458480835 
4.746920585632324 
4.702212810516357 
4.707666397094727 
5.133452415466309 
4.56020450592041 
4.448437213897705 
4.570343017578125 
4.720179557800293 
4.548140048980713 
4.789347171783447 
4.774127960205078 
4.782237529754639 
4.662496089935303 
4.728275299072266 
4.646274089813232 
4.7876691818237305 
4.8289031982421875 
5.644216537475586 
4.394358158111572 
6.141957759857178 
4.353483200073242 
4.692922592163086 
4.924140453338623 
5.1315765380859375 
4.497904300689697 
4.820223808288574 
4.819458961486816 
4.454285144805908 
4.516754150390625 
4.240060329437256 
5.2892537117004395 
7.280013561248779 
4.901042938232422 
4.578590393066406 
4.645896911621094 
6.542171955108643 
4.758312702178955 
4.664649486541748 
4.67916202545166 
5.1140456199646 
6.019665718078613 
4.493860244750977 
4.7765069007873535 
4.8221917152404785 
4.448019027709961 
4.821315765380859 
4.567949295043945 
4.686233997344971 
4.36960506439209 
4.4708781242370605 
4.574481010437012 
5.656622409820557 
7.910270690917969 
4.624657154083252 
4.8859028816223145 
4.863549709320068 
4.995907306671143 
5.821803569793701 
4.6906280517578125 
5.0364274978637695 
4.557180404663086 
4.432570457458496 
5.171395778656006 
4.801696300506592 
4.553866386413574 
5.118420600891113 
5.167076587677002 
4.23347282409668 
5.561803817749023 
4.791110992431641 
6.026800155639648 
4.234456539154053 
4.464664459228516 
4.699391841888428 
4.539991855621338 
4.940211296081543 
4.493800163269043 
5.1055989265441895 
4.555638313293457 
4.900245666503906 
4.857443809509277 
4.478433132171631 
4.761875152587891 
4.573802947998047 
4.74669075012207 
4.70095682144165 
4.727935314178467 
4.480842113494873 
5.139339447021484 
4.588651657104492 
5.370028018951416 
5.473889350891113 
4.555837631225586 
4.649987697601318 
5.358730316162109 
4.751188278198242 
5.002701282501221 
5.276503562927246 
4.6454081535339355 
4.748618125915527 
4.751467704772949 
4.683372974395752 
4.596188545227051 
4.630151271820068 
4.486878871917725 
6.6388936042785645 
4.2410807609558105 
4.483449459075928 
4.60484504699707 
5.340727806091309 
4.48732328414917 
4.456109046936035 
6.675708293914795 
4.953018665313721 
5.286448955535889 
4.582449436187744 
4.517231464385986 
4.872332572937012 
4.286189079284668 
6.877949237823486 
4.788830280303955 
4.484792232513428 
4.58450174331665 
4.6934428215026855 
4.749348163604736 
4.779923439025879 
4.934357643127441 
5.180668354034424 
4.853801727294922 
4.435262680053711 
4.517885684967041 
4.5094475746154785 
4.8469343185424805 
4.477739334106445 
4.400435447692871 
4.658934593200684 
4.586557865142822 
5.301762104034424 
4.4588141441345215 
4.707625865936279 
4.640971660614014 
4.601987838745117 
4.526191711425781 
4.475528240203857 
4.521538257598877 
5.268971920013428 
4.52620792388916 
4.613999843597412 
4.420772075653076 
4.74287223815918 
4.886153221130371 
5.572611331939697 
4.913051128387451 
4.474390029907227 
5.757211685180664 
4.605515003204346 
5.143822193145752 
4.664290904998779 
4.702280044555664 
4.623271942138672 
4.696998119354248 
7.8731369972229 
4.839550495147705 
4.422901153564453 
4.677852630615234 
4.46124267578125 
4.643772602081299 
5.278842926025391 
4.689351558685303 
4.600802421569824 
4.939114093780518 
4.4948344230651855 
4.357069969177246 
4.5398125648498535 
4.4133381843566895 
4.3065080642700195 
4.974306106567383 
4.69725227355957 
4.674141883850098 
5.3452839851379395 
4.569863796234131 
4.626694202423096 
5.202913761138916 
4.635496616363525 
4.89777135848999 
4.986632347106934 
4.738120079040527 
4.644113540649414 
4.391082286834717 
4.876870155334473 
4.971225738525391 
4.733874797821045 
4.7728962898254395 
4.518589019775391 
4.684754848480225 
4.4639787673950195 
4.656240463256836 
5.572867393493652 
4.659282684326172 
5.310396194458008 
4.5449042320251465 
4.616005897521973 
4.776645660400391 
4.815433025360107 
4.478461265563965 
5.396867275238037 
4.453296661376953 
5.234154224395752 
4.628423690795898 
5.665709495544434 
4.727879047393799 
4.96076774597168 
4.93080472946167 
4.743410110473633 
4.770158767700195 
4.975967884063721 
4.49137020111084 
4.567060470581055 
4.682566165924072 
5.370692253112793 
4.498978137969971 
5.654113292694092 
5.657039642333984 
4.828982830047607 
4.548589706420898 
5.571596145629883 
4.9553608894348145 
4.825143814086914 
4.366907119750977 
4.9860076904296875 
5.979085922241211 
6.086065292358398 
4.972136974334717 
4.69079065322876 
4.656980514526367 
4.787597179412842 
4.367593765258789 
8.452506065368652 
4.672827243804932 
4.6618452072143555 
4.347452640533447 
4.708743572235107 
4.6901397705078125 
4.712432384490967 
4.634024143218994 
4.610158920288086 
4.184113502502441 
7.3362836837768555 
7.50355863571167 
4.642886638641357 
5.370541572570801 
4.4104743003845215 
5.231128215789795 
4.744814872741699 
5.3096699714660645 
4.479888439178467 
4.495658874511719 
5.206652641296387 
5.499503135681152 
4.880868434906006 
4.835535526275635 
4.47685432434082 
4.5183892250061035 
4.90712833404541 
5.9815263748168945 
4.824660778045654 
4.734782695770264 
4.513347148895264 
5.361217498779297 
4.857185363769531 
4.599050045013428 
4.456492900848389 
5.526186943054199 
4.896924018859863 
4.623305320739746 
5.05548620223999 
4.645576477050781 
4.501062870025635 
4.6697516441345215 
4.576648712158203 
5.098940849304199 
5.579422950744629 
5.43441104888916 
4.560241222381592 
5.165210723876953 
4.907634735107422 
4.490894794464111 
4.71024227142334 
5.4480204582214355 
4.63466215133667 
4.676146507263184 
4.7444257736206055 
4.604827880859375 
4.632223606109619 
4.508038520812988 
5.12677001953125 
5.589163303375244 
4.365730285644531 
4.558986186981201 
6.029440402984619 
4.584654331207275 
5.780231475830078 
4.647960186004639 
4.623793601989746 
4.444373607635498 
5.172626972198486 
4.753430366516113 
4.825206756591797 
4.715898513793945 
4.984752178192139 
4.732052803039551 
4.809426307678223 
4.496668338775635 
6.6379194259643555 
4.704048156738281 
4.726656436920166 
6.056459426879883 
6.208624362945557 
4.689116954803467 
4.785114765167236 
5.345381259918213 
4.546365261077881 
5.197342395782471 
4.660788536071777 
4.976492404937744 
4.481645584106445 
4.716963291168213 
4.589883804321289 
4.841774940490723 
4.613498210906982 
4.6865949630737305 
4.710694313049316 
4.930455207824707 
4.605441093444824 
4.526322841644287 
4.827671051025391 
4.584232807159424 
4.686383247375488 
5.412878036499023 
4.754605293273926 
5.858601093292236 
4.56604528427124 
4.892706394195557 
4.6189422607421875 
5.156406402587891 
4.2200751304626465 
4.6575798988342285 
4.537107467651367 
6.400515556335449 
4.443038463592529 
4.851625919342041 
5.508107662200928 
4.6961894035339355 
7.01698112487793 
5.261687278747559 
4.807772159576416 
4.593719005584717 
4.78649377822876 
4.574036598205566 
4.608862400054932 
5.261566638946533 
4.745138645172119 
4.678190231323242 
6.818930625915527 
5.266363143920898 
4.612925052642822 
4.69774866104126 
4.348309516906738 
4.704144477844238 
4.8702239990234375 
4.466580390930176 
4.799753665924072 
4.472963809967041 
5.875394821166992 
5.702338695526123 
4.558721542358398 
4.649138927459717 
7.269845485687256 
4.815550327301025 
4.667444229125977 
4.613746166229248 
4.504690647125244 
4.47678279876709 
6.02899694442749 
4.615085601806641 
4.699662208557129 
4.719788074493408 
5.171256065368652 
4.801449298858643 
4.61172342300415 
4.600121974945068 
4.446456432342529 
4.39998197555542 
5.1284027099609375 
4.591736316680908 
4.85752534866333 
4.791012287139893 
4.5888495445251465 
4.707487106323242 
4.500638484954834 
5.449730396270752 
5.068285942077637 
4.915619850158691 
5.684763431549072 
5.033641338348389 
4.722886085510254 
4.751173973083496 
5.1076812744140625 
4.648787498474121 
5.838706970214844 
5.178483486175537 
4.966679573059082 
4.951685428619385 
5.6765875816345215 
5.20816707611084 
4.601943492889404 
4.66220760345459 
4.761502742767334 
4.839474678039551 
4.580238342285156 
4.758231163024902 
5.0667338371276855 
5.0475945472717285 
4.416799068450928 
5.074748992919922 
4.679883003234863 
4.728234767913818 
4.837985038757324 
5.14504337310791 
4.3812947273254395 
4.884031295776367 
