5.342074871063232 
5.13280725479126 
5.13280725479126 
5.056163787841797 
5.037050247192383 
5.076244354248047 
5.266691207885742 
5.13280725479126 
5.080353260040283 
5.1657843589782715 
5.073995113372803 
5.048191070556641 
5.13280725479126 
5.13280725479126 
4.993467330932617 
5.523813724517822 
5.515707492828369 
5.13280725479126 
5.0193657875061035 
5.454596042633057 
5.553125858306885 
5.6774163246154785 
5.578797817230225 
6.091695785522461 
5.10857629776001 
5.879054069519043 
5.419214725494385 
6.544826507568359 
5.415446758270264 
5.578797817230225 
5.13280725479126 
5.13280725479126 
6.240530490875244 
5.057231903076172 
5.13280725479126 
5.13280725479126 
5.954135894775391 
5.13280725479126 
7.007878303527832 
5.515707492828369 
5.523813724517822 
6.077733993530273 
5.13280725479126 
5.13280725479126 
6.0442399978637695 
5.015011787414551 
6.0997419357299805 
5.1066060066223145 
5.045010566711426 
5.13280725479126 
5.107062816619873 
5.13280725479126 
5.079633712768555 
5.082871437072754 
5.13280725479126 
5.13280725479126 
5.515707492828369 
5.744677543640137 
5.13280725479126 
5.1191792488098145 
5.479074954986572 
5.106344699859619 
5.13280725479126 
6.670609474182129 
5.170026779174805 
5.972930431365967 
5.13280725479126 
5.024173736572266 
5.13280725479126 
5.13280725479126 
5.13280725479126 
5.13280725479126 
5.05558967590332 
5.13280725479126 
5.13280725479126 
5.13280725479126 
5.262264728546143 
5.13280725479126 
6.349106788635254 
7.043489456176758 
7.086007118225098 
5.106053352355957 
5.037213325500488 
5.498892307281494 
5.13280725479126 
5.055952548980713 
5.104518890380859 
5.535518646240234 
5.056095600128174 
5.13280725479126 
5.178040027618408 
5.0334296226501465 
5.13280725479126 
5.13280725479126 
7.008518218994141 
5.13280725479126 
6.524837493896484 
5.13280725479126 
5.026861190795898 
5.865215301513672 
5.522585391998291 
4.993717670440674 
5.523813724517822 
6.867249488830566 
5.6706061363220215 
5.13280725479126 
5.108956336975098 
5.728215217590332 
5.520805358886719 
5.078339576721191 
5.101585865020752 
5.1169867515563965 
5.13280725479126 
5.13280725479126 
5.0010576248168945 
5.322744369506836 
6.702136516571045 
7.360844612121582 
5.0338311195373535 
5.13280725479126 
5.034920692443848 
5.13280725479126 
5.13280725479126 
5.048096656799316 
7.630681037902832 
6.824429035186768 
5.523813724517822 
5.172318935394287 
5.069177150726318 
4.9989237785339355 
5.107518196105957 
5.13280725479126 
5.328652381896973 
5.13280725479126 
5.1083526611328125 
5.03857946395874 
8.13936710357666 
5.523813724517822 
5.13280725479126 
6.998082637786865 
5.13280725479126 
5.13280725479126 
5.0728631019592285 
5.13280725479126 
5.535518646240234 
5.13280725479126 
5.067563056945801 
5.069140911102295 
7.354762077331543 
5.13280725479126 
5.061863422393799 
5.13280725479126 
6.457315921783447 
5.523813724517822 
6.815525531768799 
5.92472505569458 
7.407383441925049 
5.13280725479126 
5.13280725479126 
6.201850414276123 
5.8800740242004395 
5.082265377044678 
5.384256362915039 
5.13280725479126 
5.338826656341553 
5.13280725479126 
5.112708568572998 
5.188411712646484 
7.717226505279541 
5.048621654510498 
5.13280725479126 
5.044005393981934 
5.13280725479126 
5.523813724517822 
5.13280725479126 
5.523813724517822 
5.13280725479126 
5.942000865936279 
5.063698768615723 
5.13280725479126 
5.077213287353516 
5.113624572753906 
5.13280725479126 
5.023863315582275 
7.013327121734619 
5.024092674255371 
5.04545259475708 
5.063726425170898 
5.03947639465332 
5.0774664878845215 
6.559243202209473 
5.13280725479126 
5.13280725479126 
5.059728622436523 
5.13280725479126 
5.13280725479126 
5.523813724517822 
5.076485633850098 
5.839300155639648 
8.50377368927002 
5.726375579833984 
6.134145736694336 
5.113374710083008 
5.535518646240234 
5.523813724517822 
7.9736762046813965 
5.064524173736572 
5.13280725479126 
7.392773628234863 
5.13280725479126 
8.03062629699707 
7.344297885894775 
6.479121208190918 
5.13280725479126 
5.13280725479126 
5.523813724517822 
5.837474822998047 
6.3928656578063965 
5.13280725479126 
5.1143388748168945 
5.13280725479126 
5.523813724517822 
5.19653844833374 
5.504807472229004 
5.076803207397461 
5.0660576820373535 
5.13280725479126 
5.13280725479126 
5.030767440795898 
5.103085041046143 
5.535518646240234 
5.341907501220703 
5.054760456085205 
5.523813724517822 
5.0346198081970215 
5.471651554107666 
5.835657119750977 
5.13280725479126 
5.907896995544434 
5.03746223449707 
5.068689823150635 
5.75376033782959 
5.088876247406006 
5.636013507843018 
5.232419967651367 
5.13280725479126 
5.13280725479126 
5.13280725479126 
5.009132385253906 
5.13280725479126 
6.751410484313965 
5.1021809577941895 
5.447628498077393 
5.776459693908691 
5.39401912689209 
5.523813724517822 
5.0667314529418945 
7.039551734924316 
5.501486301422119 
7.601814270019531 
6.702019214630127 
5.016472816467285 
5.523813724517822 
5.522585391998291 
5.147824287414551 
5.13280725479126 
5.016683578491211 
5.790694236755371 
5.0786452293396 
8.129578590393066 
5.1086554527282715 
5.13280725479126 
6.387579917907715 
5.111782550811768 
5.13280725479126 
5.007990837097168 
5.0626749992370605 
5.523813724517822 
5.13280725479126 
6.249203681945801 
5.341270923614502 
5.13280725479126 
5.523813724517822 
5.13280725479126 
5.334236145019531 
5.13280725479126 
5.13280725479126 
5.078792572021484 
5.360346794128418 
7.3650126457214355 
5.13280725479126 
5.13280725479126 
5.13280725479126 
7.387831211090088 
5.13280725479126 
5.13280725479126 
5.385101318359375 
5.13280725479126 
5.059289455413818 
5.110933303833008 
5.105983734130859 
6.839339256286621 
5.13280725479126 
5.13280725479126 
5.032656192779541 
5.033368110656738 
5.13280725479126 
5.890235900878906 
5.064159870147705 
5.083887100219727 
5.049413681030273 
5.044804573059082 
5.515707492828369 
7.416171073913574 
5.13280725479126 
5.413252830505371 
5.523813724517822 
5.060937404632568 
5.515707492828369 
5.228761672973633 
5.13280725479126 
5.011438369750977 
5.104559898376465 
5.050245761871338 
6.51303768157959 
5.13280725479126 
5.13280725479126 
5.523813724517822 
5.13280725479126 
5.085529327392578 
5.512608528137207 
5.13280725479126 
5.10888147354126 
5.241179943084717 
5.523813724517822 
5.117000579833984 
5.523813724517822 
5.13280725479126 
5.13280725479126 
5.064265727996826 
5.034621715545654 
6.316435813903809 
5.108387470245361 
5.016573429107666 
5.078824996948242 
5.13280725479126 
5.059828281402588 
5.042701244354248 
5.056152820587158 
6.006515026092529 
5.03757905960083 
5.13280725479126 
5.13280725479126 
5.099505424499512 
5.13280725479126 
5.030045509338379 
5.13280725479126 
4.99658203125 
5.260651588439941 
6.258294582366943 
5.523813724517822 
5.13280725479126 
5.13280725479126 
5.1672258377075195 
5.890800476074219 
5.13280725479126 
5.05950927734375 
5.13280725479126 
5.046136379241943 
5.76788854598999 
5.079032897949219 
5.106600761413574 
5.13280725479126 
6.223428249359131 
4.993111610412598 
5.13280725479126 
5.13280725479126 
5.13280725479126 
5.0609564781188965 
5.13280725479126 
5.077924728393555 
5.13280725479126 
5.007308483123779 
5.13280725479126 
5.005007266998291 
5.0513176918029785 
5.631024360656738 
5.501047611236572 
7.526410102844238 
5.13280725479126 
5.037355899810791 
5.13280725479126 
5.13280725479126 
5.13280725479126 
5.13280725479126 
5.045104503631592 
5.13280725479126 
5.13280725479126 
5.037368297576904 
5.13280725479126 
4.996608257293701 
5.13280725479126 
5.018669605255127 
5.13280725479126 
8.025979995727539 
5.049346923828125 
5.101865291595459 
5.28878927230835 
5.0424675941467285 
6.109524726867676 
5.108102321624756 
5.105599880218506 
5.088426113128662 
5.13280725479126 
5.8859710693359375 
5.657965660095215 
5.052258491516113 
5.501047611236572 
5.13280725479126 
5.311620235443115 
7.341697692871094 
5.522585391998291 
5.13280725479126 
5.13280725479126 
5.13280725479126 
5.13280725479126 
5.02526330947876 
5.097811698913574 
5.578797817230225 
5.027766227722168 
5.037351131439209 
5.107563018798828 
5.087002277374268 
6.177353858947754 
7.018660545349121 
5.13280725479126 
5.523813724517822 
5.13280725479126 
5.13280725479126 
5.425484657287598 
5.13280725479126 
5.017806529998779 
5.545960903167725 
5.13280725479126 
5.523813724517822 
5.523813724517822 
5.501047611236572 
5.13280725479126 
5.008025169372559 
5.065119743347168 
5.174594402313232 
5.605977535247803 
5.545960903167725 
5.501047611236572 
5.0333123207092285 
5.13280725479126 
5.114452838897705 
5.13280725479126 
5.106387138366699 
5.13280725479126 
7.338665962219238 
5.13280725479126 
5.903077125549316 
5.995962142944336 
5.545960903167725 
5.012552738189697 
5.094596862792969 
5.13280725479126 
5.523813724517822 
5.005279541015625 
5.13280725479126 
5.053069114685059 
5.13280725479126 
5.533971309661865 
6.507896900177002 
5.13280725479126 
5.13280725479126 
5.13280725479126 
5.076026439666748 
5.157516956329346 
5.925220012664795 
5.13280725479126 
5.13280725479126 
5.018960475921631 
5.13280725479126 
5.2437872886657715 
5.13280725479126 
6.140660285949707 
5.13280725479126 
5.057727336883545 
5.217381477355957 
5.523813724517822 
5.13280725479126 
5.13280725479126 
5.13280725479126 
5.13280725479126 
5.13280725479126 
5.13280725479126 
5.13280725479126 
5.078204154968262 
5.13280725479126 
5.512608528137207 
5.145636081695557 
5.1145830154418945 
5.13280725479126 
5.01444149017334 
5.109620094299316 
5.13280725479126 
5.13280725479126 
5.0848846435546875 
6.5265092849731445 
6.450954914093018 
5.104974269866943 
5.13280725479126 
5.13280725479126 
5.523813724517822 
5.019707679748535 
5.578797817230225 
5.13280725479126 
5.578797817230225 
5.088724136352539 
5.035459995269775 
5.048621654510498 
5.701581001281738 
5.032613754272461 
5.13280725479126 
6.482882499694824 
5.108023166656494 
6.762847423553467 
5.13280725479126 
5.13280725479126 
5.544126510620117 
5.842733383178711 
5.13280725479126 
5.13280725479126 
5.13280725479126 
5.13280725479126 
5.738694190979004 
5.111644268035889 
5.523813724517822 
5.13280725479126 
5.034194469451904 
5.13280725479126 
5.13280725479126 
5.13280725479126 
5.023585319519043 
5.13280725479126 
5.059284687042236 
5.13280725479126 
5.13280725479126 
7.114789009094238 
5.523813724517822 
5.115847110748291 
6.249203681945801 
5.13280725479126 
5.086864948272705 
5.13280725479126 
5.13280725479126 
5.055963516235352 
5.079967975616455 
5.060140609741211 
5.940871238708496 
5.523813724517822 
5.335940837860107 
5.13280725479126 
5.100183963775635 
5.012908935546875 
5.587260723114014 
5.13280725479126 
5.12874698638916 
4.994861602783203 
5.063229084014893 
7.500238418579102 
5.087515830993652 
5.075544357299805 
5.034781455993652 
6.184068202972412 
8.347208976745605 
5.13280725479126 
5.120607376098633 
5.13280725479126 
5.13280725479126 
5.012054920196533 
5.015982627868652 
5.13280725479126 
5.720503330230713 
5.296378135681152 
5.512608528137207 
5.13280725479126 
5.3371782302856445 
5.10187292098999 
5.523813724517822 
5.13280725479126 
5.103531360626221 
5.487485885620117 
5.13280725479126 
5.13280725479126 
5.099796772003174 
5.13280725479126 
5.079583644866943 
5.022057056427002 
5.523813724517822 
5.13280725479126 
6.146402359008789 
5.252171993255615 
7.614863872528076 
5.522639274597168 
5.103173732757568 
5.077156066894531 
6.1995439529418945 
5.515707492828369 
5.13280725479126 
5.252629280090332 
6.161500930786133 
5.13280725479126 
5.075436115264893 
5.079331398010254 
5.515707492828369 
5.057080268859863 
5.523813724517822 
5.523813724517822 
5.578797817230225 
5.13280725479126 
5.13280725479126 
5.13280725479126 
5.501047611236572 
5.523813724517822 
5.025197505950928 
5.13280725479126 
5.13280725479126 
5.13280725479126 
5.13280725479126 
6.592505931854248 
5.523813724517822 
7.439400672912598 
5.111885070800781 
5.067523002624512 
6.296013832092285 
5.13280725479126 
5.13280725479126 
5.13280725479126 
5.036455154418945 
5.059639930725098 
5.898146152496338 
5.11460018157959 
5.13280725479126 
5.479302883148193 
5.101088047027588 
5.13280725479126 
5.13280725479126 
6.249203681945801 
5.13280725479126 
5.13280725479126 
5.033904552459717 
5.099637031555176 
5.13280725479126 
5.578797817230225 
5.133739948272705 
8.3284273147583 
5.177961349487305 
5.13280725479126 
5.070464134216309 
5.896817207336426 
5.108991622924805 
6.4658098220825195 
5.046456336975098 
5.108500003814697 
5.057675838470459 
5.523813724517822 
7.561181545257568 
5.523813724517822 
6.557170391082764 
5.13280725479126 
5.13280725479126 
5.020972728729248 
5.892978191375732 
5.892925262451172 
5.072964191436768 
5.13280725479126 
5.103494644165039 
5.388176918029785 
5.07075309753418 
5.13280725479126 
5.365880489349365 
5.142879962921143 
5.072279930114746 
5.112702369689941 
5.13280725479126 
5.815677642822266 
6.078545093536377 
5.099871635437012 
5.583605766296387 
5.515707492828369 
5.051117420196533 
6.243077754974365 
5.031163692474365 
5.085844039916992 
5.038766384124756 
5.1596760749816895 
5.052302837371826 
5.13280725479126 
6.156852722167969 
5.13280725479126 
5.512608528137207 
5.13280725479126 
5.067625999450684 
5.13280725479126 
5.903355598449707 
5.028575897216797 
5.303083896636963 
5.523813724517822 
5.13280725479126 
5.13280725479126 
5.1117424964904785 
5.13280725479126 
5.512608528137207 
5.13280725479126 
5.13280725479126 
5.523813724517822 
5.034369945526123 
5.2243242263793945 
5.578797817230225 
6.872319221496582 
5.17194938659668 
5.13280725479126 
5.0412116050720215 
5.13280725479126 
5.7654218673706055 
5.076779842376709 
6.914113998413086 
5.696156978607178 
5.1100897789001465 
5.523813724517822 
4.993774890899658 
6.167658805847168 
5.13280725479126 
5.0169854164123535 
6.252340316772461 
6.515458106994629 
5.069828987121582 
5.708451271057129 
5.13280725479126 
5.396406650543213 
5.107563018798828 
5.13280725479126 
5.116239070892334 
5.046413421630859 
5.376522541046143 
4.996242046356201 
5.515707492828369 
5.06280517578125 
5.523813724517822 
6.130856513977051 
5.13280725479126 
7.30485200881958 
5.047999382019043 
5.03571891784668 
5.13280725479126 
6.518682479858398 
5.105575084686279 
5.522585391998291 
5.13280725479126 
5.011539936065674 
5.043096542358398 
6.4929704666137695 
5.13280725479126 
5.908874988555908 
5.13280725479126 
5.034449100494385 
6.179173469543457 
8.17016887664795 
7.128815174102783 
5.117948532104492 
6.31827449798584 
5.13280725479126 
5.13280725479126 
5.108015060424805 
5.13280725479126 
5.086810111999512 
5.105165004730225 
5.13280725479126 
5.523813724517822 
5.13280725479126 
5.008035659790039 
5.13280725479126 
5.07158899307251 
5.059445858001709 
5.13280725479126 
5.535518646240234 
5.10103178024292 
7.41987419128418 
5.086367130279541 
5.13280725479126 
7.355228424072266 
5.515707492828369 
5.066239356994629 
5.13280725479126 
5.13280725479126 
5.13280725479126 
5.13280725479126 
5.058988094329834 
5.523813724517822 
5.049900531768799 
5.13280725479126 
5.294644355773926 
5.13280725479126 
5.216145038604736 
5.061796188354492 
5.367363452911377 
5.13280725479126 
5.13280725479126 
5.016895771026611 
5.523813724517822 
5.10335636138916 
5.019808769226074 
5.13280725479126 
6.626936912536621 
5.02903413772583 
5.060304164886475 
5.117673873901367 
5.13280725479126 
5.6706061363220215 
7.385491847991943 
5.082883358001709 
6.166627883911133 
5.13280725479126 
5.113173484802246 
7.382910251617432 
5.077944278717041 
5.13280725479126 
5.535518646240234 
5.078738212585449 
5.056478500366211 
6.4904985427856445 
5.116497993469238 
5.13280725479126 
5.13280725479126 
5.107793807983398 
5.13280725479126 
5.894683361053467 
5.13280725479126 
6.824429035186768 
5.104877471923828 
5.523813724517822 
5.032405853271484 
5.13280725479126 
5.13280725479126 
5.008879661560059 
5.008942604064941 
5.074986457824707 
5.13280725479126 
5.13280725479126 
5.960135459899902 
5.523813724517822 
5.13280725479126 
5.13280725479126 
6.137126445770264 
5.190680503845215 
5.017443656921387 
5.10892391204834 
6.039885520935059 
5.053516387939453 
6.104780197143555 
5.794787883758545 
5.909071445465088 
5.523813724517822 
5.523813724517822 
5.13280725479126 
5.105274677276611 
5.026363849639893 
5.544427394866943 
5.13280725479126 
5.115859508514404 
5.087756156921387 
5.523813724517822 
5.100841522216797 
5.057613372802734 
5.040720462799072 
5.512608528137207 
5.066740989685059 
7.382055282592773 
5.069052219390869 
5.13280725479126 
5.13280725479126 
5.113434314727783 
5.046736717224121 
5.523813724517822 
5.13280725479126 
5.13280725479126 
5.482367038726807 
5.061400890350342 
5.13280725479126 
5.13280725479126 
5.029488563537598 
5.13280725479126 
5.13280725479126 
5.078703880310059 
6.173907279968262 
5.898592948913574 
5.13280725479126 
7.50101900100708 
5.078518390655518 
5.522585391998291 
5.049108505249023 
5.0873122215271 
5.13280725479126 
5.545163154602051 
5.13280725479126 
5.13280725479126 
5.523813724517822 
6.073642253875732 
8.17016887664795 
5.13280725479126 
5.13280725479126 
5.13280725479126 
5.027443885803223 
5.006265640258789 
5.139439105987549 
6.149167060852051 
5.448256015777588 
5.245835304260254 
5.910790920257568 
5.13280725479126 
5.070517063140869 
5.13280725479126 
5.022506237030029 
5.13280725479126 
5.005804538726807 
5.917291164398193 
5.535518646240234 
5.523813724517822 
5.218451499938965 
6.945065498352051 
5.060853958129883 
5.082550525665283 
5.089056491851807 
5.07225227355957 
5.062346458435059 
5.1106462478637695 
7.223764896392822 
5.057024002075195 
5.116034030914307 
5.078535079956055 
5.13280725479126 
5.13280725479126 
5.356910705566406 
5.083862781524658 
5.13280725479126 
7.669898986816406 
5.433798789978027 
5.13280725479126 
5.425483226776123 
5.13280725479126 
6.172366142272949 
6.096226692199707 
5.523813724517822 
6.183872222900391 
5.13280725479126 
5.113561630249023 
5.8387451171875 
5.13280725479126 
7.415853500366211 
5.13280725479126 
5.523813724517822 
6.719784736633301 
5.13280725479126 
6.078545093536377 
5.523813724517822 
5.366437911987305 
5.183175086975098 
5.13280725479126 
5.13280725479126 
5.13280725479126 
5.13280725479126 
5.523813724517822 
5.105258941650391 
7.709378242492676 
5.13280725479126 
5.17194938659668 
5.547430992126465 
5.883570671081543 
5.112293720245361 
5.065908432006836 
5.068406581878662 
5.079354286193848 
5.1168904304504395 
5.197940826416016 
5.13280725479126 
5.0160112380981445 
5.073124885559082 
5.13280725479126 
5.239748954772949 
5.222723484039307 
5.084881782531738 
5.0535969734191895 
6.338234901428223 
5.1075439453125 
5.117352485656738 
5.08054780960083 
5.13280725479126 
5.215695858001709 
5.13280725479126 
5.13280725479126 
5.087857723236084 
5.233187198638916 
5.13280725479126 
5.1041178703308105 
5.13280725479126 
6.402022838592529 
5.13280725479126 
5.13280725479126 
6.484464645385742 
5.72860050201416 
5.13280725479126 
5.911804676055908 
5.13280725479126 
5.13280725479126 
5.13280725479126 
5.522585391998291 
5.13280725479126 
5.13280725479126 
5.523813724517822 
5.523813724517822 
5.113341808319092 
5.942921161651611 
5.13280725479126 
5.050797939300537 
5.13280725479126 
5.087491512298584 
5.13280725479126 
5.023871898651123 
5.1057000160217285 
5.512608528137207 
7.768213272094727 
5.13280725479126 
5.036020278930664 
6.206372261047363 
5.029964447021484 
6.171195983886719 
5.13280725479126 
5.047431945800781 
5.008190155029297 
5.13280725479126 
5.104952335357666 
5.13280725479126 
5.13280725479126 
5.13280725479126 
5.523813724517822 
5.101894378662109 
5.109574317932129 
5.037960052490234 
5.13280725479126 
5.523813724517822 
5.13280725479126 
5.516683578491211 
6.224492073059082 
5.13280725479126 
6.4209747314453125 
5.077254772186279 
5.085962295532227 
5.058008670806885 
5.523813724517822 
4.99591064453125 
6.649136066436768 
5.13280725479126 
5.13280725479126 
5.545960903167725 
5.13280725479126 
5.13280725479126 
5.064452171325684 
5.1085028648376465 
5.662286758422852 
5.007531642913818 
5.13280725479126 
5.418345928192139 
5.522585391998291 
5.080434322357178 
5.087641716003418 
5.043745517730713 
5.045701503753662 
5.13280725479126 
5.523813724517822 
5.13280725479126 
5.007516384124756 
5.018527507781982 
5.105356216430664 
5.523813724517822 
5.088688850402832 
5.523813724517822 
5.13280725479126 
5.044929504394531 
5.081820964813232 
5.087716102600098 
5.523813724517822 
5.606192588806152 
8.101016998291016 
5.041533946990967 
5.848814964294434 
5.125742435455322 
5.523813724517822 
5.153803825378418 
7.158202171325684 
5.523813724517822 
5.104198932647705 
5.13280725479126 
6.131545066833496 
5.060510635375977 
6.524979114532471 
5.13280725479126 
5.102473735809326 
5.637516975402832 
5.037950038909912 
5.523813724517822 
5.042261123657227 
5.13280725479126 
5.13280725479126 
5.501047611236572 
5.051441669464111 
5.897528171539307 
6.9217848777771 
5.544427394866943 
5.13280725479126 
5.083024978637695 
5.6706061363220215 
5.080049514770508 
5.13280725479126 
7.150310516357422 
5.256052494049072 
5.377954483032227 
5.078566551208496 
5.031713008880615 
6.123990535736084 
5.523813724517822 
6.099860668182373 
5.065293312072754 
5.064325332641602 
5.13280725479126 
5.065748691558838 
5.640564441680908 
5.09311056137085 
5.251679420471191 
5.13280725479126 
5.13280725479126 
5.086013317108154 
5.10286808013916 
5.053142070770264 
5.0791802406311035 
5.027272701263428 
5.13280725479126 
5.115314960479736 
5.045010566711426 
5.13280725479126 
5.066547393798828 
5.13280725479126 
5.099728584289551 
5.716824531555176 
7.489684104919434 
5.13280725479126 
5.063070774078369 
5.056071758270264 
6.5674943923950195 
5.523813724517822 
5.067090034484863 
5.13280725479126 
5.13280725479126 
5.689755439758301 
5.13280725479126 
5.13280725479126 
5.4597392082214355 
5.10974645614624 
6.733188629150391 
6.4934282302856445 
5.523813724517822 
5.13280725479126 
5.523813724517822 
5.118082046508789 
5.13280725479126 
5.890933513641357 
5.068503379821777 
5.02702522277832 
5.13280725479126 
5.013335704803467 
5.13280725479126 
5.620288372039795 
5.13280725479126 
6.118867874145508 
5.107901573181152 
5.801415920257568 
5.510309219360352 
5.050094127655029 
5.018582820892334 
5.027816295623779 
5.106374263763428 
6.728469371795654 
5.13280725479126 
5.13280725479126 
7.493194580078125 
5.060324192047119 
5.13280725479126 
5.884774684906006 
5.13280725479126 
6.767962455749512 
5.501047611236572 
5.13280725479126 
5.111222743988037 
5.13280725479126 
5.13280725479126 
5.13280725479126 
5.040146350860596 
5.522585391998291 
5.943763732910156 
5.512608528137207 
5.13280725479126 
5.13280725479126 
5.13280725479126 
5.032980442047119 
5.13280725479126 
5.631024360656738 
5.13280725479126 
5.073750972747803 
5.057298183441162 
5.032985210418701 
5.13280725479126 
5.13280725479126 
5.13280725479126 
5.523813724517822 
5.1489057540893555 
5.32157039642334 
5.214130878448486 
5.105212211608887 
5.13280725479126 
5.100195407867432 
5.13280725479126 
6.678219318389893 
5.0503644943237305 
5.087789058685303 
5.13280725479126 
5.13280725479126 
5.017022132873535 
5.13280725479126 
5.121732234954834 
5.13280725479126 
6.198489189147949 
5.523813724517822 
5.042689800262451 
5.037723064422607 
5.051312446594238 
5.0759406089782715 
5.467813491821289 
5.288679599761963 
5.344182014465332 
5.13280725479126 
5.018179893493652 
5.13280725479126 
5.13280725479126 
5.021119594573975 
6.7700419425964355 
5.523813724517822 
5.116854667663574 
5.103299617767334 
7.253759384155273 
5.13280725479126 
5.072927474975586 
5.13280725479126 
6.596780776977539 
7.456853866577148 
5.523813724517822 
5.082703113555908 
5.393726348876953 
5.024379253387451 
6.174217700958252 
5.072927474975586 
6.182361602783203 
5.13280725479126 
5.13280725479126 
5.042309284210205 
5.892925262451172 
5.249698638916016 
6.561021327972412 
5.13280725479126 
5.515707492828369 
5.084489822387695 
5.479074954986572 
5.149287700653076 
5.13280725479126 
5.13280725479126 
5.515707492828369 
5.082263469696045 
5.501047611236572 
6.198489189147949 
5.23073148727417 
5.130923271179199 
5.06126594543457 
5.004205226898193 
5.13280725479126 
5.824368953704834 
5.13280725479126 
5.000205993652344 
7.053768634796143 
6.1322431564331055 
5.13280725479126 
7.131711006164551 
6.181516647338867 
5.13280725479126 
5.13280725479126 
5.111572742462158 
5.011833667755127 
5.0427680015563965 
5.151113510131836 
5.017764568328857 
5.06593132019043 
5.13280725479126 
5.042765140533447 
5.059147357940674 
5.716565132141113 
5.13280725479126 
8.031899452209473 
5.523813724517822 
5.036323547363281 
5.061901569366455 
5.13280725479126 
5.942463397979736 
5.13280725479126 
5.13280725479126 
6.0862579345703125 
5.908580780029297 
5.249927043914795 
5.021508693695068 
6.895836353302002 
5.13280725479126 
5.109433650970459 
5.037160396575928 
5.13280725479126 
5.009995937347412 
5.13280725479126 
5.52852201461792 
5.13280725479126 
5.523813724517822 
5.04618501663208 
5.086687088012695 
5.425483226776123 
5.103507041931152 
5.13280725479126 
5.523813724517822 
5.116526126861572 
7.575850486755371 
5.523813724517822 
5.501047611236572 
5.059509754180908 
5.13280725479126 
5.063036918640137 
5.13280725479126 
5.064114093780518 
5.0673370361328125 
6.3916730880737305 
5.849782943725586 
5.13280725479126 
5.013408184051514 
5.081159591674805 
7.253239631652832 
5.045041084289551 
5.060169696807861 
5.107934474945068 
5.13280725479126 
5.154839515686035 
5.578797817230225 
5.13280725479126 
5.631112575531006 
6.638688087463379 
5.038169860839844 
5.275803565979004 
5.13280725479126 
5.057862281799316 
5.13280725479126 
5.620622158050537 
5.13280725479126 
5.068392276763916 
5.909173011779785 
5.07846212387085 
5.13280725479126 
5.10776948928833 
6.482056140899658 
5.13280725479126 
5.058088779449463 
5.105607032775879 
5.019988059997559 
5.358768463134766 
5.240166187286377 
5.084415435791016 
7.635625839233398 
5.2817792892456055 
8.145598411560059 
5.395226001739502 
5.111513614654541 
5.13280725479126 
5.701801300048828 
5.10387659072876 
6.645935535430908 
5.19828462600708 
5.06774377822876 
5.13280725479126 
6.4197492599487305 
5.13280725479126 
6.219991683959961 
5.019517421722412 
5.13280725479126 
5.084369659423828 
5.059768199920654 
5.07045316696167 
5.13280725479126 
5.080752372741699 
4.999992370605469 
5.13280725479126 
5.13280725479126 
5.266222953796387 
5.6706061363220215 
6.464863300323486 
5.204911708831787 
5.523813724517822 
5.898951530456543 
5.523813724517822 
5.510866641998291 
5.0556640625 
5.054203510284424 
5.523813724517822 
5.13280725479126 
5.522585391998291 
6.777770042419434 
5.0490312576293945 
5.061920642852783 
5.13280725479126 
5.082287788391113 
5.044863700866699 
5.6706061363220215 
5.11869478225708 
5.13280725479126 
5.10320520401001 
5.523813724517822 
5.111693382263184 
6.220752239227295 
6.234968662261963 
5.13280725479126 
5.067463397979736 
5.501047611236572 
5.523813724517822 
5.13280725479126 
5.13280725479126 
5.840498924255371 
5.501047611236572 
5.038294792175293 
5.480435371398926 
5.837783336639404 
5.578797817230225 
5.045185089111328 
5.13280725479126 
5.13280725479126 
5.523813724517822 
5.13280725479126 
5.13280725479126 
5.13280725479126 
5.13280725479126 
5.039376735687256 
5.02762508392334 
5.006980895996094 
5.018773555755615 
6.006062030792236 
5.852519512176514 
5.13280725479126 
5.578797817230225 
5.030235767364502 
5.020517826080322 
5.523813724517822 
5.0228962898254395 
5.0794219970703125 
5.13280725479126 
6.650694370269775 
5.13280725479126 
5.034428119659424 
5.020912170410156 
6.449461936950684 
5.075589179992676 
5.0612053871154785 
5.916958808898926 
5.13280725479126 
5.055495262145996 
5.017373561859131 
5.511447906494141 
8.995977401733398 
5.523813724517822 
5.13280725479126 
5.13280725479126 
6.129349231719971 
6.229571342468262 
5.13280725479126 
5.13280725479126 
5.080954074859619 
6.993987560272217 
5.13280725479126 
5.13280725479126 
5.083736419677734 
5.063143730163574 
5.018540382385254 
6.0420918464660645 
6.680014133453369 
5.523813724517822 
7.298327445983887 
6.243077754974365 
6.737320899963379 
5.01127290725708 
5.0877885818481445 
5.510309219360352 
5.512608528137207 
5.071670055389404 
5.105473518371582 
5.13280725479126 
5.13280725479126 
5.105441093444824 
5.13280725479126 
5.030466556549072 
5.105281829833984 
5.08582067489624 
5.13280725479126 
5.0819621086120605 
5.026655197143555 
5.103057384490967 
6.960930347442627 
5.073605060577393 
7.405758857727051 
5.515707492828369 
5.13280725479126 
5.112590312957764 
5.523813724517822 
5.205835819244385 
5.071251392364502 
5.104884624481201 
5.0425615310668945 
6.135366916656494 
5.13280725479126 
5.13280725479126 
7.218238353729248 
5.030077934265137 
5.180511951446533 
5.069828987121582 
5.545960903167725 
5.13280725479126 
5.13280725479126 
5.102921962738037 
7.767109394073486 
5.109841823577881 
5.0316314697265625 
5.13280725479126 
5.103860855102539 
6.081812381744385 
5.13280725479126 
5.13280725479126 
5.578797817230225 
6.444635391235352 
5.13280725479126 
5.13280725479126 
5.062734603881836 
5.038959503173828 
6.66782283782959 
5.13280725479126 
5.0786638259887695 
5.13280725479126 
5.921108245849609 
5.734809398651123 
5.057411193847656 
5.013682842254639 
5.523813724517822 
5.070979595184326 
5.034843444824219 
6.928160667419434 
5.084240913391113 
5.13280725479126 
5.13280725479126 
5.087559223175049 
5.04826021194458 
5.036617279052734 
5.06442928314209 
5.007946014404297 
5.053844928741455 
5.13280725479126 
5.0441107749938965 
7.03820276260376 
6.16651725769043 
5.209759712219238 
6.198489189147949 
5.404242038726807 
5.066952228546143 
5.13280725479126 
5.056042671203613 
5.069610595703125 
5.074825286865234 
7.358743667602539 
5.0146307945251465 
5.026035308837891 
5.103182315826416 
5.038920879364014 
6.376145839691162 
5.13280725479126 
5.13280725479126 
5.13280725479126 
5.021238803863525 
5.055000305175781 
5.065495014190674 
5.13280725479126 
7.440540790557861 
5.938018798828125 
5.106851577758789 
5.13280725479126 
5.523813724517822 
5.13280725479126 
5.030024528503418 
5.055264472961426 
6.761622428894043 
5.2812113761901855 
5.035604000091553 
5.899094581604004 
5.0729827880859375 
5.13280725479126 
7.0861663818359375 
5.13280725479126 
6.675666809082031 
5.13280725479126 
5.523813724517822 
5.512608528137207 
5.110296249389648 
5.267760276794434 
5.404093265533447 
5.297098636627197 
6.335386753082275 
5.118917942047119 
5.13280725479126 
5.872923374176025 
5.092888355255127 
5.13280725479126 
5.072474479675293 
5.025594234466553 
5.13280725479126 
5.103050708770752 
5.816945552825928 
5.515707492828369 
5.0560302734375 
5.0629987716674805 
5.13280725479126 
7.040995121002197 
5.13280725479126 
5.06820821762085 
5.13280725479126 
5.010578155517578 
5.10347843170166 
5.13280725479126 
7.247426509857178 
5.523813724517822 
5.13280725479126 
5.069615840911865 
5.955710411071777 
5.086796283721924 
5.657849311828613 
5.300747871398926 
5.0722975730896 
7.275183200836182 
5.106455326080322 
5.024677276611328 
5.523813724517822 
5.080316066741943 
5.109063148498535 
5.070045471191406 
5.016158103942871 
5.601324081420898 
5.135639667510986 
6.734238624572754 
7.788129806518555 
6.646702766418457 
5.078608989715576 
5.13280725479126 
5.2220659255981445 
5.452948570251465 
7.710014343261719 
5.1110358238220215 
5.011110305786133 
5.048663139343262 
5.523813724517822 
5.523813724517822 
5.100876808166504 
5.13280725479126 
5.13280725479126 
5.13280725479126 
5.0875091552734375 
5.13280725479126 
5.13280725479126 
5.13280725479126 
5.117512226104736 
5.078473091125488 
5.024390697479248 
5.075780391693115 
5.901307106018066 
5.13280725479126 
5.13280725479126 
5.05875825881958 
5.523813724517822 
5.862053871154785 
6.510151386260986 
5.13280725479126 
6.385165691375732 
4.9981913566589355 
5.089094161987305 
5.101953983306885 
5.523813724517822 
5.13280725479126 
5.17132568359375 
5.13280725479126 
5.13280725479126 
5.13280725479126 
5.522885322570801 
5.280958652496338 
5.13280725479126 
5.063103199005127 
5.13280725479126 
5.13280725479126 
5.082904815673828 
5.13280725479126 
5.512608528137207 
5.102935791015625 
5.13280725479126 
5.13280725479126 
5.13280725479126 
5.100151538848877 
5.13280725479126 
5.97773551940918 
5.13280725479126 
5.891577243804932 
4.995974540710449 
5.13280725479126 
5.085923671722412 
5.002811431884766 
5.0725626945495605 
7.070761203765869 
5.037235736846924 
5.116174697875977 
5.075905799865723 
5.081879138946533 
5.0824151039123535 
5.016690731048584 
5.13280725479126 
5.523813724517822 
4.997128963470459 
5.13280725479126 
5.13280725479126 
5.059194087982178 
5.088956356048584 
5.099606990814209 
5.042961597442627 
5.13280725479126 
5.498892307281494 
5.523813724517822 
5.029598236083984 
5.13280725479126 
5.13280725479126 
5.13280725479126 
5.13280725479126 
5.13280725479126 
5.80648136138916 
5.016108989715576 
5.13280725479126 
5.005784511566162 
5.108405113220215 
5.13280725479126 
5.300989627838135 
5.02526330947876 
5.078702926635742 
5.13280725479126 
5.003194332122803 
5.13280725479126 
5.042625904083252 
5.523813724517822 
5.110081195831299 
5.051736354827881 
5.109377861022949 
5.174606800079346 
5.232254981994629 
5.0619916915893555 
5.067099094390869 
7.464476585388184 
5.053516387939453 
5.088956356048584 
5.121002197265625 
5.112330436706543 
5.039516448974609 
5.13280725479126 
5.472963333129883 
5.164091110229492 
5.13280725479126 
5.092458248138428 
5.105730056762695 
5.060235977172852 
5.002439975738525 
5.082978248596191 
6.032807350158691 
5.432205677032471 
6.056489944458008 
5.908450126647949 
5.13280725479126 
5.523813724517822 
5.049840927124023 
5.145388126373291 
5.578797817230225 
5.047746658325195 
5.425483226776123 
5.106526851654053 
7.457859039306641 
5.13280725479126 
5.937237739562988 
5.13280725479126 
5.10956335067749 
5.875117301940918 
6.229902267456055 
5.155637264251709 
5.13280725479126 
5.0220561027526855 
5.055852890014648 
5.13280725479126 
5.190293788909912 
6.671198844909668 
5.013354778289795 
5.13280725479126 
5.13280725479126 
5.959108352661133 
5.009285926818848 
5.396543025970459 
5.523813724517822 
6.745105743408203 
5.931079387664795 
5.932100296020508 
5.115391731262207 
5.13280725479126 
5.024348258972168 
5.088441371917725 
5.13280725479126 
5.13280725479126 
5.898380279541016 
5.13280725479126 
5.13280725479126 
5.736713409423828 
5.13280725479126 
5.105900287628174 
5.13280725479126 
5.535518646240234 
5.127079486846924 
5.894223213195801 
5.13280725479126 
5.523813724517822 
5.523813724517822 
5.119485855102539 
5.13280725479126 
5.13280725479126 
4.997999668121338 
5.13280725479126 
5.13280725479126 
5.13280725479126 
5.13280725479126 
5.0079026222229 
5.13280725479126 
5.631407260894775 
5.110506534576416 
5.029871463775635 
5.109413146972656 
5.3231072425842285 
5.0167412757873535 
5.13280725479126 
6.714761257171631 
5.0676960945129395 
5.145219326019287 
5.419793605804443 
5.697036266326904 
5.523813724517822 
7.6011433601379395 
5.447253704071045 
5.13280725479126 
5.073166847229004 
5.111473560333252 
6.131545066833496 
5.13280725479126 
5.900179862976074 
5.13280725479126 
5.078602313995361 
5.447253704071045 
5.004092693328857 
6.61859130859375 
5.512608528137207 
5.523813724517822 
5.857671737670898 
5.13280725479126 
5.13280725479126 
5.523813724517822 
5.13280725479126 
5.13280725479126 
6.229504585266113 
5.535518646240234 
6.170762062072754 
5.13280725479126 
5.0833024978637695 
4.998153209686279 
5.904106140136719 
5.035867691040039 
5.913757801055908 
5.082249641418457 
5.068301677703857 
5.13280725479126 
5.346096038818359 
5.3771891593933105 
5.023066520690918 
5.909113883972168 
5.069138526916504 
5.13280725479126 
5.13280725479126 
5.074071407318115 
5.236489295959473 
5.643037796020508 
6.239564895629883 
5.108100891113281 
5.216416358947754 
5.070507049560547 
5.13280725479126 
5.578797817230225 
5.021246910095215 
5.082446098327637 
6.4211812019348145 
5.13280725479126 
5.13280725479126 
5.88957405090332 
5.13280725479126 
5.523813724517822 
5.501047611236572 
5.578797817230225 
5.439315319061279 
6.810602188110352 
5.13280725479126 
5.773390769958496 
5.034283638000488 
5.12131929397583 
5.11036491394043 
5.523813724517822 
5.13280725479126 
5.12880802154541 
5.068070411682129 
5.764926910400391 
5.13280725479126 
5.1205620765686035 
5.613556385040283 
5.13280725479126 
5.053498268127441 
5.523813724517822 
5.13280725479126 
5.13280725479126 
5.13280725479126 
5.13280725479126 
5.13280725479126 
5.113220691680908 
6.762756824493408 
5.052023410797119 
5.13280725479126 
5.523813724517822 
5.223324298858643 
5.13280725479126 
7.4384002685546875 
5.03372859954834 
5.535518646240234 
7.8997344970703125 
5.454906940460205 
6.66782283782959 
5.13280725479126 
5.13280725479126 
5.13280725479126 
5.030099868774414 
5.13280725479126 
5.078606605529785 
5.151829242706299 
5.13280725479126 
7.518759250640869 
5.060554027557373 
5.13280725479126 
5.050471305847168 
5.204658508300781 
5.040547847747803 
5.061933994293213 
5.050562858581543 
5.018706321716309 
6.1724677085876465 
5.13280725479126 
5.053540229797363 
5.523813724517822 
5.13280725479126 
5.523813724517822 
5.512608528137207 
5.05615758895874 
5.037689685821533 
5.463484287261963 
5.0557427406311035 
6.2319560050964355 
6.8835272789001465 
5.4528374671936035 
5.073911190032959 
5.13280725479126 
5.13280725479126 
5.099850177764893 
5.13280725479126 
5.0458831787109375 
5.1066412925720215 
5.1123127937316895 
7.885435104370117 
5.115355968475342 
5.13280725479126 
6.039511680603027 
5.01127290725708 
5.036136627197266 
5.13280725479126 
5.13280725479126 
5.13280725479126 
5.606063365936279 
5.060059547424316 
5.515707492828369 
5.076714992523193 
5.888322353363037 
5.13280725479126 
5.071978569030762 
5.523813724517822 
6.650694370269775 
7.4056010246276855 
6.66782283782959 
6.280352592468262 
7.543307781219482 
5.079806804656982 
6.890337944030762 
5.523813724517822 
5.13280725479126 
5.13280725479126 
5.852032661437988 
5.13280725479126 
6.002397537231445 
5.028828144073486 
5.904608726501465 
5.447253704071045 
5.13280725479126 
5.448955535888672 
6.458775043487549 
5.13280725479126 
4.9934892654418945 
5.13280725479126 
5.012783527374268 
5.088807582855225 
5.104856014251709 
5.515707492828369 
6.19663143157959 
5.104094982147217 
5.523813724517822 
5.523813724517822 
5.10349178314209 
5.047486782073975 
5.13280725479126 
5.13280725479126 
6.047893524169922 
6.184976577758789 
5.13280725479126 
5.13280725479126 
5.109709739685059 
5.0380859375 
5.523813724517822 
5.038342475891113 
5.816769599914551 
5.871791839599609 
5.13280725479126 
5.913620948791504 
5.023684024810791 
5.13280725479126 
5.08242130279541 
5.578797817230225 
5.107843399047852 
5.578797817230225 
5.512608528137207 
5.032888889312744 
5.102365016937256 
5.110752105712891 
6.6267781257629395 
5.022337913513184 
5.13280725479126 
5.099580764770508 
6.673612117767334 
6.504907608032227 
7.985545635223389 
5.06484317779541 
5.13280725479126 
5.063591003417969 
5.13280725479126 
5.9770073890686035 
5.13280725479126 
5.105672359466553 
5.13280725479126 
5.523813724517822 
5.13280725479126 
5.048315048217773 
5.8932976722717285 
5.05291223526001 
4.99517297744751 
5.103677749633789 
5.11505651473999 
5.13280725479126 
5.13280725479126 
5.077175617218018 
5.13280725479126 
5.13280725479126 
5.031492710113525 
5.852886199951172 
5.082480430603027 
5.13280725479126 
5.0534515380859375 
5.075001239776611 
5.153437614440918 
6.1472883224487305 
5.13280725479126 
5.107649803161621 
5.118191719055176 
5.13280725479126 
6.478400230407715 
5.087756156921387 
5.13280725479126 
7.532492637634277 
5.13280725479126 
5.13280725479126 
5.13280725479126 
5.621233940124512 
5.030346870422363 
5.13280725479126 
5.030099868774414 
5.326390266418457 
5.523813724517822 
5.13280725479126 
5.046802043914795 
5.13280725479126 
5.523813724517822 
5.13280725479126 
5.13280725479126 
6.451488494873047 
5.139547348022461 
6.219884395599365 
5.055541038513184 
5.13280725479126 
5.13280725479126 
5.523813724517822 
5.13280725479126 
5.085616111755371 
5.13280725479126 
5.0252366065979 
5.119458198547363 
5.071363925933838 
5.13280725479126 
5.523813724517822 
5.099293231964111 
5.06923770904541 
5.2162580490112305 
5.047825813293457 
5.880913257598877 
5.102899074554443 
6.268608570098877 
5.13280725479126 
5.13280725479126 
5.13280725479126 
5.13280725479126 
5.0793962478637695 
5.047122001647949 
5.115476131439209 
5.037755012512207 
6.6603827476501465 
5.13280725479126 
5.768105983734131 
5.106132507324219 
5.041496276855469 
5.13280725479126 
5.107882976531982 
5.069416522979736 
6.517709732055664 
5.13280725479126 
5.523813724517822 
5.13280725479126 
5.58392333984375 
5.115327835083008 
5.13280725479126 
5.13280725479126 
5.1126298904418945 
5.523813724517822 
5.06043004989624 
5.866310119628906 
5.13280725479126 
5.523813724517822 
5.38655948638916 
5.13280725479126 
5.13280725479126 
5.471329212188721 
5.054141044616699 
5.13280725479126 
5.116209983825684 
5.13280725479126 
5.605625629425049 
5.289088726043701 
5.010749340057373 
6.341241836547852 
5.523813724517822 
5.523813724517822 
5.13280725479126 
5.038505554199219 
5.1186137199401855 
5.1060791015625 
5.13280725479126 
5.111396789550781 
5.523813724517822 
5.13280725479126 
5.501047611236572 
5.138712406158447 
6.24843692779541 
5.044434070587158 
5.13280725479126 
6.789436340332031 
5.13280725479126 
5.055776119232178 
7.3776164054870605 
5.13280725479126 
5.13280725479126 
5.020828723907471 
5.13280725479126 
5.13280725479126 
5.108272075653076 
5.13280725479126 
5.0361328125 
5.065859317779541 
5.105893611907959 
5.13280725479126 
5.512608528137207 
5.078754901885986 
5.13280725479126 
5.13280725479126 
5.087319850921631 
5.539886951446533 
5.13280725479126 
5.099839687347412 
5.533424377441406 
5.13280725479126 
5.523813724517822 
6.508236885070801 
6.443558692932129 
5.074167728424072 
5.029171466827393 
5.13280725479126 
5.13280725479126 
5.063172817230225 
6.355586528778076 
5.0660834312438965 
5.13280725479126 
5.019128799438477 
5.13280725479126 
5.13280725479126 
5.084949493408203 
5.524520397186279 
5.036503791809082 
5.13280725479126 
5.13280725479126 
5.13280725479126 
8.478495597839355 
5.523813724517822 
5.05010986328125 
5.3911919593811035 
5.121257305145264 
5.042917728424072 
5.034282207489014 
5.515707492828369 
5.13280725479126 
5.890493869781494 
6.772069454193115 
5.078935146331787 
5.0496931076049805 
5.13280725479126 
5.114962577819824 
6.175414562225342 
5.04541015625 
5.13280725479126 
5.13280725479126 
5.101587772369385 
5.781290054321289 
5.346706867218018 
5.071587562561035 
5.026889801025391 
5.523617267608643 
6.178857803344727 
5.523813724517822 
5.13280725479126 
5.053802013397217 
5.4087395668029785 
5.13280725479126 
5.519567012786865 
5.080283164978027 
5.259893417358398 
5.119954586029053 
5.13280725479126 
5.7427496910095215 
5.13280725479126 
5.192855358123779 
5.17822790145874 
5.105623722076416 
5.0615973472595215 
5.13280725479126 
5.21737003326416 
5.071481704711914 
5.060105323791504 
4.998485088348389 
5.523813724517822 
5.100149631500244 
5.019127368927002 
7.8415327072143555 
5.522585391998291 
5.13280725479126 
5.13280725479126 
5.13280725479126 
5.10050630569458 
5.0708136558532715 
5.13280725479126 
5.08718729019165 
6.133008003234863 
6.9933671951293945 
5.13280725479126 
5.040822982788086 
5.13280725479126 
5.13280725479126 
5.831809997558594 
5.064726829528809 
5.692211627960205 
5.13280725479126 
5.13280725479126 
5.021145820617676 
5.121701240539551 
5.107694149017334 
5.0758843421936035 
5.0071563720703125 
5.064765453338623 
5.13280725479126 
5.074670314788818 
5.578797817230225 
5.11026668548584 
5.13280725479126 
5.13280725479126 
5.13280725479126 
5.0887131690979 
6.626183032989502 
5.072455883026123 
5.069723606109619 
5.057727336883545 
5.13280725479126 
5.523813724517822 
5.05504035949707 
5.13280725479126 
5.515707492828369 
7.36677360534668 
5.13280725479126 
5.523813724517822 
5.13280725479126 
5.050602912902832 
5.074891090393066 
5.335628986358643 
5.99108362197876 
5.015750885009766 
6.355892658233643 
5.062225818634033 
5.318475723266602 
5.085211753845215 
5.501047611236572 
5.043525218963623 
5.578797817230225 
7.4106292724609375 
5.387821197509766 
5.712723255157471 
5.108144283294678 
5.0398993492126465 
5.479074954986572 
5.13280725479126 
5.105905055999756 
5.522585391998291 
5.067156791687012 
5.576963424682617 
5.13280725479126 
5.13280725479126 
5.13280725479126 
5.693262100219727 
5.029125213623047 
6.903566360473633 
5.523813724517822 
5.022709369659424 
5.086165428161621 
5.13280725479126 
6.573820114135742 
5.418345928192139 
6.994336128234863 
5.016632556915283 
5.085329532623291 
4.993467330932617 
5.064445495605469 
5.07246208190918 
5.13280725479126 
6.185074329376221 
5.014402389526367 
5.070921897888184 
5.13280725479126 
5.117237567901611 
5.13280725479126 
5.048970699310303 
5.13280725479126 
5.523813724517822 
5.362879276275635 
5.064897537231445 
5.523813724517822 
5.085789680480957 
5.078177452087402 
5.07774543762207 
5.068161487579346 
5.920743942260742 
5.060798645019531 
5.039526462554932 
5.356604099273682 
5.578797817230225 
5.0691704750061035 
5.13280725479126 
5.053825378417969 
5.523813724517822 
5.13280725479126 
5.36102819442749 
5.599726676940918 
5.016468048095703 
5.13280725479126 
5.13280725479126 
5.535518646240234 
5.868106365203857 
5.100108623504639 
5.13280725479126 
5.13280725479126 
5.0193657875061035 
5.13280725479126 
5.050630569458008 
5.13280725479126 
5.081236362457275 
7.072239398956299 
5.13280725479126 
5.079796314239502 
5.031514644622803 
5.07179069519043 
5.925323486328125 
5.05096435546875 
5.181881904602051 
5.13280725479126 
5.13280725479126 
5.523813724517822 
5.13280725479126 
5.158351898193359 
5.099209308624268 
5.085311412811279 
5.13280725479126 
5.086584568023682 
5.535518646240234 
5.501047611236572 
7.519317626953125 
5.520721912384033 
6.488639831542969 
5.13280725479126 
5.078901767730713 
5.449299335479736 
5.13280725479126 
5.13280725479126 
5.13280725479126 
5.044519901275635 
5.510866641998291 
6.606446743011475 
5.86983060836792 
5.13280725479126 
5.047684192657471 
5.13280725479126 
7.39739990234375 
5.13280725479126 
5.086757183074951 
5.512608528137207 
6.466032981872559 
5.063938617706299 
5.044553279876709 
5.8210368156433105 
5.059620380401611 
5.523813724517822 
5.376712322235107 
7.398434638977051 
5.523813724517822 
5.0504608154296875 
5.073249340057373 
5.13280725479126 
5.033670902252197 
5.089252471923828 
5.13280725479126 
5.13280725479126 
5.941256523132324 
5.075668811798096 
5.11934232711792 
5.13280725479126 
5.086021900177002 
6.542946815490723 
6.2830047607421875 
5.027307033538818 
6.249203681945801 
5.13280725479126 
5.523813724517822 
5.13280725479126 
5.063863277435303 
5.13280725479126 
5.13280725479126 
5.522585391998291 
5.13280725479126 
5.342620372772217 
5.523813724517822 
5.6752214431762695 
5.220008373260498 
5.523813724517822 
5.014430999755859 
5.107458591461182 
5.105204105377197 
5.075333118438721 
5.13280725479126 
5.13280725479126 
5.510866641998291 
5.13280725479126 
5.078379154205322 
5.915207386016846 
5.0450568199157715 
5.036601543426514 
4.99482536315918 
5.025350570678711 
5.523813724517822 
5.13280725479126 
5.103754997253418 
5.060276508331299 
5.059782981872559 
5.107017993927002 
5.0494794845581055 
5.13280725479126 
6.478365421295166 
5.963090896606445 
5.107213020324707 
5.084690093994141 
5.897233963012695 
5.061820983886719 
5.13280725479126 
5.13280725479126 
5.107223987579346 
5.072701454162598 
5.005661487579346 
5.05595588684082 
8.07745361328125 
5.90518045425415 
5.202825546264648 
6.7705183029174805 
5.13280725479126 
6.460748195648193 
5.18266487121582 
5.13280725479126 
5.721261024475098 
5.044744968414307 
5.172687530517578 
5.058371067047119 
5.13280725479126 
5.074411392211914 
6.574749946594238 
8.05107593536377 
7.849462032318115 
7.814006805419922 
5.13280725479126 
5.13280725479126 
5.035463809967041 
5.014796733856201 
5.13280725479126 
5.13280725479126 
5.004157543182373 
5.515707492828369 
5.026987075805664 
5.071184158325195 
5.4351983070373535 
6.465725898742676 
5.13280725479126 
5.071972370147705 
5.13280725479126 
5.523813724517822 
5.523813724517822 
5.220772743225098 
5.523813724517822 
5.13280725479126 
5.038026809692383 
5.166609287261963 
7.345646858215332 
5.13280725479126 
5.031737327575684 
5.0558366775512695 
6.151707649230957 
5.041802883148193 
6.1472883224487305 
5.578797817230225 
5.440200328826904 
5.1033935546875 
7.021188735961914 
5.13280725479126 
5.13280725479126 
7.614660739898682 
5.13280725479126 
5.059979438781738 
5.13280725479126 
5.102016925811768 
5.877239227294922 
5.13280725479126 
5.13280725479126 
5.0023298263549805 
5.13280725479126 
6.678219318389893 
5.337364673614502 
5.004733562469482 
5.157563209533691 
5.13280725479126 
5.116429328918457 
5.100369930267334 
5.523813724517822 
7.417919635772705 
5.13280725479126 
5.13280725479126 
5.13280725479126 
5.018991470336914 
5.063106060028076 
5.13280725479126 
5.879342079162598 
5.068406105041504 
5.13280725479126 
5.13280725479126 
7.1258769035339355 
5.070916652679443 
5.13280725479126 
5.13280725479126 
5.183990478515625 
5.11087703704834 
5.13280725479126 
5.224360942840576 
5.049950122833252 
5.030898571014404 
5.13280725479126 
5.13280725479126 
5.523813724517822 
5.130921363830566 
5.718219757080078 
5.141396999359131 
5.0093183517456055 
5.03896427154541 
5.523813724517822 
6.972158432006836 
5.523813724517822 
5.13280725479126 
5.092339992523193 
6.227744102478027 
5.073170185089111 
5.173226833343506 
5.022175312042236 
5.076484680175781 
5.515707492828369 
5.084777355194092 
5.0113043785095215 
5.13280725479126 
6.388101577758789 
5.13280725479126 
6.1704864501953125 
5.523813724517822 
6.198489189147949 
7.416822910308838 
5.053516387939453 
5.068917274475098 
5.523813724517822 
5.922211647033691 
5.664139747619629 
5.515707492828369 
5.6706061363220215 
5.22890043258667 
8.355396270751953 
5.8210368156433105 
5.016127586364746 
5.103972911834717 
5.13280725479126 
7.3488311767578125 
5.878697872161865 
5.13280725479126 
5.13280725479126 
5.515707492828369 
5.13280725479126 
5.004702568054199 
5.13280725479126 
5.13280725479126 
5.13280725479126 
5.0925421714782715 
5.13280725479126 
5.13280725479126 
5.13280725479126 
5.087390422821045 
5.068785667419434 
6.707967758178711 
6.578749656677246 
5.474766731262207 
5.258402347564697 
5.773390769958496 
5.11516809463501 
5.693878650665283 
5.13280725479126 
5.13280725479126 
5.062232494354248 
5.64970064163208 
5.523813724517822 
8.043549537658691 
5.052892208099365 
5.0720014572143555 
5.13280725479126 
5.523813724517822 
5.13280725479126 
5.375672340393066 
5.523813724517822 
5.0600786209106445 
5.673691749572754 
5.523813724517822 
6.417084693908691 
5.0880866050720215 
6.00609827041626 
5.059164524078369 
6.697989463806152 
5.13280725479126 
5.01127290725708 
5.045452117919922 
5.13280725479126 
5.026943206787109 
5.13280725479126 
5.039006233215332 
5.049780368804932 
4.999619483947754 
5.05778169631958 
6.1575822830200195 
5.103203773498535 
5.13280725479126 
5.13280725479126 
5.057131767272949 
5.13280725479126 
5.13280725479126 
5.523813724517822 
6.16593599319458 
5.109004020690918 
5.523813724517822 
5.0841593742370605 
7.9035115242004395 
6.578031539916992 
5.13280725479126 
5.10129976272583 
5.179327487945557 
6.48049259185791 
5.0075201988220215 
5.116408348083496 
5.060575008392334 
6.169811248779297 
5.501047611236572 
5.13280725479126 
5.066728115081787 
5.13280725479126 
5.008062362670898 
5.106334686279297 
6.1472883224487305 
6.863779544830322 
5.048043727874756 
5.0829057693481445 
5.218907833099365 
5.142141342163086 
5.523813724517822 
5.13280725479126 
5.13280725479126 
5.13280725479126 
5.872992038726807 
5.807723045349121 
5.109638214111328 
5.102904319763184 
5.064671993255615 
5.882864952087402 
5.13280725479126 
5.050415992736816 
5.13280725479126 
5.108885288238525 
5.337563514709473 
5.6706061363220215 
5.222766876220703 
5.421972274780273 
5.049488067626953 
5.523813724517822 
5.046550273895264 
5.9889421463012695 
5.13280725479126 
5.230759143829346 
7.402590751647949 
5.13280725479126 
5.13280725479126 
5.523813724517822 
5.13280725479126 
5.065323352813721 
6.619505405426025 
6.197610855102539 
5.501776695251465 
5.1384196281433105 
5.7738037109375 
5.13280725479126 
5.080253601074219 
5.13280725479126 
5.523813724517822 
5.13280725479126 
5.094346046447754 
5.005090713500977 
5.13280725479126 
7.375013828277588 
5.13280725479126 
6.291757583618164 
5.13280725479126 
5.051296234130859 
5.512608528137207 
6.5670647621154785 
5.13280725479126 
5.060022354125977 
5.13280725479126 
5.13280725479126 
5.0314812660217285 
5.0678391456604 
5.816366672515869 
5.08314323425293 
5.218993186950684 
5.116781711578369 
5.4604339599609375 
7.107553958892822 
5.578797817230225 
5.072149276733398 
5.0389885902404785 
5.001570701599121 
5.016371726989746 
5.034588813781738 
5.055614471435547 
7.150972366333008 
5.114590644836426 
5.13280725479126 
5.087067127227783 
7.532902717590332 
5.0843892097473145 
5.078888893127441 
5.0780029296875 
5.071547985076904 
5.535518646240234 
6.721841812133789 
5.502857685089111 
5.050245761871338 
5.114006519317627 
5.183873653411865 
5.13280725479126 
6.417804718017578 
5.043362140655518 
5.13280725479126 
5.085506916046143 
7.185002326965332 
5.05185604095459 
5.866490840911865 
5.943342685699463 
5.13280725479126 
5.114605903625488 
6.13236141204834 
5.523813724517822 
5.523813724517822 
5.241982936859131 
5.13280725479126 
5.101477146148682 
5.13280725479126 
5.407186031341553 
5.114809513092041 
7.4359002113342285 
5.13280725479126 
5.136986255645752 
5.13280725479126 
5.13280725479126 
6.262689590454102 
5.13280725479126 
5.03127384185791 
5.13280725479126 
5.117664337158203 
5.099667549133301 
5.022213459014893 
5.167304515838623 
5.13280725479126 
8.142959594726562 
5.062683582305908 
5.07512903213501 
5.032882213592529 
5.13280725479126 
6.200772285461426 
5.523813724517822 
4.996453285217285 
6.839658737182617 
5.064583778381348 
5.512608528137207 
5.042301177978516 
5.523813724517822 
5.13280725479126 
5.107787609100342 
5.13280725479126 
5.13280725479126 
5.13280725479126 
5.13280725479126 
5.13280725479126 
5.088503837585449 
5.13280725479126 
5.523813724517822 
6.125293731689453 
5.103911876678467 
5.050992965698242 
5.072054386138916 
6.583514213562012 
5.396666526794434 
5.036306381225586 
5.076784610748291 
5.13280725479126 
5.13280725479126 
7.60156774520874 
5.13280725479126 
5.158041954040527 
6.814262390136719 
5.594449996948242 
5.030099868774414 
5.1022186279296875 
5.13280725479126 
5.13280725479126 
5.13280725479126 
5.043999195098877 
5.523813724517822 
6.770240783691406 
5.523813724517822 
5.1174726486206055 
5.050101280212402 
6.505200386047363 
6.046346664428711 
5.051087379455566 
5.523813724517822 
5.522585391998291 
5.681943416595459 
5.13280725479126 
5.13280725479126 
5.099918365478516 
5.13280725479126 
5.13280725479126 
5.13280725479126 
5.13280725479126 
5.107801914215088 
5.0780768394470215 
5.13280725479126 
5.13280725479126 
7.569037914276123 
5.112587928771973 
5.13280725479126 
5.13280725479126 
5.13280725479126 
5.501047611236572 
6.003024101257324 
5.1752214431762695 
5.13280725479126 
5.13280725479126 
5.13280725479126 
5.523813724517822 
5.042961597442627 
5.035500526428223 
5.073354721069336 
5.523813724517822 
6.634955883026123 
5.384920597076416 
5.572360515594482 
5.13280725479126 
5.13280725479126 
5.13280725479126 
6.214854717254639 
5.13280725479126 
5.738694190979004 
5.029247760772705 
5.04955530166626 
6.249214172363281 
5.071195602416992 
5.079196929931641 
5.231654167175293 
5.13280725479126 
5.522585391998291 
5.3352580070495605 
5.13280725479126 
5.512608528137207 
5.0176005363464355 
5.05251932144165 
5.066363334655762 
5.107893943786621 
5.225825786590576 
5.084825038909912 
5.110116004943848 
5.13280725479126 
5.1041460037231445 
4.998510360717773 
5.515707492828369 
6.855702877044678 
5.707137107849121 
5.13280725479126 
5.052422523498535 
5.10708475112915 
7.500328063964844 
5.13280725479126 
5.13280725479126 
7.205165386199951 
8.201374053955078 
5.522585391998291 
7.202066898345947 
5.512608528137207 
5.523813724517822 
5.13280725479126 
5.378615379333496 
5.113831043243408 
5.983817100524902 
7.648533821105957 
5.13280725479126 
5.07916784286499 
5.033440589904785 
5.107810974121094 
5.13280725479126 
5.059784889221191 
6.619542121887207 
5.13280725479126 
5.513965129852295 
5.13280725479126 
5.523813724517822 
5.13280725479126 
5.13280725479126 
5.916439533233643 
8.14802074432373 
5.13280725479126 
5.104835510253906 
5.072991847991943 
5.13280725479126 
7.45534610748291 
5.079270839691162 
5.0294413566589355 
5.13280725479126 
5.428311347961426 
7.44212532043457 
6.634212493896484 
5.025329113006592 
5.13280725479126 
5.13280725479126 
5.13280725479126 
5.01322603225708 
5.13280725479126 
6.816560745239258 
5.13280725479126 
5.081730842590332 
5.535518646240234 
5.322352886199951 
5.334787845611572 
5.0050272941589355 
5.523813724517822 
7.496798515319824 
5.234447479248047 
5.03828763961792 
5.892874717712402 
5.13280725479126 
5.107040882110596 
7.643437385559082 
5.13280725479126 
5.13280725479126 
4.999260425567627 
5.13280725479126 
5.118457794189453 
5.008533477783203 
5.13280725479126 
5.13280725479126 
6.542317867279053 
6.249203681945801 
5.06824254989624 
5.13280725479126 
5.13280725479126 
5.061112403869629 
5.13280725479126 
5.341493129730225 
7.007878303527832 
5.512608528137207 
5.13280725479126 
5.498892307281494 
5.075812339782715 
5.106723308563232 
5.052590370178223 
5.13280725479126 
5.035740375518799 
5.13280725479126 
5.13280725479126 
5.13280725479126 
5.027577877044678 
5.13280725479126 
5.13280725479126 
5.578797817230225 
5.523813724517822 
5.07086181640625 
5.375821590423584 
6.392116069793701 
5.523813724517822 
5.114987373352051 
8.484288215637207 
5.501047611236572 
5.13280725479126 
6.618564605712891 
5.302423477172852 
5.088606834411621 
5.377305030822754 
5.13280725479126 
5.067270278930664 
5.13280725479126 
5.089015483856201 
5.834934711456299 
5.238178253173828 
5.065796375274658 
5.01251745223999 
5.103113651275635 
5.773390769958496 
5.07619047164917 
5.023944854736328 
5.13280725479126 
5.048147201538086 
6.185534954071045 
5.032551288604736 
5.13280725479126 
5.058511734008789 
5.005691051483154 
5.0745930671691895 
5.444944858551025 
5.065765857696533 
5.409586429595947 
5.13280725479126 
5.13280725479126 
5.578797817230225 
6.562941074371338 
6.192324638366699 
5.523813724517822 
5.075501441955566 
5.929619789123535 
5.13280725479126 
6.880457878112793 
7.292353630065918 
5.03546667098999 
5.00286865234375 
5.077174663543701 
5.077686309814453 
5.363334655761719 
5.083985328674316 
5.578797817230225 
5.523813724517822 
5.036947727203369 
5.366437911987305 
5.11407470703125 
5.13280725479126 
5.1073737144470215 
5.113422393798828 
6.209455490112305 
5.043811798095703 
5.070835590362549 
5.069916725158691 
5.232821464538574 
5.13280725479126 
5.13280725479126 
5.081528186798096 
6.263333320617676 
5.111469268798828 
7.815583229064941 
5.13280725479126 
5.13280725479126 
5.1068830490112305 
5.13280725479126 
5.13280725479126 
5.1117424964904785 
7.2536702156066895 
5.941112995147705 
5.13280725479126 
5.13280725479126 
5.077071666717529 
7.340701103210449 
6.503012657165527 
5.13280725479126 
5.425483226776123 
6.419002532958984 
4.997383117675781 
5.13280725479126 
5.071592330932617 
5.13280725479126 
5.02725887298584 
5.13280725479126 
5.044835090637207 
5.13280725479126 
5.13280725479126 
5.13280725479126 
6.249203681945801 
5.13280725479126 
5.083769798278809 
6.671812057495117 
5.073596954345703 
5.13280725479126 
5.13280725479126 
5.096644401550293 
5.099935531616211 
5.523813724517822 
5.13280725479126 
5.1067423820495605 
5.501047611236572 
5.01861047744751 
5.056667327880859 
5.13280725479126 
7.324920654296875 
5.924595832824707 
5.067315101623535 
6.926351070404053 
5.13280725479126 
5.523813724517822 
5.13280725479126 
5.13280725479126 
5.063542366027832 
5.8549933433532715 
5.13280725479126 
5.13280725479126 
5.13280725479126 
5.13280725479126 
4.994631767272949 
5.13280725479126 
5.084334373474121 
5.115633487701416 
5.0628862380981445 
5.13280725479126 
5.003453254699707 
5.557632923126221 
5.1017255783081055 
5.13280725479126 
5.074736595153809 
5.13280725479126 
5.13280725479126 
5.064626693725586 
5.13280725479126 
6.906373500823975 
5.13280725479126 
5.13280725479126 
5.523813724517822 
6.378859519958496 
5.078134536743164 
5.3621697425842285 
5.07403564453125 
5.083347320556641 
5.13280725479126 
5.05863094329834 
5.501047611236572 
5.0458292961120605 
5.13280725479126 
5.13280725479126 
5.13280725479126 
6.203666687011719 
5.13280725479126 
5.13280725479126 
4.994241237640381 
5.139547348022461 
5.13280725479126 
7.3529791831970215 
5.13280725479126 
5.235690593719482 
5.087710857391357 
5.087154388427734 
5.13280725479126 
5.26947546005249 
5.109049320220947 
5.067087650299072 
5.058345317840576 
5.13280725479126 
5.13280725479126 
5.158166885375977 
5.13280725479126 
5.13280725479126 
5.523813724517822 
6.464541912078857 
5.13280725479126 
5.077699661254883 
5.068504333496094 
5.081300258636475 
7.17896032333374 
5.809120178222656 
5.13280725479126 
5.03611946105957 
5.078362464904785 
5.055797100067139 
5.13280725479126 
5.0622406005859375 
7.4056010246276855 
5.523813724517822 
5.1941680908203125 
7.344903945922852 
5.063934326171875 
5.13280725479126 
6.5354766845703125 
5.523813724517822 
5.13280725479126 
6.0016889572143555 
5.13280725479126 
4.993893623352051 
7.054024696350098 
5.523813724517822 
5.012625694274902 
5.523813724517822 
5.13280725479126 
5.13280725479126 
5.13280725479126 
5.910893440246582 
5.053905487060547 
5.13280725479126 
6.660013198852539 
5.091721057891846 
5.13280725479126 
5.13280725479126 
6.149786949157715 
5.736176490783691 
5.012838840484619 
5.512608528137207 
5.02275276184082 
5.13280725479126 
5.13280725479126 
5.535518646240234 
5.011740684509277 
5.13280725479126 
5.0562052726745605 
5.109794616699219 
6.972314357757568 
5.895263671875 
5.01391077041626 
5.047922134399414 
7.3878583908081055 
5.854865074157715 
5.510866641998291 
5.13280725479126 
5.59154748916626 
5.523813724517822 
5.13280725479126 
5.0535383224487305 
5.133547782897949 
5.073136329650879 
5.621354103088379 
5.4223527908325195 
5.13280725479126 
5.085318565368652 
5.103336811065674 
5.079817771911621 
5.13280725479126 
5.13280725479126 
5.343043804168701 
5.105278015136719 
5.13280725479126 
5.13280725479126 
5.074672698974609 
5.13280725479126 
5.13280725479126 
5.412968158721924 
5.060625076293945 
5.13280725479126 
5.13280725479126 
5.057779312133789 
5.13280725479126 
5.13280725479126 
5.108253479003906 
5.13280725479126 
5.054117679595947 
5.13280725479126 
5.128268241882324 
6.2930121421813965 
7.789937973022461 
5.13280725479126 
5.087186813354492 
5.523813724517822 
5.027722358703613 
5.975617408752441 
5.501047611236572 
5.659590721130371 
5.13280725479126 
5.13280725479126 
5.13280725479126 
5.523813724517822 
5.018005847930908 
5.077720642089844 
5.0049729347229 
5.13280725479126 
5.046833038330078 
5.109739303588867 
5.070831775665283 
5.13280725479126 
5.385172367095947 
5.704277038574219 
5.13280725479126 
5.105424404144287 
5.522585391998291 
5.877378940582275 
5.075541973114014 
5.070168972015381 
5.13280725479126 
5.13280725479126 
5.13280725479126 
5.201515197753906 
6.690241813659668 
5.107091903686523 
5.065330982208252 
5.108788967132568 
5.106019020080566 
6.166927337646484 
5.008180141448975 
5.501042366027832 
5.085043907165527 
5.13280725479126 
5.725933074951172 
5.06606912612915 
5.13280725479126 
5.13280725479126 
5.13280725479126 
5.13280725479126 
5.11423921585083 
5.04714822769165 
5.13280725479126 
5.13280725479126 
5.0169854164123535 
6.33631706237793 
5.13280725479126 
5.087738513946533 
5.13280725479126 
5.064026832580566 
5.113073825836182 
5.13280725479126 
6.189041614532471 
6.975071430206299 
5.13280725479126 
5.13280725479126 
5.109607219696045 
5.13280725479126 
5.053705215454102 
5.104835033416748 
5.039065361022949 
5.13280725479126 
5.13280725479126 
5.075287342071533 
5.083233833312988 
5.8960771560668945 
5.041352272033691 
5.951773166656494 
5.067887306213379 
5.060315132141113 
5.1209397315979 
5.578797817230225 
5.13280725479126 
5.076111316680908 
5.168853282928467 
5.13280725479126 
6.076543807983398 
5.938670635223389 
5.13280725479126 
4.9979753494262695 
6.6881818771362305 
5.035853862762451 
7.9952569007873535 
5.13280725479126 
5.13280725479126 
5.523813724517822 
5.13280725479126 
5.006587982177734 
5.128257751464844 
5.864720344543457 
5.021573543548584 
5.105844497680664 
8.431669235229492 
5.13280725479126 
7.137996673583984 
5.13280725479126 
5.13280725479126 
5.074090957641602 
5.401696681976318 
5.078158378601074 
5.115096569061279 
5.13280725479126 
5.13280725479126 
5.119693756103516 
5.13280725479126 
6.51303768157959 
5.056309700012207 
5.425483226776123 
5.057244777679443 
5.054378986358643 
5.4682817459106445 
6.130965232849121 
6.5730061531066895 
5.13280725479126 
6.834686279296875 
5.057682991027832 
5.000614166259766 
5.013199329376221 
5.13280725479126 
6.523975372314453 
5.13280725479126 
5.0306854248046875 
5.021713733673096 
5.106193542480469 
5.13280725479126 
5.13280725479126 
5.244883060455322 
5.523813724517822 
5.13280725479126 
5.000978946685791 
5.523813724517822 
5.036220073699951 
5.13280725479126 
5.13280725479126 
5.13280725479126 
5.105007171630859 
5.079254627227783 
5.13280725479126 
5.112531661987305 
5.311110019683838 
5.13280725479126 
7.540885925292969 
5.037004470825195 
5.078358173370361 
7.382055282592773 
5.13280725479126 
5.0193657875061035 
5.13280725479126 
5.100387096405029 
6.736061096191406 
5.117588043212891 
6.313399314880371 
5.13280725479126 
5.341485023498535 
5.13280725479126 
5.13280725479126 
5.3884968757629395 
5.523813724517822 
5.018899440765381 
5.13280725479126 
5.13280725479126 
5.13280725479126 
5.10671329498291 
5.112308979034424 
4.994603157043457 
5.13280725479126 
5.13280725479126 
5.645505428314209 
5.036921501159668 
5.155637264251709 
5.359154224395752 
7.271760940551758 
5.047175884246826 
5.061933994293213 
5.687163352966309 
5.011656761169434 
7.299570560455322 
5.045120716094971 
5.523813724517822 
5.050806522369385 
5.515707492828369 
5.061108112335205 
6.538097381591797 
5.105072021484375 
6.437056541442871 
5.13280725479126 
5.010467529296875 
5.1334686279296875 
6.560638427734375 
6.497567176818848 
7.053921699523926 
6.334848880767822 
5.522585391998291 
5.523813724517822 
5.050657749176025 
7.734044075012207 
5.079975605010986 
5.793768405914307 
6.462574005126953 
7.366676330566406 
5.600035667419434 
5.13280725479126 
5.13280725479126 
5.13280725479126 
5.523813724517822 
5.0247931480407715 
5.116500377655029 
5.058259963989258 
5.13280725479126 
5.176019191741943 
5.080911159515381 
5.072434902191162 
5.13280725479126 
5.055758953094482 
5.040811061859131 
5.13280725479126 
5.084660053253174 
6.441123008728027 
5.061758995056152 
6.469449043273926 
5.042148113250732 
5.13280725479126 
5.079044342041016 
5.522585391998291 
5.13280725479126 
6.138601303100586 
5.332508087158203 
5.029914855957031 
5.052826881408691 
5.13280725479126 
5.000664234161377 
6.484736919403076 
5.13280725479126 
6.443991661071777 
5.077734470367432 
6.7776007652282715 
5.13280725479126 
5.418166637420654 
5.308099269866943 
5.106271266937256 
6.457588195800781 
5.533971309661865 
5.896550178527832 
5.13280725479126 
5.071590900421143 
5.13280725479126 
5.10712194442749 
6.94058084487915 
5.13280725479126 
5.118468284606934 
5.868659496307373 
5.13280725479126 
5.341956615447998 
5.523813724517822 
5.435779094696045 
5.0163445472717285 
5.101615905761719 
5.218573570251465 
5.523813724517822 
5.578797817230225 
4.993895530700684 
5.13280725479126 
5.4145073890686035 
5.081064701080322 
5.13280725479126 
5.13280725479126 
5.062615871429443 
5.13280725479126 
6.182377815246582 
5.103522777557373 
5.13280725479126 
5.13280725479126 
5.13280725479126 
5.856154441833496 
6.6247663497924805 
5.523813724517822 
5.13280725479126 
5.523813724517822 
6.314003944396973 
5.13280725479126 
5.13280725479126 
5.020593643188477 
5.045129776000977 
5.084700107574463 
5.522585391998291 
5.057749271392822 
4.998115539550781 
6.978607177734375 
5.13280725479126 
5.139771461486816 
5.13280725479126 
5.154726982116699 
5.025941371917725 
6.510890960693359 
5.13280725479126 
5.108720302581787 
5.13280725479126 
5.523813724517822 
5.10931921005249 
5.523813724517822 
5.055737495422363 
5.620326995849609 
5.13280725479126 
5.13280725479126 
5.108096599578857 
5.113892555236816 
6.33182430267334 
5.059959888458252 
5.0426411628723145 
5.13280725479126 
5.523813724517822 
5.048609256744385 
5.8941650390625 
5.13280725479126 
5.018581390380859 
5.480834484100342 
5.523813724517822 
5.024382591247559 
5.070752143859863 
5.13280725479126 
5.523813724517822 
6.539918899536133 
5.13280725479126 
5.8860650062561035 
5.13280725479126 
6.9156341552734375 
5.064815998077393 
7.3998332023620605 
5.083695411682129 
5.13280725479126 
5.104211330413818 
5.64766263961792 
5.13280725479126 
5.13280725479126 
8.149563789367676 
5.072617053985596 
5.13280725479126 
5.13280725479126 
5.522585391998291 
5.878713607788086 
5.035566329956055 
5.093562602996826 
5.055171966552734 
6.4934282302856445 
5.13280725479126 
5.13280725479126 
5.13280725479126 
5.086273670196533 
5.013516426086426 
5.245462894439697 
5.8768744468688965 
5.13280725479126 
5.13280725479126 
5.062164306640625 
5.13280725479126 
5.523813724517822 
5.602602005004883 
5.3272576332092285 
5.578797817230225 
5.13280725479126 
5.13280725479126 
5.447253704071045 
5.523813724517822 
6.268608570098877 
5.047283172607422 
5.13280725479126 
7.343155384063721 
5.724893569946289 
6.609908103942871 
5.13280725479126 
6.2265214920043945 
5.105846881866455 
5.077123165130615 
5.045666217803955 
5.522585391998291 
6.329666614532471 
5.13280725479126 
5.015811920166016 
5.523813724517822 
5.0103607177734375 
5.522585391998291 
5.13280725479126 
6.130121231079102 
5.024886131286621 
5.214676856994629 
5.050351619720459 
5.0754170417785645 
4.998876571655273 
5.13280725479126 
5.13280725479126 
5.047224521636963 
5.13280725479126 
5.13280725479126 
5.13280725479126 
5.13280725479126 
6.153800964355469 
5.610424995422363 
5.8630475997924805 
5.513965129852295 
5.949533462524414 
5.13280725479126 
5.13280725479126 
5.13280725479126 
6.673956871032715 
5.074776649475098 
5.05588436126709 
5.13280725479126 
6.463621139526367 
5.13280725479126 
5.0297417640686035 
5.13280725479126 
5.351055145263672 
5.523813724517822 
5.13280725479126 
5.522781848907471 
6.078545093536377 
7.689599990844727 
5.042710304260254 
5.535518646240234 
5.13280725479126 
5.13280725479126 
5.147388935089111 
5.13280725479126 
5.011275768280029 
5.523813724517822 
5.907360553741455 
5.083973407745361 
7.385546684265137 
5.523813724517822 
7.6054558753967285 
5.13280725479126 
5.13280725479126 
5.110346794128418 
5.859219074249268 
6.327452659606934 
5.751921653747559 
5.13280725479126 
6.753138065338135 
6.15388298034668 
6.9999494552612305 
5.014929294586182 
5.103747367858887 
6.046346664428711 
5.296751499176025 
5.13280725479126 
5.900998592376709 
6.084539413452148 
5.071310520172119 
5.13280725479126 
5.13280725479126 
5.080770015716553 
5.0435404777526855 
5.9367780685424805 
6.225588798522949 
5.523813724517822 
8.037830352783203 
5.523813724517822 
5.895898818969727 
5.100701808929443 
5.13280725479126 
5.695695400238037 
6.51303768157959 
5.13280725479126 
6.393447399139404 
5.13280725479126 
5.13280725479126 
5.13280725479126 
6.249203681945801 
5.501229286193848 
5.0894083976745605 
5.13280725479126 
5.13280725479126 
5.04089879989624 
6.422240734100342 
5.501047611236572 
5.298285007476807 
5.012334823608398 
5.042492866516113 
5.364741802215576 
5.523813724517822 
5.10321044921875 
6.368087291717529 
5.13280725479126 
5.08796501159668 
6.771612644195557 
6.140254974365234 
5.13280725479126 
5.535518646240234 
5.13280725479126 
5.773390769958496 
5.13280725479126 
5.0755696296691895 
7.036815643310547 
5.027254104614258 
5.109499931335449 
5.06096076965332 
5.031177520751953 
6.224118709564209 
6.033032417297363 
5.042107582092285 
5.13280725479126 
5.13280725479126 
5.13280725479126 
5.902482032775879 
5.592752456665039 
5.040284156799316 
5.107067584991455 
5.086615562438965 
5.13280725479126 
5.13280725479126 
5.049198150634766 
7.420022010803223 
5.501047611236572 
5.873175621032715 
5.1023077964782715 
7.594167709350586 
5.104317665100098 
5.062594413757324 
5.545960903167725 
5.523813724517822 
5.501047611236572 
6.4354705810546875 
5.898258686065674 
5.13280725479126 
5.576963424682617 
5.566976547241211 
5.523813724517822 
5.058829307556152 
8.14802074432373 
5.13280725479126 
5.13280725479126 
6.214761734008789 
5.13280725479126 
5.13280725479126 
5.080361843109131 
5.13280725479126 
5.512608528137207 
5.021963596343994 
5.1049652099609375 
7.566378116607666 
5.013622283935547 
5.523813724517822 
5.13280725479126 
5.08914041519165 
6.890337944030762 
5.189846992492676 
5.13280725479126 
5.13280725479126 
5.03934907913208 
5.13280725479126 
5.058985710144043 
5.0713067054748535 
6.288515567779541 
5.080207824707031 
5.025717258453369 
6.650600910186768 
5.007245063781738 
5.251455783843994 
5.1264166831970215 
5.635870933532715 
5.046713352203369 
5.029286861419678 
5.3249335289001465 
5.115584373474121 
5.205611705780029 
5.13280725479126 
5.13280725479126 
5.13280725479126 
5.030154705047607 
5.13280725479126 
5.501047611236572 
5.13280725479126 
5.13280725479126 
5.067980766296387 
5.068253993988037 
6.356230735778809 
5.363590717315674 
5.13280725479126 
5.13280725479126 
6.096226692199707 
5.081178188323975 
5.13280725479126 
5.114137649536133 
5.029589653015137 
5.13280725479126 
5.103326320648193 
5.13280725479126 
5.066009998321533 
5.13280725479126 
5.578797817230225 
5.523813724517822 
5.023487091064453 
5.088426113128662 
5.13280725479126 
5.523813724517822 
6.016990661621094 
5.13280725479126 
5.079019546508789 
5.523813724517822 
5.13280725479126 
6.7731404304504395 
5.112141132354736 
5.13280725479126 
5.107615947723389 
5.099708080291748 
5.074974060058594 
5.523813724517822 
5.063870429992676 
5.738694190979004 
6.25467586517334 
5.13280725479126 
5.510309219360352 
5.13280725479126 
5.1165266036987305 
5.040863513946533 
5.13280725479126 
5.078270435333252 
5.13280725479126 
5.250850200653076 
5.012165546417236 
5.105885982513428 
5.068576335906982 
5.759243011474609 
6.534726142883301 
5.425483226776123 
5.515707492828369 
5.007193565368652 
5.6706061363220215 
5.088516712188721 
7.724790096282959 
5.13280725479126 
6.196577072143555 
5.13280725479126 
4.995466709136963 
5.13280725479126 
5.074715614318848 
6.276766777038574 
5.07909631729126 
5.045372486114502 
5.06978178024292 
5.13280725479126 
5.029122829437256 
5.05872917175293 
5.523813724517822 
5.13280725479126 
5.13280725479126 
6.067681789398193 
5.6902875900268555 
5.0762128829956055 
5.13280725479126 
5.048621654510498 
5.053352355957031 
5.13280725479126 
5.012446403503418 
5.058933734893799 
5.13280725479126 
5.535518646240234 
5.13280725479126 
6.090077877044678 
8.037830352783203 
5.085610866546631 
5.109718322753906 
5.372361183166504 
5.501047611236572 
5.125058650970459 
5.13280725479126 
5.023906707763672 
5.122828006744385 
5.100163459777832 
5.016389846801758 
5.13280725479126 
5.234579563140869 
7.555265426635742 
5.066651821136475 
5.087501049041748 
5.001877307891846 
5.523813724517822 
5.13280725479126 
5.13280725479126 
5.378314971923828 
5.013622283935547 
5.187041282653809 
5.6282477378845215 
5.030283451080322 
5.220041751861572 
5.044277191162109 
5.3440165519714355 
5.13280725479126 
5.13280725479126 
5.075023174285889 
5.13280725479126 
5.535518646240234 
5.081135272979736 
6.460436820983887 
5.818835258483887 
5.07390832901001 
5.48508882522583 
5.1027092933654785 
5.67372465133667 
5.042588233947754 
5.523813724517822 
5.068732261657715 
7.054024696350098 
5.026120662689209 
6.2901105880737305 
5.8074188232421875 
5.13280725479126 
5.13280725479126 
5.13280725479126 
5.0779337882995605 
5.464779376983643 
6.246981620788574 
5.13280725479126 
5.115293025970459 
5.13280725479126 
5.523813724517822 
5.085117340087891 
5.101622581481934 
5.13280725479126 
5.080443382263184 
5.13280725479126 
5.13280725479126 
5.13280725479126 
7.536352157592773 
5.878955841064453 
5.0751566886901855 
5.050224781036377 
5.108170986175537 
5.535518646240234 
5.036157131195068 
5.13280725479126 
5.020932674407959 
5.059784889221191 
5.13280725479126 
5.102893829345703 
5.13280725479126 
5.373838901519775 
5.296144962310791 
6.642454147338867 
6.158276557922363 
5.447253704071045 
5.112552165985107 
6.0779709815979 
5.13280725479126 
5.13280725479126 
5.0344085693359375 
5.0865654945373535 
5.13280725479126 
5.13280725479126 
5.117366313934326 
5.13280725479126 
5.13280725479126 
5.047122955322266 
7.5410475730896 
5.13280725479126 
5.423763275146484 
5.13280725479126 
5.13280725479126 
5.3461127281188965 
5.2846808433532715 
5.014475345611572 
5.13280725479126 
5.0626349449157715 
7.3477678298950195 
5.028238773345947 
6.354118824005127 
7.105632781982422 
5.523813724517822 
5.862955093383789 
5.13280725479126 
5.523813724517822 
5.13280725479126 
7.213685989379883 
5.13280725479126 
5.088533401489258 
5.13280725479126 
5.13280725479126 
7.451268196105957 
5.523813724517822 
5.09428596496582 
5.13280725479126 
5.522585391998291 
5.13280725479126 
5.059062957763672 
5.523813724517822 
5.20028829574585 
5.0792927742004395 
5.034990310668945 
5.13280725479126 
5.009062767028809 
7.048189163208008 
5.480435371398926 
5.073487281799316 
5.13280725479126 
5.082364559173584 
5.13280725479126 
5.080199718475342 
5.890722274780273 
5.0856781005859375 
5.018759250640869 
5.523813724517822 
5.13280725479126 
5.921001434326172 
5.071478843688965 
5.13280725479126 
5.104625225067139 
4.994771480560303 
5.06417179107666 
5.515707492828369 
5.13280725479126 
5.052478790283203 
4.9982686042785645 
5.842687606811523 
5.13280725479126 
5.090085506439209 
5.523813724517822 
7.57803201675415 
5.13280725479126 
5.043689250946045 
5.13280725479126 
5.13280725479126 
5.515707492828369 
5.523813724517822 
5.13280725479126 
5.13280725479126 
5.13280725479126 
5.016690254211426 
5.107095241546631 
7.382055282592773 
5.100373268127441 
5.070366382598877 
5.13280725479126 
5.13280725479126 
5.13280725479126 
5.13280725479126 
5.13280725479126 
5.060482978820801 
5.086487293243408 
5.13280725479126 
7.871999740600586 
7.376284599304199 
5.13280725479126 
5.948979377746582 
5.512608528137207 
5.13280725479126 
6.182737350463867 
5.105820655822754 
5.010979652404785 
5.13280725479126 
5.515707492828369 
5.056465148925781 
5.533971309661865 
5.13280725479126 
7.212169170379639 
5.13280725479126 
5.501047611236572 
5.13280725479126 
5.13280725479126 
5.512608528137207 
5.447253704071045 
5.105062484741211 
5.523813724517822 
7.644893646240234 
5.023169040679932 
5.1090216636657715 
5.025853633880615 
5.032948017120361 
5.13280725479126 
5.13280725479126 
5.016879081726074 
5.0854010581970215 
5.010135650634766 
6.1472883224487305 
7.151684284210205 
5.02946138381958 
5.512608528137207 
5.0893778800964355 
5.13280725479126 
5.107197284698486 
7.202919006347656 
5.13280725479126 
5.024966239929199 
5.164480209350586 
5.8963422775268555 
5.089219570159912 
5.13280725479126 
6.502036094665527 
5.13280725479126 
5.13280725479126 
6.133275508880615 
5.111335754394531 
5.13280725479126 
5.512608528137207 
5.228121757507324 
5.0482563972473145 
5.13280725479126 
4.996561527252197 
5.142388820648193 
5.083991527557373 
5.522585391998291 
5.13280725479126 
5.079453468322754 
5.085201263427734 
5.115910053253174 
5.535518646240234 
5.318368911743164 
7.891483783721924 
5.13280725479126 
5.073930263519287 
5.0765061378479 
5.028737545013428 
5.076898097991943 
7.263147354125977 
5.13280725479126 
5.133152484893799 
5.523813724517822 
6.114590644836426 
5.152340888977051 
5.013325214385986 
5.1152238845825195 
5.103048801422119 
5.054126739501953 
5.117779731750488 
5.360428810119629 
5.523813724517822 
5.513965129852295 
5.109670639038086 
5.024311065673828 
5.480435371398926 
5.117655277252197 
5.611769676208496 
5.523813724517822 
5.13280725479126 
5.118671417236328 
7.41811990737915 
5.173791885375977 
5.046145915985107 
5.09339714050293 
5.0235795974731445 
5.13280725479126 
5.049182415008545 
5.13280725479126 
5.059086322784424 
5.851804256439209 
6.111439228057861 
5.512608528137207 
5.003114700317383 
5.523813724517822 
5.757236003875732 
5.048824787139893 
5.889518737792969 
5.3482866287231445 
5.106205940246582 
6.093209743499756 
5.13280725479126 
5.1780781745910645 
5.13280725479126 
5.13280725479126 
5.892489433288574 
5.13280725479126 
5.13280725479126 
5.107651710510254 
5.229945659637451 
5.13280725479126 
5.13280725479126 
7.910126686096191 
5.13280725479126 
5.1189374923706055 
5.578797817230225 
6.6345319747924805 
5.13280725479126 
5.13280725479126 
5.13280725479126 
5.8652238845825195 
5.606658458709717 
5.059688568115234 
5.017406463623047 
5.078723907470703 
5.111403465270996 
5.13280725479126 
5.13280725479126 
5.049102783203125 
5.264935493469238 
5.578797817230225 
5.13280725479126 
5.114246845245361 
5.082880973815918 
5.13280725479126 
5.13280725479126 
5.13280725479126 
7.505239486694336 
5.13280725479126 
5.0737528800964355 
5.13280725479126 
6.260254859924316 
5.523813724517822 
6.202033996582031 
5.13280725479126 
5.13280725479126 
5.13280725479126 
5.13280725479126 
5.13280725479126 
5.075206279754639 
5.10629940032959 
5.605551719665527 
5.13280725479126 
5.103302478790283 
5.1374592781066895 
5.13280725479126 
5.13280725479126 
5.523813724517822 
5.533971309661865 
5.221814155578613 
5.523813724517822 
5.13280725479126 
5.052738666534424 
5.0044684410095215 
5.13280725479126 
5.077563285827637 
6.451420783996582 
5.120232582092285 
5.38261604309082 
6.34174919128418 
5.13280725479126 
6.826560020446777 
5.13280725479126 
5.039581298828125 
5.13280725479126 
5.523813724517822 
5.0456624031066895 
5.523813724517822 
5.119424819946289 
5.9121479988098145 
5.13280725479126 
5.13280725479126 
5.13280725479126 
5.0857977867126465 
5.056765079498291 
5.396657943725586 
5.043380260467529 
5.13280725479126 
5.13280725479126 
5.074464321136475 
5.22963809967041 
7.89229154586792 
5.045313835144043 
5.13280725479126 
5.037890434265137 
