6.01552677154541 
7.324656009674072 
8.577399253845215 
6.834615707397461 
7.485940933227539 
9.659724235534668 
7.729609489440918 
8.611536026000977 
5.974454879760742 
8.044718742370605 
6.794155120849609 
9.868795394897461 
5.677015781402588 
8.554692268371582 
7.465700149536133 
5.995802879333496 
6.503854751586914 
6.351614475250244 
6.064425945281982 
7.303317070007324 
6.627328872680664 
4.69180154800415 
6.338385581970215 
5.799503326416016 
5.300795555114746 
6.774259567260742 
6.552216529846191 
6.089669227600098 
6.795599937438965 
6.926081657409668 
4.721324920654297 
6.456720352172852 
6.995038986206055 
5.81605339050293 
7.3358988761901855 
7.048566818237305 
8.653809547424316 
6.78412389755249 
5.59995174407959 
6.2730889320373535 
5.656720161437988 
5.2298359870910645 
7.662851333618164 
6.529633522033691 
5.470300674438477 
5.281420707702637 
6.705120086669922 
6.398105621337891 
7.132569789886475 
5.238889694213867 
6.5800251960754395 
6.729773998260498 
7.725218772888184 
6.46150541305542 
7.434238433837891 
5.527885913848877 
8.820672035217285 
6.181995868682861 
6.660896301269531 
8.153183937072754 
7.74968147277832 
6.679957389831543 
5.676914215087891 
5.633204460144043 
8.570578575134277 
7.5411882400512695 
6.637396812438965 
7.105125427246094 
5.402702808380127 
7.496445178985596 
4.484090805053711 
7.503183364868164 
7.592049598693848 
5.96762228012085 
6.520697593688965 
5.414588928222656 
7.546923637390137 
7.328373432159424 
7.410530090332031 
5.825465202331543 
7.193218231201172 
5.595025062561035 
6.201138496398926 
6.973655700683594 
7.567209243774414 
6.796961307525635 
7.645540237426758 
6.369932651519775 
6.755295753479004 
6.147783279418945 
7.192371368408203 
6.074271202087402 
5.570765495300293 
6.092596530914307 
5.964855670928955 
7.749202728271484 
6.768760681152344 
6.877968788146973 
6.178504943847656 
7.633217811584473 
7.886761665344238 
7.331113815307617 
5.938244819641113 
6.389317512512207 
7.56278133392334 
6.604599475860596 
7.924595832824707 
8.923829078674316 
6.252182960510254 
7.4542622566223145 
5.040029525756836 
5.273548126220703 
5.223095417022705 
5.504459381103516 
6.8522186279296875 
6.819849014282227 
5.629297256469727 
7.149839401245117 
5.071202278137207 
6.6610565185546875 
7.321661949157715 
5.780747890472412 
7.278226852416992 
6.7785210609436035 
7.816102504730225 
6.069651126861572 
5.720474720001221 
6.672293663024902 
6.510286331176758 
5.657613754272461 
5.12229061126709 
6.493226051330566 
5.512079238891602 
4.88384485244751 
6.855907440185547 
5.955739974975586 
7.130537986755371 
7.121345043182373 
5.844903945922852 
6.343676567077637 
8.042499542236328 
5.014998435974121 
5.11539888381958 
6.357353687286377 
7.142053604125977 
7.147462844848633 
7.185731887817383 
5.54807186126709 
6.2037248611450195 
6.746161460876465 
6.171614646911621 
7.311681270599365 
6.531916618347168 
8.130223274230957 
5.724167823791504 
5.265955448150635 
6.923509120941162 
6.300333023071289 
6.480981826782227 
8.391409873962402 
6.5780029296875 
6.285668849945068 
6.4109392166137695 
6.096065521240234 
8.486275672912598 
7.1172332763671875 
5.9225873947143555 
6.861794471740723 
5.709231376647949 
6.846595764160156 
5.915005683898926 
5.347774505615234 
6.698820114135742 
7.934281349182129 
7.37575626373291 
6.240692138671875 
4.98088264465332 
6.960981369018555 
5.966650009155273 
6.184078216552734 
4.985872745513916 
6.040094375610352 
4.595814228057861 
6.151705741882324 
6.407480716705322 
7.689121723175049 
5.715000629425049 
6.00223445892334 
5.775129795074463 
5.073307514190674 
5.27288818359375 
5.457212448120117 
7.520264625549316 
5.628013610839844 
6.564327716827393 
6.860254287719727 
7.149075508117676 
6.635103225708008 
6.511684417724609 
7.44828987121582 
5.521267890930176 
5.556363582611084 
5.555610179901123 
6.217974662780762 
7.107330799102783 
7.648954391479492 
6.367179870605469 
7.242153167724609 
7.737323760986328 
6.737788677215576 
5.811138153076172 
6.655009746551514 
5.042794227600098 
6.024176120758057 
6.3770833015441895 
5.819838523864746 
6.332332611083984 
6.5667524337768555 
6.8925700187683105 
5.841772079467773 
6.233329772949219 
8.986756324768066 
4.612261772155762 
6.179340362548828 
6.151589870452881 
6.875227928161621 
6.344540596008301 
7.72415828704834 
5.620227813720703 
6.174520492553711 
6.132111549377441 
5.9550580978393555 
6.972537994384766 
6.409328460693359 
5.734592437744141 
5.638145923614502 
5.937653541564941 
6.950950622558594 
5.907812118530273 
7.08740234375 
7.235967636108398 
4.756150245666504 
6.530370712280273 
5.273983955383301 
7.577295303344727 
7.558281898498535 
6.653120040893555 
6.35244607925415 
6.370551109313965 
6.351846694946289 
5.600407600402832 
6.745319366455078 
5.433502197265625 
5.785488128662109 
6.0447001457214355 
7.568323135375977 
6.869046211242676 
7.484455108642578 
7.682690620422363 
8.341706275939941 
6.7633514404296875 
6.359525203704834 
6.415235996246338 
5.426383972167969 
6.330989360809326 
8.162345886230469 
6.051434516906738 
8.8472900390625 
5.768718719482422 
8.026311874389648 
6.0786943435668945 
6.4741010665893555 
7.420643329620361 
6.714630126953125 
6.25618314743042 
7.124854564666748 
7.225582122802734 
5.778401851654053 
6.730586051940918 
8.847526550292969 
7.5287933349609375 
5.764166831970215 
6.798105716705322 
5.564210414886475 
6.53990364074707 
5.168396949768066 
5.719463348388672 
6.946840763092041 
5.937312126159668 
6.946898937225342 
5.8234100341796875 
6.338905334472656 
9.000197410583496 
5.754699230194092 
5.880956649780273 
5.887890338897705 
8.610907554626465 
6.023837089538574 
6.022089958190918 
6.272738933563232 
6.721104145050049 
5.59225606918335 
6.172154426574707 
6.9991455078125 
6.0950727462768555 
7.3544840812683105 
7.451977729797363 
6.360603332519531 
6.239701271057129 
5.824271202087402 
6.612862586975098 
6.405085563659668 
7.552573204040527 
6.34800910949707 
6.450916290283203 
9.139885902404785 
5.442107677459717 
6.520099639892578 
7.823369979858398 
5.862728118896484 
5.940651893615723 
7.349299430847168 
5.56197452545166 
6.589362144470215 
6.551459312438965 
9.916642189025879 
5.567255973815918 
6.9314069747924805 
9.291218757629395 
7.379899978637695 
6.014369487762451 
5.810505390167236 
6.999977111816406 
5.885700225830078 
7.141696929931641 
8.244843482971191 
5.982016563415527 
4.951037883758545 
5.763726234436035 
7.288774490356445 
7.469882965087891 
7.718670845031738 
5.851799011230469 
6.100766658782959 
6.093649864196777 
7.308779716491699 
6.343845844268799 
6.565973281860352 
6.736856460571289 
6.161992073059082 
7.279226303100586 
6.106353282928467 
5.633031368255615 
7.571559906005859 
6.132741451263428 
9.830164909362793 
6.495841026306152 
7.433189868927002 
5.497081756591797 
5.931246757507324 
6.200004577636719 
8.478050231933594 
5.351202964782715 
5.572751998901367 
5.764556884765625 
7.740814685821533 
6.565961837768555 
6.105669021606445 
5.510767936706543 
5.843687057495117 
6.399580001831055 
8.561843872070312 
5.91751766204834 
5.687650203704834 
5.637819290161133 
6.35233211517334 
6.16429328918457 
6.032905101776123 
6.595882415771484 
5.902373313903809 
8.11548900604248 
5.846904277801514 
7.1400861740112305 
7.141998291015625 
5.033574104309082 
7.848042011260986 
8.393061637878418 
4.701387882232666 
5.6322784423828125 
4.500245094299316 
5.823868751525879 
7.777565956115723 
8.047257423400879 
5.765649795532227 
5.5479583740234375 
5.687899589538574 
5.9692535400390625 
5.4811296463012695 
6.958340644836426 
5.7806596755981445 
4.978811264038086 
6.114032745361328 
7.08134126663208 
5.591094017028809 
6.615207672119141 
6.333182334899902 
5.617274761199951 
9.908555030822754 
5.758015155792236 
6.748625755310059 
5.997718811035156 
5.990570068359375 
5.689845085144043 
6.426483154296875 
6.440230846405029 
7.686214447021484 
7.636892795562744 
6.37657356262207 
6.729043006896973 
5.850673675537109 
7.617732048034668 
5.72302770614624 
6.315911293029785 
6.639091491699219 
7.665660858154297 
5.673399448394775 
6.5705037117004395 
6.513121604919434 
6.749493598937988 
5.326544761657715 
5.62544059753418 
6.939406394958496 
8.536711692810059 
7.500665664672852 
5.163049221038818 
7.233412265777588 
5.733236312866211 
6.828577041625977 
5.117323875427246 
6.706906318664551 
9.083742141723633 
5.2327165603637695 
6.467983245849609 
7.355571746826172 
6.173216819763184 
6.064401626586914 
5.679505825042725 
5.281220436096191 
7.516083717346191 
5.820127010345459 
6.639366149902344 
6.973935127258301 
6.891134262084961 
4.996748924255371 
6.100852966308594 
6.3464202880859375 
7.819080352783203 
5.592639923095703 
6.942141532897949 
6.703428268432617 
5.900900840759277 
6.123082160949707 
7.168245792388916 
7.525114059448242 
6.244951248168945 
8.997944831848145 
8.428215980529785 
6.516602516174316 
5.1801371574401855 
7.249861717224121 
6.6314873695373535 
5.367375373840332 
6.33601188659668 
6.617425441741943 
6.021645545959473 
6.027702331542969 
5.452613353729248 
6.182834625244141 
7.88876485824585 
6.832687854766846 
6.966890335083008 
6.712376594543457 
5.335320472717285 
7.578250885009766 
5.620604515075684 
5.736462116241455 
5.861374855041504 
6.8854169845581055 
5.365557670593262 
5.365056037902832 
5.400442600250244 
5.782186985015869 
7.892446041107178 
5.496998310089111 
7.764153480529785 
6.391055107116699 
7.0395002365112305 
5.732394218444824 
4.67154598236084 
6.810943603515625 
6.53209114074707 
6.7881693840026855 
6.888033866882324 
5.029571533203125 
4.887310981750488 
7.5076904296875 
5.327324390411377 
6.411830902099609 
6.245538711547852 
6.405856132507324 
7.156267166137695 
5.985870838165283 
7.416013240814209 
6.308712959289551 
5.981962203979492 
5.885366916656494 
5.660187721252441 
6.3707122802734375 
6.4290547370910645 
5.134516716003418 
6.8156328201293945 
6.955355167388916 
5.840502738952637 
7.370197296142578 
5.598139762878418 
7.707568168640137 
5.832174777984619 
7.09342098236084 
6.495696067810059 
5.410082817077637 
5.297831058502197 
6.350010395050049 
5.915801048278809 
5.607868194580078 
5.439659118652344 
7.771019458770752 
5.834035873413086 
5.91237735748291 
4.48513126373291 
5.08876371383667 
6.036254405975342 
7.26290225982666 
8.934309959411621 
6.447656631469727 
7.3768510818481445 
5.0480194091796875 
5.795881748199463 
7.737784385681152 
5.931816101074219 
4.690720081329346 
5.35338020324707 
5.515763282775879 
5.745603561401367 
6.495214939117432 
4.852170944213867 
6.300171375274658 
8.698583602905273 
7.164729118347168 
6.440120697021484 
5.041190147399902 
7.5303053855896 
7.792880058288574 
5.792480945587158 
5.118332862854004 
5.858513832092285 
6.40133810043335 
7.948420524597168 
6.592532634735107 
5.833010673522949 
7.208142280578613 
4.92539119720459 
7.007184028625488 
5.609066486358643 
5.45185661315918 
7.124755859375 
6.587512493133545 
6.429155349731445 
7.1985063552856445 
5.702436447143555 
5.658906936645508 
6.160515785217285 
8.607382774353027 
5.321847438812256 
6.003819942474365 
6.26125955581665 
6.271551132202148 
5.405758857727051 
6.518228530883789 
5.958685874938965 
6.46965217590332 
7.305196762084961 
5.967593669891357 
5.390047073364258 
6.730678558349609 
8.709025382995605 
5.513089179992676 
6.4192914962768555 
6.371675491333008 
6.5022783279418945 
7.071376800537109 
6.385425567626953 
5.808078289031982 
5.213857650756836 
5.096911430358887 
6.915345668792725 
6.325342655181885 
7.997437000274658 
5.62043571472168 
7.9451446533203125 
5.911857604980469 
5.545970916748047 
7.1377763748168945 
5.440257549285889 
6.06965446472168 
7.444691181182861 
6.165898323059082 
7.728003978729248 
8.449387550354004 
6.040002822875977 
6.206067085266113 
5.934269905090332 
7.465964317321777 
7.723885536193848 
7.3347625732421875 
6.490016937255859 
5.252623558044434 
6.234471797943115 
5.444957733154297 
4.7423996925354 
7.618417739868164 
5.788156509399414 
9.574052810668945 
5.646836757659912 
5.105630397796631 
7.121472358703613 
5.859877586364746 
5.661931037902832 
6.347451686859131 
8.277972221374512 
6.553751468658447 
6.129261493682861 
7.848328113555908 
6.661370277404785 
5.449843883514404 
7.976567268371582 
6.0813398361206055 
5.874631881713867 
5.552611827850342 
7.333338737487793 
8.084507942199707 
7.788396835327148 
5.028420925140381 
9.274513244628906 
5.656917572021484 
6.242513656616211 
6.179299831390381 
6.5113420486450195 
6.812680244445801 
5.760055065155029 
6.708497524261475 
7.096349716186523 
6.394407272338867 
6.8477463722229 
5.673967361450195 
7.68255090713501 
7.142324447631836 
6.851811408996582 
7.260503768920898 
6.997373580932617 
7.376529216766357 
8.081542015075684 
6.795424461364746 
6.178536415100098 
5.729367733001709 
7.560583114624023 
7.557476043701172 
5.756602764129639 
5.635271072387695 
6.398951053619385 
5.594897747039795 
5.649416446685791 
5.483899116516113 
5.599827766418457 
6.315391540527344 
6.909491539001465 
6.401098251342773 
6.828125 
6.831083297729492 
6.8929595947265625 
5.958122253417969 
5.928750038146973 
6.902017593383789 
5.772707939147949 
6.366800308227539 
8.624638557434082 
5.758275032043457 
7.145484924316406 
7.429176330566406 
5.912469863891602 
7.291998386383057 
6.3575639724731445 
7.507971286773682 
6.3530659675598145 
7.261135578155518 
6.700732707977295 
6.123873710632324 
6.198094367980957 
5.797013759613037 
6.680420875549316 
7.581907272338867 
6.411249160766602 
5.367020130157471 
5.605390548706055 
7.140415191650391 
9.263456344604492 
7.419042110443115 
5.847370147705078 
6.330629825592041 
6.026385307312012 
5.322870254516602 
6.396282196044922 
6.232460021972656 
6.534080982208252 
9.621822357177734 
5.362781524658203 
6.391469955444336 
5.351496696472168 
8.539910316467285 
6.146594524383545 
4.93927001953125 
6.110482215881348 
8.78271770477295 
10.317788124084473 
7.568075656890869 
5.229170799255371 
7.29297399520874 
7.211427688598633 
5.848798751831055 
6.050304412841797 
5.676799297332764 
8.010673522949219 
5.959936141967773 
5.456774711608887 
5.0447282791137695 
7.040521621704102 
5.298676490783691 
6.088533878326416 
7.322723388671875 
7.230562686920166 
7.54493522644043 
7.077841758728027 
5.210076332092285 
6.264354228973389 
7.527764797210693 
6.976189613342285 
5.5041961669921875 
5.912238121032715 
8.696782112121582 
9.062944412231445 
5.504895210266113 
6.864234924316406 
5.754653453826904 
5.982381343841553 
7.327092170715332 
5.6990461349487305 
5.922778129577637 
5.881740570068359 
7.076855659484863 
5.316767692565918 
6.229388236999512 
5.5845489501953125 
6.768441200256348 
6.308407306671143 
6.292201042175293 
6.039339542388916 
8.91769790649414 
5.810231685638428 
5.254295349121094 
6.231880187988281 
5.962757110595703 
5.465730667114258 
6.4580278396606445 
6.267921447753906 
6.946889877319336 
7.382958889007568 
6.386048793792725 
6.603083610534668 
7.648585319519043 
5.641087055206299 
6.893139839172363 
4.9451212882995605 
7.720742702484131 
7.115194320678711 
5.983034133911133 
6.131188869476318 
6.2023844718933105 
8.46878719329834 
7.351199150085449 
6.232003211975098 
5.958157062530518 
6.555147647857666 
6.148146152496338 
5.847556114196777 
6.862128257751465 
6.407506465911865 
6.740663051605225 
6.6143717765808105 
6.083385944366455 
9.064929008483887 
5.9991044998168945 
5.894751071929932 
6.078681945800781 
5.577019214630127 
5.2275543212890625 
4.906508445739746 
7.325395584106445 
6.290671348571777 
6.732325077056885 
5.661137104034424 
5.801610469818115 
5.233673095703125 
8.241531372070312 
6.697529315948486 
6.350910663604736 
5.494058609008789 
5.313472747802734 
6.310154914855957 
7.471147537231445 
5.666534900665283 
8.090546607971191 
8.174386978149414 
8.537749290466309 
5.71907901763916 
5.445049285888672 
6.515764236450195 
7.9982733726501465 
5.334760665893555 
4.8523406982421875 
6.992050647735596 
5.640597343444824 
7.560625076293945 
5.192909240722656 
6.866347789764404 
7.993396759033203 
7.456131935119629 
6.3481831550598145 
5.680664539337158 
4.82026481628418 
7.635953903198242 
5.665760040283203 
6.478969097137451 
6.421534538269043 
8.209138870239258 
7.881913185119629 
5.261042594909668 
7.583859443664551 
6.664466857910156 
7.23608922958374 
6.246265888214111 
5.84260368347168 
5.146490097045898 
7.0548577308654785 
5.322536468505859 
7.269631862640381 
9.360440254211426 
6.152451515197754 
5.044435501098633 
5.9736223220825195 
8.295245170593262 
5.542519569396973 
6.422729969024658 
5.378596305847168 
8.106954574584961 
6.249789237976074 
6.393710136413574 
7.134345531463623 
6.209343910217285 
7.13180685043335 
5.9800519943237305 
6.386857509613037 
6.25296688079834 
7.133856773376465 
7.008977890014648 
6.259965896606445 
5.8653564453125 
5.777814865112305 
6.654573917388916 
6.170173645019531 
5.720669746398926 
5.033023834228516 
6.498691082000732 
5.742430210113525 
7.561802864074707 
6.537599086761475 
6.268620014190674 
7.3150200843811035 
5.4471917152404785 
6.531837463378906 
5.652579307556152 
8.316919326782227 
5.3143534660339355 
5.522211074829102 
8.23803997039795 
5.637693881988525 
8.404691696166992 
8.38438892364502 
7.568340301513672 
6.858517646789551 
7.1920270919799805 
5.850828170776367 
6.28358793258667 
6.008193492889404 
10.411128997802734 
8.388287544250488 
6.790093421936035 
8.45252513885498 
6.042839527130127 
6.739027976989746 
5.680293083190918 
6.005140781402588 
4.647497177124023 
6.8911590576171875 
5.585564613342285 
6.386981964111328 
6.218421459197998 
5.69744873046875 
6.154479026794434 
7.524048328399658 
5.8360114097595215 
7.165780067443848 
5.04589319229126 
5.394376754760742 
5.399560928344727 
9.133410453796387 
5.4234161376953125 
5.940548896789551 
6.596895694732666 
6.154825210571289 
5.9827985763549805 
7.844317436218262 
7.4049272537231445 
6.656762599945068 
5.28375244140625 
8.939579010009766 
7.991366386413574 
6.207284450531006 
7.386075973510742 
5.239441871643066 
5.076214790344238 
7.357064247131348 
6.173296928405762 
7.398863315582275 
10.1453275680542 
6.727940559387207 
5.490854263305664 
6.716762542724609 
6.10333251953125 
6.787972450256348 
5.679990768432617 
6.56545352935791 
6.754490375518799 
6.846897125244141 
10.885210990905762 
6.885270595550537 
5.681456089019775 
7.067575454711914 
5.242961883544922 
5.335379123687744 
7.012364864349365 
5.334650993347168 
5.0472517013549805 
5.929812431335449 
7.5216755867004395 
6.244561195373535 
5.29848575592041 
4.549470901489258 
4.976686954498291 
7.644774436950684 
7.997538089752197 
6.350303649902344 
7.426124572753906 
6.160566329956055 
5.931005477905273 
6.995021820068359 
5.530672073364258 
5.660320281982422 
6.0833916664123535 
6.786139011383057 
5.400594711303711 
6.714051246643066 
5.291433811187744 
5.452754974365234 
6.259119033813477 
8.971287727355957 
6.327575206756592 
5.998162269592285 
6.639002799987793 
5.044493675231934 
7.688285827636719 
7.66631555557251 
5.485959529876709 
6.9390411376953125 
6.20947265625 
6.6173529624938965 
7.612792015075684 
8.431641578674316 
8.272917747497559 
7.144130706787109 
7.181478500366211 
7.102109909057617 
7.840007781982422 
9.127717018127441 
6.272758483886719 
7.4327192306518555 
5.944833755493164 
5.9093170166015625 
6.080860137939453 
7.414359092712402 
5.860086917877197 
6.618832588195801 
5.415314674377441 
7.52094030380249 
8.128286361694336 
5.788565635681152 
6.33438777923584 
5.769296646118164 
6.370741844177246 
5.3094024658203125 
6.272714614868164 
4.8652520179748535 
6.225152969360352 
6.572425842285156 
6.813758373260498 
7.046931743621826 
6.620930194854736 
5.674277305603027 
7.780697822570801 
5.5639872550964355 
5.310426712036133 
6.637167930603027 
5.019655227661133 
5.813510894775391 
9.5162992477417 
4.933911323547363 
8.238533020019531 
5.989463806152344 
9.18529224395752 
8.04379653930664 
8.31105899810791 
5.958775520324707 
7.546886920928955 
5.636889457702637 
5.5275774002075195 
7.275060653686523 
4.771788597106934 
6.086974143981934 
5.728736877441406 
6.07979154586792 
6.537065505981445 
6.484004497528076 
9.165312767028809 
7.2020697593688965 
6.637292861938477 
7.802910327911377 
6.575949668884277 
5.355498313903809 
6.32302188873291 
4.5842413902282715 
7.6378679275512695 
8.462051391601562 
6.660967826843262 
7.06760835647583 
5.281695365905762 
7.261672496795654 
6.033583164215088 
5.957795143127441 
6.116153717041016 
5.61958122253418 
5.6696577072143555 
7.786927223205566 
7.072644233703613 
7.158267974853516 
4.898872375488281 
5.897621154785156 
5.39738655090332 
6.5490312576293945 
6.4831719398498535 
5.443905353546143 
8.403099060058594 
6.002185821533203 
5.8727521896362305 
8.941841125488281 
4.931502342224121 
6.298925399780273 
6.199777126312256 
7.345671653747559 
5.930333137512207 
6.964514255523682 
7.357566833496094 
7.434714317321777 
5.662018775939941 
6.916979789733887 
7.751716136932373 
7.845126628875732 
5.7885541915893555 
7.729622840881348 
6.534833908081055 
6.110174179077148 
4.967560768127441 
6.851825714111328 
6.062786102294922 
6.514006614685059 
7.15631103515625 
7.804879188537598 
5.205792427062988 
5.899850368499756 
8.956743240356445 
6.376325607299805 
5.838850021362305 
7.691173553466797 
7.937617301940918 
7.2284770011901855 
5.836779594421387 
5.505352973937988 
5.845113754272461 
5.7809553146362305 
5.887462139129639 
6.247206687927246 
5.243969440460205 
6.895184516906738 
6.833137512207031 
6.598465442657471 
6.295238018035889 
5.332887649536133 
5.957780838012695 
7.00723934173584 
6.0838212966918945 
7.1106438636779785 
5.607544422149658 
5.168491363525391 
5.850712776184082 
5.083952903747559 
5.635187149047852 
6.077873229980469 
6.471136093139648 
6.054538726806641 
7.089694976806641 
8.8851957321167 
6.881575584411621 
6.379582405090332 
5.977486610412598 
6.1371378898620605 
5.743680953979492 
6.623935222625732 
6.6011762619018555 
7.6831512451171875 
6.429915904998779 
7.36874532699585 
6.6373186111450195 
5.879619598388672 
7.717035293579102 
5.137355804443359 
5.50673770904541 
5.930078029632568 
5.212455749511719 
5.2661542892456055 
8.125527381896973 
7.774196624755859 
6.513679504394531 
6.539532661437988 
4.713869094848633 
8.54183578491211 
6.659013271331787 
7.580559730529785 
6.569249153137207 
6.047730445861816 
5.6809868812561035 
6.419063568115234 
5.669198513031006 
5.980306625366211 
7.561067581176758 
5.745633125305176 
6.862566947937012 
7.622061252593994 
5.390605926513672 
6.67240047454834 
6.382673740386963 
7.734170913696289 
6.596024990081787 
5.869838714599609 
5.6690568923950195 
7.049063682556152 
5.597426891326904 
8.433480262756348 
5.614059925079346 
6.321513652801514 
6.215573787689209 
5.834818363189697 
5.424884796142578 
10.190655708312988 
7.1194000244140625 
7.956871032714844 
7.354811668395996 
5.862674713134766 
7.202214241027832 
6.982546806335449 
8.254647254943848 
6.942187309265137 
7.383004665374756 
8.71288776397705 
6.111289978027344 
6.726822853088379 
7.702763080596924 
7.957804203033447 
7.785823822021484 
6.680675506591797 
7.504800796508789 
7.258242607116699 
6.600637435913086 
6.961549758911133 
5.085162162780762 
7.289913177490234 
5.377409934997559 
5.897451400756836 
6.330546855926514 
5.315799236297607 
5.897701263427734 
6.7489237785339355 
8.403260231018066 
6.8512372970581055 
6.367569923400879 
6.86811637878418 
6.856818199157715 
5.4857635498046875 
6.817363739013672 
5.549164295196533 
6.403445243835449 
5.401730537414551 
5.019950866699219 
5.407751083374023 
6.004230976104736 
8.072760581970215 
5.235640525817871 
4.663723945617676 
6.025490760803223 
8.588093757629395 
6.7952799797058105 
7.678745746612549 
7.762147903442383 
5.598045349121094 
6.129424095153809 
5.958305358886719 
6.802716255187988 
8.92204761505127 
5.726435661315918 
9.281771659851074 
7.358057498931885 
6.952310085296631 
7.181754112243652 
7.1515913009643555 
4.895130157470703 
6.62691068649292 
6.655678749084473 
6.20872688293457 
6.62111759185791 
7.107928276062012 
5.977550506591797 
8.04410457611084 
7.213392734527588 
6.695928573608398 
5.890108108520508 
6.090328216552734 
7.725895881652832 
7.627636909484863 
5.304409980773926 
5.435105800628662 
6.069634914398193 
7.330700874328613 
5.60624361038208 
5.991585731506348 
7.753493785858154 
7.701270580291748 
9.06406307220459 
5.62841796875 
5.98684024810791 
5.500868320465088 
7.110107421875 
6.37962007522583 
7.5174102783203125 
7.953716278076172 
7.402611255645752 
5.417184829711914 
6.966836929321289 
6.273615837097168 
5.441708087921143 
7.7001752853393555 
6.61660623550415 
7.109483242034912 
6.0399169921875 
5.705899238586426 
6.911952972412109 
8.56153392791748 
4.985284805297852 
5.794465065002441 
5.675029277801514 
8.742234230041504 
6.28913688659668 
5.697216033935547 
5.406810760498047 
7.181938171386719 
7.72530460357666 
5.7803239822387695 
5.232698440551758 
7.366547584533691 
6.649173259735107 
5.7865519523620605 
7.27407693862915 
8.95698070526123 
7.457533359527588 
7.87262487411499 
5.585855484008789 
5.269204616546631 
6.297883033752441 
4.504240036010742 
5.9380292892456055 
6.323205947875977 
5.640841484069824 
6.086565971374512 
5.79072380065918 
6.858369827270508 
5.903545379638672 
8.817740440368652 
7.363264083862305 
7.3944501876831055 
7.893980026245117 
7.617658615112305 
6.689232349395752 
5.510779857635498 
5.42692756652832 
4.759032249450684 
8.1853609085083 
7.2245025634765625 
5.215403079986572 
5.248209476470947 
6.703307151794434 
5.954953193664551 
5.792891502380371 
4.783571243286133 
6.504220962524414 
8.027790069580078 
6.3221659660339355 
6.029909133911133 
5.2638678550720215 
8.119175910949707 
7.410420894622803 
8.87691593170166 
7.852959632873535 
7.266156196594238 
7.640724182128906 
6.30819034576416 
6.514063835144043 
7.91872501373291 
4.9353227615356445 
8.2316255569458 
8.400538444519043 
6.434202194213867 
6.455110549926758 
5.816247940063477 
5.280832290649414 
7.517609596252441 
5.932607173919678 
6.33359432220459 
7.3213043212890625 
6.250676155090332 
6.593440055847168 
8.419812202453613 
8.561419486999512 
5.537042140960693 
7.53606653213501 
6.122747421264648 
5.9251532554626465 
8.126547813415527 
5.899641513824463 
6.111034393310547 
4.8919525146484375 
6.048202991485596 
8.586812019348145 
6.106379508972168 
5.4743123054504395 
5.160351276397705 
7.605367660522461 
5.967415809631348 
5.034758567810059 
8.955487251281738 
5.752457618713379 
6.772064685821533 
6.498059272766113 
6.544624328613281 
4.850854396820068 
5.743681907653809 
7.228742599487305 
5.903501033782959 
7.825411796569824 
4.967190742492676 
5.2916436195373535 
6.331270694732666 
6.704756736755371 
6.572746276855469 
6.9725847244262695 
5.011569499969482 
7.642229080200195 
7.413784027099609 
5.728582382202148 
6.938290119171143 
7.302000045776367 
5.47598934173584 
8.600471496582031 
4.75172758102417 
5.80599308013916 
5.815112590789795 
5.936249256134033 
6.260071754455566 
5.712028980255127 
5.712172031402588 
7.647974014282227 
5.990716457366943 
7.471866607666016 
6.25238037109375 
5.520605087280273 
7.041609764099121 
5.865994930267334 
8.657342910766602 
5.716617584228516 
5.996101379394531 
6.154858112335205 
7.706936836242676 
7.908458232879639 
5.937202453613281 
5.825873851776123 
5.869879722595215 
6.149630069732666 
5.078731536865234 
6.443820953369141 
5.7690534591674805 
7.635537147521973 
7.700096130371094 
7.3353681564331055 
8.411361694335938 
8.548920631408691 
5.224420547485352 
9.582873344421387 
5.494500160217285 
7.2421464920043945 
7.626595497131348 
7.259570598602295 
8.634973526000977 
7.450708389282227 
5.002982139587402 
5.927051544189453 
6.357011318206787 
5.009101390838623 
7.510580062866211 
6.492380142211914 
7.746054649353027 
5.546286582946777 
7.350125789642334 
5.86373233795166 
6.602283477783203 
5.703241348266602 
5.952933311462402 
6.76387882232666 
6.000827312469482 
5.9365644454956055 
5.249585151672363 
5.6440887451171875 
5.686967372894287 
6.471503734588623 
6.7948408126831055 
7.8690032958984375 
5.662016868591309 
6.753992080688477 
6.753258228302002 
6.488121032714844 
5.522109031677246 
5.963263034820557 
6.441819667816162 
5.224933624267578 
6.137041091918945 
6.592904567718506 
6.494707107543945 
5.230626583099365 
7.87482213973999 
5.154326438903809 
8.5064058303833 
5.98456335067749 
8.816912651062012 
6.664650917053223 
6.125919342041016 
5.739869117736816 
6.49293327331543 
6.832037925720215 
6.874110698699951 
9.761467933654785 
8.44538402557373 
7.206158638000488 
6.755972385406494 
5.5745849609375 
6.468247890472412 
4.835276126861572 
8.21729564666748 
5.947649002075195 
6.238315582275391 
6.148082733154297 
5.923569202423096 
6.252827167510986 
5.804978370666504 
7.2692975997924805 
5.66559362411499 
6.345078945159912 
6.548402786254883 
7.478201389312744 
4.3800458908081055 
6.368303298950195 
7.13919734954834 
5.568707466125488 
5.894553184509277 
6.359216690063477 
7.878270626068115 
8.372793197631836 
6.511809349060059 
6.7350873947143555 
9.65952205657959 
7.64957332611084 
5.232644557952881 
5.482919692993164 
6.103765487670898 
5.53299617767334 
9.09622859954834 
6.997384071350098 
6.582338333129883 
6.8408308029174805 
6.63360071182251 
5.696218490600586 
5.463625907897949 
5.106642246246338 
6.312282562255859 
7.043850421905518 
6.253039836883545 
6.583062171936035 
5.844255447387695 
6.229543209075928 
7.493852615356445 
7.1847734451293945 
8.034125328063965 
6.3447346687316895 
4.908923149108887 
7.714678764343262 
8.372611045837402 
5.632048606872559 
5.856517791748047 
5.641911506652832 
6.262821674346924 
6.5656208992004395 
5.354735851287842 
5.257507801055908 
9.351484298706055 
6.983922004699707 
7.351324081420898 
5.029150485992432 
5.917975425720215 
6.193777084350586 
6.793204307556152 
5.363784313201904 
6.494777679443359 
5.142250061035156 
5.773908615112305 
5.973943710327148 
7.074280261993408 
7.160839080810547 
6.0438432693481445 
6.180716514587402 
6.351065635681152 
5.629771709442139 
5.822551727294922 
7.992111682891846 
5.9745564460754395 
6.85910177230835 
6.711767673492432 
8.721282005310059 
5.865218162536621 
8.8237886428833 
6.499532699584961 
7.161271095275879 
5.315393924713135 
6.413481712341309 
5.609118938446045 
5.805152893066406 
5.758821487426758 
5.828359127044678 
6.224258899688721 
5.333846092224121 
6.7856903076171875 
7.817300319671631 
5.821398735046387 
6.019919395446777 
5.368516445159912 
6.606072425842285 
5.92812967300415 
5.509671211242676 
5.934558868408203 
5.682241916656494 
5.889116287231445 
6.554974555969238 
6.2081298828125 
5.309384346008301 
9.405094146728516 
6.194853782653809 
7.393043518066406 
7.599306106567383 
6.05755090713501 
7.675591468811035 
7.3521623611450195 
7.116214752197266 
6.019166469573975 
9.462214469909668 
6.181890487670898 
5.676711082458496 
7.664924144744873 
6.667847633361816 
7.536872863769531 
6.9058942794799805 
6.4603424072265625 
6.026417255401611 
7.889452934265137 
7.9175896644592285 
8.202144622802734 
9.54798698425293 
5.893190383911133 
6.049709320068359 
6.192098140716553 
6.126219749450684 
6.909818649291992 
6.949516296386719 
6.169581413269043 
6.292720794677734 
7.211852073669434 
6.124032020568848 
6.173824310302734 
6.489925861358643 
6.955310821533203 
6.196468353271484 
7.646891117095947 
5.168038845062256 
6.169674873352051 
7.042692184448242 
6.657534122467041 
6.778028964996338 
7.351193428039551 
6.499058723449707 
5.326677322387695 
7.2871599197387695 
5.189112186431885 
6.343341827392578 
7.678710460662842 
5.73940896987915 
5.607851028442383 
6.916940689086914 
9.280838012695312 
6.537249565124512 
6.546740531921387 
6.049536228179932 
4.9316606521606445 
8.355298042297363 
7.136338233947754 
6.598479747772217 
6.30598258972168 
6.11623477935791 
5.420795917510986 
7.186797142028809 
5.362975120544434 
5.420567512512207 
8.692110061645508 
6.294846534729004 
7.4759416580200195 
4.938162803649902 
6.26046895980835 
6.99152946472168 
5.239163398742676 
6.078425407409668 
5.422454833984375 
4.899354934692383 
6.379344463348389 
8.663296699523926 
7.478265762329102 
5.604310989379883 
5.089110374450684 
6.658477783203125 
7.023327827453613 
5.779346466064453 
7.196235656738281 
5.283797264099121 
5.427924633026123 
6.317373275756836 
5.06403112411499 
6.126168251037598 
6.386776447296143 
5.7966461181640625 
6.093786239624023 
7.192240238189697 
5.6710052490234375 
5.37791109085083 
6.11541223526001 
8.753985404968262 
6.9496917724609375 
4.957915782928467 
8.074234008789062 
5.64692497253418 
6.619976043701172 
7.599165916442871 
6.919342994689941 
8.120928764343262 
7.415299415588379 
9.488539695739746 
5.569926738739014 
5.7583417892456055 
6.572518825531006 
9.731877326965332 
6.3424787521362305 
4.825384140014648 
5.880707740783691 
5.976535320281982 
7.711329460144043 
6.843690872192383 
9.89999771118164 
7.561464786529541 
6.034557342529297 
7.801246166229248 
6.011549472808838 
5.679073333740234 
5.621891975402832 
5.129629135131836 
6.203107833862305 
5.867146015167236 
6.0180487632751465 
7.776443958282471 
6.983994483947754 
7.150036811828613 
6.166845321655273 
6.849659442901611 
5.789768218994141 
5.656074523925781 
6.877376556396484 
7.888016700744629 
5.973088264465332 
6.5846381187438965 
8.901982307434082 
6.060344696044922 
7.5889058113098145 
6.537378311157227 
7.83740234375 
5.8788251876831055 
6.606912612915039 
6.608312606811523 
9.89061450958252 
6.921578407287598 
8.292993545532227 
5.604581356048584 
7.162541389465332 
4.995998382568359 
6.423073768615723 
6.966488838195801 
4.926222801208496 
8.057255744934082 
5.422396659851074 
5.440308094024658 
7.875776290893555 
6.124258041381836 
7.43702507019043 
7.167380332946777 
5.885255336761475 
7.72963809967041 
7.310328960418701 
8.40772819519043 
6.655406475067139 
5.949099540710449 
6.419854164123535 
5.667369842529297 
8.458282470703125 
8.347355842590332 
7.007306098937988 
7.963080406188965 
5.6804890632629395 
7.958743572235107 
7.671148300170898 
5.330135345458984 
8.081365585327148 
5.729250907897949 
6.692959785461426 
6.054998397827148 
5.704974174499512 
7.51908016204834 
6.449312686920166 
5.851926803588867 
7.029995441436768 
5.453387260437012 
6.4541168212890625 
9.30847454071045 
6.4439592361450195 
5.34571647644043 
5.554637432098389 
6.7705793380737305 
6.093653678894043 
4.875226974487305 
7.528715133666992 
5.038236618041992 
6.600661277770996 
8.998860359191895 
6.678482532501221 
5.867034912109375 
6.698799133300781 
8.054102897644043 
6.167123794555664 
7.836589813232422 
8.677411079406738 
5.281781196594238 
8.726500511169434 
4.507131099700928 
5.759047508239746 
7.113414764404297 
4.990692138671875 
7.507839202880859 
6.684020519256592 
8.239299774169922 
5.252532958984375 
5.094926357269287 
6.269542694091797 
8.171557426452637 
5.167252540588379 
4.645809173583984 
5.9890522956848145 
5.249424934387207 
6.6825056076049805 
7.0432448387146 
6.513411521911621 
6.498081207275391 
5.585603713989258 
5.954648971557617 
7.321105003356934 
7.904994964599609 
9.0725736618042 
7.013636112213135 
6.59652042388916 
6.778997421264648 
5.939210891723633 
5.926401615142822 
7.24530029296875 
5.506065845489502 
6.263359069824219 
7.714176177978516 
5.227646827697754 
7.436502456665039 
6.531655788421631 
6.325132846832275 
5.871745586395264 
5.984498023986816 
6.226496696472168 
8.567597389221191 
6.759008407592773 
6.965090751647949 
8.776091575622559 
5.88107442855835 
7.479790210723877 
4.963902473449707 
5.692037105560303 
6.090734481811523 
5.990741729736328 
8.83911418914795 
6.152897834777832 
5.146678924560547 
6.538347244262695 
7.011000633239746 
5.167021751403809 
5.653068542480469 
8.742501258850098 
7.720184803009033 
6.627076625823975 
6.447391510009766 
8.941119194030762 
5.041928768157959 
6.185492992401123 
6.3824076652526855 
6.820514678955078 
5.640231132507324 
5.666975975036621 
6.004593849182129 
7.807241916656494 
5.255913257598877 
5.978330135345459 
6.096418380737305 
7.236387252807617 
5.272709846496582 
6.608527183532715 
6.760354995727539 
5.53606653213501 
11.637639045715332 
5.8396782875061035 
5.672391891479492 
6.124897003173828 
8.56336498260498 
6.540332794189453 
7.172110080718994 
5.958311080932617 
5.065959453582764 
8.221894264221191 
6.675408840179443 
7.517273902893066 
6.0696563720703125 
6.139354705810547 
5.606738090515137 
6.136092662811279 
8.690349578857422 
6.159792423248291 
5.757833480834961 
6.388848304748535 
6.546910285949707 
6.428984642028809 
5.138623237609863 
6.142903804779053 
6.316073417663574 
6.477075099945068 
6.087180137634277 
7.477771759033203 
6.719581604003906 
8.04952621459961 
5.597228050231934 
5.965585708618164 
6.160911560058594 
5.302817344665527 
7.182374477386475 
7.22900915145874 
5.286205768585205 
8.473773002624512 
6.43272066116333 
5.923425674438477 
7.265597343444824 
7.314765453338623 
4.95737886428833 
5.868614196777344 
5.3119306564331055 
5.751813888549805 
5.465460777282715 
8.226481437683105 
7.744237899780273 
5.542176246643066 
8.091689109802246 
5.944431304931641 
4.9768476486206055 
5.392393589019775 
5.462378978729248 
7.2363786697387695 
6.013063907623291 
5.758378982543945 
9.286225318908691 
8.033614158630371 
6.8733015060424805 
7.441028118133545 
6.215175628662109 
7.515926361083984 
6.243918418884277 
8.498300552368164 
6.089613914489746 
6.612318992614746 
5.646590709686279 
5.701576232910156 
9.172123908996582 
6.143339157104492 
7.754201889038086 
9.8909330368042 
7.876953125 
6.3552961349487305 
6.98564338684082 
8.762236595153809 
8.55578327178955 
5.974672317504883 
6.294491767883301 
6.664661884307861 
7.2984724044799805 
5.876681327819824 
5.853458404541016 
7.155961990356445 
9.707465171813965 
7.541939735412598 
6.983335494995117 
7.174778461456299 
7.326719284057617 
6.030641078948975 
6.49569034576416 
7.143111228942871 
7.749373435974121 
6.756041049957275 
7.59803581237793 
5.826784133911133 
6.629417419433594 
6.366128444671631 
7.047831058502197 
5.755673408508301 
6.091302871704102 
6.0214924812316895 
5.651650428771973 
7.906416416168213 
7.4355950355529785 
5.504331588745117 
8.94979476928711 
5.954394340515137 
7.056829452514648 
8.401776313781738 
6.583642959594727 
8.928215980529785 
5.997902870178223 
4.827659606933594 
7.051641941070557 
5.8529582023620605 
7.4809675216674805 
6.804792881011963 
6.238134384155273 
5.887306213378906 
6.604098796844482 
8.931458473205566 
6.960994720458984 
8.16917610168457 
6.280454635620117 
8.531289100646973 
5.802199363708496 
6.16434383392334 
7.5531005859375 
8.1890287399292 
5.466452598571777 
8.794474601745605 
8.036312103271484 
7.476410865783691 
4.7661027908325195 
6.367809295654297 
7.202115058898926 
6.145053863525391 
6.974211692810059 
10.386855125427246 
5.33324670791626 
6.911028861999512 
7.287716865539551 
7.68449592590332 
10.834918975830078 
7.242383003234863 
6.501797676086426 
6.3029279708862305 
5.993535041809082 
5.246229648590088 
7.044625282287598 
8.480868339538574 
5.758561134338379 
5.115148544311523 
6.358193397521973 
7.155550956726074 
5.551314353942871 
6.307982444763184 
5.920769691467285 
6.057701110839844 
7.358966827392578 
6.179315090179443 
8.9922513961792 
5.251357078552246 
8.8726167678833 
7.66661262512207 
7.756301403045654 
7.621384620666504 
5.121465682983398 
5.994665622711182 
8.35294246673584 
5.478521347045898 
7.982357501983643 
5.487423896789551 
6.015861988067627 
5.696033477783203 
7.041810989379883 
5.894501209259033 
5.3935546875 
5.396255016326904 
5.981761932373047 
6.702920913696289 
6.263452529907227 
4.923937797546387 
5.418443202972412 
6.01992130279541 
7.3310441970825195 
5.337061882019043 
9.71464729309082 
5.891763210296631 
6.122591495513916 
6.288005828857422 
5.964208602905273 
8.371481895446777 
6.243803024291992 
5.363794803619385 
6.532980442047119 
5.957174301147461 
6.569374084472656 
8.477814674377441 
7.780076503753662 
8.699156761169434 
7.350885391235352 
6.687111854553223 
6.684451103210449 
6.549346923828125 
6.822150230407715 
5.791155815124512 
5.712831497192383 
5.851836204528809 
7.742825031280518 
7.12190055847168 
6.275341510772705 
6.881881237030029 
7.33638334274292 
5.584442138671875 
5.635505199432373 
6.342833518981934 
5.688131809234619 
7.248798847198486 
7.752056121826172 
6.718677043914795 
6.267040252685547 
6.188342094421387 
7.120716094970703 
7.958784103393555 
6.161722183227539 
7.138016223907471 
5.8711700439453125 
7.420754432678223 
6.853357315063477 
5.517876148223877 
5.406216621398926 
6.517505645751953 
8.021074295043945 
5.6573262214660645 
7.268039226531982 
6.850966453552246 
7.249935626983643 
10.26114559173584 
5.788156509399414 
5.345217704772949 
6.543956756591797 
6.447294235229492 
4.881507873535156 
6.5952253341674805 
6.228592395782471 
6.824329853057861 
5.340270042419434 
5.271065711975098 
8.232316017150879 
6.522618770599365 
5.725652694702148 
5.475520610809326 
6.133331775665283 
6.516506195068359 
7.742131233215332 
7.707465171813965 
5.985073089599609 
5.096740245819092 
6.488379955291748 
5.8500800132751465 
7.461971282958984 
7.54449462890625 
7.44072151184082 
7.774510383605957 
5.933096885681152 
6.684881210327148 
5.990678787231445 
7.62454891204834 
5.824497222900391 
5.784560203552246 
4.800950050354004 
7.79765510559082 
7.401271343231201 
7.373020648956299 
6.441828727722168 
8.093602180480957 
9.93348503112793 
7.54295539855957 
8.366665840148926 
6.458023548126221 
6.826883316040039 
5.439647197723389 
8.97240161895752 
6.640376091003418 
6.177936553955078 
6.8491010665893555 
8.123454093933105 
6.415205001831055 
5.084561347961426 
5.93749475479126 
4.8737897872924805 
5.384097099304199 
7.209774017333984 
9.166471481323242 
5.253358364105225 
5.8298821449279785 
6.045461177825928 
7.169201850891113 
8.219258308410645 
6.270644664764404 
7.915929794311523 
6.7818803787231445 
5.842371940612793 
5.682969093322754 
7.259966850280762 
6.100944995880127 
5.237997055053711 
5.379494667053223 
5.792571544647217 
6.452756881713867 
8.236556053161621 
5.673009872436523 
6.476711273193359 
7.15817928314209 
6.298208236694336 
7.9007978439331055 
9.96488094329834 
6.398257255554199 
5.137026309967041 
6.3064799308776855 
5.7002716064453125 
6.975283622741699 
5.409307479858398 
5.520597457885742 
5.051048278808594 
7.095625877380371 
5.4210710525512695 
5.096392631530762 
4.918668746948242 
4.9687604904174805 
6.581376075744629 
7.717380523681641 
5.488136291503906 
10.543700218200684 
7.156097888946533 
8.532166481018066 
5.885693550109863 
7.626949310302734 
5.928051471710205 
6.946409225463867 
6.56986141204834 
4.908585548400879 
6.450462341308594 
6.867278099060059 
5.357612609863281 
5.107250690460205 
6.028267860412598 
5.856755256652832 
6.976189613342285 
6.756526470184326 
8.052675247192383 
7.321650981903076 
7.642188549041748 
7.161890029907227 
7.278993606567383 
6.455948829650879 
6.485883712768555 
5.29693078994751 
7.865715980529785 
5.9344801902771 
7.395690441131592 
5.717250823974609 
6.031902313232422 
6.464767932891846 
6.324037551879883 
4.94546365737915 
6.021523475646973 
7.0550031661987305 
5.273362636566162 
5.559291362762451 
6.718841552734375 
6.171998500823975 
5.33579158782959 
6.060102939605713 
6.457035064697266 
5.4532647132873535 
7.365521430969238 
9.219120979309082 
5.670973300933838 
4.700802803039551 
9.514094352722168 
6.209491729736328 
5.613444805145264 
6.144955158233643 
6.349949836730957 
6.1543192863464355 
5.916125297546387 
4.940853118896484 
7.006081581115723 
5.251575469970703 
5.486990451812744 
4.974273681640625 
5.815385341644287 
7.418596267700195 
6.9550065994262695 
5.548095703125 
6.868318557739258 
9.106143951416016 
5.583373069763184 
6.570061683654785 
6.557171821594238 
5.128996849060059 
7.59041690826416 
5.523910045623779 
7.968884468078613 
5.928481101989746 
5.6976399421691895 
5.91316032409668 
6.33131217956543 
5.768120765686035 
8.455187797546387 
6.548064231872559 
8.576221466064453 
8.185551643371582 
5.936578750610352 
5.790464401245117 
7.25878381729126 
6.695887565612793 
7.648013114929199 
5.79405403137207 
5.3828935623168945 
6.774219036102295 
6.034730434417725 
11.046540260314941 
5.488894462585449 
7.049282073974609 
5.639047145843506 
5.58409309387207 
8.196771621704102 
5.305348873138428 
5.319034576416016 
5.318293571472168 
8.406295776367188 
9.118062019348145 
7.858742713928223 
5.191865921020508 
6.45449686050415 
7.094001293182373 
6.220191478729248 
6.020851135253906 
5.074615955352783 
6.312318801879883 
9.242843627929688 
4.87934684753418 
5.592639446258545 
5.860649108886719 
6.219825744628906 
6.457559108734131 
8.171302795410156 
6.481311798095703 
5.952527046203613 
6.1280622482299805 
5.739154815673828 
5.68107271194458 
5.142960548400879 
6.477684497833252 
7.28971004486084 
6.750641822814941 
6.771819114685059 
5.882070064544678 
5.216265678405762 
7.162602424621582 
5.374797344207764 
6.994985580444336 
4.867021083831787 
5.8084893226623535 
7.597504615783691 
8.094529151916504 
8.590133666992188 
7.064103126525879 
5.300407409667969 
5.621467590332031 
7.045990943908691 
5.937845230102539 
8.48825740814209 
7.602800369262695 
6.965724945068359 
8.161282539367676 
5.556089401245117 
4.884034156799316 
7.054454326629639 
9.438515663146973 
7.510165214538574 
6.0719709396362305 
10.294622421264648 
5.563711166381836 
6.719438076019287 
5.89525032043457 
6.711735248565674 
5.535177230834961 
5.8379621505737305 
7.126748085021973 
5.854864597320557 
6.342714309692383 
7.2422051429748535 
5.149082183837891 
6.754145622253418 
5.557338714599609 
8.485279083251953 
5.798121929168701 
5.839010238647461 
5.493903636932373 
7.384574890136719 
5.164515972137451 
5.936565399169922 
6.016460418701172 
5.3582611083984375 
7.2874884605407715 
7.093225479125977 
6.237658500671387 
6.3455352783203125 
6.753920078277588 
8.148643493652344 
7.744967460632324 
8.26706600189209 
7.740839958190918 
6.004583835601807 
5.980461120605469 
6.1682329177856445 
8.16240406036377 
5.795865535736084 
5.459985733032227 
5.180096626281738 
8.661273002624512 
6.014291763305664 
6.184491157531738 
6.437540054321289 
9.047100067138672 
6.20914888381958 
6.909266948699951 
5.729050159454346 
9.196545600891113 
4.8480048179626465 
7.0626983642578125 
7.155211925506592 
7.668569564819336 
8.276896476745605 
5.695001125335693 
5.10006856918335 
5.768698692321777 
6.708498954772949 
5.344399452209473 
6.204464435577393 
6.568647384643555 
6.630327224731445 
6.13830041885376 
5.819108486175537 
6.994082927703857 
5.607796669006348 
6.269280910491943 
6.826190948486328 
5.604832649230957 
8.002401351928711 
5.810751914978027 
5.961155414581299 
6.636469841003418 
8.080694198608398 
6.0129828453063965 
5.222555160522461 
7.462047100067139 
5.769651412963867 
5.501870155334473 
4.5291242599487305 
5.79498291015625 
6.863036155700684 
9.052186012268066 
5.710925579071045 
5.513373374938965 
8.902453422546387 
6.039732456207275 
7.316654205322266 
5.900639533996582 
5.496299743652344 
7.411125183105469 
6.072510719299316 
6.584053993225098 
8.034384727478027 
6.201023101806641 
5.665609359741211 
6.276552200317383 
6.121736526489258 
5.3355393409729 
6.776267051696777 
6.301609992980957 
6.344837188720703 
7.722813606262207 
6.068090438842773 
6.428891181945801 
5.44564962387085 
6.816781997680664 
8.223028182983398 
8.397313117980957 
6.957911491394043 
5.816859245300293 
8.371950149536133 
5.439335823059082 
5.224039077758789 
6.730399131774902 
5.849324703216553 
8.464118003845215 
6.014301300048828 
7.708476543426514 
8.770089149475098 
5.528621673583984 
7.1072163581848145 
8.00398063659668 
10.284499168395996 
7.802215576171875 
6.058165073394775 
7.365915298461914 
5.8688578605651855 
4.725641250610352 
8.766423225402832 
6.607877731323242 
6.977230072021484 
7.8624372482299805 
6.307169437408447 
5.995333194732666 
6.5440874099731445 
5.898351669311523 
6.869030952453613 
7.210872173309326 
6.223555564880371 
6.415192604064941 
6.474140644073486 
8.891121864318848 
5.345654487609863 
8.273409843444824 
8.383341789245605 
7.413722515106201 
7.159646034240723 
7.49469518661499 
5.555756568908691 
6.346408367156982 
5.6505584716796875 
6.5811357498168945 
7.097460746765137 
6.830676078796387 
8.11702823638916 
7.026756286621094 
6.105844497680664 
8.237191200256348 
6.7414045333862305 
5.466944694519043 
6.966556549072266 
5.968294620513916 
6.135128498077393 
5.085814952850342 
5.461928367614746 
7.4484052658081055 
6.514032363891602 
5.242966651916504 
7.228187084197998 
6.464406967163086 
9.908557891845703 
6.204575538635254 
6.248898506164551 
6.613185405731201 
5.938420295715332 
5.050900459289551 
5.878983020782471 
6.636646747589111 
6.593398094177246 
6.142324924468994 
6.269216537475586 
7.663844108581543 
9.10549545288086 
5.642978191375732 
5.211799621582031 
6.041988372802734 
7.102762222290039 
6.231254577636719 
5.994060516357422 
7.9193220138549805 
5.554701805114746 
8.233262062072754 
4.931275367736816 
6.84228515625 
8.26815414428711 
7.353716850280762 
6.0844035148620605 
6.4927568435668945 
5.498548984527588 
6.53225564956665 
5.688995838165283 
5.7838544845581055 
4.891106128692627 
5.725172996520996 
7.367629051208496 
7.566609859466553 
5.19887638092041 
6.675562381744385 
5.721403121948242 
5.278980255126953 
5.85505485534668 
5.514085292816162 
6.078762054443359 
6.729422569274902 
7.655301570892334 
8.028491020202637 
6.104838848114014 
5.780670642852783 
5.774738311767578 
6.150329113006592 
8.133320808410645 
6.82377815246582 
6.069077014923096 
5.426891326904297 
6.516386032104492 
5.997840881347656 
5.279627799987793 
6.602185249328613 
5.3458147048950195 
6.589990139007568 
6.991071701049805 
6.048626899719238 
4.769221305847168 
6.52569580078125 
7.342077732086182 
6.515597820281982 
6.344854354858398 
5.57671594619751 
5.691545009613037 
5.442892551422119 
8.501103401184082 
6.287415981292725 
5.946381568908691 
6.929106712341309 
4.660533905029297 
7.2304840087890625 
7.34865665435791 
6.18772029876709 
8.1702880859375 
5.096157550811768 
6.065907955169678 
6.530566215515137 
5.580753326416016 
5.333824157714844 
5.8678975105285645 
6.618934154510498 
5.250636100769043 
6.239520072937012 
6.53034782409668 
5.95051383972168 
5.976506233215332 
6.065320014953613 
7.692261695861816 
5.486544609069824 
5.996189117431641 
5.899467945098877 
6.263040065765381 
7.041651725769043 
7.924936771392822 
6.30621337890625 
6.225708484649658 
6.942874431610107 
6.617819786071777 
10.027132987976074 
5.956664085388184 
5.009185791015625 
6.481298446655273 
8.438321113586426 
6.474645137786865 
6.16899299621582 
7.454408645629883 
7.287163257598877 
6.811829090118408 
7.104990005493164 
6.546082019805908 
7.213680744171143 
6.411385536193848 
6.733349800109863 
5.654764175415039 
6.2357587814331055 
7.466190338134766 
8.597942352294922 
6.099942207336426 
8.412430763244629 
7.662562370300293 
6.208775043487549 
8.461885452270508 
5.77817440032959 
6.8110032081604 
6.920843124389648 
7.697909832000732 
5.133959770202637 
6.483007431030273 
7.11043643951416 
5.505268573760986 
5.667120933532715 
6.8314080238342285 
5.995346546173096 
6.901638031005859 
6.743758201599121 
5.599639892578125 
5.756312847137451 
10.757722854614258 
5.670093536376953 
6.396000862121582 
6.525398254394531 
7.456326484680176 
6.633353233337402 
6.5712785720825195 
7.708118438720703 
5.118686676025391 
6.544802665710449 
5.74889612197876 
5.72578763961792 
6.113719940185547 
6.344991683959961 
5.548358917236328 
7.509747505187988 
6.425462245941162 
5.675539970397949 
6.432767868041992 
5.396291732788086 
7.120461940765381 
7.174166679382324 
6.552330017089844 
5.692899227142334 
6.110842704772949 
6.11724328994751 
7.360289096832275 
4.820822715759277 
5.345520973205566 
7.996007919311523 
7.201321601867676 
5.545620918273926 
5.580677509307861 
7.208780288696289 
6.10159969329834 
6.309365272521973 
5.8606414794921875 
5.288818359375 
7.019563674926758 
6.4715681076049805 
6.455749034881592 
6.34819221496582 
6.599186897277832 
6.514678001403809 
8.10433292388916 
9.8563871383667 
6.942410945892334 
6.800050735473633 
5.516260147094727 
7.3096160888671875 
6.115157604217529 
6.2528276443481445 
7.473886489868164 
4.83835506439209 
5.648660659790039 
5.771117210388184 
6.321788787841797 
6.425205230712891 
6.162569046020508 
5.54924201965332 
9.659302711486816 
8.289254188537598 
4.3822922706604 
7.321744918823242 
6.902743339538574 
6.234687328338623 
5.970345497131348 
5.17453670501709 
6.268180847167969 
5.631501197814941 
6.696868896484375 
6.1014628410339355 
6.170538902282715 
7.38804817199707 
7.854832649230957 
8.753798484802246 
6.4981842041015625 
5.846067428588867 
7.065544128417969 
7.851325035095215 
5.753917217254639 
6.370301246643066 
8.470324516296387 
6.081823825836182 
5.764721870422363 
4.823227882385254 
7.800889015197754 
7.985193729400635 
5.341891765594482 
5.840890407562256 
6.12828254699707 
7.786255836486816 
6.423640251159668 
6.421940803527832 
5.546525001525879 
7.206131935119629 
4.933736324310303 
5.843825340270996 
5.84376335144043 
6.2796173095703125 
5.40728235244751 
6.905801773071289 
5.186131477355957 
6.165859222412109 
5.292071342468262 
6.1801958084106445 
5.745478630065918 
6.010321617126465 
8.971943855285645 
6.084634304046631 
6.051437854766846 
5.360776901245117 
5.54928731918335 
7.725356101989746 
6.695179462432861 
6.417881488800049 
7.4487199783325195 
9.015593528747559 
5.375272750854492 
5.781634330749512 
6.545119285583496 
5.7198357582092285 
5.703524589538574 
5.708457946777344 
8.184881210327148 
5.9022722244262695 
5.988981246948242 
6.571459770202637 
6.517367362976074 
5.1748456954956055 
5.811260223388672 
7.993058204650879 
6.793951034545898 
4.828449249267578 
6.357765197753906 
7.298875331878662 
7.611466407775879 
7.900336265563965 
5.473206520080566 
9.806159973144531 
6.329108238220215 
5.137673377990723 
5.674454689025879 
7.0853800773620605 
6.649601459503174 
7.879232406616211 
4.864599227905273 
5.754528999328613 
6.14697265625 
4.670654773712158 
7.131461143493652 
9.338912963867188 
6.841228008270264 
8.122196197509766 
4.978140354156494 
6.184073448181152 
5.3373122215271 
5.633584976196289 
6.679727554321289 
5.80130672454834 
8.398566246032715 
8.437047004699707 
7.013980865478516 
7.230039596557617 
6.133389472961426 
5.8609819412231445 
7.257211685180664 
5.700751304626465 
6.443317413330078 
6.0083770751953125 
6.471280574798584 
4.957927703857422 
6.451084136962891 
5.191336631774902 
6.224200248718262 
5.448184013366699 
8.014969825744629 
4.536124229431152 
6.7009596824646 
7.099619388580322 
7.268519401550293 
5.67746639251709 
5.7668070793151855 
6.4104905128479 
5.330605506896973 
6.343657493591309 
6.04198694229126 
5.849365234375 
9.208775520324707 
6.437498092651367 
8.721541404724121 
6.508322238922119 
7.795910835266113 
8.904531478881836 
6.732599258422852 
6.054481506347656 
6.16062068939209 
7.274860382080078 
6.264052391052246 
5.333739280700684 
6.757948398590088 
6.662428379058838 
5.927586078643799 
5.958588600158691 
6.854368209838867 
6.106990814208984 
7.247886657714844 
5.898703098297119 
8.492753982543945 
4.880718231201172 
5.815793037414551 
8.57162094116211 
6.949100494384766 
5.499475955963135 
5.5334086418151855 
9.413704872131348 
6.4756879806518555 
5.603662490844727 
5.978211402893066 
6.450104236602783 
7.851025104522705 
4.958508014678955 
6.38399600982666 
5.889930248260498 
9.002789497375488 
5.553170204162598 
6.617221832275391 
6.635723114013672 
5.06342887878418 
5.321459770202637 
6.386560916900635 
6.605854511260986 
5.429013729095459 
8.012594223022461 
5.8761796951293945 
5.3966474533081055 
5.853644847869873 
5.6963419914245605 
6.260806083679199 
5.17450475692749 
6.429207801818848 
9.120759010314941 
7.4564409255981445 
7.210697174072266 
7.152061939239502 
5.413139343261719 
6.08552360534668 
5.487338542938232 
9.762296676635742 
5.441775321960449 
7.623396873474121 
7.260843276977539 
6.0262298583984375 
5.7554240226745605 
6.392891883850098 
6.128716468811035 
6.2010087966918945 
5.730043411254883 
7.887826442718506 
6.13049840927124 
6.523235321044922 
6.426705837249756 
5.972745418548584 
7.2633442878723145 
6.364322662353516 
6.80803108215332 
6.386833667755127 
6.360455513000488 
5.2092485427856445 
8.262738227844238 
8.585539817810059 
7.223899841308594 
6.405686378479004 
4.647172451019287 
7.9691162109375 
6.422998428344727 
6.178945541381836 
7.050901412963867 
5.133639812469482 
6.017857551574707 
6.3751983642578125 
6.1269378662109375 
5.76418399810791 
6.582969665527344 
5.4418559074401855 
7.529334545135498 
6.5628156661987305 
6.6752471923828125 
6.395171642303467 
6.222167491912842 
5.6246018409729 
6.293520450592041 
9.114312171936035 
5.900821685791016 
7.514434814453125 
6.374869346618652 
6.55051851272583 
6.504169464111328 
6.715826988220215 
7.398447513580322 
5.5012054443359375 
6.527523040771484 
5.978170394897461 
7.009443283081055 
6.387764930725098 
5.372596740722656 
6.575349807739258 
6.397870063781738 
8.219157218933105 
7.518521308898926 
6.270754814147949 
7.495216369628906 
5.448565483093262 
5.870205879211426 
5.022500514984131 
5.839339256286621 
6.232986927032471 
7.569022178649902 
6.089278221130371 
7.555608749389648 
5.851276397705078 
8.9236478805542 
6.686928749084473 
6.589866638183594 
8.3448486328125 
5.6796088218688965 
6.91854190826416 
6.941902160644531 
6.362818717956543 
5.725711822509766 
6.371894836425781 
5.880889892578125 
7.078227996826172 
6.888182640075684 
7.437954902648926 
6.055088043212891 
7.564053535461426 
5.2186970710754395 
5.006208419799805 
7.230976104736328 
6.5748395919799805 
5.778792381286621 
5.908275127410889 
5.63480806350708 
5.85960578918457 
5.342107772827148 
5.990032196044922 
5.57796573638916 
5.967723846435547 
5.967461585998535 
5.32155179977417 
9.793252944946289 
5.610250473022461 
7.235543727874756 
6.403146743774414 
5.908380508422852 
4.888891220092773 
6.073363304138184 
4.6431884765625 
5.9961066246032715 
6.582006454467773 
6.556799411773682 
8.710710525512695 
6.040462970733643 
5.091237545013428 
6.414891242980957 
6.838788032531738 
7.316641330718994 
7.275036334991455 
5.601263523101807 
7.664002418518066 
5.613883972167969 
5.954697608947754 
7.348210334777832 
7.685560703277588 
7.951253414154053 
4.974223613739014 
4.977766036987305 
5.165437698364258 
8.164875030517578 
6.845449447631836 
5.826798439025879 
4.993505477905273 
9.91098690032959 
6.957914352416992 
6.287630558013916 
5.955443382263184 
6.770037651062012 
6.5345330238342285 
8.604349136352539 
5.912419319152832 
8.246359825134277 
6.776668548583984 
6.430566310882568 
5.991519927978516 
7.0786004066467285 
5.360907554626465 
6.904436111450195 
5.988944053649902 
8.534590721130371 
6.584628105163574 
7.185515403747559 
9.235251426696777 
8.521971702575684 
6.6717987060546875 
6.439403533935547 
5.380422592163086 
5.900974273681641 
5.910841941833496 
5.734405994415283 
7.341814994812012 
7.699827671051025 
7.115165710449219 
6.850261688232422 
5.5328369140625 
5.542667388916016 
6.556586742401123 
5.395514488220215 
5.960088729858398 
6.414241313934326 
5.255808353424072 
6.206821918487549 
5.2423810958862305 
6.411599159240723 
5.9256768226623535 
5.93241024017334 
5.723788261413574 
5.906905174255371 
5.8984270095825195 
6.62962532043457 
6.4761576652526855 
6.257787704467773 
5.747506141662598 
6.680479049682617 
6.034385681152344 
9.09913158416748 
7.7499284744262695 
8.129232406616211 
6.03167724609375 
6.385923385620117 
5.519086837768555 
5.428104877471924 
5.919046401977539 
6.644355297088623 
5.606074810028076 
6.175250053405762 
7.40096378326416 
6.800818920135498 
6.687216281890869 
8.269225120544434 
5.947915554046631 
6.785471439361572 
5.404829502105713 
4.6536102294921875 
6.21354866027832 
6.017385482788086 
7.7648115158081055 
5.96705436706543 
6.52109956741333 
7.617522239685059 
5.4004926681518555 
5.816228866577148 
6.193209171295166 
7.259159564971924 
5.5579071044921875 
5.756094455718994 
4.906155586242676 
7.770621299743652 
6.89714241027832 
5.847488880157471 
5.4546403884887695 
6.745486736297607 
5.084375858306885 
6.000790119171143 
7.68988561630249 
6.146997451782227 
4.9883832931518555 
6.36447811126709 
7.2689409255981445 
5.555088520050049 
6.644392013549805 
5.724421501159668 
6.699864387512207 
6.860762119293213 
6.89241886138916 
7.2261505126953125 
8.0233793258667 
7.583538055419922 
6.027247428894043 
5.957612037658691 
7.095151901245117 
7.764627933502197 
7.792778968811035 
7.941527366638184 
6.500247478485107 
4.493403434753418 
6.912223815917969 
6.467486381530762 
6.0929107666015625 
5.357582092285156 
5.499752998352051 
7.935707092285156 
6.767537593841553 
6.390311241149902 
9.02771282196045 
5.878788948059082 
6.874416351318359 
6.019819736480713 
6.422952175140381 
8.739968299865723 
6.753115653991699 
7.516574859619141 
6.547820568084717 
6.117218971252441 
6.825119972229004 
8.435856819152832 
7.490396499633789 
5.087235450744629 
8.48037052154541 
7.208778381347656 
6.094511985778809 
6.957790851593018 
6.397117614746094 
6.473540306091309 
6.908843994140625 
5.8358049392700195 
5.835219383239746 
6.277537822723389 
7.5689311027526855 
7.125787734985352 
6.131405353546143 
6.9135942459106445 
6.024562358856201 
7.793259620666504 
6.337564468383789 
5.879570960998535 
6.2056050300598145 
6.209957599639893 
6.976090431213379 
6.637327671051025 
5.482614994049072 
6.181050777435303 
6.882153511047363 
6.144845962524414 
5.171697616577148 
7.1085920333862305 
6.452313423156738 
7.125070571899414 
7.5381927490234375 
7.17721700668335 
6.317429542541504 
6.943709850311279 
5.9858245849609375 
6.972646236419678 
6.00486946105957 
8.578187942504883 
6.39288854598999 
6.1036152839660645 
7.572215557098389 
5.8109612464904785 
6.3044867515563965 
6.1980390548706055 
5.608925819396973 
5.6211700439453125 
6.79325008392334 
5.76377010345459 
6.385669708251953 
5.182269096374512 
5.826582908630371 
6.174429416656494 
5.636443138122559 
6.736363410949707 
8.34467601776123 
6.2433624267578125 
6.608118534088135 
6.3919453620910645 
4.725722312927246 
6.393908500671387 
5.627121925354004 
6.499007701873779 
6.832491397857666 
8.329468727111816 
6.658492565155029 
7.730864524841309 
5.6914167404174805 
9.39029312133789 
5.898398399353027 
6.311349868774414 
8.790413856506348 
5.040625095367432 
8.079167366027832 
6.308518886566162 
6.306154251098633 
5.52844762802124 
7.80470609664917 
6.75015926361084 
7.39133882522583 
6.0107011795043945 
5.686756134033203 
5.716631889343262 
5.856093406677246 
6.191603660583496 
5.706057548522949 
6.496798038482666 
5.2428483963012695 
5.182112693786621 
5.482074737548828 
5.6607985496521 
5.551218032836914 
4.816206455230713 
7.014376640319824 
6.224090099334717 
5.7528204917907715 
6.057240962982178 
5.58100700378418 
7.777303218841553 
6.951436996459961 
5.87175989151001 
4.75528621673584 
8.039214134216309 
4.63010311126709 
6.571652889251709 
6.451094627380371 
6.141890525817871 
7.307543754577637 
7.997706413269043 
6.680983543395996 
5.941396713256836 
6.15067195892334 
7.5350117683410645 
7.517590522766113 
7.301044464111328 
5.910455703735352 
9.460551261901855 
5.658995628356934 
6.751466274261475 
5.734472274780273 
7.851720333099365 
6.116771697998047 
6.678834915161133 
8.632822036743164 
6.809757232666016 
6.6990203857421875 
6.276500701904297 
5.513880729675293 
5.471415996551514 
6.547954559326172 
6.323753356933594 
6.081291198730469 
6.714763641357422 
7.040593147277832 
6.950830936431885 
7.791956901550293 
8.48530101776123 
5.821104049682617 
7.653947830200195 
8.046504020690918 
6.349751949310303 
6.327118396759033 
9.65548038482666 
6.035799980163574 
7.003366470336914 
6.356922149658203 
7.00457763671875 
7.009171009063721 
8.606637001037598 
6.315851211547852 
6.38228702545166 
5.71646785736084 
5.7167558670043945 
8.264586448669434 
8.438923835754395 
8.184266090393066 
8.008657455444336 
6.592565536499023 
5.601000785827637 
5.789753437042236 
7.083711624145508 
6.647065162658691 
6.970771789550781 
8.422834396362305 
5.292929172515869 
6.00644588470459 
4.450222969055176 
5.89585018157959 
7.673401832580566 
6.112500190734863 
4.998812675476074 
6.767671585083008 
6.387141227722168 
5.612403869628906 
8.244684219360352 
8.034361839294434 
9.020951271057129 
5.599856376647949 
5.828024864196777 
5.710689067840576 
5.914579391479492 
5.901473045349121 
6.080311298370361 
6.643257141113281 
5.865679740905762 
5.202164173126221 
4.802138805389404 
6.042531967163086 
6.833441734313965 
5.705721855163574 
7.878791809082031 
5.155734062194824 
7.140203952789307 
7.376799583435059 
6.91921329498291 
6.006978511810303 
6.506682395935059 
8.234681129455566 
5.816346168518066 
6.383230209350586 
6.340054988861084 
5.578492164611816 
8.201504707336426 
8.302750587463379 
6.237205982208252 
5.222292900085449 
8.61559009552002 
5.5579938888549805 
7.125602722167969 
6.436899662017822 
6.638546943664551 
5.953763008117676 
7.311476230621338 
6.318255424499512 
5.833531379699707 
5.711057186126709 
5.951857566833496 
5.907121181488037 
6.703658103942871 
6.25985050201416 
5.578038215637207 
5.681849479675293 
7.040207862854004 
6.30312442779541 
5.970422267913818 
5.937031269073486 
5.956785202026367 
6.322290897369385 
6.291602611541748 
9.641984939575195 
6.11196231842041 
7.7227983474731445 
7.285313129425049 
7.072740077972412 
6.830934524536133 
5.397594451904297 
8.021565437316895 
5.047483921051025 
5.383660316467285 
5.607550621032715 
7.950894355773926 
6.029760837554932 
7.072959899902344 
6.2568769454956055 
5.001003265380859 
6.0470380783081055 
7.749846935272217 
4.947627067565918 
6.466540336608887 
7.704710960388184 
6.422390460968018 
6.606166839599609 
5.817214488983154 
4.898460388183594 
6.8865180015563965 
6.183794975280762 
6.295299053192139 
6.631875038146973 
5.2088117599487305 
5.813166618347168 
5.461583137512207 
5.943053245544434 
6.214775562286377 
7.59282922744751 
4.858747482299805 
7.883379936218262 
8.686219215393066 
6.574453830718994 
8.502594947814941 
5.622633934020996 
5.567254066467285 
5.254464149475098 
4.6454758644104 
7.98496150970459 
7.588697910308838 
5.214349269866943 
5.966863632202148 
5.919663429260254 
6.000662803649902 
6.023528099060059 
5.137932777404785 
7.263188362121582 
4.614527702331543 
5.825901985168457 
5.856149196624756 
5.587247848510742 
7.096907615661621 
6.397932052612305 
6.560707092285156 
9.016495704650879 
4.614253997802734 
6.620172023773193 
6.9373931884765625 
6.080568313598633 
7.640618324279785 
6.105324745178223 
8.057196617126465 
7.137984275817871 
6.747242450714111 
6.898629665374756 
7.229221343994141 
6.916195869445801 
7.480464935302734 
4.721556663513184 
5.968133926391602 
5.723181247711182 
5.733802795410156 
4.413846015930176 
7.8994622230529785 
6.099574089050293 
6.072453022003174 
5.861512184143066 
6.078010559082031 
7.130009651184082 
5.072547912597656 
9.029984474182129 
8.753503799438477 
6.049485206604004 
6.283039569854736 
6.655422687530518 
7.3395514488220215 
6.666559219360352 
5.220341682434082 
7.461000442504883 
5.165638446807861 
4.890152931213379 
5.825745582580566 
6.770215034484863 
5.614408493041992 
6.564086437225342 
6.361871719360352 
7.835233688354492 
8.690106391906738 
10.130473136901855 
6.072727203369141 
7.808858871459961 
5.518185615539551 
9.138357162475586 
7.117972373962402 
5.282585620880127 
5.926374912261963 
6.76582145690918 
6.447872161865234 
6.541453838348389 
6.877997398376465 
7.435623645782471 
5.631936073303223 
6.582653999328613 
7.087870121002197 
7.404566764831543 
5.541411399841309 
6.514037132263184 
5.298733711242676 
7.530181884765625 
5.922024726867676 
5.1182661056518555 
6.861441612243652 
5.7282514572143555 
7.680603981018066 
9.000287055969238 
6.431574821472168 
6.080876350402832 
6.582301616668701 
5.587512493133545 
7.466567039489746 
5.727604866027832 
5.933692932128906 
7.720213413238525 
5.61775541305542 
5.954761981964111 
6.850200176239014 
6.582884788513184 
5.83680534362793 
5.913848400115967 
7.466287612915039 
6.148407459259033 
7.536618232727051 
5.388159275054932 
5.708713531494141 
6.501108646392822 
8.566737174987793 
6.200363636016846 
7.934667587280273 
5.054836273193359 
6.853366851806641 
6.924602508544922 
6.893448829650879 
5.5994391441345215 
5.743231773376465 
7.888359069824219 
4.87539529800415 
5.520254135131836 
6.125240325927734 
6.540863990783691 
5.0931596755981445 
5.472434043884277 
5.6098504066467285 
6.271839618682861 
7.788574695587158 
6.5850749015808105 
6.128264427185059 
9.939175605773926 
6.148581504821777 
7.529462814331055 
6.474275588989258 
5.878467559814453 
6.1946821212768555 
6.362833023071289 
5.450141906738281 
6.887287139892578 
6.074836730957031 
6.022826194763184 
6.2870659828186035 
6.837037086486816 
6.17993688583374 
6.6783576011657715 
8.145739555358887 
5.093766212463379 
4.910023212432861 
7.902331352233887 
7.067915916442871 
7.085024833679199 
4.998431205749512 
5.700209140777588 
8.769911766052246 
7.432445526123047 
6.055152416229248 
6.769002914428711 
6.218653202056885 
5.3949995040893555 
5.738379001617432 
6.208972454071045 
5.824934005737305 
5.775997638702393 
5.520442962646484 
5.826129913330078 
5.997772216796875 
5.483964920043945 
7.6320905685424805 
5.595236301422119 
8.407822608947754 
6.440064430236816 
5.075576305389404 
7.142455101013184 
8.581002235412598 
6.003062725067139 
6.0151567459106445 
6.2135748863220215 
5.085932731628418 
6.0298662185668945 
8.705339431762695 
5.237542152404785 
5.3023529052734375 
6.885213851928711 
7.586092472076416 
8.235138893127441 
5.817068576812744 
6.554290771484375 
8.0931396484375 
6.998461723327637 
7.406834125518799 
9.02388858795166 
6.519319534301758 
6.175405502319336 
6.439169883728027 
8.229838371276855 
6.507341384887695 
5.5345916748046875 
4.895140647888184 
5.224675178527832 
5.34764289855957 
6.0781354904174805 
6.207341194152832 
5.969264030456543 
6.158700942993164 
6.308661460876465 
6.508114814758301 
6.08934211730957 
6.857728958129883 
5.005020618438721 
6.5127763748168945 
5.408185005187988 
5.326965808868408 
5.092930793762207 
6.853238582611084 
5.615034580230713 
6.7844719886779785 
7.776980876922607 
5.1143341064453125 
5.535225868225098 
6.037257194519043 
10.037339210510254 
6.385948181152344 
5.138274192810059 
6.657538890838623 
5.244608402252197 
5.888214111328125 
7.7214202880859375 
5.185351371765137 
5.353142738342285 
6.734986305236816 
5.846273422241211 
8.125473022460938 
6.670027732849121 
9.184680938720703 
4.917977333068848 
5.974020004272461 
5.688675880432129 
9.36058521270752 
5.0702924728393555 
7.549266815185547 
6.71747350692749 
6.3221659660339355 
6.731545925140381 
5.273541450500488 
5.553309440612793 
6.905500411987305 
5.2359747886657715 
5.799802780151367 
8.384737968444824 
8.075887680053711 
6.4563374519348145 
5.58168888092041 
5.2065534591674805 
7.089343070983887 
7.309853553771973 
7.940153121948242 
5.462614059448242 
6.637268543243408 
5.662868022918701 
7.593005180358887 
5.2003278732299805 
4.851212024688721 
7.0754499435424805 
5.92437744140625 
6.277956962585449 
7.250565528869629 
5.324419975280762 
5.215193748474121 
5.583672523498535 
5.8423285484313965 
5.899899482727051 
5.285975456237793 
6.677217483520508 
5.739660739898682 
7.728818893432617 
7.434002876281738 
6.481507778167725 
5.701284408569336 
5.398154258728027 
6.2061004638671875 
6.054384231567383 
6.321601867675781 
5.805922508239746 
6.5972747802734375 
6.855221748352051 
7.328674793243408 
5.792356491088867 
5.6947503089904785 
4.893580436706543 
5.470654487609863 
5.154641151428223 
6.183602333068848 
5.861767292022705 
5.616569519042969 
7.286924362182617 
8.822844505310059 
8.767416954040527 
7.381287574768066 
6.347659111022949 
5.862053871154785 
4.755401611328125 
5.736196041107178 
4.964848518371582 
5.529853820800781 
6.334227085113525 
6.631970405578613 
7.011480331420898 
8.16629695892334 
6.214134216308594 
5.204695701599121 
5.345109939575195 
5.682323455810547 
6.596405982971191 
8.932726860046387 
5.71370792388916 
5.296042442321777 
8.350777626037598 
5.37119197845459 
6.356900215148926 
5.489356994628906 
8.073779106140137 
6.762368202209473 
6.6688127517700195 
6.470044136047363 
6.274365425109863 
5.769631862640381 
5.851818084716797 
6.302666187286377 
5.70501184463501 
5.958469390869141 
7.110300064086914 
6.602945327758789 
7.11567497253418 
4.860301494598389 
6.587160587310791 
7.459560871124268 
7.205322265625 
7.581776142120361 
6.562471389770508 
6.7347517013549805 
4.973776817321777 
5.210402965545654 
5.699738502502441 
5.581811428070068 
5.186673164367676 
7.123185157775879 
5.9541401863098145 
6.201318740844727 
5.893299102783203 
4.937330722808838 
6.008138179779053 
7.54399299621582 
6.091311454772949 
5.707430362701416 
8.991251945495605 
5.554783821105957 
7.437376499176025 
6.05364465713501 
8.69809627532959 
5.634555339813232 
5.876107215881348 
6.989537715911865 
5.006058216094971 
5.61663818359375 
7.155202388763428 
8.131335258483887 
7.152318477630615 
5.427283763885498 
5.452060699462891 
5.277411460876465 
5.822117805480957 
7.485435485839844 
7.3371052742004395 
8.825055122375488 
6.136829853057861 
6.175052642822266 
6.998621940612793 
6.63339900970459 
7.057074546813965 
6.681591987609863 
5.850089073181152 
7.605680465698242 
6.418647289276123 
6.2190117835998535 
7.76390266418457 
6.26871395111084 
5.356468677520752 
6.867342948913574 
4.926748275756836 
5.862320423126221 
6.169164657592773 
7.211483001708984 
8.771751403808594 
6.544735908508301 
5.604535102844238 
7.1363115310668945 
4.847978591918945 
5.359769821166992 
5.254878997802734 
7.397246837615967 
6.915429592132568 
8.666512489318848 
