4.94016695022583 
5.019881725311279 
4.882538318634033 
4.915948867797852 
4.816756725311279 
5.330262184143066 
7.432943820953369 
4.725608825683594 
5.385893821716309 
5.043797492980957 
5.386776447296143 
5.156376838684082 
7.460583209991455 
5.047248840332031 
5.026323318481445 
5.874473571777344 
5.468166828155518 
4.827297687530518 
5.028767108917236 
5.06713342666626 
5.008384704589844 
5.092890739440918 
4.903339862823486 
6.662874221801758 
5.291783332824707 
5.0998334884643555 
4.872441291809082 
4.643091201782227 
5.045809745788574 
5.145796298980713 
7.754683494567871 
6.822137832641602 
5.592006206512451 
4.917989253997803 
4.882001876831055 
4.835100173950195 
5.124194145202637 
4.99013614654541 
4.935230731964111 
4.8303542137146 
5.010983943939209 
5.135922908782959 
4.663691997528076 
4.770133972167969 
6.482607364654541 
5.018550872802734 
4.794538497924805 
5.342639446258545 
5.266623497009277 
6.262737274169922 
5.0731024742126465 
5.067669868469238 
5.046991348266602 
4.82761287689209 
5.234842777252197 
4.757686138153076 
4.6658124923706055 
7.429992198944092 
7.5022478103637695 
5.206142425537109 
4.764251708984375 
6.419121265411377 
4.829294204711914 
5.220441818237305 
5.812125205993652 
6.144308090209961 
7.3090667724609375 
5.4280524253845215 
6.132314205169678 
5.734415531158447 
4.930257797241211 
5.827331066131592 
5.218401908874512 
4.752659797668457 
4.904209136962891 
5.159890174865723 
5.429998397827148 
4.766653060913086 
4.896430969238281 
5.0328288078308105 
7.603330612182617 
4.872140884399414 
4.7664594650268555 
4.88127326965332 
4.684660911560059 
5.6688385009765625 
5.0023393630981445 
5.227497100830078 
4.882612705230713 
5.537370204925537 
5.185494422912598 
4.878600597381592 
5.249608039855957 
4.863557815551758 
6.629835605621338 
5.966989040374756 
5.297151565551758 
4.914051055908203 
5.091492652893066 
4.977333068847656 
4.874335289001465 
5.021008491516113 
5.032218933105469 
4.937665939331055 
5.154591083526611 
5.391534805297852 
4.931378364562988 
5.096158504486084 
4.9827423095703125 
5.029165267944336 
5.051570892333984 
4.872776031494141 
4.836997032165527 
5.664468765258789 
4.832937717437744 
5.505265712738037 
4.896328449249268 
7.992650032043457 
4.993277072906494 
5.918270587921143 
4.984633445739746 
5.064007759094238 
4.900489807128906 
7.028748989105225 
5.02915096282959 
5.238741397857666 
4.990199565887451 
4.946805953979492 
4.490793704986572 
4.725555896759033 
5.627344608306885 
4.983067512512207 
6.891085147857666 
4.85252571105957 
4.955085754394531 
4.868741035461426 
4.644696235656738 
7.3668413162231445 
4.956295490264893 
4.825583457946777 
8.233628273010254 
6.249869346618652 
6.050454616546631 
6.08466911315918 
4.9076762199401855 
5.174713134765625 
5.128475189208984 
5.590751647949219 
5.043861389160156 
5.596961498260498 
8.520856857299805 
4.893218994140625 
5.060678482055664 
4.917304039001465 
4.882892608642578 
5.104447364807129 
6.50724983215332 
5.037637233734131 
4.923973083496094 
5.719908714294434 
4.83121395111084 
5.025554656982422 
4.94579553604126 
5.448877334594727 
7.44551420211792 
5.6761369705200195 
5.525855541229248 
5.038213729858398 
5.860897064208984 
4.8886871337890625 
4.828975200653076 
5.316661834716797 
5.107367992401123 
4.902077674865723 
5.1526570320129395 
5.012918472290039 
5.0496015548706055 
4.723348617553711 
5.8517584800720215 
4.773143291473389 
4.973586082458496 
5.1377034187316895 
4.901623249053955 
6.849057197570801 
6.094865322113037 
7.916571140289307 
7.0101470947265625 
5.725808143615723 
5.391564846038818 
4.9316582679748535 
5.21081018447876 
4.753888130187988 
8.916948318481445 
5.400203227996826 
5.210786819458008 
4.971807956695557 
6.663580417633057 
5.274348258972168 
6.095308303833008 
4.586729049682617 
4.935035705566406 
5.064086437225342 
5.225675582885742 
6.082855224609375 
5.303623676300049 
4.888676643371582 
5.358748435974121 
5.2855329513549805 
4.9234113693237305 
5.266386985778809 
5.844226837158203 
5.987542629241943 
5.280733585357666 
5.963679790496826 
7.559254169464111 
5.79017448425293 
5.160758018493652 
4.926339149475098 
5.544150352478027 
5.610241889953613 
4.876071929931641 
5.719097137451172 
5.746644020080566 
5.129505634307861 
4.904975891113281 
5.4553446769714355 
5.860224723815918 
5.1143693923950195 
5.243481159210205 
4.860013961791992 
5.927905082702637 
5.029041767120361 
4.911009311676025 
7.80040168762207 
5.2634382247924805 
5.308001518249512 
4.860385894775391 
5.123678207397461 
5.08683967590332 
5.304815769195557 
5.022820949554443 
5.262153148651123 
5.180715084075928 
4.830626487731934 
4.881783962249756 
4.964626312255859 
5.395528793334961 
5.238324165344238 
5.825786590576172 
5.70409631729126 
4.914474010467529 
5.110238552093506 
4.952816009521484 
4.647759437561035 
4.8344035148620605 
5.135590553283691 
6.726943016052246 
4.743439197540283 
6.391937732696533 
6.434155464172363 
5.319257736206055 
5.52445125579834 
5.099123001098633 
4.851042747497559 
4.980885028839111 
4.858414173126221 
6.439770698547363 
5.188270568847656 
6.99482536315918 
5.604797840118408 
5.07303524017334 
5.009598731994629 
5.13068962097168 
5.721368789672852 
4.963045120239258 
4.623414993286133 
4.9235029220581055 
5.004202842712402 
5.206925392150879 
5.0012922286987305 
4.968036651611328 
5.20273494720459 
7.644929885864258 
4.803450584411621 
5.031026363372803 
4.740848541259766 
4.930507183074951 
5.015610694885254 
4.875254154205322 
5.026615619659424 
5.319365978240967 
5.7379841804504395 
5.3858795166015625 
8.353389739990234 
4.9718122482299805 
4.9013447761535645 
6.7602362632751465 
5.052886486053467 
4.996344089508057 
5.802326679229736 
4.768178939819336 
4.895373344421387 
5.404618740081787 
4.754380702972412 
4.865776062011719 
6.594346523284912 
4.721123695373535 
4.955113410949707 
5.172199249267578 
5.1624531745910645 
6.176792144775391 
5.686601161956787 
5.597133636474609 
4.914676189422607 
4.969268798828125 
4.954578399658203 
5.116452693939209 
4.896071434020996 
5.523334503173828 
4.959146976470947 
5.067026615142822 
7.10288667678833 
4.949548721313477 
4.92326545715332 
5.101125240325928 
4.791208744049072 
6.4723920822143555 
5.420540809631348 
5.0480055809021 
4.951484203338623 
7.844505310058594 
4.868620872497559 
5.015183448791504 
4.959808826446533 
4.8930583000183105 
5.367468357086182 
6.549610614776611 
5.129171371459961 
4.769672870635986 
4.888318061828613 
4.980881690979004 
4.851415157318115 
5.234196662902832 
5.481345176696777 
5.042102336883545 
5.811351299285889 
6.135985851287842 
4.903948783874512 
7.382900238037109 
5.332859992980957 
4.906192779541016 
4.943692684173584 
5.318702697753906 
6.529590606689453 
5.50653076171875 
5.135673999786377 
5.066028118133545 
4.769299030303955 
5.068792819976807 
6.148634910583496 
4.932927131652832 
6.105867862701416 
5.5460076332092285 
5.205095291137695 
5.048257827758789 
5.097713947296143 
4.919825553894043 
5.107635498046875 
4.869140625 
5.145297050476074 
4.973458290100098 
4.963397026062012 
4.994100570678711 
4.897353172302246 
5.393956184387207 
5.475442886352539 
4.922303199768066 
5.4325337409973145 
4.913825035095215 
4.867868900299072 
4.898791790008545 
5.01710319519043 
4.82426643371582 
5.413169860839844 
4.882046222686768 
5.037075519561768 
5.010089874267578 
4.907111644744873 
4.897126197814941 
5.183656215667725 
5.830164432525635 
5.0264668464660645 
5.231645107269287 
4.745880126953125 
5.139932632446289 
4.75399112701416 
4.844001770019531 
5.008817672729492 
5.236212253570557 
4.572610855102539 
4.858119964599609 
7.056790828704834 
5.746236801147461 
4.816889762878418 
5.224091053009033 
5.096468448638916 
4.998795986175537 
4.905762672424316 
5.339593410491943 
5.393749237060547 
4.910943508148193 
5.441522598266602 
5.064018726348877 
5.2754621505737305 
4.836083889007568 
5.01418399810791 
5.235727310180664 
5.665726661682129 
5.022854804992676 
7.1467790603637695 
4.920919418334961 
6.051676273345947 
5.082916736602783 
5.485221862792969 
5.033266544342041 
6.380046844482422 
6.2899627685546875 
4.7277069091796875 
4.845406532287598 
5.465137958526611 
7.229573726654053 
5.403988361358643 
5.0383172035217285 
5.082651615142822 
4.935263633728027 
4.881853103637695 
8.016410827636719 
5.543294906616211 
6.806362628936768 
4.907958030700684 
4.970990180969238 
5.2460761070251465 
5.006904602050781 
6.1820807456970215 
6.9897141456604 
4.8410539627075195 
7.908000469207764 
4.723477363586426 
6.727289199829102 
5.070718288421631 
6.616017818450928 
4.859472274780273 
5.325130939483643 
6.380936622619629 
5.54434061050415 
4.7889084815979 
4.720223426818848 
4.959281921386719 
7.908447265625 
4.707374095916748 
5.281725883483887 
5.079352378845215 
5.153219223022461 
5.087129592895508 
5.586914539337158 
5.1024580001831055 
4.9805989265441895 
6.209029197692871 
5.130758285522461 
4.841603755950928 
5.468798637390137 
4.773852825164795 
5.886782646179199 
4.975821018218994 
5.240815162658691 
4.603729248046875 
5.497003078460693 
5.361120223999023 
5.1863555908203125 
5.018799304962158 
6.585363388061523 
5.147216320037842 
4.720239639282227 
5.101804733276367 
8.247241973876953 
6.404444694519043 
5.384317874908447 
5.181280612945557 
5.272197246551514 
4.765259742736816 
7.73020601272583 
5.375065803527832 
5.058302402496338 
5.185985565185547 
5.0543341636657715 
4.955158233642578 
4.986966609954834 
6.009775638580322 
4.812009334564209 
4.848977088928223 
6.000810146331787 
4.836103439331055 
5.369798183441162 
5.575409412384033 
4.838411808013916 
5.219656944274902 
5.122533321380615 
5.093424320220947 
5.114086151123047 
5.190404891967773 
4.936351776123047 
5.890036582946777 
4.892195224761963 
4.806802272796631 
5.153483867645264 
4.968444347381592 
4.946232795715332 
5.242623329162598 
5.72382926940918 
9.500456809997559 
4.883937835693359 
6.239849090576172 
4.755672454833984 
6.110403060913086 
4.857532501220703 
4.963186264038086 
5.040926933288574 
4.596520900726318 
4.882315635681152 
4.988468170166016 
4.990900039672852 
4.899692058563232 
4.846766471862793 
5.092665195465088 
5.561918258666992 
7.610082626342773 
5.238567352294922 
4.621661186218262 
5.002938747406006 
4.836523056030273 
5.035933494567871 
4.894108295440674 
4.762957572937012 
4.948290824890137 
4.862711429595947 
4.722400188446045 
5.272098541259766 
5.183798789978027 
5.3829426765441895 
4.857759475708008 
5.027955055236816 
4.993578910827637 
4.880790710449219 
5.071915149688721 
4.695568084716797 
5.245700836181641 
5.0895256996154785 
6.570671081542969 
7.4706621170043945 
5.1281819343566895 
5.215234279632568 
5.12923002243042 
4.9289140701293945 
5.163303375244141 
4.649259567260742 
5.31951379776001 
4.559290409088135 
4.985403060913086 
4.879768371582031 
4.988475799560547 
5.168704986572266 
5.035390853881836 
4.715872764587402 
5.086889266967773 
4.981818199157715 
5.0519256591796875 
5.021836280822754 
4.694690227508545 
5.564512252807617 
5.039009094238281 
6.702094078063965 
5.056277275085449 
4.790679454803467 
4.941147804260254 
5.088085651397705 
4.7620697021484375 
6.020878791809082 
5.163327217102051 
5.091727256774902 
5.109116554260254 
6.68104362487793 
4.815710544586182 
5.619728088378906 
5.071057319641113 
4.9002790451049805 
6.688240051269531 
4.791958808898926 
5.059734344482422 
5.044990062713623 
5.029302597045898 
5.236732482910156 
4.905189037322998 
6.256624221801758 
5.394992828369141 
4.922163486480713 
4.954032897949219 
4.892550468444824 
5.004652976989746 
5.101855278015137 
5.825643062591553 
5.574508190155029 
5.16248893737793 
4.571432590484619 
5.144399642944336 
4.8932671546936035 
5.262653350830078 
5.385964393615723 
5.025947570800781 
6.486527442932129 
4.953819274902344 
7.868880271911621 
6.201642990112305 
5.360428810119629 
4.742187023162842 
4.990292549133301 
5.027691841125488 
5.227887153625488 
6.1484808921813965 
7.173695087432861 
5.000149726867676 
4.964595794677734 
6.55888557434082 
5.445645809173584 
5.6162109375 
4.699722766876221 
4.740681171417236 
4.966663837432861 
5.015813827514648 
4.673477649688721 
5.2281694412231445 
5.925092697143555 
5.4155755043029785 
4.816020488739014 
5.854794025421143 
4.713490962982178 
5.067484378814697 
5.840849876403809 
4.567883491516113 
5.4927754402160645 
5.128257751464844 
5.12158203125 
5.027925491333008 
5.193037509918213 
5.0619120597839355 
5.011719226837158 
4.974076747894287 
4.865886688232422 
5.097084999084473 
4.950080394744873 
4.9440765380859375 
6.627012729644775 
4.918381214141846 
5.1631269454956055 
4.943101406097412 
4.850930213928223 
7.587342262268066 
5.459042549133301 
5.142143726348877 
4.88232421875 
5.056295394897461 
5.078971862792969 
5.197559833526611 
5.478071212768555 
5.068660736083984 
5.843990325927734 
4.809359073638916 
4.7543745040893555 
7.358476638793945 
4.9813923835754395 
5.469991207122803 
4.744396209716797 
6.150897979736328 
5.508059501647949 
5.599394798278809 
4.997190952301025 
4.895846366882324 
4.700039863586426 
5.856992244720459 
5.786319255828857 
5.429820537567139 
5.237467288970947 
6.105955123901367 
6.219590187072754 
4.891605377197266 
5.274755477905273 
5.1526923179626465 
4.847208499908447 
5.01814079284668 
5.945440769195557 
5.507657051086426 
7.057860374450684 
5.583844184875488 
5.131025314331055 
4.881529331207275 
4.86944055557251 
4.969622611999512 
5.079777717590332 
4.959830284118652 
5.201322078704834 
4.7110700607299805 
5.434726715087891 
6.357532024383545 
5.5312395095825195 
4.920872688293457 
5.022247791290283 
6.085540294647217 
4.877111911773682 
5.27425479888916 
5.194772720336914 
4.792811393737793 
5.130849361419678 
6.064565658569336 
4.813661575317383 
5.009854316711426 
5.223512172698975 
5.051271915435791 
8.11310863494873 
4.757011413574219 
5.248412132263184 
6.529078483581543 
5.073612213134766 
5.216892242431641 
4.705369472503662 
6.653523921966553 
5.465381622314453 
4.9878997802734375 
6.47007942199707 
4.9293413162231445 
5.276695251464844 
4.902520179748535 
5.0156707763671875 
5.311826229095459 
4.543832302093506 
5.2471604347229 
4.800691604614258 
4.780983924865723 
4.9404096603393555 
5.026180267333984 
5.421985149383545 
5.311707019805908 
5.044262886047363 
4.930397987365723 
5.226191520690918 
5.729957103729248 
4.752469062805176 
4.92357063293457 
4.9759626388549805 
5.42075252532959 
4.7825164794921875 
4.858211517333984 
4.748520851135254 
6.174928665161133 
4.860665798187256 
7.143498420715332 
5.499340057373047 
4.558196067810059 
5.714555740356445 
4.9250006675720215 
4.846696376800537 
4.725032806396484 
5.044488430023193 
4.709475517272949 
5.041172504425049 
6.168359279632568 
4.820458889007568 
5.330192565917969 
5.916238307952881 
4.871833801269531 
4.641997337341309 
5.637890815734863 
4.787184238433838 
5.373686790466309 
5.1159515380859375 
4.8743391036987305 
4.83554220199585 
5.11600923538208 
5.245208740234375 
6.136598587036133 
5.0359344482421875 
4.898491859436035 
4.915277481079102 
7.364890098571777 
5.137981414794922 
4.995085716247559 
4.868322372436523 
5.882349967956543 
5.885269641876221 
6.885343074798584 
4.701889514923096 
6.669524192810059 
5.458630561828613 
5.086485862731934 
4.874073028564453 
5.1143598556518555 
5.24647331237793 
4.7050371170043945 
4.98173713684082 
4.651087760925293 
7.560641288757324 
5.624453067779541 
5.177245140075684 
5.14597225189209 
4.8719682693481445 
5.356204509735107 
4.948945999145508 
4.999837875366211 
5.2269392013549805 
6.240255355834961 
5.046633720397949 
5.174201965332031 
4.668859958648682 
4.8459272384643555 
7.170506477355957 
5.373382568359375 
4.8184638023376465 
5.003514289855957 
4.8814287185668945 
5.252117156982422 
6.015450954437256 
5.548916816711426 
4.89238977432251 
4.929168224334717 
4.99775505065918 
4.550439834594727 
4.657199859619141 
7.978144645690918 
5.073298454284668 
4.771920204162598 
5.526223659515381 
5.238513946533203 
4.840680122375488 
6.067420959472656 
4.858848571777344 
6.424065589904785 
5.092019557952881 
5.699233531951904 
8.864267349243164 
8.912873268127441 
4.822906017303467 
5.8176445960998535 
5.351459503173828 
4.938281059265137 
4.552565574645996 
4.960543155670166 
4.995878219604492 
4.935089111328125 
5.129349708557129 
5.7040276527404785 
4.590016841888428 
4.930891990661621 
4.998032093048096 
4.8335394859313965 
4.886316776275635 
4.801453113555908 
6.2162909507751465 
5.1073737144470215 
5.147878646850586 
5.511109828948975 
5.8455729484558105 
5.317346096038818 
5.158087730407715 
5.019827842712402 
6.0340800285339355 
5.847980499267578 
4.86287784576416 
5.128818035125732 
5.359477996826172 
4.8161468505859375 
5.007024765014648 
4.73555850982666 
5.582902431488037 
5.516266822814941 
5.560938358306885 
4.9146528244018555 
5.1869659423828125 
5.0721540451049805 
4.810011863708496 
4.918951034545898 
6.219587326049805 
4.931771278381348 
6.193958759307861 
4.944746017456055 
5.3727850914001465 
4.92103910446167 
5.059030532836914 
5.536561965942383 
6.484865188598633 
5.276031017303467 
5.192563533782959 
5.642224311828613 
5.013788223266602 
5.287947654724121 
5.285709381103516 
5.941949367523193 
5.0252685546875 
4.720712661743164 
5.156027317047119 
4.780097007751465 
4.7546491622924805 
5.451071262359619 
5.928799629211426 
4.762704372406006 
4.989078998565674 
5.11605978012085 
8.295994758605957 
6.336640357971191 
5.232722282409668 
4.741771697998047 
5.028651237487793 
4.753251075744629 
5.62436580657959 
4.59747314453125 
5.507264614105225 
5.352937698364258 
5.8293843269348145 
5.188320159912109 
4.725098609924316 
6.430933952331543 
4.843042850494385 
6.220804214477539 
5.2007036209106445 
4.605049133300781 
4.779122352600098 
4.626464366912842 
7.707803726196289 
4.937058448791504 
5.138752460479736 
7.21796989440918 
4.957074165344238 
5.3611369132995605 
5.832548141479492 
4.804352760314941 
4.886826515197754 
5.13419246673584 
6.701063632965088 
5.47780704498291 
6.561042785644531 
5.110536098480225 
5.824333667755127 
4.972012519836426 
4.988397598266602 
5.210039138793945 
7.167727947235107 
4.781620979309082 
5.2597246170043945 
4.976943016052246 
4.987672328948975 
4.888244152069092 
4.995523452758789 
4.986115455627441 
4.916773796081543 
5.136767864227295 
5.448074817657471 
4.844058036804199 
4.894426345825195 
4.947817802429199 
6.477942943572998 
5.173163414001465 
5.764795303344727 
5.032790660858154 
4.710824966430664 
7.358606815338135 
4.980523586273193 
8.004666328430176 
5.577390193939209 
4.935478687286377 
5.692828178405762 
6.111037731170654 
4.891986846923828 
5.294836044311523 
4.969161510467529 
5.030514240264893 
5.209892749786377 
5.039247035980225 
5.324855327606201 
4.491114616394043 
5.210575580596924 
5.043830394744873 
4.864584922790527 
5.101673126220703 
4.90852165222168 
5.080411911010742 
5.076026916503906 
5.538856506347656 
4.954275131225586 
6.427675247192383 
4.885247230529785 
7.393299102783203 
4.843822002410889 
4.648407936096191 
4.943546295166016 
5.5639753341674805 
4.906078338623047 
4.996429920196533 
5.043910026550293 
5.335954666137695 
6.775835990905762 
5.232326507568359 
4.745847225189209 
5.764344215393066 
4.9771928787231445 
5.25262451171875 
5.124085426330566 
4.708041667938232 
6.4582648277282715 
5.041199207305908 
5.47213888168335 
4.940254211425781 
4.872916221618652 
5.27156400680542 
5.485846996307373 
5.680484771728516 
5.30623197555542 
5.247391223907471 
5.095575332641602 
5.917638301849365 
4.954068183898926 
5.453943252563477 
5.017910003662109 
5.02229642868042 
5.0899858474731445 
5.151255130767822 
5.122921466827393 
5.132137298583984 
4.974155426025391 
4.868568420410156 
5.557072639465332 
5.308314800262451 
6.318161964416504 
7.0041399002075195 
5.506653785705566 
5.002804756164551 
5.065166473388672 
5.1478776931762695 
6.019112586975098 
5.670498371124268 
4.947109222412109 
5.068670272827148 
4.983950614929199 
4.9345784187316895 
5.312488079071045 
5.185437202453613 
4.927655220031738 
5.089349746704102 
4.858919143676758 
5.301740646362305 
6.724803447723389 
7.288690567016602 
6.765678405761719 
4.812032699584961 
4.96392297744751 
5.650781631469727 
4.748800277709961 
5.110023021697998 
5.099321365356445 
5.0153985023498535 
4.720559597015381 
4.909931182861328 
4.668145179748535 
5.010040283203125 
5.744603157043457 
4.916421413421631 
5.550943374633789 
5.1621599197387695 
5.118020534515381 
5.114180564880371 
5.7510905265808105 
5.079245090484619 
5.578497886657715 
4.934078693389893 
4.784132480621338 
5.072526931762695 
5.174696445465088 
6.776976585388184 
4.644007682800293 
4.977902412414551 
4.935769081115723 
5.221643924713135 
5.116450309753418 
6.220704078674316 
5.1077165603637695 
4.784998893737793 
4.636130332946777 
4.833027362823486 
4.983464241027832 
5.054548740386963 
6.047874450683594 
5.071234703063965 
5.114720344543457 
5.081428527832031 
4.924767971038818 
5.272647380828857 
5.179372310638428 
7.721379280090332 
4.865904808044434 
4.857664108276367 
4.968838214874268 
5.306391716003418 
4.960676193237305 
5.053391456604004 
5.1113176345825195 
5.485346794128418 
5.499398708343506 
5.077586650848389 
5.188002586364746 
4.960054874420166 
5.209541320800781 
6.432580947875977 
5.604748249053955 
6.521989822387695 
4.628140449523926 
4.925518989562988 
4.785393238067627 
4.807043075561523 
7.8296074867248535 
5.624142646789551 
4.819246292114258 
4.919377326965332 
4.642914772033691 
4.836850166320801 
5.242008209228516 
4.9301347732543945 
6.059391021728516 
5.8464155197143555 
4.909012794494629 
4.781439781188965 
5.234931945800781 
5.274733066558838 
5.013378620147705 
4.8474931716918945 
4.9588942527771 
5.008091449737549 
4.898523807525635 
5.415640354156494 
5.976381301879883 
5.375802040100098 
4.813189506530762 
4.870038986206055 
6.321586608886719 
4.851573944091797 
5.803126335144043 
4.9416656494140625 
6.699985504150391 
5.28408670425415 
6.660495758056641 
4.773119926452637 
5.026467323303223 
5.030303001403809 
5.435014724731445 
5.0656657218933105 
5.036451816558838 
5.002223014831543 
4.8255510330200195 
4.69526481628418 
5.243963241577148 
4.8499908447265625 
5.891051292419434 
5.07483434677124 
5.253862380981445 
5.147212028503418 
5.098270416259766 
4.923094749450684 
6.001070976257324 
5.4494147300720215 
5.442536354064941 
5.047250270843506 
5.120919227600098 
6.3426032066345215 
4.966496467590332 
5.003390312194824 
5.796361446380615 
6.205879211425781 
5.5109100341796875 
4.975954055786133 
4.938416481018066 
5.780952453613281 
4.957833290100098 
4.910565376281738 
4.8307785987854 
4.906584739685059 
4.640285491943359 
7.974006652832031 
5.506513595581055 
4.969829082489014 
4.670149803161621 
5.306369781494141 
4.797016143798828 
6.185953617095947 
4.921342849731445 
5.95855712890625 
5.1010918617248535 
4.822641372680664 
4.8874053955078125 
4.735422611236572 
5.17779541015625 
5.703701972961426 
4.957042694091797 
5.23401403427124 
5.08650541305542 
4.825746059417725 
5.818614482879639 
5.125753402709961 
4.987986087799072 
4.771090507507324 
5.331414222717285 
5.245436191558838 
5.457310676574707 
6.993008613586426 
4.892753601074219 
4.355725288391113 
4.7128448486328125 
5.0445876121521 
6.137778282165527 
4.942048072814941 
5.143362998962402 
4.955418586730957 
4.668901443481445 
4.875004768371582 
4.817477226257324 
4.638065338134766 
5.528860092163086 
5.529849052429199 
4.950798511505127 
5.202186107635498 
4.607123374938965 
5.233527660369873 
5.02155876159668 
5.054482936859131 
4.969853401184082 
4.946225166320801 
5.687618255615234 
5.009164333343506 
5.229942798614502 
4.991152763366699 
5.133504867553711 
6.462401390075684 
4.832696914672852 
4.914778709411621 
6.227541923522949 
5.443469524383545 
5.292709827423096 
7.094018936157227 
5.084743499755859 
5.330368518829346 
5.347901344299316 
6.504122257232666 
5.0260396003723145 
6.302225112915039 
4.753279685974121 
5.08729887008667 
4.977280139923096 
6.029310703277588 
4.883172035217285 
4.971588611602783 
5.322437286376953 
5.571146011352539 
5.062993049621582 
5.016122341156006 
5.14961051940918 
4.816486358642578 
4.670523643493652 
4.604777812957764 
4.852196216583252 
5.312466621398926 
6.708061218261719 
5.597348213195801 
4.907078742980957 
5.709158897399902 
4.736078262329102 
7.103488445281982 
5.741644859313965 
6.801538467407227 
5.704983711242676 
4.884700775146484 
4.925252914428711 
6.976579666137695 
8.703709602355957 
4.893728256225586 
5.133944034576416 
4.827306270599365 
5.198580741882324 
4.900249004364014 
4.766587734222412 
6.095211505889893 
8.663978576660156 
5.294713497161865 
4.740764617919922 
4.931143760681152 
4.778018951416016 
5.013657569885254 
6.0651726722717285 
6.246089458465576 
5.30620002746582 
5.070043563842773 
5.500259876251221 
5.451416969299316 
5.28575325012207 
4.690694332122803 
4.7360711097717285 
5.071091651916504 
4.993062496185303 
4.874372959136963 
8.888812065124512 
4.959233283996582 
5.19921350479126 
5.0272722244262695 
4.927022933959961 
4.937583923339844 
5.080633640289307 
4.915379524230957 
4.98790979385376 
5.16560173034668 
4.747834205627441 
5.0771307945251465 
4.900249481201172 
4.980838298797607 
6.048098564147949 
5.213502883911133 
5.092954635620117 
6.488204479217529 
6.184525489807129 
5.061003684997559 
5.019754886627197 
4.736851215362549 
5.025664806365967 
5.149787902832031 
4.80739688873291 
4.9374918937683105 
5.6668806076049805 
5.229864597320557 
4.980722427368164 
5.310067176818848 
4.884016990661621 
4.951709747314453 
5.063131332397461 
5.266942977905273 
5.072234153747559 
5.535057067871094 
4.959240913391113 
7.783750534057617 
5.063759803771973 
4.888558387756348 
5.468508720397949 
4.977607250213623 
6.115911960601807 
5.465485095977783 
5.76205587387085 
4.822832107543945 
5.095968723297119 
5.092251300811768 
4.985635280609131 
4.717281818389893 
4.934196472167969 
4.803103446960449 
5.226987361907959 
4.750738620758057 
5.4529900550842285 
5.42833948135376 
6.208802700042725 
4.767343044281006 
5.381778240203857 
5.106797218322754 
4.957676410675049 
6.213949203491211 
4.937779903411865 
5.050714015960693 
5.153093338012695 
5.326466083526611 
5.013463020324707 
5.02689266204834 
4.698677062988281 
5.241713523864746 
4.968925952911377 
5.781641483306885 
5.417269229888916 
4.838395118713379 
4.853852272033691 
6.592751502990723 
4.937690734863281 
5.179704189300537 
5.0926361083984375 
9.370689392089844 
5.389896392822266 
5.075327396392822 
4.737771987915039 
4.721975326538086 
4.827629566192627 
5.0755767822265625 
4.787574768066406 
4.826168060302734 
7.594837665557861 
5.142651557922363 
4.884063720703125 
4.73001766204834 
4.9912800788879395 
5.232359409332275 
4.799918174743652 
5.706639289855957 
5.146829605102539 
4.606148719787598 
6.83657693862915 
5.044617652893066 
6.387698173522949 
6.095089912414551 
4.717738151550293 
4.923306465148926 
5.327028274536133 
4.816020965576172 
5.95076847076416 
4.869350910186768 
4.849557399749756 
4.986276626586914 
4.8492913246154785 
5.48386287689209 
4.786652565002441 
5.903862476348877 
4.9148430824279785 
6.7163987159729 
4.959439754486084 
4.582035064697266 
5.060617923736572 
4.888426303863525 
4.895440101623535 
6.372654438018799 
4.88203239440918 
4.804751396179199 
5.711393356323242 
5.069004058837891 
4.955388069152832 
5.428357124328613 
5.073276042938232 
4.914462089538574 
5.623337268829346 
5.238848686218262 
4.843465328216553 
5.040844917297363 
5.275691986083984 
7.008903503417969 
4.919732570648193 
4.939183235168457 
5.227654457092285 
5.61878776550293 
5.019069671630859 
5.092759609222412 
4.808440208435059 
4.966056823730469 
5.411139488220215 
5.7916669845581055 
6.837175369262695 
5.15254020690918 
5.763968467712402 
4.973484992980957 
5.609983444213867 
6.017533779144287 
5.16567325592041 
6.161768436431885 
6.11251163482666 
4.594308853149414 
4.979508399963379 
4.908881187438965 
5.000837802886963 
5.192437648773193 
5.1304426193237305 
4.953858852386475 
4.94151496887207 
4.728586673736572 
5.167029857635498 
5.103214263916016 
5.031630516052246 
5.063657760620117 
5.220787048339844 
5.482591152191162 
4.997250080108643 
5.2375712394714355 
4.938525676727295 
5.096895217895508 
5.064329147338867 
5.179065704345703 
5.2383623123168945 
5.20634651184082 
5.1009674072265625 
4.840951919555664 
4.830130100250244 
4.964990139007568 
4.9404754638671875 
4.695397853851318 
5.291913986206055 
6.940135955810547 
5.1154608726501465 
5.039666175842285 
5.071861743927002 
6.4314680099487305 
4.880002975463867 
5.149624824523926 
5.137772560119629 
4.951547145843506 
4.830257415771484 
5.523324966430664 
4.960064888000488 
4.920368194580078 
5.592005729675293 
5.142388343811035 
4.717014312744141 
5.205533981323242 
5.701076984405518 
5.311745643615723 
4.893392562866211 
6.764426231384277 
4.879189491271973 
5.205925464630127 
4.932168483734131 
5.215673923492432 
4.81566858291626 
5.045771598815918 
5.1464080810546875 
5.286315441131592 
7.11301326751709 
4.833346366882324 
4.7344255447387695 
5.758251190185547 
5.631303310394287 
5.076376914978027 
4.923504829406738 
5.574450492858887 
5.116222858428955 
5.203088760375977 
4.827474117279053 
5.557663917541504 
5.328146457672119 
5.287579536437988 
4.982540130615234 
5.2630839347839355 
4.783871173858643 
4.975306034088135 
4.985846519470215 
4.967939853668213 
5.045759201049805 
4.923380374908447 
5.2411885261535645 
4.953105926513672 
4.9117560386657715 
5.1981916427612305 
8.878438949584961 
5.974867820739746 
4.896083831787109 
4.988852024078369 
5.254552841186523 
5.247599124908447 
5.045840740203857 
5.030182838439941 
5.220897674560547 
5.042817115783691 
5.0021562576293945 
5.074681758880615 
4.8428120613098145 
5.725396156311035 
5.062941551208496 
5.653824806213379 
4.867191791534424 
5.631982326507568 
5.049161434173584 
5.324047565460205 
5.151664733886719 
4.977486610412598 
5.041312217712402 
4.9264116287231445 
5.758267402648926 
5.22239875793457 
5.817775249481201 
5.047260284423828 
5.291233062744141 
5.043483257293701 
4.810286998748779 
4.7478132247924805 
5.401888847351074 
8.470900535583496 
4.935434341430664 
4.8849778175354 
4.917215347290039 
5.065929412841797 
6.692653656005859 
4.854393005371094 
4.77470588684082 
5.035041809082031 
7.085662841796875 
5.279580593109131 
4.705323696136475 
5.030529499053955 
5.016714572906494 
5.125415802001953 
4.956628799438477 
5.170326232910156 
4.9324140548706055 
4.708720684051514 
4.885615348815918 
4.686470031738281 
7.2926130294799805 
4.934952735900879 
5.54168176651001 
5.4379072189331055 
5.090266227722168 
5.240128993988037 
5.5950188636779785 
5.076652526855469 
7.174921989440918 
5.228103160858154 
4.88744592666626 
5.9133195877075195 
5.40297794342041 
4.939484119415283 
5.200057029724121 
4.973309516906738 
4.623676300048828 
6.550317764282227 
5.625438690185547 
4.835299968719482 
5.0001540184021 
5.139536380767822 
4.981986045837402 
4.940210342407227 
4.88093900680542 
5.456544876098633 
5.280012607574463 
6.648702144622803 
6.354443073272705 
4.8391008377075195 
5.430732727050781 
4.761664390563965 
4.914073467254639 
6.2084455490112305 
5.032553672790527 
4.851707458496094 
5.5783796310424805 
5.071439743041992 
5.112154960632324 
4.855168342590332 
5.079095840454102 
6.122146129608154 
5.102607250213623 
4.9317803382873535 
5.187320232391357 
5.0631561279296875 
8.152179718017578 
5.24162483215332 
4.7632293701171875 
5.237765312194824 
4.682319164276123 
5.4241228103637695 
5.130634307861328 
5.125946521759033 
5.476370334625244 
5.210382461547852 
5.072607040405273 
5.242178440093994 
4.756793022155762 
5.0456953048706055 
4.951634407043457 
6.415268898010254 
5.239395618438721 
5.002232551574707 
4.921051502227783 
5.678742408752441 
5.226136684417725 
5.067783355712891 
5.951138973236084 
6.773132801055908 
4.593927383422852 
6.548332691192627 
5.019855976104736 
4.596611022949219 
4.704570770263672 
4.9099440574646 
4.9309797286987305 
4.612914085388184 
7.013271808624268 
5.283139705657959 
6.53592586517334 
4.604958534240723 
4.983551025390625 
4.921868324279785 
5.433447360992432 
4.963497161865234 
5.0855865478515625 
5.150323867797852 
6.158184051513672 
5.235107421875 
4.808337211608887 
5.174936771392822 
5.026889324188232 
5.0943145751953125 
4.778791427612305 
4.869683265686035 
4.807699203491211 
4.786229610443115 
5.04908561706543 
4.71189022064209 
5.782138824462891 
5.069039821624756 
4.729002952575684 
5.020715236663818 
5.648404121398926 
4.995769023895264 
4.783466339111328 
5.233015060424805 
5.099726676940918 
4.9106669425964355 
6.602963924407959 
4.965582370758057 
5.045648097991943 
4.97216272354126 
5.583388328552246 
5.208179473876953 
4.828402519226074 
5.215269565582275 
5.081506729125977 
4.811669826507568 
4.76753044128418 
4.967174530029297 
5.034173488616943 
4.740668773651123 
5.159671783447266 
6.2251434326171875 
5.374160289764404 
4.9365458488464355 
5.2632598876953125 
5.592055320739746 
5.894381523132324 
4.576817512512207 
7.917341232299805 
4.770413398742676 
4.904335021972656 
6.202827453613281 
4.929322242736816 
5.739516258239746 
5.750617027282715 
4.66250467300415 
6.013894557952881 
4.850858688354492 
4.878879070281982 
5.116756916046143 
6.87735652923584 
4.973199844360352 
4.986007213592529 
5.818044185638428 
7.227148056030273 
4.789636611938477 
7.182239055633545 
4.717593193054199 
5.127537727355957 
5.165872573852539 
4.746463775634766 
4.802775859832764 
5.105127334594727 
5.003101825714111 
4.91729211807251 
4.921840190887451 
4.910308361053467 
6.513295650482178 
4.940661430358887 
5.017131805419922 
5.2699503898620605 
4.866725921630859 
5.059575080871582 
4.763488292694092 
4.826486587524414 
7.941157341003418 
5.264942646026611 
4.942683219909668 
4.967719078063965 
4.782243728637695 
5.070507526397705 
4.422356605529785 
4.8430328369140625 
6.198052883148193 
5.880557537078857 
4.729598045349121 
5.288158416748047 
5.005069255828857 
4.980297565460205 
4.864169120788574 
6.199061393737793 
5.0072021484375 
4.999676704406738 
5.5072126388549805 
5.010655403137207 
4.855042934417725 
5.066307067871094 
5.004526138305664 
5.1070380210876465 
5.334959030151367 
4.923672676086426 
4.979097366333008 
6.24954891204834 
4.972342491149902 
5.420738697052002 
5.877438545227051 
5.3397603034973145 
5.7335004806518555 
5.759438514709473 
4.9696221351623535 
5.140848159790039 
5.86408805847168 
4.961668968200684 
6.236841201782227 
5.046022891998291 
4.814126491546631 
8.576749801635742 
4.9632673263549805 
5.662717342376709 
5.54660177230835 
6.025566101074219 
4.95633602142334 
5.096555233001709 
5.08719539642334 
4.958891868591309 
5.082849979400635 
5.113317489624023 
4.857513904571533 
5.2579193115234375 
5.0857648849487305 
4.970832347869873 
4.982617378234863 
5.40671968460083 
5.589337348937988 
5.342928409576416 
5.098315238952637 
5.07260274887085 
5.205663681030273 
5.013701915740967 
4.9377288818359375 
4.98336935043335 
4.942593574523926 
4.77934455871582 
4.9689788818359375 
5.13205623626709 
4.939067840576172 
4.981886863708496 
5.287238597869873 
4.937371253967285 
5.29622745513916 
4.976192474365234 
4.856189727783203 
4.985105991363525 
7.091599941253662 
4.804537773132324 
5.3810834884643555 
4.932476043701172 
5.073818206787109 
5.030062198638916 
9.422904968261719 
5.182261943817139 
4.902503490447998 
5.462287425994873 
5.528824806213379 
4.902096271514893 
5.128852844238281 
5.08073616027832 
4.917727470397949 
4.927931785583496 
5.779357433319092 
4.983125686645508 
5.663227081298828 
5.261287689208984 
5.081394672393799 
4.9577226638793945 
5.415623664855957 
4.961474895477295 
4.957827091217041 
5.092440605163574 
5.4192705154418945 
5.26829719543457 
5.526532173156738 
4.822059154510498 
5.568147659301758 
5.27870512008667 
6.336146354675293 
5.679872989654541 
4.959970474243164 
4.9818291664123535 
4.959984302520752 
6.265048980712891 
5.6001763343811035 
4.961270332336426 
6.862221717834473 
4.631356239318848 
5.142358779907227 
4.874868392944336 
5.115673065185547 
5.036485195159912 
4.828016757965088 
4.7662482261657715 
4.948002815246582 
4.992465496063232 
5.051828861236572 
4.60739803314209 
5.548358917236328 
5.350829124450684 
5.387032985687256 
5.428253173828125 
4.801960468292236 
5.198707580566406 
5.538416862487793 
4.91187858581543 
4.937399864196777 
4.704403877258301 
4.639273643493652 
4.908788204193115 
4.8217244148254395 
5.100836277008057 
4.85081672668457 
5.2346110343933105 
5.186051368713379 
4.90496826171875 
4.822231769561768 
8.24685001373291 
5.09507942199707 
4.8892083168029785 
4.853451728820801 
4.970320224761963 
5.136319160461426 
4.843084335327148 
6.195480823516846 
5.003787517547607 
4.859676361083984 
4.839043617248535 
6.037684440612793 
4.84308385848999 
4.881107330322266 
5.785769462585449 
4.826274871826172 
4.977596759796143 
4.651449203491211 
5.263658046722412 
4.942967414855957 
4.960765838623047 
4.7842698097229 
5.007927894592285 
5.602339744567871 
5.098633766174316 
6.349209785461426 
4.834958553314209 
4.99832010269165 
5.025240421295166 
6.0873003005981445 
4.880232334136963 
5.816246032714844 
5.043393611907959 
5.000741958618164 
5.934710502624512 
5.189310073852539 
5.261648654937744 
5.027135848999023 
5.055972576141357 
4.688677787780762 
5.022059440612793 
5.033497333526611 
5.376996040344238 
6.222456455230713 
5.6014814376831055 
5.104935169219971 
4.932778358459473 
4.998448371887207 
4.862934112548828 
4.673372268676758 
5.6249775886535645 
4.733344078063965 
5.201706886291504 
4.744694232940674 
4.9155683517456055 
5.032871723175049 
5.381274223327637 
4.867969512939453 
5.369404315948486 
5.118148326873779 
5.144735336303711 
4.855616569519043 
5.138086318969727 
5.063392162322998 
5.3434834480285645 
6.036008834838867 
5.032065391540527 
5.002252101898193 
4.97088623046875 
5.262620449066162 
5.492569923400879 
4.864590644836426 
5.277050018310547 
5.530672073364258 
4.920871734619141 
5.027293682098389 
4.671993255615234 
5.894598007202148 
5.112661361694336 
7.9180707931518555 
6.637788772583008 
5.6417388916015625 
5.008824348449707 
5.21880578994751 
5.246907711029053 
4.870217323303223 
5.876671314239502 
5.353529930114746 
4.859918117523193 
4.944570541381836 
4.680797100067139 
8.30866813659668 
4.947305679321289 
5.16603946685791 
4.901506423950195 
6.2454633712768555 
4.843055725097656 
7.234564304351807 
4.993776798248291 
5.205615520477295 
4.858067035675049 
4.663440704345703 
4.974693775177002 
4.92943811416626 
5.285677433013916 
7.056142807006836 
7.206451416015625 
5.6230974197387695 
5.035129070281982 
4.833669185638428 
5.175723075866699 
5.225252151489258 
4.876595497131348 
4.859951496124268 
5.283806800842285 
5.154384613037109 
4.86336612701416 
4.977944374084473 
4.993439674377441 
5.045894622802734 
4.961137771606445 
5.106917858123779 
4.996164321899414 
5.115120887756348 
5.429983139038086 
5.14980411529541 
5.1199750900268555 
5.069045066833496 
5.089455604553223 
4.786632537841797 
5.11846399307251 
5.536574363708496 
8.196406364440918 
4.897063255310059 
4.964045524597168 
5.030607223510742 
5.026619911193848 
4.975738525390625 
5.353327751159668 
5.850680828094482 
5.921238899230957 
4.832218170166016 
5.009608268737793 
5.703763008117676 
4.9681243896484375 
4.8088202476501465 
6.486713886260986 
4.81613302230835 
4.887864112854004 
5.106008052825928 
5.036373615264893 
4.848930358886719 
4.644697189331055 
4.710992813110352 
7.186949253082275 
5.14908504486084 
5.1499433517456055 
5.702888488769531 
5.0253400802612305 
4.780974388122559 
5.155435562133789 
5.307887077331543 
6.220541954040527 
6.944309234619141 
6.728519439697266 
4.859683990478516 
5.220165252685547 
5.90718412399292 
4.922347068786621 
5.2290730476379395 
6.367748737335205 
4.6294097900390625 
5.046638488769531 
5.107313632965088 
4.685005187988281 
5.236227035522461 
5.346683502197266 
4.839150428771973 
4.591579437255859 
5.28559684753418 
4.996860504150391 
6.608136177062988 
5.317468643188477 
4.93658447265625 
5.168191909790039 
5.645957946777344 
6.22330379486084 
8.235907554626465 
6.385647773742676 
5.117554664611816 
4.930335998535156 
5.514323711395264 
5.472084045410156 
4.884546279907227 
4.9448652267456055 
5.524663925170898 
5.021921634674072 
4.85204553604126 
4.906837463378906 
6.490952968597412 
4.983512878417969 
5.123060703277588 
4.829372882843018 
4.948412895202637 
4.8596038818359375 
7.151518821716309 
6.858419895172119 
4.943428993225098 
5.493594646453857 
4.979211330413818 
5.809151649475098 
4.73533821105957 
6.936486721038818 
6.622709274291992 
4.621395587921143 
5.137523651123047 
5.020033836364746 
4.942091464996338 
5.190277099609375 
5.297089099884033 
5.202507019042969 
4.832672595977783 
5.620002746582031 
4.710043907165527 
4.6965484619140625 
5.095583915710449 
4.983742713928223 
5.432452201843262 
5.0317487716674805 
5.104588031768799 
4.705077648162842 
4.908182621002197 
5.051838397979736 
4.9585466384887695 
5.025628089904785 
4.818543434143066 
5.047368049621582 
6.321313858032227 
5.194158554077148 
4.6835126876831055 
4.900247573852539 
5.239342212677002 
5.028646469116211 
5.649911880493164 
4.863161087036133 
4.806553363800049 
4.622325897216797 
5.087996482849121 
5.097239017486572 
4.841025352478027 
7.172141075134277 
5.381621360778809 
5.150146484375 
4.736757278442383 
5.119821548461914 
6.716922283172607 
5.068809986114502 
5.222782135009766 
4.730499267578125 
7.68788480758667 
5.088406562805176 
4.940214157104492 
5.161017417907715 
6.846065521240234 
5.573072910308838 
4.838778018951416 
6.616532325744629 
5.961273670196533 
5.464147090911865 
8.005977630615234 
5.677679538726807 
6.005985736846924 
5.772089004516602 
4.877015113830566 
4.79353141784668 
4.9858174324035645 
4.627604961395264 
4.831462383270264 
5.236005783081055 
4.664942741394043 
5.082712650299072 
5.527211666107178 
5.145261764526367 
4.885295391082764 
4.830430030822754 
8.63186264038086 
6.199088096618652 
5.064850807189941 
6.780723571777344 
5.84427547454834 
5.210440158843994 
4.9226908683776855 
5.12177848815918 
5.0063629150390625 
4.664834499359131 
5.387881278991699 
5.981310844421387 
5.573752403259277 
5.909802436828613 
5.654314994812012 
5.018118858337402 
4.99083948135376 
4.917013168334961 
5.043948173522949 
4.870517730712891 
5.683140277862549 
5.185793876647949 
5.095090866088867 
4.728084087371826 
5.150549411773682 
5.517830848693848 
4.890804767608643 
4.885887622833252 
6.29869270324707 
5.530787467956543 
4.939409255981445 
4.965324401855469 
5.116196155548096 
5.762368202209473 
5.364678859710693 
4.949260234832764 
8.302434921264648 
5.210383892059326 
5.167900085449219 
5.238994598388672 
5.30796480178833 
4.939401149749756 
5.29548454284668 
5.460683345794678 
4.867457866668701 
6.985831260681152 
4.857466697692871 
5.28477144241333 
4.968411445617676 
4.9180145263671875 
4.8735761642456055 
4.765838146209717 
5.0785322189331055 
5.0696210861206055 
4.990524768829346 
4.850348472595215 
5.784552574157715 
7.153138160705566 
5.292482376098633 
5.142486572265625 
5.60479211807251 
4.81888484954834 
6.196903228759766 
4.989654541015625 
4.8944878578186035 
5.846120834350586 
4.799190998077393 
4.7347517013549805 
5.727287292480469 
5.326479911804199 
4.917079925537109 
4.953824996948242 
5.6419548988342285 
4.79902982711792 
4.998682022094727 
4.722042560577393 
4.889538288116455 
5.106223106384277 
5.388644218444824 
4.777608871459961 
4.952679634094238 
5.617369651794434 
4.929184913635254 
4.806509971618652 
5.421938896179199 
6.019744873046875 
4.9321088790893555 
6.42197322845459 
6.251059532165527 
4.762948036193848 
5.017027378082275 
4.937043190002441 
4.779474258422852 
5.117982387542725 
5.157317161560059 
5.023813247680664 
4.817826271057129 
5.20977783203125 
5.161198616027832 
5.082216739654541 
4.745251655578613 
4.873635768890381 
6.111039161682129 
7.912980079650879 
6.543689250946045 
6.488092422485352 
5.138826370239258 
5.3774027824401855 
5.078533172607422 
4.884531021118164 
8.256059646606445 
5.5016560554504395 
4.804320335388184 
5.153247356414795 
4.864092826843262 
5.017624855041504 
5.1163787841796875 
4.8954644203186035 
5.050441741943359 
5.232633590698242 
4.993602752685547 
5.067539215087891 
4.757203102111816 
4.93901252746582 
5.218676567077637 
7.6807637214660645 
5.052567005157471 
5.272964954376221 
4.71688985824585 
4.865016460418701 
6.118562698364258 
6.0673112869262695 
5.357701301574707 
4.818355083465576 
4.908755302429199 
4.740932464599609 
5.1246514320373535 
5.219389915466309 
5.061733722686768 
4.995499134063721 
4.911800384521484 
6.7318878173828125 
4.777501106262207 
7.2785444259643555 
5.373818397521973 
5.45694637298584 
4.905686378479004 
4.923213481903076 
4.734792232513428 
5.685686111450195 
5.2679057121276855 
4.862087726593018 
4.888154983520508 
5.951730251312256 
5.601202011108398 
5.251320838928223 
4.858010292053223 
4.76915168762207 
5.056623935699463 
4.72845983505249 
6.170822620391846 
4.942192077636719 
5.050544738769531 
4.83000373840332 
5.0124053955078125 
4.51533317565918 
4.913274765014648 
5.332792282104492 
6.811931610107422 
4.954825401306152 
5.2497100830078125 
5.440272331237793 
4.948093891143799 
4.471643447875977 
4.874490261077881 
5.073915958404541 
4.981081962585449 
4.901375770568848 
5.524169921875 
5.091056823730469 
4.880262851715088 
5.483820915222168 
5.127072334289551 
5.145379066467285 
5.291548728942871 
4.932327747344971 
5.046735763549805 
5.162463188171387 
4.9579925537109375 
4.790996074676514 
5.194547653198242 
5.042949199676514 
4.7790632247924805 
4.947537422180176 
4.838386535644531 
5.759891033172607 
5.036836624145508 
4.991333961486816 
5.096287250518799 
5.382490634918213 
5.193345546722412 
5.447788715362549 
4.929332733154297 
5.060272216796875 
4.915111541748047 
4.840332984924316 
9.386540412902832 
4.902410507202148 
5.918706893920898 
4.980490207672119 
4.807394981384277 
5.135097980499268 
8.603822708129883 
6.40505313873291 
4.926231384277344 
4.732313632965088 
5.014735221862793 
5.11507511138916 
5.253859519958496 
5.178784370422363 
4.780867576599121 
5.221353054046631 
4.861569404602051 
5.155780792236328 
5.036747455596924 
4.882987976074219 
5.186114311218262 
6.0278239250183105 
5.355529308319092 
5.076303958892822 
5.039857387542725 
5.090535640716553 
5.072107315063477 
4.9776153564453125 
4.630772590637207 
6.524660587310791 
5.370699405670166 
4.956494331359863 
4.948698043823242 
4.821261405944824 
4.823696613311768 
5.014510154724121 
5.681763172149658 
4.972748756408691 
5.096092224121094 
4.848010063171387 
5.043725490570068 
5.231680393218994 
5.340126037597656 
4.976240634918213 
5.443826198577881 
4.938745021820068 
5.433277606964111 
5.264153480529785 
7.826361656188965 
5.023052215576172 
5.05450439453125 
4.768501281738281 
4.8609209060668945 
5.422301292419434 
4.832577705383301 
5.241654396057129 
5.569586753845215 
5.139499664306641 
4.7128005027771 
5.020785331726074 
6.680411338806152 
5.106237411499023 
6.143456935882568 
4.931074619293213 
5.42701530456543 
5.740053653717041 
6.407595634460449 
6.8543901443481445 
4.715258598327637 
7.526597499847412 
5.590958595275879 
4.915750026702881 
4.950137138366699 
5.0102949142456055 
4.859194278717041 
4.808644771575928 
5.117361545562744 
6.684209823608398 
5.051999092102051 
6.642561912536621 
5.249690055847168 
4.896046161651611 
5.093595504760742 
8.438223838806152 
4.991098403930664 
4.8777642250061035 
5.433104038238525 
5.036437034606934 
5.0661492347717285 
4.976592063903809 
4.968440055847168 
5.0256123542785645 
4.88832426071167 
6.25482177734375 
4.867984771728516 
6.41007137298584 
8.173322677612305 
4.8871355056762695 
5.2737956047058105 
6.105915069580078 
5.187440872192383 
5.452548980712891 
5.1728291511535645 
4.919480800628662 
4.889321327209473 
4.992462158203125 
8.76725959777832 
5.056166172027588 
4.934572219848633 
4.712067127227783 
5.300396919250488 
4.942485809326172 
5.091855049133301 
5.033420085906982 
4.876435279846191 
5.123033046722412 
5.32756233215332 
5.032784461975098 
4.890544891357422 
5.8431243896484375 
5.059584617614746 
4.727476596832275 
4.987658977508545 
4.853209495544434 
5.331207275390625 
4.884298324584961 
4.566509246826172 
5.015144348144531 
6.3054046630859375 
4.8640875816345215 
5.093775272369385 
7.090638160705566 
6.183451175689697 
5.018523216247559 
4.9998369216918945 
4.92347526550293 
9.061357498168945 
5.102882385253906 
4.918224334716797 
8.371294975280762 
7.346953392028809 
5.155393123626709 
7.815326690673828 
6.404484748840332 
8.418123245239258 
4.914193153381348 
4.67716646194458 
5.323090553283691 
5.133407115936279 
5.542452812194824 
4.979796886444092 
4.971883296966553 
5.829109191894531 
5.083131790161133 
4.80245304107666 
5.7189507484436035 
5.178622245788574 
6.1406450271606445 
4.751636505126953 
6.323860168457031 
5.950117588043213 
5.597596168518066 
6.279937267303467 
4.984562873840332 
5.188218116760254 
5.0789337158203125 
5.108424186706543 
5.596091270446777 
4.660181999206543 
5.2184953689575195 
5.142910003662109 
4.877482891082764 
4.900646209716797 
5.369685173034668 
5.728081226348877 
4.978817939758301 
4.958428382873535 
5.030436038970947 
5.155719757080078 
5.574220657348633 
5.142269134521484 
4.874864101409912 
4.736500263214111 
4.722485542297363 
4.975121974945068 
4.953671455383301 
5.335175037384033 
4.963057994842529 
4.841543197631836 
4.933621406555176 
5.130219459533691 
4.806987762451172 
5.8022780418396 
4.885277271270752 
4.9134321212768555 
4.798834323883057 
5.782810211181641 
6.172560214996338 
6.578680992126465 
5.0162506103515625 
5.352873802185059 
6.349614143371582 
6.739215850830078 
5.074419975280762 
7.644824981689453 
5.869990348815918 
5.904469966888428 
5.260441780090332 
4.962734222412109 
4.964626312255859 
4.983903884887695 
5.973602294921875 
4.924046993255615 
6.97519063949585 
4.69542932510376 
5.501993179321289 
4.676548480987549 
4.8606157302856445 
5.2216339111328125 
4.700992107391357 
9.814277648925781 
5.049347400665283 
5.918084621429443 
6.791143894195557 
4.866844654083252 
5.006303787231445 
5.007758617401123 
6.217897415161133 
5.835073471069336 
5.004508018493652 
4.764194488525391 
6.299201011657715 
5.274082183837891 
5.3529558181762695 
5.442453384399414 
5.033750534057617 
5.032184600830078 
5.7047576904296875 
5.585567474365234 
4.97111701965332 
4.953699111938477 
4.628159999847412 
5.2004241943359375 
5.074285984039307 
6.516181945800781 
5.02471923828125 
5.215947151184082 
4.963739395141602 
5.0855207443237305 
6.376228332519531 
5.156357288360596 
5.300326347351074 
4.875854015350342 
5.031890869140625 
5.552456378936768 
5.233910083770752 
7.577430248260498 
5.2204742431640625 
5.21238374710083 
6.920137405395508 
4.831982612609863 
7.4717116355896 
4.929995536804199 
4.873307228088379 
5.0762739181518555 
4.916999340057373 
5.099819660186768 
5.1377058029174805 
4.924088001251221 
5.000543117523193 
4.939374923706055 
5.45960807800293 
4.999053001403809 
7.1488037109375 
5.070449352264404 
5.378016948699951 
7.992727279663086 
5.911769866943359 
5.251708030700684 
4.9017863273620605 
5.025691032409668 
5.001506805419922 
4.997450828552246 
6.222918510437012 
5.045459747314453 
4.687565326690674 
5.471124649047852 
5.096686363220215 
4.877621650695801 
5.067910194396973 
4.9631476402282715 
7.311981201171875 
5.1951823234558105 
5.056970119476318 
4.643322467803955 
5.524551868438721 
4.768270015716553 
4.7650604248046875 
5.706462860107422 
4.730356693267822 
5.044933319091797 
5.209683418273926 
4.893360614776611 
5.265012264251709 
5.00740909576416 
5.063599586486816 
4.851630210876465 
5.089447498321533 
4.861523628234863 
4.95386266708374 
5.13077974319458 
5.184098243713379 
4.88967227935791 
4.9425129890441895 
5.992800235748291 
4.821704387664795 
5.134710311889648 
5.537589073181152 
5.126280784606934 
5.050588607788086 
5.806761741638184 
7.63128662109375 
4.963991641998291 
4.775635719299316 
6.13578987121582 
4.81491756439209 
5.882622718811035 
4.80140495300293 
7.978593826293945 
5.155384063720703 
7.6762189865112305 
5.156803131103516 
4.8795647621154785 
4.849672317504883 
5.162792205810547 
5.002315044403076 
4.727027416229248 
4.973676681518555 
4.827242851257324 
4.865652561187744 
7.691751480102539 
4.787434101104736 
5.277851581573486 
4.968747615814209 
5.082920074462891 
4.677028656005859 
5.042764663696289 
4.7121686935424805 
5.222796440124512 
5.371732711791992 
4.963172912597656 
4.768005847930908 
4.895198345184326 
5.318150997161865 
5.02327299118042 
5.360320091247559 
4.78486442565918 
4.623056888580322 
4.868799209594727 
4.910606384277344 
5.007981300354004 
6.9298906326293945 
4.606344223022461 
5.068251609802246 
5.004522323608398 
5.016119480133057 
4.800180435180664 
4.938477516174316 
4.825724124908447 
4.919661045074463 
4.925121307373047 
5.0985426902771 
5.202676773071289 
6.068453311920166 
5.454352378845215 
5.038991928100586 
4.9733147621154785 
4.766825199127197 
4.6254167556762695 
5.474964141845703 
5.62313175201416 
5.623357772827148 
4.9309821128845215 
5.65256929397583 
5.041959285736084 
5.2121124267578125 
6.053190231323242 
5.013495445251465 
4.890468120574951 
4.743706226348877 
5.131037712097168 
4.964146614074707 
5.003523826599121 
5.07696533203125 
4.875757217407227 
5.070076942443848 
4.911585330963135 
5.150139808654785 
4.990325927734375 
5.05087423324585 
5.144601821899414 
4.861349105834961 
6.194997787475586 
5.119613170623779 
5.593123912811279 
5.526394844055176 
5.613522052764893 
5.256467819213867 
4.910808563232422 
5.084056377410889 
4.855321884155273 
4.6404290199279785 
5.056281089782715 
6.6439008712768555 
5.66709041595459 
4.97705078125 
5.06121826171875 
6.325771808624268 
4.935441493988037 
4.865855693817139 
5.149616241455078 
5.105834007263184 
5.187622547149658 
4.905838966369629 
5.205414772033691 
8.002815246582031 
5.05825138092041 
5.822981834411621 
4.906369209289551 
4.846934795379639 
4.926091194152832 
5.835999488830566 
5.742166996002197 
6.1260986328125 
5.786868572235107 
4.964087009429932 
4.787966728210449 
6.268706798553467 
4.910571575164795 
5.010214805603027 
6.072207927703857 
5.126193523406982 
4.982861518859863 
4.59666633605957 
4.932041168212891 
4.759886741638184 
5.373917579650879 
4.886249542236328 
4.90883731842041 
4.693304061889648 
5.17413330078125 
4.9800825119018555 
5.131011009216309 
4.779147148132324 
4.832947731018066 
4.8996500968933105 
5.14388370513916 
5.770866870880127 
5.533879280090332 
5.439779281616211 
4.92111873626709 
4.9107561111450195 
4.950608253479004 
4.899604797363281 
5.086757659912109 
6.002467155456543 
6.79791259765625 
5.221188068389893 
5.243140697479248 
5.891745090484619 
6.73201847076416 
5.146598815917969 
4.8206892013549805 
4.799778938293457 
6.038987636566162 
5.043413162231445 
5.012261390686035 
4.893759727478027 
5.259864330291748 
4.942935466766357 
6.710172176361084 
5.61442756652832 
5.339267253875732 
4.978944778442383 
5.148834228515625 
5.541643142700195 
5.267418384552002 
4.82594633102417 
5.317738056182861 
4.794754981994629 
4.942054748535156 
4.7950921058654785 
4.971391201019287 
5.985201835632324 
5.020418167114258 
4.911359786987305 
5.0475544929504395 
5.264378547668457 
4.935696601867676 
5.842135429382324 
4.962188720703125 
5.856912612915039 
4.798580169677734 
5.555037021636963 
5.1516828536987305 
5.043306350708008 
5.0330939292907715 
4.813383102416992 
5.023679733276367 
5.1135406494140625 
5.011458396911621 
5.381689071655273 
4.995384693145752 
5.158877372741699 
5.119202136993408 
4.8369855880737305 
4.950412273406982 
5.119923114776611 
4.969913959503174 
4.3735222816467285 
4.916680335998535 
5.055832862854004 
5.229282855987549 
5.151828289031982 
4.977914333343506 
5.775062561035156 
8.75844669342041 
5.128151893615723 
4.983104705810547 
6.771416664123535 
4.777104377746582 
5.046436309814453 
5.331720352172852 
5.029197692871094 
4.7686309814453125 
4.799798011779785 
4.846045017242432 
5.529281139373779 
5.187261581420898 
5.7942938804626465 
4.931877136230469 
5.443310260772705 
5.545464992523193 
5.072410583496094 
4.96799898147583 
5.296020030975342 
6.716699600219727 
5.518566608428955 
4.808271408081055 
5.246546745300293 
6.847897529602051 
5.352878570556641 
5.635997295379639 
4.907392501831055 
4.774777412414551 
6.03886604309082 
5.0953898429870605 
5.0947113037109375 
4.758419990539551 
4.560355186462402 
5.101751327514648 
4.828383922576904 
5.251816749572754 
4.890262603759766 
4.727866172790527 
5.329362869262695 
5.397552013397217 
5.006715774536133 
5.017776012420654 
6.1311259269714355 
5.041586399078369 
4.939512252807617 
5.425025939941406 
5.316947937011719 
8.208568572998047 
5.918459892272949 
5.066427230834961 
5.258854389190674 
4.944465637207031 
4.769242763519287 
4.898497581481934 
6.516523361206055 
5.254682540893555 
7.213651657104492 
5.212653160095215 
5.441997528076172 
4.822296142578125 
4.8262248039245605 
5.123274326324463 
5.926382064819336 
4.784658908843994 
4.929891109466553 
4.966442108154297 
4.917506217956543 
5.740016460418701 
4.9999284744262695 
4.826652526855469 
5.195102214813232 
5.168558597564697 
5.665818691253662 
5.418899059295654 
5.520628929138184 
5.168427467346191 
4.774053573608398 
5.462285041809082 
6.01601505279541 
5.275338172912598 
5.158657073974609 
4.970059394836426 
4.921572208404541 
4.995278358459473 
5.3450822830200195 
4.976683139801025 
5.099839687347412 
7.930887222290039 
4.7539544105529785 
4.912400245666504 
5.466197967529297 
4.8372321128845215 
4.95777702331543 
4.716867923736572 
4.582683563232422 
6.016354560852051 
4.782707214355469 
4.883984088897705 
4.905585765838623 
4.923142910003662 
4.989601135253906 
5.349368095397949 
5.030461311340332 
4.826676368713379 
5.398257732391357 
4.693839073181152 
4.829709053039551 
5.262722492218018 
5.329886436462402 
5.855673789978027 
4.924533367156982 
5.139908313751221 
4.793919563293457 
4.934412002563477 
5.302178859710693 
4.743122577667236 
5.105278015136719 
4.740221977233887 
5.04308557510376 
4.84037971496582 
4.846043586730957 
5.049880027770996 
7.126431465148926 
5.051017761230469 
5.0722479820251465 
5.243228912353516 
5.555331230163574 
4.4778032302856445 
5.369780540466309 
4.831636428833008 
5.004785537719727 
5.123635292053223 
7.7412614822387695 
4.896241188049316 
4.7724714279174805 
4.929944038391113 
6.1387176513671875 
5.277154922485352 
4.850891590118408 
5.444096088409424 
4.976097583770752 
4.631243705749512 
4.867710590362549 
5.299679756164551 
5.054247856140137 
5.054697036743164 
6.324765205383301 
4.875901699066162 
4.682204246520996 
4.735944747924805 
5.532758712768555 
4.835207939147949 
5.644845962524414 
4.956703186035156 
5.000828266143799 
5.052177429199219 
5.0897650718688965 
5.46449089050293 
4.642515659332275 
4.899044513702393 
4.768050193786621 
4.991701602935791 
5.180846214294434 
5.253202438354492 
5.043574810028076 
4.998861789703369 
4.964976787567139 
5.436038017272949 
5.060617446899414 
4.656516075134277 
5.0343475341796875 
4.899230003356934 
5.337018966674805 
5.553869247436523 
5.495950222015381 
5.154420852661133 
4.800321102142334 
5.043980598449707 
5.020210266113281 
4.653322219848633 
4.781303882598877 
5.0009765625 
4.926425457000732 
6.029461860656738 
5.338988304138184 
5.361362934112549 
4.972148418426514 
4.95855188369751 
5.214308261871338 
5.143962383270264 
5.213553428649902 
5.32234001159668 
5.089659690856934 
5.167922019958496 
6.241930961608887 
4.833359241485596 
6.545135498046875 
5.658357620239258 
5.2054338455200195 
6.75493049621582 
5.291929244995117 
5.25258731842041 
5.057548522949219 
5.314974784851074 
4.866682052612305 
4.456045627593994 
4.776644706726074 
5.6191487312316895 
4.892377853393555 
5.132952690124512 
6.045697212219238 
4.863855361938477 
4.938723087310791 
5.266324520111084 
4.960528373718262 
4.747457504272461 
6.311751842498779 
5.007883548736572 
5.135200023651123 
5.000450134277344 
5.939230918884277 
4.8341522216796875 
4.955384254455566 
4.885232448577881 
6.552168846130371 
5.0908403396606445 
5.012420654296875 
4.816477298736572 
4.984421253204346 
5.767219543457031 
5.065748691558838 
5.337593078613281 
5.012144088745117 
5.2210612297058105 
4.96264123916626 
7.9142351150512695 
5.284445762634277 
4.793644905090332 
5.189593315124512 
4.997968673706055 
5.294380187988281 
5.326142311096191 
5.253054141998291 
7.526696681976318 
4.855916976928711 
6.461806774139404 
6.3877716064453125 
5.716084957122803 
5.382731914520264 
6.325190544128418 
5.263859272003174 
4.8481855392456055 
5.516791343688965 
4.793676376342773 
4.758698463439941 
6.577797889709473 
5.225085735321045 
4.854751110076904 
8.02977180480957 
5.278688430786133 
7.354373455047607 
4.614538669586182 
5.387272834777832 
5.823312759399414 
7.3038177490234375 
5.060888290405273 
5.029125213623047 
4.928823471069336 
5.0229973793029785 
5.264961242675781 
4.8202619552612305 
4.815162181854248 
5.111041069030762 
5.311164855957031 
5.473210334777832 
5.009035110473633 
5.02540397644043 
5.29681396484375 
7.34886360168457 
5.732669830322266 
5.017561912536621 
5.038147926330566 
5.29639196395874 
4.787175178527832 
4.966581344604492 
5.216085910797119 
4.772545337677002 
6.095700740814209 
5.266820907592773 
4.838218688964844 
4.907373905181885 
4.989819526672363 
4.652609348297119 
4.853316307067871 
4.827817440032959 
4.660452365875244 
4.846473693847656 
4.809090614318848 
5.956533432006836 
8.1724214553833 
5.176990032196045 
5.011381149291992 
4.934359550476074 
4.821028232574463 
4.828868389129639 
5.037315368652344 
5.206501007080078 
4.869437217712402 
5.651835918426514 
5.01181697845459 
5.222188949584961 
4.950913906097412 
4.979287147521973 
5.013734817504883 
5.522824764251709 
4.8389787673950195 
4.814030170440674 
5.041962623596191 
4.9338226318359375 
5.335826873779297 
5.113768577575684 
7.311064720153809 
4.894266128540039 
5.499443531036377 
6.069819450378418 
5.095361232757568 
7.1785383224487305 
5.8532562255859375 
5.028635025024414 
5.7540388107299805 
5.715201377868652 
4.927609443664551 
6.404176235198975 
5.7346014976501465 
5.9225544929504395 
5.72113037109375 
5.350173473358154 
6.478175163269043 
4.739535331726074 
5.117605686187744 
5.8800153732299805 
6.056110858917236 
5.971454620361328 
4.856128215789795 
6.636931419372559 
4.794713973999023 
5.457798957824707 
5.057737827301025 
5.628392219543457 
4.778815269470215 
7.69913387298584 
4.964772701263428 
4.667798042297363 
4.842968463897705 
5.075650215148926 
6.034440994262695 
4.765416622161865 
5.890336036682129 
5.175352096557617 
6.549209117889404 
4.933868885040283 
5.201484203338623 
5.1030426025390625 
4.851206302642822 
5.170005798339844 
6.293173789978027 
8.401260375976562 
5.187811851501465 
5.216383457183838 
4.832408428192139 
5.025688171386719 
4.767928123474121 
5.196957588195801 
4.691969871520996 
6.593017101287842 
5.149299144744873 
4.812252521514893 
5.20532751083374 
5.920840263366699 
4.970700263977051 
4.812786102294922 
5.016749858856201 
5.191371917724609 
5.443671703338623 
4.863188743591309 
5.151427268981934 
4.816868305206299 
5.790884971618652 
5.779599189758301 
6.410979747772217 
5.088061809539795 
5.193657398223877 
4.935084342956543 
4.763492584228516 
5.669443130493164 
5.034608364105225 
5.071420192718506 
5.596029281616211 
5.6567230224609375 
4.9310431480407715 
4.800417423248291 
5.628689765930176 
5.324638366699219 
6.527331352233887 
5.361913204193115 
5.050957202911377 
5.839474678039551 
5.322044372558594 
4.698328495025635 
6.533016204833984 
4.979859352111816 
5.060764312744141 
5.389980316162109 
5.799332618713379 
4.890740871429443 
4.796469211578369 
4.911616802215576 
4.894181728363037 
5.185023784637451 
4.831203460693359 
5.294797420501709 
4.8181843757629395 
4.943476676940918 
4.961424350738525 
4.982354164123535 
4.878208160400391 
4.919736862182617 
5.136226654052734 
5.0538434982299805 
5.81519889831543 
4.8296661376953125 
4.947098731994629 
4.9079508781433105 
5.080317497253418 
4.796731472015381 
5.011729717254639 
5.628695487976074 
4.990227222442627 
7.995395183563232 
5.768562316894531 
7.474100112915039 
5.213240146636963 
4.941774845123291 
6.038308143615723 
5.077897071838379 
5.131612777709961 
5.5824151039123535 
5.848188400268555 
5.154400825500488 
4.963084697723389 
5.153134822845459 
4.935804843902588 
4.961440086364746 
5.084505081176758 
5.580261707305908 
4.966023921966553 
4.826615810394287 
5.184182167053223 
4.940608978271484 
5.006192207336426 
4.862961769104004 
4.957520008087158 
4.874444484710693 
5.010418891906738 
5.446723461151123 
5.2887468338012695 
5.41934061050415 
5.326568126678467 
5.327376365661621 
5.080864906311035 
4.879568099975586 
5.069220066070557 
5.125827789306641 
5.098526954650879 
4.832467079162598 
4.786809921264648 
5.961207866668701 
4.8646721839904785 
6.425960540771484 
4.8506178855896 
4.824237823486328 
5.256193161010742 
5.52396821975708 
5.637217044830322 
6.49942684173584 
5.798810005187988 
4.784705638885498 
5.142544746398926 
4.90032434463501 
4.718090057373047 
5.239290237426758 
4.930402755737305 
5.161371231079102 
5.729376792907715 
5.207178592681885 
5.560856342315674 
5.1073503494262695 
4.566455364227295 
4.701770305633545 
4.806278228759766 
5.23028564453125 
5.453785419464111 
4.877889633178711 
5.66618013381958 
5.019454002380371 
4.908050537109375 
5.347695350646973 
5.000398635864258 
4.855615615844727 
4.828861236572266 
5.288830757141113 
4.984236240386963 
4.908321380615234 
6.086237907409668 
6.148037910461426 
4.903935432434082 
5.656866073608398 
5.0163116455078125 
7.233728408813477 
5.680945873260498 
5.124242782592773 
4.931258201599121 
4.767998695373535 
5.262652397155762 
4.942090034484863 
5.012665271759033 
4.989551067352295 
5.237942695617676 
4.787459373474121 
9.257617950439453 
6.389646530151367 
5.5628581047058105 
5.043519020080566 
4.664678573608398 
4.999636650085449 
5.129977226257324 
5.3055267333984375 
5.197970390319824 
4.993937969207764 
5.5376200675964355 
4.509500026702881 
4.935771465301514 
4.708559036254883 
5.153975009918213 
4.999300956726074 
5.177921295166016 
4.658591270446777 
5.235686302185059 
6.53468132019043 
5.163637638092041 
5.882497787475586 
4.9714789390563965 
5.046791076660156 
5.039656639099121 
4.855988502502441 
5.135242462158203 
4.867101669311523 
4.884012222290039 
5.180507659912109 
4.939702033996582 
4.983577728271484 
5.036673545837402 
5.064401626586914 
5.462985992431641 
5.253011703491211 
5.2378830909729 
5.301392078399658 
5.1297149658203125 
5.661688804626465 
4.8782243728637695 
5.777613162994385 
5.372722148895264 
4.711774826049805 
7.451990604400635 
5.8922858238220215 
4.935218334197998 
5.007371425628662 
5.307978630065918 
5.042745590209961 
5.284680366516113 
5.906050205230713 
5.237410068511963 
5.228771209716797 
4.545437812805176 
5.175924301147461 
5.043386459350586 
5.189481735229492 
4.945452690124512 
5.106440544128418 
4.718843460083008 
4.856750011444092 
5.222753524780273 
