7.280730247497559 
6.120429515838623 
7.019361972808838 
5.9770989418029785 
5.82788610458374 
6.146215915679932 
6.310855388641357 
6.018648147583008 
7.286099910736084 
6.712270259857178 
6.392423152923584 
6.073370456695557 
5.900993824005127 
6.0889716148376465 
6.488494873046875 
6.587526798248291 
6.404721260070801 
6.424433708190918 
5.906262397766113 
6.489868640899658 
7.304233074188232 
5.518661975860596 
6.4831342697143555 
5.861705303192139 
6.534652233123779 
6.277868270874023 
5.947404384613037 
6.755716800689697 
6.2264723777771 
6.569756984710693 
6.939892768859863 
5.95984411239624 
7.481372356414795 
6.906161785125732 
6.152540683746338 
6.014715671539307 
7.861313819885254 
6.686465263366699 
6.4520769119262695 
6.643854141235352 
5.921211242675781 
6.8463921546936035 
6.070685863494873 
5.736123085021973 
7.272689342498779 
7.079654693603516 
6.790542125701904 
6.334429740905762 
6.317061901092529 
7.4047956466674805 
6.183760166168213 
6.446024417877197 
6.199406147003174 
7.228119373321533 
6.14320707321167 
6.44108247756958 
6.771607875823975 
6.918709754943848 
6.473966121673584 
6.192469120025635 
6.411987781524658 
6.140230178833008 
6.64292573928833 
5.88228178024292 
7.227281093597412 
7.539268493652344 
6.948299407958984 
6.672851085662842 
6.0712103843688965 
5.960141181945801 
6.23655366897583 
7.044785022735596 
6.559497356414795 
5.496693134307861 
6.522928237915039 
5.877950191497803 
6.013176918029785 
5.9048309326171875 
6.348630428314209 
6.231820106506348 
6.524361610412598 
5.999993801116943 
6.1442790031433105 
5.951858997344971 
6.930506229400635 
6.120650291442871 
6.420108318328857 
6.564351558685303 
6.419225215911865 
6.424167156219482 
5.35322380065918 
6.4703192710876465 
6.647706985473633 
7.592445373535156 
6.799665927886963 
6.620025634765625 
6.107645511627197 
6.278529644012451 
6.144134998321533 
6.1231770515441895 
7.091625690460205 
6.208162307739258 
6.6719183921813965 
7.691609859466553 
6.101169109344482 
7.173622131347656 
5.940293788909912 
5.916558742523193 
5.875760078430176 
5.764573574066162 
7.01472282409668 
6.463374137878418 
6.932922840118408 
6.920433521270752 
6.052466869354248 
6.421900749206543 
6.200125217437744 
5.968381404876709 
6.15255880355835 
6.350393772125244 
6.161032199859619 
6.138631343841553 
5.6901631355285645 
6.823618412017822 
6.7775559425354 
6.038017749786377 
5.79800271987915 
6.604820728302002 
6.542815685272217 
6.478301525115967 
5.650920867919922 
6.554214000701904 
7.249673843383789 
6.899272918701172 
6.381219387054443 
6.45729398727417 
6.112991809844971 
5.882238864898682 
5.8889994621276855 
5.746593475341797 
6.460099697113037 
5.600286483764648 
6.508605480194092 
6.425411224365234 
6.158112049102783 
6.12365198135376 
6.1130828857421875 
5.936024188995361 
6.3627448081970215 
6.1035661697387695 
7.191851615905762 
6.338138103485107 
6.269725322723389 
6.339611530303955 
6.094638347625732 
6.873147487640381 
6.972752094268799 
7.112505912780762 
6.6072492599487305 
6.951290607452393 
5.891557216644287 
6.4011149406433105 
6.4117960929870605 
6.2009358406066895 
4.8932719230651855 
6.496551036834717 
6.599907398223877 
5.992257595062256 
6.2952880859375 
6.137088775634766 
6.530795097351074 
5.563966274261475 
5.34737491607666 
6.883930206298828 
6.060003280639648 
6.362682819366455 
6.468008995056152 
6.585841655731201 
6.022182941436768 
5.887173175811768 
6.2753777503967285 
5.792569637298584 
6.460611820220947 
6.463027477264404 
6.533586025238037 
7.326855659484863 
6.659769535064697 
5.874600887298584 
5.494191646575928 
6.206569194793701 
6.483919620513916 
6.042176723480225 
6.590301036834717 
6.4534430503845215 
6.592160701751709 
6.248173236846924 
6.474481105804443 
6.1021599769592285 
5.948763370513916 
6.72324275970459 
6.268060207366943 
7.581152439117432 
6.941169261932373 
6.049727916717529 
6.329672336578369 
5.848104000091553 
6.33243465423584 
7.3081793785095215 
6.602754592895508 
6.519778728485107 
6.316927909851074 
6.32929801940918 
6.260807514190674 
6.215243816375732 
5.945703983306885 
5.878704071044922 
6.755349636077881 
6.7456746101379395 
7.3571696281433105 
6.182834625244141 
7.029501914978027 
6.284069538116455 
6.330179691314697 
6.716121196746826 
6.4342474937438965 
6.087972164154053 
6.32865571975708 
5.727048397064209 
7.154515743255615 
7.409118175506592 
6.064143657684326 
7.22578763961792 
5.955596923828125 
6.065672397613525 
6.327733993530273 
5.55942964553833 
6.067641735076904 
6.95151424407959 
6.108763694763184 
6.813271522521973 
5.966146945953369 
6.124882698059082 
6.586474895477295 
5.665344715118408 
6.140286922454834 
5.569973945617676 
7.55100679397583 
6.217855453491211 
6.44140100479126 
6.390127182006836 
6.224696636199951 
6.68771505355835 
7.456035137176514 
6.1629862785339355 
7.413700580596924 
6.701757907867432 
6.768276214599609 
6.602780818939209 
7.201377868652344 
6.390679836273193 
5.943793773651123 
6.114802837371826 
7.491715431213379 
5.553154468536377 
6.2867207527160645 
6.472158908843994 
6.236980438232422 
6.413315296173096 
6.687063694000244 
7.012492656707764 
6.434578895568848 
6.3085479736328125 
5.411880970001221 
6.058689594268799 
6.272274494171143 
6.558224201202393 
6.293694019317627 
5.958206653594971 
5.9042510986328125 
6.375831127166748 
6.338925361633301 
6.42141580581665 
5.963968753814697 
5.518172264099121 
6.166914939880371 
6.383577823638916 
6.606250286102295 
5.5914835929870605 
5.9054059982299805 
6.943371772766113 
7.219486713409424 
6.310277462005615 
6.0636305809021 
6.282222270965576 
6.620863914489746 
6.588808536529541 
7.30323600769043 
7.063998222351074 
5.875906467437744 
6.1256513595581055 
6.583788871765137 
5.775452136993408 
6.148353099822998 
5.580260276794434 
5.772045135498047 
7.679933071136475 
7.297330856323242 
6.153685569763184 
6.031143665313721 
6.1976399421691895 
6.407944679260254 
6.137854099273682 
6.930775165557861 
6.031465530395508 
5.909832000732422 
5.968221664428711 
7.538618564605713 
6.327145576477051 
6.711055278778076 
7.203354358673096 
6.270366191864014 
6.165241241455078 
6.798331260681152 
5.5000901222229 
5.637160301208496 
6.007730007171631 
6.337769031524658 
6.412717342376709 
7.4515461921691895 
8.149537086486816 
6.525720119476318 
5.966416358947754 
6.267384052276611 
6.811282634735107 
7.3019537925720215 
7.064136981964111 
6.155206203460693 
6.63923978805542 
7.172302722930908 
6.704771518707275 
6.383785724639893 
5.540139675140381 
6.533557415008545 
6.092342376708984 
5.95261812210083 
6.092444896697998 
6.560733318328857 
5.701107025146484 
6.593160629272461 
6.133180618286133 
6.138703346252441 
5.808483600616455 
6.042973518371582 
6.121720314025879 
6.1414713859558105 
7.247584819793701 
5.844059467315674 
5.880031585693359 
5.981284141540527 
6.615013599395752 
6.4202880859375 
6.7284016609191895 
6.270850658416748 
6.2878031730651855 
6.311837673187256 
6.6350178718566895 
6.178907871246338 
7.00514030456543 
6.411896228790283 
6.490721225738525 
6.027726650238037 
6.019573211669922 
6.18284273147583 
6.686167240142822 
6.232977390289307 
6.080141544342041 
7.09039306640625 
6.6769280433654785 
6.314692497253418 
6.180078029632568 
7.1203813552856445 
7.3202338218688965 
6.387222766876221 
5.930177211761475 
6.361444473266602 
5.8768630027771 
6.291849613189697 
5.379247665405273 
6.396566867828369 
6.146953105926514 
5.721508502960205 
5.97134256362915 
6.760422229766846 
6.269596576690674 
6.535724639892578 
6.443601608276367 
5.956786155700684 
6.5328497886657715 
6.388380527496338 
6.817917823791504 
6.3285651206970215 
5.916912078857422 
6.575618267059326 
6.287654399871826 
6.341727256774902 
6.397426128387451 
6.516281604766846 
6.803158283233643 
7.153140068054199 
6.6152777671813965 
7.8273773193359375 
6.203779697418213 
5.899242877960205 
5.873220920562744 
6.261579990386963 
5.735077857971191 
6.089440822601318 
6.237948894500732 
5.792891979217529 
6.7050251960754395 
5.818355083465576 
5.8814921379089355 
6.414520263671875 
6.284626483917236 
6.508773326873779 
6.218035697937012 
5.905433177947998 
5.736724376678467 
6.516197681427002 
6.008495330810547 
5.575812816619873 
6.814781188964844 
6.550112724304199 
5.769721508026123 
6.6399827003479 
7.042266845703125 
6.729982852935791 
6.37893533706665 
5.908951282501221 
6.566503047943115 
6.4052605628967285 
6.2370476722717285 
7.004584312438965 
6.818580150604248 
6.436031818389893 
6.538885593414307 
5.670652866363525 
6.924062252044678 
6.049350261688232 
6.8215556144714355 
6.109389305114746 
7.551731586456299 
7.138016223907471 
6.506728649139404 
6.5974907875061035 
6.417178153991699 
6.513601779937744 
6.134471893310547 
7.191531658172607 
7.129023551940918 
7.100355625152588 
6.608640670776367 
6.321434020996094 
6.754695415496826 
6.231764316558838 
6.100477695465088 
6.3989739418029785 
6.24916934967041 
6.004597187042236 
6.223369121551514 
6.605764389038086 
6.699632167816162 
6.135366916656494 
5.818045616149902 
5.287467956542969 
6.199706554412842 
6.009629726409912 
6.543278217315674 
6.463723659515381 
7.226166248321533 
6.297900676727295 
6.914731502532959 
6.1940484046936035 
6.163534641265869 
5.892361164093018 
6.450986385345459 
6.387821674346924 
6.2870097160339355 
6.395054340362549 
5.976268768310547 
6.007609844207764 
7.297562599182129 
5.716216087341309 
6.864278793334961 
5.8446736335754395 
6.751716136932373 
5.866645336151123 
6.128506183624268 
6.54229736328125 
6.99799108505249 
6.0463480949401855 
5.802412509918213 
6.614575386047363 
7.46979284286499 
6.106021404266357 
6.592412948608398 
6.804119110107422 
6.505510330200195 
7.120675563812256 
6.215393543243408 
6.21420431137085 
5.825249195098877 
6.3907694816589355 
6.438857555389404 
7.003215312957764 
6.210748195648193 
6.286989688873291 
6.271104335784912 
6.454386234283447 
6.629186153411865 
6.582478046417236 
7.261805057525635 
6.130795001983643 
5.822460651397705 
6.148044586181641 
6.607996463775635 
6.181743144989014 
7.211125373840332 
5.957635402679443 
5.868667125701904 
7.424088954925537 
6.031610012054443 
7.513271808624268 
5.491563320159912 
6.526367664337158 
5.712148189544678 
6.407104015350342 
7.552845001220703 
6.595119476318359 
5.452308177947998 
6.084232807159424 
6.268505096435547 
6.160546779632568 
6.871676445007324 
6.965938091278076 
6.610156536102295 
5.912812232971191 
6.488418102264404 
6.577757358551025 
5.782188892364502 
6.357858180999756 
6.258884429931641 
6.370626449584961 
6.873034954071045 
6.9923176765441895 
6.015495300292969 
6.166406154632568 
6.141263008117676 
6.253783226013184 
6.233067989349365 
6.21661376953125 
6.6612629890441895 
6.7321672439575195 
6.335653781890869 
5.83970308303833 
6.167459487915039 
7.561011791229248 
6.290768146514893 
6.3181376457214355 
6.830936908721924 
6.075600624084473 
5.987281799316406 
6.5837178230285645 
6.879669666290283 
7.875805854797363 
6.3989081382751465 
5.940359592437744 
6.483479976654053 
6.0251030921936035 
6.428996562957764 
6.022676944732666 
6.5863261222839355 
5.8916916847229 
6.375434398651123 
6.062361240386963 
5.693755626678467 
6.195560932159424 
6.335692882537842 
6.127319812774658 
7.266786098480225 
6.0783371925354 
6.484508037567139 
7.3727569580078125 
6.492872714996338 
5.923922061920166 
7.071414947509766 
6.471935272216797 
5.982322692871094 
6.641452312469482 
6.561016082763672 
6.167344570159912 
6.847104549407959 
6.218591213226318 
5.413092136383057 
7.1496262550354 
6.6112380027771 
6.391058444976807 
6.1865363121032715 
6.300411701202393 
6.1748881340026855 
6.849186420440674 
5.909444808959961 
7.241563320159912 
6.351222038269043 
6.225543975830078 
6.454663276672363 
7.622393608093262 
6.170507431030273 
8.0051908493042 
7.295439720153809 
6.71821403503418 
5.9929070472717285 
6.219537734985352 
5.520057201385498 
6.6095356941223145 
7.018609046936035 
5.915313243865967 
5.699270248413086 
6.305459499359131 
6.294295310974121 
6.457180023193359 
7.432888507843018 
6.687362194061279 
5.961170673370361 
5.959239482879639 
5.750986576080322 
5.797825813293457 
6.160619258880615 
5.838858127593994 
6.789561748504639 
6.2632880210876465 
6.095036029815674 
6.954672813415527 
5.792855739593506 
6.433273792266846 
6.083632946014404 
7.017612934112549 
5.661071300506592 
6.7885308265686035 
7.858735084533691 
5.54934549331665 
5.93015193939209 
6.472976207733154 
5.618113040924072 
5.28886079788208 
7.03713321685791 
6.9718804359436035 
6.261949062347412 
5.798830509185791 
6.461624622344971 
6.286452770233154 
6.361546039581299 
5.8800859451293945 
5.807240009307861 
6.001359462738037 
6.244740009307861 
7.286054611206055 
5.964589595794678 
5.927217960357666 
6.953763008117676 
6.577658653259277 
6.034789085388184 
8.004831314086914 
6.5752410888671875 
6.711699485778809 
6.216893672943115 
5.798485279083252 
7.9116926193237305 
7.080170154571533 
6.846144199371338 
6.427976131439209 
6.735616207122803 
5.9861226081848145 
6.1313910484313965 
6.229381561279297 
6.210604667663574 
6.429845333099365 
6.075420379638672 
5.738123416900635 
6.230884075164795 
6.776451587677002 
6.29359245300293 
7.284095287322998 
6.2582783699035645 
5.716928005218506 
6.965688228607178 
6.556724548339844 
6.342283725738525 
7.377912521362305 
6.238715171813965 
5.237410545349121 
5.494301795959473 
5.859652996063232 
6.046367168426514 
7.038822174072266 
5.892370700836182 
7.029595851898193 
6.295480251312256 
5.9752655029296875 
5.853463649749756 
6.183334827423096 
7.090983867645264 
7.077137470245361 
5.798516273498535 
6.12714958190918 
5.981438159942627 
6.962906360626221 
6.530297756195068 
5.91155481338501 
6.24207067489624 
5.366062641143799 
5.9760355949401855 
6.780364990234375 
7.332736492156982 
6.340784549713135 
6.2421088218688965 
6.083494663238525 
7.488428592681885 
6.982625484466553 
5.593459129333496 
6.772222995758057 
6.155482769012451 
6.551955699920654 
6.455918788909912 
5.772922992706299 
7.487677097320557 
6.221372127532959 
6.661096096038818 
6.588835716247559 
5.768426418304443 
5.969569683074951 
5.955398082733154 
6.850710391998291 
6.732020378112793 
6.361738681793213 
6.451952934265137 
6.479340076446533 
6.584841728210449 
5.881618976593018 
6.314442157745361 
5.739829063415527 
6.351416110992432 
6.7884063720703125 
7.248692035675049 
5.590305328369141 
6.144125938415527 
6.295594692230225 
5.910207271575928 
6.85059118270874 
6.129608631134033 
5.882927894592285 
5.6740193367004395 
6.037831783294678 
6.450312614440918 
6.420639514923096 
6.430051326751709 
6.129153728485107 
6.450270175933838 
6.517338275909424 
6.632793426513672 
5.585285663604736 
6.3727874755859375 
6.036040782928467 
6.7027506828308105 
6.681940078735352 
6.115360260009766 
6.414212226867676 
6.243444919586182 
6.17565393447876 
6.29849100112915 
7.640472412109375 
6.137303829193115 
7.26590633392334 
5.8133416175842285 
7.08262825012207 
6.467983722686768 
6.054534435272217 
6.5632100105285645 
6.1290693283081055 
7.239333629608154 
5.810268878936768 
5.909359455108643 
5.531129360198975 
6.237509250640869 
7.091287136077881 
6.014096736907959 
5.68152379989624 
7.248322010040283 
6.164662837982178 
7.01629114151001 
6.2047038078308105 
6.673547267913818 
6.494813442230225 
7.476544380187988 
7.215839862823486 
6.5577874183654785 
5.805200099945068 
6.188057899475098 
6.510070323944092 
6.351991653442383 
7.2568511962890625 
6.6823296546936035 
6.17152738571167 
6.263679027557373 
5.838757038116455 
6.617105484008789 
6.619421482086182 
5.680894374847412 
6.216604232788086 
6.728130340576172 
5.4405903816223145 
5.839345932006836 
6.01566219329834 
6.369527816772461 
5.717721462249756 
6.7390570640563965 
6.436136722564697 
6.315308570861816 
6.5342698097229 
7.210305690765381 
6.503907680511475 
6.657103061676025 
7.015838146209717 
5.997671604156494 
6.167786598205566 
6.102908134460449 
6.001433849334717 
7.472775936126709 
7.316066265106201 
6.692960262298584 
6.506991863250732 
5.779790878295898 
6.4572367668151855 
6.578466892242432 
6.654263973236084 
6.0709099769592285 
6.312577247619629 
6.6897196769714355 
6.721710681915283 
7.693124771118164 
7.472891807556152 
6.236673831939697 
6.143331050872803 
6.3580498695373535 
6.539162635803223 
5.991549015045166 
6.462152004241943 
6.149425983428955 
6.945078372955322 
6.225729942321777 
6.25747537612915 
6.2417988777160645 
6.198931694030762 
6.6845598220825195 
6.480205059051514 
5.665740966796875 
6.478446006774902 
5.961211681365967 
6.102664470672607 
5.79426908493042 
5.918013572692871 
6.384685039520264 
6.236379146575928 
5.564611911773682 
5.515373706817627 
6.152453422546387 
6.628503799438477 
7.211365699768066 
6.354304313659668 
6.1487884521484375 
6.374989986419678 
6.287410259246826 
6.30968713760376 
7.081886291503906 
6.406472206115723 
6.363257884979248 
6.51993465423584 
5.729880332946777 
6.488068103790283 
6.444125652313232 
6.019857883453369 
5.786856174468994 
5.872401714324951 
6.375075817108154 
6.11967134475708 
5.73974084854126 
6.45896577835083 
6.610357761383057 
6.649267673492432 
6.471911430358887 
6.365786552429199 
6.58960485458374 
6.261274337768555 
6.557479381561279 
6.194156169891357 
6.446932315826416 
6.720706462860107 
7.190761566162109 
6.025054454803467 
6.567723274230957 
6.495429515838623 
6.745184421539307 
6.041117191314697 
5.809596538543701 
6.330517292022705 
6.521605014801025 
6.541896343231201 
6.42577600479126 
6.411862850189209 
6.400001525878906 
7.396356105804443 
6.686753749847412 
6.305636882781982 
7.422837734222412 
6.614711284637451 
6.894730091094971 
6.235499858856201 
6.591765403747559 
7.114632606506348 
6.384284496307373 
7.065690517425537 
6.821203231811523 
6.58188533782959 
6.426905155181885 
7.382577896118164 
6.437397480010986 
6.371229648590088 
6.349876403808594 
6.452004432678223 
5.754812717437744 
5.96334171295166 
5.972713947296143 
6.184641361236572 
6.885975360870361 
6.555699825286865 
5.688336372375488 
6.372801303863525 
6.43018102645874 
6.7401275634765625 
6.938033580780029 
6.235040187835693 
5.769416809082031 
7.369497299194336 
7.392408847808838 
6.187499523162842 
6.727281093597412 
6.284404277801514 
6.487478256225586 
6.589761257171631 
6.373908042907715 
6.223217487335205 
6.061135768890381 
5.707911968231201 
6.174603462219238 
5.8509650230407715 
6.824041843414307 
5.908507823944092 
7.000661373138428 
6.210114002227783 
6.176202297210693 
6.897554874420166 
6.152937412261963 
6.861729621887207 
6.542788505554199 
6.58724308013916 
5.601291179656982 
6.209493160247803 
6.819971561431885 
5.905410289764404 
6.1184983253479 
6.231335163116455 
5.880785942077637 
6.65934419631958 
7.693323612213135 
7.175727844238281 
7.322309970855713 
6.842939853668213 
6.491378307342529 
5.8647637367248535 
6.2656097412109375 
6.0075297355651855 
5.997021675109863 
5.601149082183838 
6.112950325012207 
6.192304611206055 
6.577475070953369 
6.733118534088135 
6.423196792602539 
7.063468933105469 
6.409217357635498 
5.700673580169678 
5.803712844848633 
6.120381832122803 
7.259042263031006 
6.0575456619262695 
6.060176372528076 
6.4470014572143555 
6.024500370025635 
7.723921298980713 
5.638983249664307 
6.114613056182861 
6.910767555236816 
6.500972270965576 
6.213220119476318 
5.70331335067749 
6.230326175689697 
5.8312249183654785 
5.805115222930908 
6.458728313446045 
5.973467826843262 
6.452911853790283 
6.1956095695495605 
6.360222339630127 
6.678310871124268 
6.139013767242432 
6.371385097503662 
7.347500324249268 
6.261510372161865 
6.0283403396606445 
6.1614155769348145 
6.25443696975708 
6.8121161460876465 
5.703647136688232 
6.164236545562744 
6.920068264007568 
6.534452438354492 
6.387561798095703 
6.1143717765808105 
6.437854290008545 
6.33259391784668 
5.880242824554443 
5.430943965911865 
5.880126476287842 
6.258504390716553 
6.598823547363281 
6.856940746307373 
7.35805606842041 
6.364883899688721 
6.123284816741943 
6.3827338218688965 
5.946308135986328 
5.931212425231934 
6.841037750244141 
5.972907543182373 
6.023316383361816 
5.8277435302734375 
6.493862628936768 
6.34383487701416 
6.5826592445373535 
6.6695027351379395 
6.688713550567627 
6.40842342376709 
6.09926176071167 
7.598772048950195 
6.117316722869873 
6.424768447875977 
6.3330817222595215 
7.178412914276123 
6.259629249572754 
6.627278804779053 
6.228243350982666 
6.376476764678955 
6.474207878112793 
6.770829200744629 
6.088896751403809 
6.113369464874268 
6.833655834197998 
5.327563762664795 
6.148571491241455 
6.911769390106201 
6.708098888397217 
7.037092685699463 
6.768916130065918 
7.3007893562316895 
6.497732639312744 
6.4713006019592285 
6.337460041046143 
5.799108982086182 
6.130618572235107 
6.111049175262451 
6.3121771812438965 
6.329142093658447 
6.161780834197998 
6.963193416595459 
6.451242923736572 
6.308183193206787 
6.368261814117432 
6.859348297119141 
6.173671245574951 
6.1808180809021 
6.890198230743408 
6.54280948638916 
6.135325908660889 
6.534677982330322 
5.91453218460083 
6.95794153213501 
6.2195963859558105 
6.060122489929199 
7.349173069000244 
6.185307025909424 
7.006198883056641 
6.250686168670654 
6.946507930755615 
5.983096599578857 
6.22039270401001 
6.178361415863037 
6.14989709854126 
6.270671844482422 
6.343074321746826 
5.507966041564941 
6.424060344696045 
6.403610706329346 
6.428178310394287 
6.245964050292969 
6.1474409103393555 
6.086698055267334 
6.014956951141357 
6.544349193572998 
6.140624046325684 
5.875918865203857 
6.304931640625 
6.895736217498779 
5.900822639465332 
6.392637729644775 
6.03618860244751 
7.124115467071533 
5.946548938751221 
5.812768936157227 
6.5713419914245605 
6.863767147064209 
6.032928943634033 
5.470649719238281 
5.893559455871582 
5.992669582366943 
6.234739780426025 
5.993048191070557 
6.551260471343994 
7.288367748260498 
6.4049248695373535 
6.127862453460693 
6.54934549331665 
6.765688896179199 
6.551997184753418 
5.628532886505127 
6.452581882476807 
5.785679340362549 
6.766499042510986 
5.677862167358398 
6.805717945098877 
6.036124229431152 
7.173421382904053 
7.095490455627441 
6.836925983428955 
7.191205024719238 
6.361024379730225 
5.679769039154053 
6.74768590927124 
5.9827351570129395 
6.3809709548950195 
5.947159290313721 
6.3962273597717285 
7.254027843475342 
7.286734104156494 
6.867768287658691 
6.407186508178711 
6.346827030181885 
6.985373020172119 
5.90933084487915 
6.202315807342529 
5.667696475982666 
6.286116123199463 
6.5910749435424805 
7.366678237915039 
6.957894325256348 
5.51351261138916 
6.438848972320557 
6.2529730796813965 
6.918118000030518 
6.226837635040283 
6.302330493927002 
6.174757480621338 
6.689242362976074 
6.404065132141113 
6.4284348487854 
6.161779880523682 
6.105635166168213 
6.150500774383545 
5.999110698699951 
6.224025249481201 
6.145012378692627 
6.552440166473389 
6.085628032684326 
7.088654041290283 
6.253502368927002 
6.4332990646362305 
6.589470863342285 
5.873744487762451 
6.388759136199951 
6.398432731628418 
5.847986698150635 
6.151918888092041 
7.391851425170898 
7.402063846588135 
5.333252429962158 
6.385639667510986 
6.201890468597412 
6.040844440460205 
6.599148273468018 
6.062119007110596 
6.254480838775635 
6.038491249084473 
6.48363733291626 
6.223087787628174 
6.504363536834717 
6.800817012786865 
6.061439037322998 
6.22410774230957 
5.918883800506592 
7.496423244476318 
5.716221332550049 
6.129934787750244 
5.664323329925537 
6.570438385009766 
5.463838577270508 
6.212457180023193 
6.633199214935303 
6.748233318328857 
6.617739677429199 
6.336921215057373 
6.529994964599609 
6.046390056610107 
6.371233940124512 
6.220765590667725 
6.468163013458252 
6.039296627044678 
7.004482746124268 
6.3586273193359375 
7.435244083404541 
5.974623203277588 
6.190422058105469 
6.9546122550964355 
5.8699517250061035 
6.429388523101807 
6.530275344848633 
6.450505256652832 
5.8873772621154785 
6.386205196380615 
6.769774913787842 
6.828391075134277 
5.807215213775635 
6.716729640960693 
6.1624555587768555 
5.6782402992248535 
6.761383056640625 
6.066861629486084 
5.786619663238525 
6.461659908294678 
5.8821702003479 
6.131896495819092 
5.814518451690674 
5.982175827026367 
6.625287055969238 
6.510177135467529 
6.09987211227417 
6.614046573638916 
5.826765537261963 
6.943810939788818 
6.1484694480896 
5.961972236633301 
6.404054641723633 
5.524838924407959 
5.914836406707764 
7.097255706787109 
6.376332759857178 
6.918832302093506 
6.094449520111084 
6.376877784729004 
5.828451633453369 
6.628371715545654 
5.8190598487854 
6.908336162567139 
6.620462894439697 
6.793616771697998 
6.184506893157959 
6.090060710906982 
5.946577548980713 
5.994939804077148 
6.226284027099609 
7.33221960067749 
6.064306735992432 
6.964778900146484 
5.883450508117676 
6.157277584075928 
7.003655910491943 
7.263662815093994 
6.093277454376221 
6.175781726837158 
6.631220817565918 
6.975402355194092 
6.0321855545043945 
7.364590167999268 
5.794876575469971 
6.930931091308594 
6.781393527984619 
6.0942277908325195 
6.021191596984863 
6.385234355926514 
6.834305286407471 
6.158265590667725 
5.89281702041626 
6.44474458694458 
6.517974376678467 
7.589130878448486 
7.049710750579834 
6.555795669555664 
6.4563069343566895 
5.958179473876953 
6.600203990936279 
6.425665855407715 
6.819573879241943 
7.194457530975342 
6.217836856842041 
6.549278736114502 
7.4982590675354 
6.32199239730835 
6.228886604309082 
6.092755317687988 
6.798033237457275 
6.426291465759277 
6.250606536865234 
5.916892051696777 
6.062745571136475 
6.528824329376221 
5.634647369384766 
6.724085807800293 
6.606910228729248 
6.260763168334961 
5.667736530303955 
6.250411510467529 
5.914532661437988 
5.731576919555664 
6.080235481262207 
6.411546230316162 
7.081124782562256 
7.54022741317749 
6.992120265960693 
6.592607021331787 
6.417539119720459 
6.54332160949707 
5.8745856285095215 
6.21115779876709 
6.522403240203857 
6.818562030792236 
6.103649616241455 
5.976303577423096 
6.396256446838379 
5.2790045738220215 
5.507872104644775 
5.7996649742126465 
6.505467414855957 
6.463103771209717 
6.528451919555664 
6.441620826721191 
6.863865375518799 
6.370772361755371 
5.803666591644287 
6.31881046295166 
6.9415812492370605 
6.630784511566162 
6.135651111602783 
5.955822467803955 
6.685454845428467 
6.005316257476807 
6.242377281188965 
6.619153022766113 
6.426266193389893 
6.0091023445129395 
5.942285060882568 
6.665497779846191 
6.537938117980957 
7.104704856872559 
6.091989994049072 
7.235010147094727 
5.921632289886475 
6.877312183380127 
7.071264266967773 
6.476687908172607 
5.828628063201904 
6.142630577087402 
5.938657283782959 
6.735844135284424 
6.68175745010376 
7.164941310882568 
5.763026714324951 
6.502416610717773 
5.865567684173584 
6.117910861968994 
6.12905740737915 
6.612128257751465 
5.717767238616943 
6.360595226287842 
6.742961406707764 
6.527641773223877 
6.227603912353516 
5.7761406898498535 
6.675192356109619 
6.738995552062988 
6.351120948791504 
7.210601329803467 
7.519262790679932 
5.635621070861816 
7.051473140716553 
6.746944904327393 
4.9724812507629395 
5.595035076141357 
6.444305419921875 
7.18838357925415 
6.520653247833252 
6.098025321960449 
6.805135250091553 
6.1677775382995605 
6.601809024810791 
6.717933654785156 
6.567286014556885 
6.362618923187256 
5.839048385620117 
6.302111625671387 
6.191523551940918 
5.855555057525635 
6.708963871002197 
5.6926350593566895 
6.619448184967041 
6.625472545623779 
6.096496105194092 
6.365224361419678 
5.791637897491455 
6.722789287567139 
6.283740520477295 
6.249415874481201 
6.666893482208252 
6.479175567626953 
6.350886344909668 
6.117665767669678 
6.620337009429932 
5.824571132659912 
6.462218761444092 
6.46934175491333 
6.592662811279297 
6.910027027130127 
6.42266321182251 
6.945527076721191 
6.926492214202881 
5.701732635498047 
6.070051670074463 
6.479969501495361 
6.328638076782227 
5.9450907707214355 
6.40494966506958 
6.622631072998047 
5.752205848693848 
5.5239763259887695 
5.962192535400391 
6.603390693664551 
5.9254279136657715 
6.913179874420166 
5.935695171356201 
6.451181888580322 
6.6158833503723145 
6.022147178649902 
6.4340667724609375 
6.9967169761657715 
7.141768932342529 
7.179784297943115 
6.67695951461792 
5.607358455657959 
6.033767223358154 
5.881602764129639 
6.12938928604126 
6.249229431152344 
6.689057350158691 
6.463538646697998 
6.411930084228516 
7.116682529449463 
5.79121732711792 
6.298803806304932 
6.338057041168213 
7.1586127281188965 
6.465897083282471 
6.440986156463623 
6.032093524932861 
7.089233875274658 
7.467505931854248 
6.312473773956299 
6.5683159828186035 
6.465470314025879 
6.550089359283447 
6.279260158538818 
8.102129936218262 
6.3043904304504395 
6.1827898025512695 
6.073021411895752 
5.943747043609619 
6.827799320220947 
7.86716365814209 
6.645943641662598 
6.09833288192749 
6.059176921844482 
5.860870838165283 
7.522662162780762 
6.403113842010498 
6.202188014984131 
6.689541339874268 
6.755802631378174 
6.4417338371276855 
6.240435600280762 
6.327737331390381 
6.349811553955078 
7.620616912841797 
6.376593589782715 
6.057733535766602 
6.597629070281982 
6.735819339752197 
7.1125922203063965 
7.117435932159424 
5.825544834136963 
6.881793975830078 
6.874124526977539 
6.389512062072754 
5.4432454109191895 
5.794846534729004 
5.935183048248291 
6.392673969268799 
5.811188697814941 
6.181670665740967 
6.027879238128662 
6.461109638214111 
5.911797046661377 
7.369927406311035 
6.074123859405518 
7.032774448394775 
6.658533573150635 
6.103164196014404 
6.434797763824463 
6.653940200805664 
6.699741363525391 
6.794994354248047 
6.347285747528076 
6.009878635406494 
5.844338893890381 
6.319326400756836 
6.2128777503967285 
6.210071086883545 
6.598012447357178 
6.678563117980957 
5.931333065032959 
6.342214107513428 
6.2736287117004395 
6.698741436004639 
6.721197128295898 
6.25881814956665 
6.179421901702881 
5.686202526092529 
6.117547988891602 
7.426970958709717 
5.852797031402588 
6.17741060256958 
6.348830699920654 
6.722907066345215 
6.3959784507751465 
6.648727893829346 
5.979156017303467 
6.105308532714844 
7.94740104675293 
6.67854118347168 
6.28978967666626 
6.376448154449463 
6.068060398101807 
6.271179676055908 
6.341180324554443 
6.0709991455078125 
7.412041664123535 
6.101006984710693 
6.3688764572143555 
6.158220291137695 
6.150223731994629 
6.2562174797058105 
6.379241466522217 
6.162739276885986 
6.629237174987793 
6.053528308868408 
5.8446736335754395 
6.47526741027832 
5.228805065155029 
6.273662567138672 
6.749669075012207 
5.866758823394775 
5.37072229385376 
5.291304588317871 
6.373570919036865 
5.986853122711182 
6.229657173156738 
6.388206481933594 
6.167377948760986 
5.84239387512207 
6.455672264099121 
6.54976749420166 
6.183740139007568 
5.836946964263916 
6.15126895904541 
6.422204494476318 
5.714480876922607 
6.556541919708252 
6.395767688751221 
6.583035945892334 
6.41605806350708 
6.837818622589111 
7.786044120788574 
6.491018772125244 
6.906695365905762 
6.7374372482299805 
6.19919490814209 
5.857491970062256 
6.515552997589111 
6.494991779327393 
6.0813069343566895 
6.766650676727295 
5.868558406829834 
6.73783540725708 
6.373371601104736 
6.2388434410095215 
6.265228748321533 
6.473333835601807 
5.056351184844971 
7.330666542053223 
6.036426067352295 
7.013084888458252 
6.85081672668457 
6.5362629890441895 
6.191981315612793 
6.816737651824951 
6.2449727058410645 
5.978909969329834 
6.37423849105835 
5.57326078414917 
5.70033597946167 
6.203603744506836 
6.249160289764404 
6.5125956535339355 
7.057071685791016 
6.4510579109191895 
7.86113166809082 
6.787181854248047 
7.176877498626709 
6.301435947418213 
5.9753737449646 
6.912304401397705 
6.641016483306885 
7.8692803382873535 
6.521578311920166 
6.761936664581299 
6.7241387367248535 
6.033881187438965 
6.703209400177002 
6.291835784912109 
6.5289483070373535 
5.633611679077148 
7.3229241371154785 
6.663897514343262 
6.344082355499268 
6.722909450531006 
6.051093101501465 
6.871441841125488 
7.088503837585449 
6.389493465423584 
6.310908794403076 
6.363714694976807 
6.307457447052002 
6.483771800994873 
6.62944221496582 
6.205524921417236 
6.608505725860596 
6.733410358428955 
6.111618995666504 
7.189762115478516 
6.427670955657959 
6.322730541229248 
7.015725135803223 
5.810546398162842 
6.690821647644043 
6.3239970207214355 
6.121689796447754 
6.253851890563965 
6.630812168121338 
6.1942219734191895 
6.461217403411865 
6.5493388175964355 
6.826859951019287 
6.365091800689697 
6.345190525054932 
6.994837760925293 
6.307335376739502 
6.019515514373779 
7.202592849731445 
7.997177600860596 
6.310969829559326 
6.184598445892334 
5.859611988067627 
6.639538288116455 
6.209645748138428 
7.555075168609619 
6.719183444976807 
6.5724005699157715 
6.3360090255737305 
6.660016059875488 
6.005462169647217 
6.917749881744385 
5.9702324867248535 
6.783405780792236 
5.721773624420166 
6.411517143249512 
6.39838171005249 
6.250075817108154 
6.425322532653809 
6.4653449058532715 
6.925839424133301 
5.641607761383057 
6.032238006591797 
6.2195725440979 
5.707406520843506 
5.252564430236816 
6.764922618865967 
5.911772727966309 
6.521914005279541 
6.0003886222839355 
6.5889763832092285 
6.742468357086182 
5.900558948516846 
6.836889266967773 
6.579343318939209 
7.35905122756958 
6.487624645233154 
6.526734828948975 
6.869699001312256 
6.959869384765625 
6.517850399017334 
5.444489002227783 
6.705872058868408 
6.384493350982666 
6.169399738311768 
6.618610858917236 
6.281322002410889 
6.426131725311279 
6.164644718170166 
6.608273983001709 
6.870025157928467 
6.270838260650635 
6.528165340423584 
5.966439723968506 
5.969204902648926 
6.605349063873291 
7.09649658203125 
6.445610523223877 
6.021000385284424 
5.845008373260498 
6.12207555770874 
6.037282466888428 
6.183142185211182 
6.395717144012451 
5.610431671142578 
6.696774005889893 
7.528014659881592 
5.9722161293029785 
6.215127468109131 
5.646220684051514 
6.6461029052734375 
6.187561511993408 
6.190944194793701 
5.329819202423096 
6.238924503326416 
6.299391269683838 
7.271142482757568 
7.511568069458008 
6.73834753036499 
6.089182376861572 
6.310120105743408 
6.457671165466309 
6.578918933868408 
6.82122802734375 
6.937177658081055 
5.957643032073975 
6.224209308624268 
7.07521390914917 
6.307640552520752 
6.6770453453063965 
6.139384746551514 
6.033095359802246 
5.91333532333374 
5.901103496551514 
5.435385227203369 
7.0493597984313965 
8.109935760498047 
5.990793228149414 
5.654618740081787 
6.833206653594971 
5.8565592765808105 
5.586862087249756 
6.976891040802002 
5.805809497833252 
6.077756404876709 
5.847604274749756 
5.759631633758545 
6.212765216827393 
6.960697650909424 
6.528169631958008 
6.916461944580078 
6.120400905609131 
6.041758060455322 
5.603621959686279 
6.592880725860596 
6.543363094329834 
6.448304653167725 
7.031216621398926 
6.271395206451416 
6.160521507263184 
6.5308990478515625 
6.018276691436768 
6.825705528259277 
6.86941385269165 
6.6596856117248535 
6.416111469268799 
6.388748645782471 
6.247941493988037 
6.446170330047607 
6.8913254737854 
6.433996677398682 
6.909503936767578 
6.724809646606445 
5.953863620758057 
6.273555278778076 
5.839565753936768 
6.297003269195557 
6.991840362548828 
6.33791971206665 
5.895275592803955 
6.595041751861572 
6.088217258453369 
5.9490861892700195 
6.139995574951172 
6.865628242492676 
7.782121181488037 
7.126763820648193 
6.0443806648254395 
6.5989580154418945 
6.471704959869385 
6.669582366943359 
6.4073309898376465 
6.4037346839904785 
8.123566627502441 
6.713174343109131 
7.040379047393799 
6.055405139923096 
6.44619607925415 
5.827588081359863 
5.770993709564209 
6.651286602020264 
6.36278772354126 
6.225602626800537 
7.194066047668457 
5.986582279205322 
5.565014362335205 
6.106374740600586 
5.3979339599609375 
5.8246378898620605 
5.820089817047119 
6.402042865753174 
6.7311530113220215 
6.048366069793701 
6.19540548324585 
6.962802410125732 
5.899428844451904 
6.434125900268555 
7.6649885177612305 
5.955804347991943 
6.505496025085449 
5.746036052703857 
5.915619373321533 
5.878742694854736 
6.824879169464111 
7.425625324249268 
6.116427898406982 
6.5664591789245605 
6.862621784210205 
6.243295669555664 
6.396488666534424 
6.408124923706055 
6.914308071136475 
5.870406627655029 
6.429698467254639 
6.802025318145752 
6.163365364074707 
6.218124866485596 
7.157252311706543 
5.96445894241333 
6.6611175537109375 
7.043557167053223 
6.336319446563721 
6.412376880645752 
6.543607711791992 
6.19125509262085 
6.5025248527526855 
6.21189022064209 
6.046436786651611 
7.0585198402404785 
6.385462284088135 
7.086040496826172 
6.254275798797607 
6.166028022766113 
6.641672611236572 
6.8177971839904785 
6.503995895385742 
6.415348529815674 
6.309629917144775 
5.558745861053467 
6.441956520080566 
6.583284854888916 
6.158854007720947 
6.322190761566162 
6.508044719696045 
6.013844013214111 
6.7742109298706055 
6.37447452545166 
6.437988758087158 
5.205533504486084 
7.064121723175049 
7.342789173126221 
6.093502521514893 
7.019887447357178 
6.3147711753845215 
6.0400567054748535 
5.965513229370117 
7.204914569854736 
6.64172887802124 
5.8928656578063965 
6.469986438751221 
6.084046363830566 
6.909663677215576 
6.241054534912109 
5.706631183624268 
6.617060661315918 
6.224733829498291 
6.930266380310059 
5.526885509490967 
7.0037922859191895 
7.1031575202941895 
7.075068950653076 
6.281394004821777 
6.28761100769043 
7.080311298370361 
7.530346393585205 
6.5665154457092285 
6.308238506317139 
6.261941432952881 
6.5786566734313965 
5.954285144805908 
6.352969169616699 
6.289956092834473 
5.8875651359558105 
6.928845405578613 
6.503103256225586 
6.135252475738525 
6.123074054718018 
6.664432048797607 
6.518835544586182 
6.940762996673584 
5.8660688400268555 
6.7899346351623535 
6.492568492889404 
6.521244525909424 
6.448331356048584 
6.63877534866333 
7.7396674156188965 
6.180514335632324 
6.434671878814697 
5.996621608734131 
6.533316612243652 
6.316879749298096 
6.049933910369873 
6.093875408172607 
6.02296781539917 
6.013012409210205 
6.2197489738464355 
6.373279094696045 
6.069674968719482 
6.119471549987793 
6.327940464019775 
6.772238254547119 
5.81386137008667 
5.935379505157471 
5.285409450531006 
6.9546895027160645 
6.474560260772705 
6.077672958374023 
5.92286491394043 
5.798583984375 
6.708217144012451 
6.544777870178223 
5.920384883880615 
5.7819743156433105 
7.071280002593994 
5.699751377105713 
6.6541876792907715 
6.16992712020874 
6.608017444610596 
7.011959552764893 
6.760241985321045 
6.151586055755615 
6.423690319061279 
7.326651573181152 
6.111280918121338 
6.7327399253845215 
5.642521858215332 
6.416744709014893 
6.531938076019287 
6.182729244232178 
5.738203048706055 
6.107316017150879 
6.8937835693359375 
6.2553391456604 
5.756819725036621 
6.895981311798096 
6.263028621673584 
6.519686222076416 
7.201748371124268 
6.5184760093688965 
5.883842945098877 
7.013128280639648 
6.660547733306885 
6.0113205909729 
6.7148919105529785 
6.206404209136963 
7.168224811553955 
6.74440336227417 
7.331623554229736 
6.973363399505615 
6.080349445343018 
6.575203895568848 
6.285999774932861 
6.7523417472839355 
7.087374210357666 
5.840060234069824 
6.423655033111572 
6.105649948120117 
6.610073566436768 
6.360200881958008 
6.338610649108887 
6.489562511444092 
5.834963798522949 
5.816104412078857 
5.894580841064453 
6.1987080574035645 
7.9029059410095215 
6.524169445037842 
6.432542324066162 
6.22974157333374 
6.547590732574463 
6.09817361831665 
5.702085494995117 
7.432833194732666 
5.779452800750732 
6.517074108123779 
6.223822593688965 
6.533141613006592 
6.3107404708862305 
5.95343542098999 
5.8383965492248535 
7.583540439605713 
6.43489933013916 
6.487001895904541 
6.723744869232178 
7.37470006942749 
6.04713249206543 
6.164791584014893 
7.358969211578369 
6.084937572479248 
7.0626373291015625 
6.727291107177734 
6.091723918914795 
6.572539806365967 
7.0228800773620605 
6.4787116050720215 
6.210447788238525 
6.058927536010742 
6.166999340057373 
6.736338138580322 
5.981551647186279 
6.542401313781738 
6.157190799713135 
6.840235233306885 
6.461597442626953 
5.938525676727295 
6.066807746887207 
5.997286319732666 
5.744008541107178 
6.382538318634033 
6.545634746551514 
5.943783283233643 
5.890909671783447 
6.212408542633057 
6.907536506652832 
6.178534984588623 
5.447841167449951 
5.879303455352783 
5.884118556976318 
5.416938304901123 
6.297023296356201 
5.849380970001221 
6.831523895263672 
7.0802836418151855 
6.1143293380737305 
6.455708026885986 
6.57371187210083 
6.31724214553833 
6.473042964935303 
6.392940044403076 
6.8614420890808105 
6.794248104095459 
5.757351875305176 
6.015359401702881 
6.1774468421936035 
7.812242031097412 
6.261538028717041 
6.150720119476318 
6.825291633605957 
6.705556392669678 
6.695483684539795 
6.385795593261719 
6.439822196960449 
6.048537731170654 
6.05173921585083 
6.4513092041015625 
6.198904037475586 
5.711061954498291 
6.685337543487549 
6.751324653625488 
6.5270819664001465 
6.761903285980225 
6.089526653289795 
6.32737398147583 
6.4827094078063965 
6.301027297973633 
6.254507064819336 
7.009141445159912 
6.930304527282715 
6.051788806915283 
6.011549472808838 
6.094027042388916 
6.243356704711914 
6.384815692901611 
5.9758687019348145 
5.956234455108643 
5.8178911209106445 
6.3712310791015625 
7.35989236831665 
6.13107442855835 
6.080873012542725 
6.163067817687988 
6.317198753356934 
6.109150409698486 
5.798438549041748 
7.382570743560791 
5.805063247680664 
6.100362300872803 
6.5205183029174805 
6.889555931091309 
6.057302474975586 
5.980886459350586 
6.619819164276123 
6.701588153839111 
6.372318267822266 
7.620638370513916 
6.403970718383789 
6.377099514007568 
7.6254448890686035 
5.899641513824463 
5.84805154800415 
7.484975337982178 
5.70261287689209 
6.863940238952637 
6.327547550201416 
6.3846282958984375 
6.5909624099731445 
6.706274509429932 
6.953211307525635 
6.501453876495361 
5.654261112213135 
5.7768235206604 
6.437088489532471 
6.635277271270752 
7.648501396179199 
6.209405422210693 
6.699142932891846 
5.61318302154541 
7.134201526641846 
6.218593120574951 
6.150707244873047 
6.169003486633301 
5.9342265129089355 
7.155142307281494 
6.285187244415283 
6.345520496368408 
6.531404495239258 
6.653164386749268 
5.78618860244751 
6.1779398918151855 
6.453822612762451 
6.1924872398376465 
5.837107181549072 
6.044508934020996 
6.342111587524414 
6.178531169891357 
5.905284404754639 
6.451081275939941 
6.4711222648620605 
6.036159992218018 
6.198573589324951 
7.300089359283447 
6.468137264251709 
6.557126045227051 
6.018701553344727 
6.593224048614502 
6.300996780395508 
5.630176544189453 
6.183311939239502 
6.443846702575684 
6.900613307952881 
5.790090084075928 
6.419933319091797 
6.213024616241455 
6.678201198577881 
6.308804512023926 
6.9397382736206055 
6.46782922744751 
6.0424065589904785 
6.514347553253174 
6.040830135345459 
6.491786956787109 
7.255343437194824 
5.889100551605225 
6.481983661651611 
6.179293155670166 
6.295385837554932 
5.67402982711792 
6.008609294891357 
5.710798740386963 
6.259738445281982 
6.655062198638916 
6.153016090393066 
6.466266632080078 
6.539812088012695 
6.259433269500732 
7.193426609039307 
6.738306999206543 
6.164088726043701 
6.870309829711914 
6.009239673614502 
5.910171985626221 
6.631659984588623 
6.111455917358398 
6.6098198890686035 
6.130076885223389 
6.6132659912109375 
6.135326385498047 
7.58558988571167 
6.656245231628418 
7.058161735534668 
6.24786901473999 
6.492740631103516 
6.45565938949585 
5.910967826843262 
6.061798572540283 
5.483391284942627 
6.531723499298096 
6.141346454620361 
5.989109992980957 
6.417369365692139 
6.310021877288818 
6.438666343688965 
6.913558483123779 
6.305023670196533 
5.48632287979126 
6.664513111114502 
7.604576110839844 
6.395961284637451 
6.074465274810791 
6.971008777618408 
6.0408453941345215 
6.72792387008667 
6.192081928253174 
7.12197208404541 
6.765979766845703 
7.310676097869873 
5.62415885925293 
6.6321702003479 
7.333803176879883 
6.780978202819824 
6.359816074371338 
6.193406581878662 
6.074375629425049 
6.088911533355713 
6.287445068359375 
6.427807807922363 
6.427933692932129 
6.260935306549072 
6.220973491668701 
6.033749103546143 
6.329809665679932 
6.028249263763428 
6.216746807098389 
6.082330226898193 
6.61497688293457 
6.947530269622803 
6.839687824249268 
6.418520450592041 
6.300764560699463 
6.012239933013916 
7.232590198516846 
6.647576808929443 
6.097506046295166 
6.422351837158203 
6.759974956512451 
6.436766147613525 
7.711100101470947 
6.433514595031738 
6.034898281097412 
7.080764293670654 
6.522591590881348 
7.308360576629639 
6.218554496765137 
5.994735240936279 
5.850544452667236 
5.198303699493408 
6.458760738372803 
5.009445667266846 
6.202035427093506 
6.41862678527832 
6.102843284606934 
6.236227989196777 
6.32684850692749 
6.161282062530518 
6.251474380493164 
6.218123912811279 
6.646071434020996 
5.805573463439941 
6.346958637237549 
6.929427623748779 
6.228946208953857 
5.560068130493164 
6.796449184417725 
5.94408655166626 
6.370280742645264 
5.817932605743408 
6.345813274383545 
5.9112467765808105 
5.75410270690918 
5.893423557281494 
6.155664920806885 
6.412919521331787 
6.325527191162109 
6.558994293212891 
6.460937976837158 
5.843139171600342 
5.948211193084717 
6.931395530700684 
6.309163570404053 
6.433391094207764 
6.070038318634033 
6.959104537963867 
5.958010196685791 
6.251895904541016 
7.168555736541748 
6.847782135009766 
6.413890361785889 
5.935415744781494 
6.279058456420898 
6.09131383895874 
6.19360876083374 
6.677874565124512 
7.211719036102295 
6.391704082489014 
5.830089092254639 
6.57436466217041 
6.458019733428955 
7.4828104972839355 
7.273533344268799 
6.495288372039795 
7.36290979385376 
5.698043346405029 
6.454473972320557 
6.638736248016357 
6.287361145019531 
6.614649295806885 
6.898951053619385 
5.9521331787109375 
5.957299709320068 
6.055206775665283 
5.797646999359131 
5.838510990142822 
6.319283962249756 
5.653253078460693 
6.4879889488220215 
6.6404852867126465 
6.370707035064697 
6.70023775100708 
7.432264804840088 
6.6080451011657715 
6.34451150894165 
7.442945957183838 
6.5341339111328125 
6.106866359710693 
5.833674907684326 
6.708511829376221 
6.297828197479248 
5.76369047164917 
6.441516399383545 
7.1714067459106445 
5.858668804168701 
6.068437099456787 
7.22111177444458 
6.390415191650391 
6.227803707122803 
7.028928756713867 
5.913029193878174 
6.565124988555908 
6.747992515563965 
6.306779384613037 
5.21696662902832 
6.456879138946533 
6.519715785980225 
6.775962829589844 
6.560465335845947 
6.372702121734619 
6.69439172744751 
7.342194080352783 
6.224672794342041 
5.869113445281982 
7.547813892364502 
6.994003772735596 
5.4928412437438965 
5.991460800170898 
7.018510818481445 
6.045920372009277 
6.684295654296875 
5.766241550445557 
6.246778964996338 
6.119069576263428 
6.13397741317749 
6.087978363037109 
6.413322448730469 
7.489234447479248 
7.087696552276611 
5.989334583282471 
6.79484748840332 
6.293604373931885 
6.754866123199463 
6.84756326675415 
8.002189636230469 
6.456875324249268 
6.94091796875 
6.606987476348877 
6.541410446166992 
6.23228120803833 
6.357247829437256 
6.375413417816162 
5.457156181335449 
6.235456943511963 
6.759336948394775 
6.198955535888672 
6.182394027709961 
6.397568225860596 
6.071670055389404 
7.135141849517822 
6.416445732116699 
5.873718738555908 
5.758523464202881 
6.331823825836182 
6.033639430999756 
6.806490421295166 
6.292884349822998 
6.182131290435791 
6.329730987548828 
5.5832839012146 
6.480050563812256 
6.808988094329834 
5.717472076416016 
6.344893932342529 
6.987943649291992 
6.207776069641113 
6.766034126281738 
6.21574592590332 
6.82210111618042 
5.671601295471191 
5.814891338348389 
6.099215984344482 
6.534470081329346 
6.482941150665283 
7.278768062591553 
6.098014831542969 
7.3160600662231445 
5.774266719818115 
6.434192180633545 
6.546417713165283 
7.160689830780029 
7.4172139167785645 
6.00596284866333 
6.2364726066589355 
6.387078762054443 
6.2198309898376465 
6.1844401359558105 
6.578995704650879 
5.806460857391357 
6.339217662811279 
6.639664173126221 
5.868104457855225 
5.606781005859375 
6.2317986488342285 
6.432690143585205 
7.144759654998779 
5.896667957305908 
6.060011386871338 
6.10388708114624 
7.004958629608154 
6.6225104331970215 
6.4473419189453125 
6.1157660484313965 
5.867617130279541 
6.752530574798584 
6.31708288192749 
6.494466304779053 
6.6496052742004395 
6.52448034286499 
6.251746654510498 
6.016237735748291 
6.732695579528809 
6.649682521820068 
6.117514133453369 
5.922853469848633 
6.685552597045898 
6.756585597991943 
6.184071063995361 
5.789962291717529 
6.303038120269775 
6.299416542053223 
6.408189296722412 
6.591580867767334 
6.65413236618042 
6.2017388343811035 
5.7408671379089355 
6.486540794372559 
6.1654276847839355 
7.656646728515625 
6.428055286407471 
7.182073593139648 
6.663258075714111 
7.347851276397705 
6.468090534210205 
6.186844825744629 
6.2639923095703125 
5.9974260330200195 
5.75557804107666 
6.413366317749023 
6.51878547668457 
7.784135341644287 
6.536930561065674 
7.37350606918335 
6.248879432678223 
6.0385050773620605 
6.800419807434082 
6.711073875427246 
6.2956461906433105 
6.45064640045166 
7.893254280090332 
5.810464382171631 
6.385890960693359 
7.120258331298828 
6.770338535308838 
6.901290416717529 
7.124975681304932 
6.274903774261475 
6.4715352058410645 
5.985682964324951 
5.791964054107666 
5.830099582672119 
6.728820323944092 
6.029486179351807 
6.753690242767334 
6.297069072723389 
6.421043872833252 
6.323273181915283 
6.953349590301514 
6.557906150817871 
6.584841251373291 
6.526217937469482 
6.7194108963012695 
6.453154563903809 
6.711272239685059 
5.757841110229492 
6.764059543609619 
6.366138935089111 
6.110021114349365 
6.257229804992676 
5.895650386810303 
6.880570888519287 
6.528494834899902 
6.2228569984436035 
6.237435340881348 
5.902041912078857 
6.8696980476379395 
6.064155578613281 
6.845897197723389 
6.709756851196289 
6.848145008087158 
6.600218772888184 
6.470458507537842 
7.361087799072266 
6.06486701965332 
6.820970058441162 
6.3151774406433105 
5.603594779968262 
6.37180233001709 
6.317853927612305 
5.987098693847656 
6.429535865783691 
5.751135349273682 
6.866734981536865 
7.4695916175842285 
6.446918487548828 
6.086032867431641 
6.407410621643066 
5.593774318695068 
5.8506598472595215 
7.182238578796387 
6.6202311515808105 
5.815596580505371 
6.1751389503479 
6.75176477432251 
6.344005107879639 
6.333451271057129 
7.0935163497924805 
6.2702860832214355 
6.777255535125732 
6.130320072174072 
6.742737293243408 
7.106196880340576 
6.2448811531066895 
6.256829738616943 
6.8398284912109375 
6.619426250457764 
6.352233409881592 
6.2228312492370605 
6.792444705963135 
7.6531147956848145 
6.462314605712891 
6.815682888031006 
6.143528461456299 
6.228857040405273 
5.915927886962891 
6.483114719390869 
6.747402191162109 
6.421340465545654 
6.642283916473389 
5.9043965339660645 
6.471175193786621 
6.2558369636535645 
6.054265975952148 
6.572912693023682 
7.320782661437988 
6.230900287628174 
6.47658634185791 
7.659083843231201 
6.4757304191589355 
7.641354084014893 
5.255033493041992 
6.251525402069092 
6.691653251647949 
6.1647047996521 
6.916804313659668 
6.021500587463379 
6.514652729034424 
6.757749080657959 
7.452198505401611 
6.23951530456543 
7.064180374145508 
5.922796249389648 
7.096301555633545 
6.986837863922119 
6.289903163909912 
5.622977256774902 
6.5966267585754395 
6.02913236618042 
6.678135395050049 
6.248873233795166 
5.692272186279297 
6.451988697052002 
6.51116418838501 
6.021337509155273 
6.159142971038818 
6.115370273590088 
5.716335773468018 
6.821609020233154 
6.116479396820068 
6.71198844909668 
6.248183250427246 
6.448953151702881 
5.983968257904053 
6.198788166046143 
5.312204360961914 
6.393382549285889 
6.20944356918335 
6.172265529632568 
6.479752540588379 
5.845380783081055 
6.530079364776611 
6.088565349578857 
6.0635666847229 
6.830347537994385 
6.522363185882568 
5.846837520599365 
7.403316497802734 
7.142374038696289 
5.2617411613464355 
6.714803218841553 
6.56789493560791 
7.331878662109375 
5.208985805511475 
7.47445821762085 
6.7096428871154785 
6.551846981048584 
7.023305416107178 
6.97046422958374 
6.246584892272949 
7.5932135581970215 
5.842592716217041 
5.819474220275879 
6.3333868980407715 
6.065062999725342 
6.143864631652832 
6.405034065246582 
6.304036617279053 
7.126429557800293 
6.07568883895874 
7.312388896942139 
5.910068988800049 
6.430344104766846 
6.003233432769775 
6.403295516967773 
6.158100605010986 
5.701813220977783 
6.105922222137451 
5.908919811248779 
6.377842426300049 
5.925300121307373 
6.486046314239502 
6.417964458465576 
6.74186372756958 
5.981729984283447 
6.089872360229492 
6.264665603637695 
6.236566066741943 
6.989931106567383 
5.826711177825928 
6.271609783172607 
6.69903039932251 
6.834688663482666 
5.808626651763916 
6.4439873695373535 
6.293720722198486 
5.90408992767334 
5.812934398651123 
6.316330432891846 
6.735633373260498 
5.911157131195068 
7.043643474578857 
6.450416088104248 
6.254556179046631 
6.056175231933594 
6.6810994148254395 
5.500090599060059 
6.338995456695557 
6.797075271606445 
5.830404758453369 
5.683687686920166 
6.536350727081299 
6.352615833282471 
6.093593597412109 
7.078359127044678 
6.641684055328369 
5.838876247406006 
6.482120990753174 
6.437976360321045 
6.577723026275635 
6.8228583335876465 
6.446688652038574 
6.202900409698486 
5.766043663024902 
6.3172993659973145 
6.282557010650635 
6.200154781341553 
5.92115592956543 
6.131534099578857 
6.272751331329346 
6.3306989669799805 
6.375558376312256 
5.834838390350342 
6.0794453620910645 
6.463014125823975 
6.100207805633545 
6.387067794799805 
6.245459079742432 
5.760436534881592 
6.676525115966797 
6.948002338409424 
6.431921482086182 
5.961933612823486 
6.034585475921631 
6.129329204559326 
6.097973346710205 
5.975972652435303 
5.8513007164001465 
6.518123149871826 
7.257116317749023 
6.169445514678955 
6.573678016662598 
6.453546047210693 
6.291733741760254 
6.41754674911499 
6.256566524505615 
6.395761966705322 
6.595404148101807 
5.982154369354248 
6.995556831359863 
6.243704795837402 
6.769744396209717 
5.903749942779541 
6.22583532333374 
6.4411516189575195 
6.058375835418701 
6.081465244293213 
7.458003997802734 
5.9344611167907715 
5.0313801765441895 
6.017727375030518 
5.920164585113525 
6.66510534286499 
6.144765377044678 
6.142300128936768 
6.4027791023254395 
6.25509786605835 
6.7060980796813965 
7.530013084411621 
6.31171178817749 
7.163814067840576 
6.685903072357178 
5.81151819229126 
6.613829135894775 
5.603404521942139 
5.930179119110107 
6.021073341369629 
6.978233337402344 
7.004623889923096 
6.6884684562683105 
7.582934856414795 
6.033907413482666 
6.874776363372803 
6.509305477142334 
6.084391117095947 
6.5484490394592285 
6.087578773498535 
6.261606693267822 
6.292870998382568 
6.46132755279541 
6.708053112030029 
6.179811477661133 
6.242137432098389 
6.51393461227417 
6.481353282928467 
6.528923511505127 
6.1328959465026855 
6.9159135818481445 
5.985977649688721 
5.941817760467529 
6.202426433563232 
6.663655757904053 
6.039381504058838 
5.607561111450195 
7.0202178955078125 
7.167138576507568 
5.992096424102783 
5.915572166442871 
6.0262908935546875 
6.562214374542236 
6.420332431793213 
6.164571762084961 
5.709741115570068 
5.871854305267334 
7.057184219360352 
5.620072841644287 
7.112551689147949 
6.428256988525391 
7.111340522766113 
6.800404071807861 
6.227232456207275 
7.164610862731934 
6.563716411590576 
6.4392991065979 
6.6737751960754395 
6.20852518081665 
6.37190055847168 
6.9634575843811035 
6.646073818206787 
5.628329753875732 
6.528602600097656 
7.055764675140381 
6.288942813873291 
6.058552265167236 
6.477023124694824 
6.31650972366333 
5.484054088592529 
6.1783952713012695 
6.178338050842285 
6.068079471588135 
6.691633701324463 
5.982362747192383 
6.879276752471924 
6.5272297859191895 
5.911973476409912 
6.212074279785156 
7.132553577423096 
5.615255832672119 
6.680032253265381 
6.163083553314209 
6.527410984039307 
6.347870826721191 
6.56324577331543 
6.169853687286377 
7.230106353759766 
5.880265712738037 
6.210660934448242 
6.5511932373046875 
6.672754764556885 
5.964534759521484 
6.286971569061279 
5.620773792266846 
6.632103443145752 
5.917443752288818 
7.083064556121826 
6.060420989990234 
7.601250171661377 
6.473975658416748 
5.875857830047607 
5.830428600311279 
5.955297946929932 
5.94104528427124 
6.796859264373779 
7.559543132781982 
7.483188152313232 
7.1010823249816895 
7.284272193908691 
6.928220748901367 
5.9752888679504395 
5.88140344619751 
5.703183174133301 
6.383748531341553 
6.052488803863525 
6.6788554191589355 
6.570079326629639 
6.614391326904297 
6.009237766265869 
6.821191787719727 
6.735504627227783 
6.732748031616211 
6.373571872711182 
6.15876579284668 
6.84155797958374 
6.171702861785889 
5.827096462249756 
6.404560565948486 
6.790040016174316 
6.260691165924072 
6.125514507293701 
6.575786113739014 
7.605377674102783 
5.807182312011719 
6.470332145690918 
6.346791744232178 
6.337860584259033 
7.172482013702393 
6.891958236694336 
5.735193729400635 
6.251053333282471 
6.653955936431885 
6.377607822418213 
5.833822727203369 
5.737823009490967 
6.429229259490967 
6.386776924133301 
6.112794876098633 
6.726267337799072 
6.183356761932373 
6.753092288970947 
5.922891139984131 
7.294389724731445 
5.967319965362549 
6.88029146194458 
6.240594387054443 
6.1975836753845215 
5.751835823059082 
6.127249717712402 
6.280181407928467 
6.225215911865234 
6.364046096801758 
6.404013156890869 
6.518486022949219 
6.225374698638916 
6.035146713256836 
6.718122482299805 
6.452023029327393 
6.042824745178223 
6.112657070159912 
6.823008060455322 
5.942737102508545 
5.723822593688965 
6.151210308074951 
5.779476642608643 
6.387227535247803 
6.671006679534912 
6.653306007385254 
6.027414798736572 
6.015347957611084 
6.350546360015869 
7.160773277282715 
6.045986175537109 
6.086817741394043 
5.829580783843994 
6.405656337738037 
6.258473873138428 
7.023911952972412 
5.823740005493164 
6.0246171951293945 
6.522111415863037 
6.113471984863281 
6.461589813232422 
6.811522960662842 
5.694701194763184 
6.569125652313232 
6.406103610992432 
6.405096530914307 
6.7410502433776855 
5.999406337738037 
6.6244893074035645 
6.332451343536377 
6.75031852722168 
6.805644512176514 
6.821739673614502 
6.11593770980835 
7.303970813751221 
7.092640399932861 
6.123403072357178 
6.131158351898193 
5.678980350494385 
6.224709987640381 
6.532126426696777 
6.13716459274292 
6.85139274597168 
6.325379371643066 
6.11919641494751 
6.463095188140869 
6.968480587005615 
7.223874568939209 
6.596965789794922 
7.664819240570068 
6.621038913726807 
6.047476768493652 
7.544918060302734 
7.167295455932617 
6.173062801361084 
6.818596363067627 
6.90165376663208 
6.561286449432373 
6.475589275360107 
6.174685955047607 
6.194967746734619 
6.234043598175049 
5.63686466217041 
6.902431488037109 
6.676283359527588 
6.906703472137451 
6.348243236541748 
6.635046482086182 
5.9493536949157715 
6.277777194976807 
6.013069152832031 
6.370986461639404 
6.566233158111572 
5.946508884429932 
5.534770488739014 
6.610381603240967 
6.351635456085205 
6.603917598724365 
6.031511306762695 
6.030843734741211 
6.646299839019775 
5.53884744644165 
5.814785003662109 
5.843839645385742 
6.617171764373779 
6.406986713409424 
6.623435974121094 
6.6369147300720215 
6.300989151000977 
5.323913097381592 
6.414083957672119 
7.465841293334961 
6.034862995147705 
6.2994704246521 
6.685006141662598 
6.160436153411865 
7.754759311676025 
6.202053546905518 
7.45599889755249 
7.489878177642822 
5.931467533111572 
6.35164213180542 
6.645802021026611 
7.471477031707764 
6.721421718597412 
6.797380447387695 
5.668644905090332 
6.431313991546631 
5.952159404754639 
6.0595173835754395 
6.499122142791748 
6.675229549407959 
5.885268688201904 
6.318053245544434 
6.473511219024658 
5.973954677581787 
7.62235164642334 
6.300095558166504 
6.077648162841797 
5.553857803344727 
5.88001823425293 
7.059613227844238 
6.299047946929932 
6.31667423248291 
5.9615797996521 
6.257262706756592 
5.7512664794921875 
6.54972505569458 
5.9028639793396 
6.616520404815674 
6.168546199798584 
6.66515588760376 
6.309497356414795 
6.530405521392822 
6.274442195892334 
5.651177883148193 
5.802270412445068 
6.204264163970947 
5.855210781097412 
6.414217948913574 
5.974480152130127 
5.437969207763672 
6.1546854972839355 
6.175908088684082 
7.006836414337158 
6.165631294250488 
6.216202259063721 
6.4960503578186035 
6.899731159210205 
5.976253032684326 
5.685724258422852 
6.5059428215026855 
7.236562252044678 
6.3799543380737305 
7.1634840965271 
5.909897327423096 
6.970496654510498 
6.5319366455078125 
6.432127952575684 
6.276593208312988 
5.730136394500732 
6.577879905700684 
6.035540580749512 
7.65741491317749 
6.155035495758057 
6.498823642730713 
6.732022762298584 
6.854458332061768 
5.865257263183594 
6.332729816436768 
6.245694637298584 
5.616208553314209 
5.701784133911133 
7.280242443084717 
6.129385948181152 
5.775362968444824 
6.214013576507568 
5.568955898284912 
5.80176305770874 
7.181376934051514 
6.2962493896484375 
6.052489757537842 
6.298867702484131 
7.268611431121826 
6.404672145843506 
5.895500659942627 
6.863426685333252 
5.754404544830322 
6.276943683624268 
6.244106292724609 
5.750701427459717 
5.862431526184082 
6.250669479370117 
6.0210723876953125 
6.190160751342773 
7.158656597137451 
6.311023235321045 
6.8599934577941895 
5.943403720855713 
6.609459400177002 
6.424493312835693 
6.0306077003479 
7.270443439483643 
6.604307651519775 
6.140615940093994 
5.9116058349609375 
5.446132183074951 
5.845024585723877 
7.024487495422363 
6.206324100494385 
6.945943355560303 
6.272651672363281 
6.709507465362549 
7.719717502593994 
6.005631446838379 
5.825201511383057 
5.578061580657959 
6.559385299682617 
6.061407566070557 
6.915811061859131 
6.245715618133545 
7.788188457489014 
6.025885105133057 
6.234834671020508 
7.367257595062256 
5.997121334075928 
6.848232269287109 
6.684789180755615 
5.804154396057129 
6.020925045013428 
6.008828163146973 
6.993070125579834 
6.434258937835693 
6.879738807678223 
5.994816303253174 
6.4906439781188965 
6.609145641326904 
5.959897518157959 
6.071434497833252 
6.463244915008545 
6.388963222503662 
7.2362751960754395 
5.898248195648193 
6.270942211151123 
5.937266826629639 
6.850001811981201 
6.355956077575684 
6.15763521194458 
6.360152244567871 
6.409942150115967 
7.244149208068848 
6.041520595550537 
7.43034553527832 
6.957736968994141 
6.591376304626465 
6.697342395782471 
6.252437114715576 
6.27325439453125 
5.768113613128662 
6.421504497528076 
7.112574577331543 
6.205249786376953 
5.932753086090088 
6.243580341339111 
5.816366672515869 
6.293795585632324 
6.774482250213623 
6.545520782470703 
6.197246074676514 
7.374813079833984 
6.1292548179626465 
6.560548782348633 
5.806347370147705 
6.532536506652832 
6.500272750854492 
6.516046047210693 
6.554791450500488 
5.563792705535889 
7.136392116546631 
6.331789016723633 
7.238230228424072 
6.235484600067139 
6.428993225097656 
5.940954685211182 
6.437554359436035 
5.737996578216553 
6.011250972747803 
5.975230693817139 
6.663347244262695 
6.2672834396362305 
6.706878185272217 
6.3107781410217285 
6.337851524353027 
6.097361087799072 
6.041512966156006 
5.881162166595459 
6.8048996925354 
6.3145575523376465 
6.733826637268066 
5.39518404006958 
6.068023681640625 
6.540385723114014 
6.261486530303955 
6.287696838378906 
6.421554088592529 
6.051924705505371 
6.72755765914917 
6.408172130584717 
6.074399471282959 
6.430146217346191 
6.81344747543335 
6.379120349884033 
6.24570369720459 
7.582865238189697 
5.726475238800049 
6.903891563415527 
6.480184078216553 
6.270066738128662 
6.484859943389893 
6.743407726287842 
6.115851402282715 
6.964813709259033 
6.567975044250488 
6.607964515686035 
7.574597358703613 
6.077264308929443 
6.110298156738281 
6.537172794342041 
6.930229663848877 
6.492584705352783 
6.882936000823975 
5.779791355133057 
6.30776834487915 
6.474340438842773 
6.254191875457764 
5.881217002868652 
6.160041809082031 
6.678733825683594 
6.342240333557129 
6.07530403137207 
5.622664928436279 
6.975225925445557 
6.613978862762451 
6.649692058563232 
6.290841579437256 
6.290726184844971 
5.933668613433838 
6.05906343460083 
5.633647441864014 
6.848863124847412 
6.592051029205322 
6.255115509033203 
6.97314977645874 
5.993730068206787 
5.925799369812012 
7.26971960067749 
7.136168003082275 
7.381595134735107 
6.567498683929443 
6.432371616363525 
5.76730489730835 
5.660113334655762 
6.812857151031494 
6.803966045379639 
6.770466327667236 
6.356853485107422 
7.0201568603515625 
6.013648986816406 
6.6635966300964355 
5.996876239776611 
6.515012264251709 
6.151553630828857 
5.798056125640869 
6.163178443908691 
6.766351699829102 
6.205533504486084 
5.963675022125244 
6.917783260345459 
5.710559368133545 
6.024227619171143 
6.6552605628967285 
5.656412124633789 
6.4650702476501465 
5.606484413146973 
6.253699779510498 
5.266966342926025 
6.1008830070495605 
6.124722003936768 
6.596176624298096 
6.268202304840088 
6.977084636688232 
6.039930820465088 
6.652571201324463 
6.370150089263916 
6.360056400299072 
6.6471781730651855 
6.181439399719238 
5.893904209136963 
6.040608882904053 
6.626551151275635 
7.012375354766846 
6.053762912750244 
6.953085422515869 
6.037039279937744 
6.036886692047119 
6.233290672302246 
7.215760231018066 
6.3196282386779785 
6.354208469390869 
6.254110813140869 
6.716664791107178 
6.205751419067383 
6.501699924468994 
6.968732833862305 
6.759588241577148 
6.192044258117676 
7.211469650268555 
5.788297176361084 
6.809540748596191 
6.757412433624268 
6.34671688079834 
5.28853702545166 
6.54957914352417 
5.6504387855529785 
6.680882930755615 
6.1727471351623535 
6.532033443450928 
7.14978551864624 
5.9176764488220215 
5.912857532501221 
5.988006591796875 
5.492900371551514 
6.270755767822266 
6.781004428863525 
6.517560005187988 
6.028597354888916 
6.171353816986084 
6.244255542755127 
6.432907581329346 
6.059560298919678 
5.91736364364624 
5.077610015869141 
6.273197650909424 
6.447331428527832 
7.3183674812316895 
6.25508975982666 
6.411492347717285 
5.6286492347717285 
6.360739231109619 
6.614250659942627 
5.617079257965088 
6.188394546508789 
6.334958076477051 
6.241063117980957 
6.527167797088623 
6.173713207244873 
6.217673301696777 
6.811648368835449 
6.689871311187744 
6.272658348083496 
7.414724826812744 
6.4816975593566895 
6.730740070343018 
5.913310527801514 
6.015036582946777 
6.057448863983154 
5.060471057891846 
5.329867839813232 
5.993181228637695 
6.450695991516113 
6.487213611602783 
6.578830242156982 
6.743940353393555 
6.185749053955078 
6.0192437171936035 
6.384995937347412 
6.43723726272583 
6.80197811126709 
6.267226219177246 
6.481625556945801 
6.466452598571777 
5.92251443862915 
5.95891809463501 
6.012955665588379 
6.358330249786377 
6.752649784088135 
5.622802257537842 
5.8936944007873535 
6.192770481109619 
6.091054916381836 
6.210018157958984 
6.061319828033447 
5.8400750160217285 
6.890654563903809 
5.788818836212158 
7.3113932609558105 
6.595390319824219 
6.224401950836182 
6.743846416473389 
7.18234920501709 
6.623131275177002 
5.850039005279541 
5.700199604034424 
7.334375858306885 
6.097889423370361 
6.473587989807129 
6.151169300079346 
6.821212291717529 
7.151766300201416 
6.440966606140137 
6.575662612915039 
5.86042594909668 
7.012948989868164 
5.628869533538818 
6.016236782073975 
6.237687587738037 
6.962851047515869 
6.4554443359375 
6.44858980178833 
6.1802754402160645 
6.88477087020874 
6.209610939025879 
6.280422687530518 
6.3221049308776855 
5.804309368133545 
6.689239978790283 
5.945396900177002 
5.785449981689453 
6.830442428588867 
6.79458475112915 
6.115901470184326 
6.9834513664245605 
5.6859517097473145 
6.003596782684326 
6.617084980010986 
6.395665645599365 
6.052258014678955 
6.433319568634033 
6.067001819610596 
6.5950188636779785 
7.103356838226318 
6.583362102508545 
5.912747859954834 
6.32574462890625 
6.01845645904541 
6.378540515899658 
6.431492805480957 
6.487726211547852 
6.690597057342529 
6.482656002044678 
6.380502700805664 
6.467925548553467 
6.900187969207764 
6.692070007324219 
6.325260162353516 
6.883063316345215 
6.795561790466309 
6.3290276527404785 
6.163793563842773 
6.431614398956299 
6.127445697784424 
7.091492652893066 
6.176486015319824 
5.736386299133301 
6.896500110626221 
6.610544204711914 
6.407275676727295 
5.942473888397217 
6.225727558135986 
6.973024845123291 
6.251989841461182 
6.400135040283203 
7.017101287841797 
5.881897449493408 
5.835022926330566 
7.681158542633057 
6.144208908081055 
5.960653781890869 
7.210843563079834 
6.18179178237915 
6.285792350769043 
6.054514408111572 
6.547197341918945 
6.63300895690918 
6.223437786102295 
7.1029839515686035 
6.0555033683776855 
6.465762615203857 
7.870543956756592 
5.5424323081970215 
5.823235511779785 
5.899940013885498 
5.551749229431152 
6.648653030395508 
6.575956344604492 
5.972309589385986 
6.22320032119751 
6.19340181350708 
6.146225452423096 
5.804073810577393 
6.84476375579834 
6.5511274337768555 
6.292513370513916 
5.985052585601807 
7.710636615753174 
6.158015727996826 
6.316238880157471 
6.486349582672119 
6.440412521362305 
7.034826755523682 
6.313704013824463 
6.672457695007324 
6.438327312469482 
7.6716227531433105 
5.920417308807373 
6.589948654174805 
7.2173848152160645 
5.933745861053467 
6.015390872955322 
6.009585857391357 
5.091460704803467 
6.733146667480469 
5.918699741363525 
6.105234622955322 
5.343278884887695 
7.334822177886963 
6.158563613891602 
7.387596130371094 
6.3632731437683105 
6.782998561859131 
6.264813423156738 
7.725061893463135 
6.485966205596924 
6.167587757110596 
5.939432621002197 
6.5670084953308105 
6.22043514251709 
6.279066562652588 
7.69938325881958 
6.456221103668213 
6.49365758895874 
7.63592529296875 
7.507139205932617 
7.314724922180176 
5.965749263763428 
6.317667484283447 
6.434359073638916 
6.25010347366333 
6.400351047515869 
6.995445728302002 
7.122217655181885 
6.3391008377075195 
7.087696552276611 
6.590851783752441 
6.338308811187744 
6.197817802429199 
6.3507609367370605 
6.064468860626221 
6.709188938140869 
6.530165195465088 
6.75050163269043 
5.99997615814209 
6.7195048332214355 
6.333902835845947 
5.568755626678467 
5.858103275299072 
6.321518898010254 
6.307990550994873 
5.38257360458374 
6.684502601623535 
7.002899646759033 
7.267788410186768 
7.781439781188965 
6.236941814422607 
6.988331317901611 
5.8433098793029785 
5.704367160797119 
6.644223690032959 
6.048648357391357 
6.245349884033203 
7.085076332092285 
7.162518501281738 
6.387470722198486 
5.968303680419922 
6.074935436248779 
5.88796329498291 
6.881832122802734 
5.100310802459717 
6.539856910705566 
6.53717041015625 
6.6904296875 
6.156988143920898 
6.690484523773193 
7.768014430999756 
5.846572399139404 
6.275309085845947 
6.473474979400635 
6.38077974319458 
6.652388572692871 
5.84328031539917 
5.853704929351807 
6.2874274253845215 
5.862340450286865 
7.2147536277771 
5.7563042640686035 
5.996212959289551 
6.466128826141357 
6.613522052764893 
7.549112319946289 
6.864223003387451 
5.92185115814209 
5.889808177947998 
6.518497943878174 
5.949476718902588 
6.283209323883057 
6.3755202293396 
5.731853485107422 
5.931512355804443 
6.379031658172607 
6.193223476409912 
6.101067066192627 
5.986091136932373 
6.456668376922607 
5.933785915374756 
6.385848522186279 
6.7221455574035645 
6.541101455688477 
6.499886512756348 
6.237510681152344 
6.0466532707214355 
6.737890720367432 
6.727756023406982 
5.64282751083374 
6.451954364776611 
6.227935314178467 
6.6752238273620605 
7.050613880157471 
6.510830402374268 
5.758481502532959 
6.657808780670166 
6.447950839996338 
7.0084028244018555 
6.999330997467041 
7.116201877593994 
6.414945602416992 
6.019350051879883 
5.993185520172119 
6.3866190910339355 
6.038557052612305 
5.422839641571045 
6.204774379730225 
6.7689948081970215 
5.7228899002075195 
5.843250274658203 
6.65275764465332 
7.003688335418701 
5.790595531463623 
6.384673118591309 
5.608396053314209 
6.333914279937744 
5.892751216888428 
6.7267327308654785 
6.561485767364502 
6.281782150268555 
5.928112506866455 
6.533545017242432 
6.424691677093506 
6.114716053009033 
6.408390045166016 
6.009932518005371 
6.119628429412842 
6.333281993865967 
6.837993144989014 
6.8234381675720215 
6.073938846588135 
6.471911907196045 
6.6620917320251465 
5.697359561920166 
6.518496990203857 
6.585249423980713 
5.674610614776611 
6.453353404998779 
6.312516212463379 
6.761892318725586 
6.3402581214904785 
5.9771504402160645 
5.676314830780029 
5.975947380065918 
6.352288722991943 
5.8841118812561035 
5.496756553649902 
6.046907901763916 
6.289561748504639 
6.302226543426514 
6.250728130340576 
6.000988960266113 
6.353557586669922 
6.4645466804504395 
6.9893388748168945 
6.231236934661865 
7.9974751472473145 
6.9483256340026855 
6.488846302032471 
6.906666278839111 
5.950464725494385 
6.157905578613281 
5.8140034675598145 
5.924047946929932 
5.3079447746276855 
5.9004340171813965 
5.9447503089904785 
6.317219257354736 
6.173587322235107 
6.727071762084961 
5.042339324951172 
6.0169525146484375 
6.036278247833252 
6.641918659210205 
6.629075527191162 
6.859716415405273 
6.1418304443359375 
7.345890522003174 
6.5322723388671875 
5.801146984100342 
6.549619197845459 
5.991394519805908 
6.323429584503174 
7.083740711212158 
6.512706279754639 
5.948700428009033 
6.177837371826172 
6.583690166473389 
7.282454013824463 
5.8401970863342285 
6.404147148132324 
6.681865215301514 
7.464859485626221 
6.610973834991455 
6.55156946182251 
6.01401424407959 
5.994454383850098 
6.470611095428467 
6.895580291748047 
6.529987812042236 
7.422152042388916 
6.393385410308838 
6.142396450042725 
5.617374897003174 
7.6655755043029785 
6.20711088180542 
5.835226535797119 
6.3965301513671875 
6.024864673614502 
7.249846935272217 
6.207416534423828 
5.659386157989502 
6.061625003814697 
6.486687660217285 
6.51350736618042 
5.942061901092529 
6.318941593170166 
5.908548831939697 
5.91325569152832 
5.967034816741943 
6.219854831695557 
6.759912967681885 
6.875405788421631 
7.060252666473389 
6.201854228973389 
6.197165012359619 
6.617700576782227 
6.183885097503662 
6.349379062652588 
6.084627628326416 
7.486433029174805 
6.006656169891357 
6.386722087860107 
6.390274524688721 
6.427958965301514 
5.969717025756836 
6.5370354652404785 
6.83896017074585 
6.95125150680542 
7.08466100692749 
6.332828998565674 
6.803830623626709 
5.897663116455078 
6.87775182723999 
6.1604108810424805 
7.524331092834473 
6.387757778167725 
6.493174076080322 
6.534420967102051 
6.392164707183838 
6.36832857131958 
5.874671936035156 
7.3412041664123535 
5.431196212768555 
5.958157539367676 
5.583114147186279 
7.67431116104126 
5.923434257507324 
6.598446846008301 
6.764145374298096 
6.1218953132629395 
6.16099214553833 
5.743844509124756 
5.627695560455322 
7.4636735916137695 
6.413321495056152 
7.669378757476807 
6.568599700927734 
5.864215850830078 
5.981795787811279 
6.74153470993042 
6.676800727844238 
5.796451091766357 
6.162047863006592 
6.854094505310059 
6.9353928565979 
6.890120983123779 
7.0729804039001465 
5.624438285827637 
5.419041633605957 
6.96557092666626 
5.790212154388428 
6.601595401763916 
5.668464183807373 
6.871579647064209 
6.27910852432251 
6.426090717315674 
7.012087345123291 
6.340435981750488 
6.304473400115967 
7.226253986358643 
6.001039981842041 
7.589235305786133 
6.941221714019775 
6.4143595695495605 
6.3923563957214355 
6.122537612915039 
5.577870845794678 
5.8707122802734375 
6.348972797393799 
6.164158344268799 
6.440080165863037 
6.614896297454834 
6.620668888092041 
6.178637981414795 
6.406251430511475 
6.496603965759277 
6.236044406890869 
7.707493782043457 
6.1690354347229 
7.72653341293335 
6.133717060089111 
5.172144412994385 
5.7903666496276855 
6.484562873840332 
6.056466579437256 
6.098839282989502 
6.494755268096924 
7.594510078430176 
6.907456874847412 
6.37913179397583 
5.706252098083496 
6.547111511230469 
7.198636531829834 
6.488919258117676 
6.383595943450928 
6.38059663772583 
6.391119956970215 
7.723884105682373 
5.7412028312683105 
6.932989597320557 
6.327548503875732 
6.444134712219238 
6.324484348297119 
5.583969593048096 
5.52714729309082 
6.581610202789307 
6.931416988372803 
5.817287445068359 
6.5813679695129395 
6.144398212432861 
6.277778148651123 
5.78612756729126 
6.193737506866455 
5.821844577789307 
6.660891056060791 
6.157271862030029 
6.470529079437256 
6.308958530426025 
6.715294361114502 
6.468332767486572 
6.393147945404053 
6.469386577606201 
6.600736141204834 
6.8238749504089355 
6.573726177215576 
5.844149589538574 
6.742401599884033 
5.719581604003906 
6.011571407318115 
5.975391864776611 
6.266997337341309 
6.320812702178955 
6.881157875061035 
7.204265594482422 
6.561888694763184 
6.494896411895752 
5.511977195739746 
6.352427005767822 
6.918129920959473 
6.4600958824157715 
7.3153791427612305 
6.8232741355896 
6.556941509246826 
6.745438575744629 
6.322244167327881 
6.155327796936035 
5.805531978607178 
6.436300754547119 
6.190800189971924 
7.218543529510498 
6.657933712005615 
6.365757465362549 
6.610525608062744 
5.894057750701904 
6.229533672332764 
5.893987655639648 
7.014421463012695 
5.850754261016846 
6.216358661651611 
6.134037494659424 
6.064940929412842 
6.580376148223877 
6.478492259979248 
7.452897071838379 
6.625258445739746 
6.131548881530762 
6.4554524421691895 
5.797438621520996 
6.176558971405029 
5.986496925354004 
6.284677982330322 
6.0076727867126465 
6.0686211585998535 
6.069859981536865 
5.994537830352783 
5.841285228729248 
5.754322528839111 
5.882610321044922 
6.260512828826904 
6.535722255706787 
6.171281814575195 
5.814307689666748 
6.1633219718933105 
7.3046555519104 
5.75986909866333 
6.450291156768799 
6.3176798820495605 
5.879654407501221 
6.5017924308776855 
6.442898273468018 
6.03302526473999 
6.234398365020752 
6.652052402496338 
6.376355171203613 
6.963040828704834 
6.496134281158447 
7.741663932800293 
6.6924614906311035 
7.682763576507568 
5.823103427886963 
6.412657260894775 
5.41836404800415 
6.374773979187012 
6.081808567047119 
6.074075698852539 
6.745838165283203 
6.120092391967773 
5.969805717468262 
5.464614391326904 
6.252983093261719 
6.718527317047119 
6.123894214630127 
6.445405006408691 
5.781351089477539 
6.216983795166016 
6.545071125030518 
6.188827991485596 
6.482182025909424 
6.762496471405029 
7.043764114379883 
6.671543598175049 
6.325570583343506 
5.923032760620117 
7.114649772644043 
6.628857135772705 
6.17828893661499 
5.85029935836792 
6.069859981536865 
6.321954250335693 
6.449339389801025 
6.503301620483398 
6.593686580657959 
5.826764106750488 
6.8946146965026855 
6.482689380645752 
6.598454475402832 
6.3697829246521 
7.5486674308776855 
6.304440498352051 
6.249796390533447 
6.431350231170654 
7.132177352905273 
6.469217300415039 
7.12346887588501 
6.289703845977783 
6.309446811676025 
6.405462741851807 
6.578164100646973 
6.863269329071045 
6.284291744232178 
6.605050563812256 
6.642179012298584 
6.366491794586182 
5.577354431152344 
6.585180759429932 
6.170856952667236 
5.803215503692627 
5.734410762786865 
5.765863418579102 
6.529062747955322 
5.754217624664307 
7.023926734924316 
6.443526744842529 
5.898050785064697 
6.311895370483398 
6.04042387008667 
6.247818946838379 
6.698792934417725 
6.460327625274658 
6.577624320983887 
6.510986328125 
6.56973123550415 
6.852738380432129 
6.205906391143799 
7.460541248321533 
6.07135534286499 
6.472031116485596 
6.031476020812988 
6.8041558265686035 
6.427818775177002 
5.995065689086914 
6.331610202789307 
6.043148517608643 
6.3137359619140625 
5.781403064727783 
6.943307876586914 
6.652917861938477 
5.316076755523682 
6.448849201202393 
5.588201999664307 
6.147530555725098 
5.815772533416748 
7.776872158050537 
7.531023025512695 
6.000611782073975 
6.437205791473389 
6.673208713531494 
7.061825275421143 
6.076901912689209 
6.42083215713501 
6.460333824157715 
5.995485782623291 
6.073946475982666 
6.491206645965576 
6.909172534942627 
6.28102445602417 
6.397284984588623 
6.331930637359619 
6.251932621002197 
6.884025573730469 
7.105247497558594 
6.645895004272461 
5.704199314117432 
6.324160099029541 
6.232940196990967 
6.45735502243042 
6.871429920196533 
6.107235908508301 
5.750669002532959 
5.896091461181641 
5.97308874130249 
6.516819953918457 
6.623217582702637 
5.588930130004883 
5.980133533477783 
5.534026622772217 
6.389319896697998 
6.299394130706787 
6.891096115112305 
6.681140422821045 
6.385746002197266 
6.527596473693848 
6.253646373748779 
6.861301898956299 
6.43300199508667 
6.506015300750732 
6.091763973236084 
6.0322747230529785 
6.700968265533447 
5.914368629455566 
7.06620454788208 
5.497982501983643 
6.41808557510376 
6.145937442779541 
7.197569370269775 
5.844014644622803 
6.866456985473633 
6.7057929039001465 
6.159946918487549 
7.310539722442627 
7.31367826461792 
6.303796291351318 
6.73234224319458 
6.649392127990723 
7.323805332183838 
6.336947441101074 
5.872981071472168 
6.627022743225098 
6.864548206329346 
6.0497870445251465 
6.545931339263916 
6.466506481170654 
6.777041435241699 
5.696054935455322 
6.3072285652160645 
5.515417575836182 
5.391941547393799 
5.184427738189697 
7.619789123535156 
6.226848125457764 
6.0134406089782715 
