6.250537395477295 
6.284337520599365 
5.493432521820068 
7.375331401824951 
4.6630167961120605 
6.642069339752197 
6.7757649421691895 
5.381148815155029 
6.104877948760986 
4.9085235595703125 
7.651474475860596 
5.065485000610352 
7.191793918609619 
5.812110424041748 
9.111858367919922 
5.102291584014893 
7.005255222320557 
5.8605732917785645 
6.568480968475342 
7.0935750007629395 
6.408828258514404 
5.577481269836426 
6.509419918060303 
5.8421173095703125 
5.343778133392334 
6.786442279815674 
5.697806358337402 
6.108288288116455 
5.2620463371276855 
6.326890468597412 
9.377291679382324 
7.704522132873535 
6.277362823486328 
5.543979167938232 
7.605754852294922 
8.101110458374023 
5.803703308105469 
5.3779778480529785 
5.917349338531494 
9.123175621032715 
5.631264686584473 
6.0008320808410645 
6.314520835876465 
6.11876106262207 
9.316508293151855 
8.176362991333008 
6.286950588226318 
6.609562397003174 
5.231446266174316 
7.388988018035889 
9.893689155578613 
6.55525541305542 
6.30600118637085 
5.706841468811035 
5.889932155609131 
6.594119548797607 
5.493225574493408 
6.801172733306885 
6.077428340911865 
5.622312068939209 
6.943822860717773 
5.683570384979248 
4.532901763916016 
6.339315891265869 
8.908616065979004 
6.0844502449035645 
6.496394634246826 
6.643642902374268 
4.9816975593566895 
5.82361364364624 
5.8129706382751465 
5.408812999725342 
5.683986663818359 
9.94498348236084 
8.03769588470459 
5.807262897491455 
5.6073994636535645 
9.492897987365723 
6.432270050048828 
4.85186243057251 
6.373868465423584 
8.357155799865723 
6.480625629425049 
5.719118595123291 
6.235281467437744 
7.183237552642822 
6.198419094085693 
7.599262237548828 
9.04675006866455 
6.8722405433654785 
6.294617176055908 
5.596415996551514 
5.845155239105225 
9.222953796386719 
7.658193111419678 
5.467187881469727 
5.4827561378479 
5.918510913848877 
6.630107402801514 
6.436498165130615 
6.791007041931152 
6.414190769195557 
6.599833011627197 
5.17611026763916 
6.773740768432617 
8.606441497802734 
8.799554824829102 
7.605656147003174 
5.987805366516113 
5.761180400848389 
8.501700401306152 
5.8132004737854 
7.412413120269775 
5.936044216156006 
7.164453506469727 
6.3521223068237305 
7.121584415435791 
5.191771984100342 
6.516052722930908 
6.998464107513428 
5.491638660430908 
6.591573238372803 
5.431393146514893 
5.674716949462891 
5.930779457092285 
6.87603235244751 
5.564383029937744 
5.920226573944092 
7.159559726715088 
5.966050624847412 
6.784733295440674 
5.672604084014893 
7.497474193572998 
5.6499104499816895 
6.832367897033691 
5.526045322418213 
6.375058650970459 
9.191974639892578 
8.362799644470215 
8.127348899841309 
6.962687015533447 
5.847723007202148 
6.4279351234436035 
6.034827709197998 
7.7738566398620605 
6.901668071746826 
4.302138805389404 
5.457785606384277 
6.704339504241943 
5.939924240112305 
6.1489338874816895 
5.101022243499756 
5.75757360458374 
7.553450107574463 
5.92039155960083 
8.240239143371582 
6.197248935699463 
6.583788871765137 
6.2830071449279785 
8.013533592224121 
5.26681661605835 
5.756598949432373 
7.026076793670654 
7.202498912811279 
5.678111553192139 
9.720078468322754 
5.9868645668029785 
5.493286609649658 
5.796546459197998 
6.64927864074707 
6.155048847198486 
7.591055393218994 
5.772728443145752 
7.702569007873535 
7.3144755363464355 
7.159322738647461 
4.840460777282715 
5.616791248321533 
6.41975212097168 
6.702469348907471 
6.22050666809082 
6.015084743499756 
6.6078877449035645 
6.683054447174072 
7.871893405914307 
5.985239028930664 
6.624415874481201 
6.774048328399658 
6.2793965339660645 
5.259686470031738 
7.121410369873047 
6.7992939949035645 
8.470224380493164 
7.215577602386475 
5.306455135345459 
7.728188991546631 
6.255435466766357 
5.223306655883789 
5.349531650543213 
5.215677738189697 
7.096635341644287 
7.595665454864502 
6.415473461151123 
6.262124538421631 
7.080760478973389 
6.56359338760376 
7.380939960479736 
5.5131659507751465 
6.260871410369873 
6.163419246673584 
7.0951313972473145 
6.1613078117370605 
7.229055881500244 
7.589128494262695 
7.5742998123168945 
6.199329853057861 
6.6700310707092285 
6.726252555847168 
7.225751876831055 
8.145429611206055 
6.118427753448486 
6.3677978515625 
7.237276077270508 
7.065650463104248 
8.09757137298584 
5.234699726104736 
5.990453243255615 
5.9419660568237305 
7.656663417816162 
5.153534889221191 
6.340287685394287 
8.762532234191895 
6.255284786224365 
6.479406833648682 
7.6592488288879395 
5.898898601531982 
6.97493314743042 
5.614632606506348 
6.04575777053833 
7.614939212799072 
5.835862636566162 
8.47910213470459 
5.6312432289123535 
9.057272911071777 
4.895121097564697 
7.029976844787598 
5.7551798820495605 
6.03815221786499 
9.913237571716309 
5.328408718109131 
5.599616527557373 
6.438021183013916 
7.00497579574585 
6.216879367828369 
6.988332271575928 
6.978366374969482 
5.987287998199463 
7.284937381744385 
7.32696533203125 
8.304200172424316 
7.834976673126221 
5.939910411834717 
5.737062931060791 
7.182281970977783 
6.202365875244141 
5.587007999420166 
9.614579200744629 
6.0227437019348145 
7.070008754730225 
5.819613933563232 
5.8562541007995605 
7.241104602813721 
5.62592077255249 
8.562273979187012 
7.389443874359131 
5.873199462890625 
7.291325092315674 
7.1661505699157715 
8.349684715270996 
7.707882404327393 
5.079376697540283 
7.5246686935424805 
6.325027942657471 
7.506940841674805 
8.397461891174316 
5.095647811889648 
5.980904579162598 
7.016106128692627 
6.372348785400391 
7.551483631134033 
5.555779457092285 
5.43141508102417 
8.134869575500488 
6.983569622039795 
6.427636623382568 
5.665921211242676 
8.28087329864502 
6.2730913162231445 
6.024672508239746 
5.879295349121094 
6.225113391876221 
5.426363468170166 
7.165174961090088 
7.150021076202393 
6.4998555183410645 
6.0069403648376465 
6.386984825134277 
5.386470317840576 
6.109939098358154 
5.9475202560424805 
6.246160984039307 
5.327521324157715 
4.874645709991455 
6.321413516998291 
10.090498924255371 
8.26449966430664 
5.771373271942139 
5.96937894821167 
6.822652339935303 
6.157273769378662 
5.8709893226623535 
6.653929233551025 
7.212387561798096 
6.8752007484436035 
5.766021728515625 
9.98618221282959 
5.294982433319092 
7.658329010009766 
7.113155841827393 
5.7870588302612305 
5.758334636688232 
6.682393550872803 
7.462703227996826 
5.941430568695068 
7.630636692047119 
7.962376117706299 
6.274248123168945 
6.413341999053955 
4.726333141326904 
5.924773693084717 
6.872806072235107 
6.500089645385742 
5.205361843109131 
6.333606719970703 
5.664027214050293 
6.91416597366333 
5.294842720031738 
6.14458703994751 
8.23745059967041 
7.672008991241455 
7.193410396575928 
5.790287494659424 
5.190840244293213 
6.502655506134033 
6.235946178436279 
5.989792346954346 
8.310452461242676 
7.842183589935303 
8.580578804016113 
5.2507004737854 
6.7578864097595215 
8.609833717346191 
6.755508899688721 
5.730434894561768 
5.961837291717529 
5.689108848571777 
5.071587085723877 
5.007609844207764 
7.294314861297607 
5.499844074249268 
6.79246187210083 
5.109050273895264 
6.766025543212891 
6.068884372711182 
5.763091564178467 
4.694465637207031 
7.694962978363037 
6.665393829345703 
5.982409954071045 
6.306493282318115 
5.959316730499268 
6.295124530792236 
8.02456283569336 
5.72208309173584 
8.93189525604248 
5.447041988372803 
5.5525689125061035 
6.9351325035095215 
7.369003772735596 
7.436198711395264 
5.476507663726807 
4.848631381988525 
5.045100212097168 
6.323694705963135 
6.837397575378418 
5.852268695831299 
6.105236530303955 
7.0428690910339355 
5.827863693237305 
7.502165794372559 
5.8421807289123535 
5.152464389801025 
5.586466312408447 
4.951600074768066 
6.639760494232178 
5.583255290985107 
5.255789756774902 
7.546463966369629 
4.41758394241333 
5.45492696762085 
5.0646514892578125 
7.5605854988098145 
7.643160343170166 
6.102176189422607 
6.2730021476745605 
5.976647853851318 
5.277439594268799 
6.1027350425720215 
6.947421550750732 
6.912822246551514 
6.297736644744873 
4.85802698135376 
5.630486965179443 
5.93104887008667 
7.080164432525635 
6.499072551727295 
6.1726603507995605 
7.700826168060303 
5.971433162689209 
5.916313648223877 
5.79456090927124 
4.658404350280762 
5.051782131195068 
5.794456958770752 
6.4890456199646 
5.755650043487549 
5.585071563720703 
7.782759666442871 
8.34720230102539 
7.797422409057617 
6.708028793334961 
6.343269348144531 
6.055759906768799 
7.445008754730225 
6.163549423217773 
7.536100387573242 
4.905485153198242 
6.51439094543457 
8.350569725036621 
6.375346660614014 
6.145942687988281 
5.109574794769287 
7.870336055755615 
7.7321672439575195 
7.926591396331787 
8.826603889465332 
8.24476146697998 
5.327824115753174 
4.43717622756958 
7.4754862785339355 
5.67942476272583 
9.197061538696289 
4.707868576049805 
7.032744884490967 
4.988288402557373 
6.634360313415527 
6.320454120635986 
7.4559407234191895 
6.365081787109375 
6.775491237640381 
6.013693332672119 
7.753736972808838 
5.518477916717529 
7.049675464630127 
6.316125392913818 
5.7297186851501465 
8.678773880004883 
5.200016498565674 
5.924682140350342 
5.182307720184326 
7.59588623046875 
6.946919918060303 
8.610238075256348 
6.24968147277832 
6.345937728881836 
5.647472858428955 
6.176691055297852 
6.002392292022705 
6.488102436065674 
6.207603931427002 
9.676896095275879 
6.477938175201416 
7.653078556060791 
6.036816120147705 
6.877016544342041 
6.1474409103393555 
7.0922980308532715 
4.681868076324463 
6.317036151885986 
7.760301113128662 
8.914928436279297 
7.0727219581604 
7.635329723358154 
7.4532599449157715 
6.064995288848877 
8.358519554138184 
6.328955173492432 
8.052597045898438 
5.3862128257751465 
6.554941654205322 
5.5380730628967285 
5.9953389167785645 
5.710089206695557 
8.054140090942383 
5.602207183837891 
6.772925853729248 
5.930034160614014 
5.768371105194092 
5.637281894683838 
5.5371012687683105 
7.297857761383057 
9.271808624267578 
6.9047112464904785 
6.500277996063232 
6.3815789222717285 
5.666684627532959 
7.702158451080322 
7.611484050750732 
8.860507011413574 
7.031636714935303 
5.051881313323975 
8.058250427246094 
6.172085285186768 
6.838232517242432 
6.556798934936523 
7.5226287841796875 
6.433938503265381 
7.283552646636963 
6.69310998916626 
7.994840145111084 
5.923409938812256 
7.266641139984131 
6.288900375366211 
7.710626125335693 
8.695874214172363 
6.3403706550598145 
5.454002380371094 
6.982481479644775 
7.073911666870117 
7.091536998748779 
5.543924808502197 
6.425557613372803 
8.040473937988281 
6.47672700881958 
6.684806823730469 
5.602630138397217 
9.560150146484375 
6.882248878479004 
5.533822536468506 
7.117045879364014 
4.627220153808594 
5.912571430206299 
5.926686763763428 
6.362682819366455 
5.677606105804443 
6.025024890899658 
7.561260223388672 
7.484302997589111 
6.826349258422852 
7.720980167388916 
5.4609198570251465 
4.906239032745361 
9.759427070617676 
6.452082633972168 
6.233277797698975 
5.857859134674072 
6.7716803550720215 
4.723014831542969 
7.3902764320373535 
10.5433931350708 
6.76528787612915 
5.843898296356201 
5.349032878875732 
4.983652591705322 
7.037896633148193 
6.084125995635986 
7.3685784339904785 
8.162352561950684 
7.066338062286377 
7.628481388092041 
5.142714977264404 
4.8277268409729 
7.012127876281738 
6.55837869644165 
5.149067401885986 
5.597032070159912 
6.537425518035889 
6.068856716156006 
6.258625030517578 
7.554830551147461 
6.415658473968506 
5.298987865447998 
5.698775291442871 
5.743447303771973 
6.456040382385254 
6.084078788757324 
6.575645923614502 
6.596703052520752 
5.480404853820801 
7.234633922576904 
6.651340961456299 
6.907127380371094 
6.342556476593018 
6.186900615692139 
6.082785129547119 
5.994157314300537 
5.1497721672058105 
5.226760387420654 
5.782022953033447 
9.287348747253418 
6.693277835845947 
5.211827754974365 
6.0840630531311035 
7.821751117706299 
5.626770496368408 
4.5170369148254395 
5.138493061065674 
6.044758319854736 
5.133974552154541 
6.305160999298096 
6.205931186676025 
5.162155628204346 
6.92572546005249 
5.755675792694092 
7.563445568084717 
5.602535724639893 
4.913394927978516 
5.699233055114746 
8.92860221862793 
6.44955587387085 
5.214824676513672 
5.644729137420654 
5.2045159339904785 
7.532528877258301 
7.384151935577393 
6.263211727142334 
5.330690860748291 
7.678771495819092 
5.963160991668701 
6.094127178192139 
7.858931064605713 
7.011343479156494 
6.474054336547852 
6.389145374298096 
5.216310977935791 
5.633998394012451 
7.451076030731201 
6.357851982116699 
7.522247791290283 
7.608509063720703 
5.981013774871826 
5.482975959777832 
7.4707746505737305 
5.568006992340088 
6.853511333465576 
5.352061748504639 
5.6618876457214355 
5.2766499519348145 
6.334481716156006 
5.720760822296143 
5.924860954284668 
8.526297569274902 
6.332091331481934 
6.016685962677002 
4.901259899139404 
5.6545939445495605 
6.358505725860596 
5.998439311981201 
5.551957607269287 
5.032477855682373 
5.4608025550842285 
8.574355125427246 
6.098678112030029 
5.281491756439209 
8.514632225036621 
7.455888271331787 
7.809681415557861 
6.582352161407471 
5.06074333190918 
6.863297462463379 
6.07277250289917 
8.372008323669434 
6.165180683135986 
5.937119007110596 
5.7304816246032715 
6.0839104652404785 
7.654078483581543 
7.660306453704834 
8.723084449768066 
6.135981559753418 
6.537911891937256 
6.839122295379639 
5.585989475250244 
7.480769157409668 
6.119832992553711 
7.5704779624938965 
5.332874774932861 
6.2871222496032715 
6.5851664543151855 
7.809200286865234 
8.211688995361328 
7.280183792114258 
6.068704605102539 
7.405457019805908 
4.727838039398193 
5.721748352050781 
5.201639652252197 
8.116609573364258 
6.411141872406006 
7.640035152435303 
5.857426643371582 
5.472168922424316 
6.763324737548828 
6.970870494842529 
6.1953229904174805 
7.101456165313721 
6.806032657623291 
5.216917514801025 
5.412980556488037 
6.392781734466553 
7.096873760223389 
7.395347595214844 
5.337522983551025 
5.82751989364624 
8.479806900024414 
7.409491062164307 
5.803137302398682 
6.18830680847168 
6.951725482940674 
8.988547325134277 
7.213749408721924 
7.130906581878662 
7.091424465179443 
5.3931498527526855 
6.0440354347229 
5.62347412109375 
4.972645282745361 
6.73354434967041 
5.35011625289917 
6.566721439361572 
6.610826015472412 
7.806440353393555 
5.249893665313721 
6.436539173126221 
6.07832145690918 
5.07549524307251 
6.3807692527771 
5.678487300872803 
5.281106472015381 
9.343050003051758 
6.572157382965088 
7.734042644500732 
5.301981449127197 
5.616546154022217 
7.604019641876221 
5.454477787017822 
5.912882328033447 
6.034503936767578 
5.785375118255615 
6.420004367828369 
5.756210803985596 
5.543778896331787 
9.97546100616455 
5.924225330352783 
7.097040176391602 
8.081233024597168 
9.343637466430664 
8.888289451599121 
5.748905658721924 
7.994348049163818 
7.607998371124268 
5.88502311706543 
8.729392051696777 
5.2116498947143555 
7.553671360015869 
5.664885997772217 
4.697021484375 
5.947657108306885 
5.19917631149292 
6.327151298522949 
5.8454484939575195 
7.179975986480713 
6.207315444946289 
6.011857032775879 
8.29063892364502 
6.549045562744141 
6.89324951171875 
7.633405685424805 
5.29865837097168 
5.609578609466553 
8.025847434997559 
5.800168514251709 
6.167296409606934 
5.95714807510376 
6.779552936553955 
7.452480792999268 
7.182270526885986 
6.173435688018799 
4.9109930992126465 
5.10260534286499 
5.003892421722412 
6.040093898773193 
5.840753078460693 
9.278868675231934 
6.110198497772217 
7.470608234405518 
7.732969284057617 
5.6234660148620605 
6.1936774253845215 
8.709568977355957 
5.434088706970215 
6.1870951652526855 
6.4299845695495605 
7.308712005615234 
5.288180828094482 
6.474860668182373 
6.016401290893555 
6.929244041442871 
5.628871917724609 
5.554396629333496 
6.2735514640808105 
5.309829235076904 
6.747480392456055 
5.863986492156982 
9.660445213317871 
6.055267333984375 
5.015878200531006 
6.129237174987793 
6.309000492095947 
7.442226886749268 
5.692783832550049 
8.55905532836914 
6.1142425537109375 
4.666989803314209 
6.527980327606201 
6.7018232345581055 
6.6837077140808105 
7.777523517608643 
8.498199462890625 
5.2337164878845215 
4.751999378204346 
5.430251121520996 
6.022278308868408 
6.07443380355835 
5.670883655548096 
6.233729839324951 
8.438782691955566 
6.855424404144287 
4.958622932434082 
6.0697760581970215 
6.582075119018555 
5.3860554695129395 
5.2164692878723145 
4.685641765594482 
10.236926078796387 
5.9833245277404785 
6.055404186248779 
5.334508419036865 
5.057541370391846 
5.982781887054443 
5.717009544372559 
5.314484119415283 
7.2762885093688965 
6.119994640350342 
6.469126224517822 
9.86473560333252 
5.997515678405762 
6.5034050941467285 
5.993696689605713 
7.814522743225098 
6.104702472686768 
6.844807147979736 
5.7346062660217285 
5.3724870681762695 
4.822287559509277 
4.830643653869629 
6.559058666229248 
5.659916877746582 
5.253434658050537 
6.122345447540283 
5.970585346221924 
6.3274688720703125 
6.071442127227783 
6.663365840911865 
8.15202808380127 
5.720112323760986 
7.61806058883667 
5.527652263641357 
5.9949631690979 
5.895143032073975 
6.446410179138184 
6.451644420623779 
8.420164108276367 
7.074451923370361 
6.7753167152404785 
5.508248805999756 
7.025612831115723 
9.981677055358887 
8.9635591506958 
6.168989658355713 
7.801581382751465 
8.61188793182373 
8.228461265563965 
6.630016803741455 
5.731780529022217 
7.569705486297607 
5.778905391693115 
5.423661231994629 
9.438992500305176 
6.1456522941589355 
9.38248062133789 
5.984317302703857 
7.0738139152526855 
7.546444416046143 
6.15751838684082 
6.069672584533691 
5.767105579376221 
6.214985370635986 
7.7465386390686035 
6.704156398773193 
5.1634697914123535 
6.422035217285156 
7.1330180168151855 
9.993903160095215 
8.867199897766113 
6.159839630126953 
5.5084662437438965 
7.047665596008301 
5.756009578704834 
7.768129825592041 
7.882660388946533 
6.1299614906311035 
6.862267971038818 
7.038234233856201 
6.106194019317627 
6.886634826660156 
6.530948162078857 
5.59593391418457 
6.0375776290893555 
6.654087066650391 
6.201717376708984 
6.186798572540283 
7.412740707397461 
4.934569358825684 
7.180189609527588 
8.159319877624512 
4.974033832550049 
6.097999095916748 
6.703382968902588 
7.275675296783447 
4.382631778717041 
10.632436752319336 
4.350019931793213 
5.676661968231201 
5.8231940269470215 
7.221847057342529 
8.681124687194824 
6.9429707527160645 
6.920979022979736 
7.18011999130249 
8.282031059265137 
5.534158706665039 
6.719165325164795 
7.369886875152588 
6.451927661895752 
6.160807132720947 
6.153839588165283 
5.082646369934082 
6.532933712005615 
7.3931474685668945 
6.4752116203308105 
6.614933013916016 
5.679787635803223 
5.853394031524658 
9.801401138305664 
6.480867862701416 
5.800383567810059 
6.112195014953613 
6.057641506195068 
6.805022716522217 
6.581937313079834 
5.18690824508667 
6.412942409515381 
4.643743991851807 
5.82771110534668 
7.062558650970459 
6.341841220855713 
5.477656364440918 
7.956651210784912 
4.9103569984436035 
6.076568126678467 
5.364542484283447 
5.458792209625244 
6.595464706420898 
5.717159748077393 
5.406287670135498 
5.925492286682129 
7.43888521194458 
6.9238176345825195 
5.084887981414795 
5.256007671356201 
5.824573516845703 
6.510904788970947 
5.285070419311523 
6.7477641105651855 
4.863365173339844 
6.2701096534729 
6.021322727203369 
7.5227437019348145 
6.702721118927002 
5.7844014167785645 
6.311160564422607 
4.775230884552002 
6.446727275848389 
7.54892110824585 
8.094880104064941 
5.282754421234131 
5.555774211883545 
8.5720796585083 
7.562863349914551 
9.175786972045898 
7.170268535614014 
7.517364025115967 
6.279455661773682 
5.900501728057861 
6.10175085067749 
7.771479606628418 
5.996613025665283 
5.8377203941345215 
5.879364490509033 
5.5594635009765625 
5.95789098739624 
6.320950508117676 
4.661940097808838 
7.847580909729004 
5.653384685516357 
6.375154495239258 
6.4347052574157715 
7.98693323135376 
6.239730358123779 
7.667776584625244 
5.3788580894470215 
6.139102458953857 
7.2073798179626465 
6.008902549743652 
4.8556036949157715 
4.856032848358154 
5.525402069091797 
7.505246639251709 
5.878159999847412 
5.342225551605225 
7.8364949226379395 
5.89596700668335 
4.587568283081055 
6.866851806640625 
6.519505977630615 
5.3408732414245605 
6.253995418548584 
6.460978031158447 
5.828064441680908 
5.404915809631348 
6.432418346405029 
5.604488372802734 
7.897369861602783 
8.037901878356934 
4.989945888519287 
6.243820667266846 
6.176947116851807 
6.044203758239746 
7.091444492340088 
5.7169718742370605 
7.142980098724365 
5.753897190093994 
6.577306747436523 
6.1124267578125 
5.9873175621032715 
4.852269649505615 
6.413203239440918 
5.833267688751221 
7.339388370513916 
7.2644548416137695 
5.472862243652344 
5.804213047027588 
5.33815336227417 
6.554781913757324 
9.117548942565918 
8.270554542541504 
7.627867698669434 
4.975412368774414 
5.567378520965576 
7.214888095855713 
4.3272929191589355 
7.513815879821777 
5.799922466278076 
6.173299312591553 
8.410195350646973 
6.497251987457275 
7.792372226715088 
7.124734878540039 
7.151800632476807 
6.735142230987549 
5.068026542663574 
6.233534336090088 
7.784763813018799 
6.712718486785889 
5.964017868041992 
6.026329517364502 
6.254960536956787 
5.730620861053467 
6.27768611907959 
6.6707000732421875 
6.148390293121338 
6.665524959564209 
9.523467063903809 
6.456818580627441 
5.234191417694092 
5.817319393157959 
5.961063861846924 
5.329514026641846 
5.287134647369385 
6.34743070602417 
6.67596960067749 
6.084152698516846 
7.486391544342041 
7.638669490814209 
7.125060558319092 
5.959713459014893 
5.580428600311279 
6.261984825134277 
6.1518049240112305 
6.490511417388916 
6.163736343383789 
5.833560466766357 
5.952037334442139 
4.924074649810791 
7.042607307434082 
6.695190906524658 
6.693605899810791 
5.508365154266357 
6.35051155090332 
5.253987789154053 
6.4384965896606445 
8.221124649047852 
8.266085624694824 
6.4055495262146 
5.3095316886901855 
6.758655071258545 
5.556637287139893 
8.154500961303711 
7.051299571990967 
5.672598361968994 
6.173888683319092 
6.167581081390381 
6.1981587409973145 
7.467517375946045 
6.377401828765869 
5.2763142585754395 
5.61414098739624 
6.314560890197754 
6.024258613586426 
4.735691547393799 
5.2826828956604 
6.227113246917725 
6.982571125030518 
4.914623260498047 
6.113358020782471 
5.396957874298096 
8.196688652038574 
8.26342487335205 
5.536630153656006 
5.504807949066162 
5.999561786651611 
7.492118835449219 
5.740464210510254 
6.62510347366333 
8.488953590393066 
6.541112422943115 
4.946651458740234 
7.317260265350342 
7.760368347167969 
6.257462978363037 
5.432886123657227 
7.419201374053955 
8.411494255065918 
5.953975677490234 
5.4918389320373535 
5.173655033111572 
6.283848762512207 
6.920852184295654 
5.714623928070068 
5.843524932861328 
6.643706798553467 
6.143574237823486 
5.93864107131958 
5.69500207901001 
6.027674198150635 
5.751074314117432 
5.901191234588623 
4.9715094566345215 
8.488012313842773 
6.177958965301514 
7.900660037994385 
6.134178161621094 
6.278314113616943 
5.545088768005371 
6.2249755859375 
6.318446159362793 
6.613657474517822 
5.932281970977783 
6.304418087005615 
7.415215015411377 
6.666958332061768 
6.193978309631348 
6.722491264343262 
6.11191463470459 
5.6338677406311035 
5.7199859619140625 
4.898745059967041 
5.978794097900391 
5.739216327667236 
6.442912578582764 
6.144219875335693 
5.512510776519775 
7.458217144012451 
7.068479061126709 
6.682568550109863 
5.7614593505859375 
6.145230293273926 
10.008807182312012 
5.977667331695557 
5.613744735717773 
6.674687385559082 
5.181082725524902 
6.184061527252197 
6.793466091156006 
6.999781131744385 
7.74701452255249 
9.734907150268555 
5.310251712799072 
7.59507417678833 
5.765845775604248 
6.271171569824219 
5.977535724639893 
6.310269832611084 
4.717896938323975 
5.324565410614014 
5.855853080749512 
5.668323516845703 
6.628291606903076 
6.011091709136963 
6.410864353179932 
10.779024124145508 
8.227294921875 
6.084788799285889 
9.131058692932129 
9.821030616760254 
5.703378200531006 
8.059791564941406 
4.829411029815674 
6.808193683624268 
5.09145975112915 
5.403433322906494 
5.289921283721924 
7.084208965301514 
6.529815673828125 
5.586963176727295 
6.146864414215088 
7.802230358123779 
6.22638463973999 
6.923272132873535 
6.581754684448242 
7.222553730010986 
6.530755519866943 
10.204300880432129 
6.363601207733154 
7.296698093414307 
8.098422050476074 
5.426299571990967 
7.660539150238037 
5.3704447746276855 
6.91255521774292 
6.920430660247803 
5.8535356521606445 
6.7171149253845215 
5.93456506729126 
6.110611915588379 
5.313650608062744 
6.466611385345459 
5.032636642456055 
5.157662868499756 
6.026392459869385 
5.834235668182373 
7.929527759552002 
6.32360315322876 
6.547235012054443 
6.792149066925049 
9.544903755187988 
7.492205619812012 
6.254722595214844 
5.427911281585693 
5.523678302764893 
5.994955539703369 
5.155027866363525 
6.362973690032959 
6.558499813079834 
7.585506916046143 
5.342992305755615 
6.412597179412842 
9.67803955078125 
5.701663017272949 
6.623635768890381 
8.333471298217773 
6.322534561157227 
5.6530632972717285 
8.227889060974121 
6.582908630371094 
5.3218770027160645 
4.61198091506958 
6.7038726806640625 
4.690704822540283 
6.720740795135498 
6.171958923339844 
5.879175186157227 
6.267405033111572 
8.063714981079102 
5.650733470916748 
4.865843296051025 
5.857578277587891 
7.939637184143066 
6.5197014808654785 
5.835535526275635 
8.33536434173584 
8.621185302734375 
6.864180564880371 
6.59571647644043 
6.074738025665283 
8.437006950378418 
5.708648204803467 
5.92716646194458 
7.440521717071533 
5.405760288238525 
7.314167499542236 
7.756648540496826 
6.485700607299805 
4.960999965667725 
4.911269187927246 
6.474124431610107 
6.005359172821045 
5.905074119567871 
6.909021854400635 
5.866955280303955 
6.983938694000244 
5.337400436401367 
5.394283294677734 
5.634738445281982 
5.319970607757568 
5.243669033050537 
5.393135070800781 
5.54646635055542 
6.691302299499512 
5.419834613800049 
5.268306732177734 
5.296091556549072 
7.023961544036865 
7.310892105102539 
5.748666286468506 
6.0491838455200195 
7.8350300788879395 
6.06294059753418 
6.950745105743408 
7.8290181159973145 
6.72824764251709 
4.950526714324951 
6.917202472686768 
5.012485504150391 
5.87832498550415 
6.043314456939697 
6.008492946624756 
8.172722816467285 
6.594216823577881 
9.264864921569824 
7.468392372131348 
5.786623477935791 
6.984777927398682 
6.237364292144775 
7.026475429534912 
7.015726566314697 
6.215394496917725 
7.028753280639648 
5.829866886138916 
6.571877479553223 
6.077021598815918 
5.928534984588623 
6.018523693084717 
6.927809238433838 
8.848024368286133 
6.02001953125 
6.172189235687256 
5.479955673217773 
9.175429344177246 
5.60491418838501 
4.904454231262207 
6.838244438171387 
7.670717239379883 
7.132800579071045 
7.0339789390563965 
6.14488410949707 
4.989245891571045 
5.111361503601074 
6.001455783843994 
5.478347301483154 
4.9339985847473145 
9.014323234558105 
8.040621757507324 
5.693836688995361 
7.332920074462891 
5.840611934661865 
4.939477920532227 
6.8142409324646 
5.873899936676025 
8.24657917022705 
4.914340019226074 
7.064093112945557 
5.435962200164795 
8.410043716430664 
7.78428316116333 
5.598458766937256 
8.459883689880371 
5.512887477874756 
5.91243839263916 
6.46112585067749 
6.194876194000244 
6.347005367279053 
5.885169506072998 
6.005405902862549 
6.360572338104248 
5.002113342285156 
5.982767581939697 
7.393721103668213 
5.9397101402282715 
8.432293891906738 
6.375176906585693 
7.8539910316467285 
5.643984317779541 
5.939962863922119 
6.228822231292725 
7.1826372146606445 
6.931803226470947 
7.753464221954346 
8.505144119262695 
7.024893283843994 
7.306046962738037 
6.159498691558838 
6.616340637207031 
5.417738437652588 
4.713223934173584 
5.570267200469971 
5.9055047035217285 
7.247121334075928 
10.201054573059082 
7.539316654205322 
7.89392614364624 
10.387602806091309 
7.925394058227539 
7.707845211029053 
5.910316467285156 
9.268041610717773 
6.0188069343566895 
6.110562801361084 
7.772555828094482 
7.5683465003967285 
6.08422327041626 
7.535531520843506 
6.383204936981201 
4.6064629554748535 
5.7897162437438965 
5.903320789337158 
5.15025520324707 
8.433905601501465 
6.377658843994141 
5.925760746002197 
6.634486675262451 
6.502299785614014 
5.636796951293945 
5.9532060623168945 
7.430977821350098 
6.578780174255371 
5.018319606781006 
4.73235559463501 
5.976656436920166 
6.9568305015563965 
6.392188549041748 
5.781369686126709 
7.211941242218018 
5.163459777832031 
6.3962860107421875 
5.80072546005249 
5.113696575164795 
8.640170097351074 
5.935945987701416 
5.080012798309326 
6.7762346267700195 
7.6541876792907715 
7.345707416534424 
6.95773458480835 
5.537062168121338 
6.288174152374268 
5.662242412567139 
6.446366310119629 
7.215357303619385 
8.045332908630371 
5.825542449951172 
7.044154644012451 
5.172883987426758 
7.898232936859131 
5.317163944244385 
5.3445611000061035 
6.210912227630615 
8.219389915466309 
4.688358783721924 
5.390182971954346 
4.833362102508545 
6.278041362762451 
6.7179341316223145 
4.977041244506836 
5.801822185516357 
6.519713878631592 
6.0512189865112305 
6.006770133972168 
6.982659816741943 
7.810567378997803 
6.092423915863037 
5.7734551429748535 
6.58599853515625 
4.877770900726318 
4.629120826721191 
6.1995720863342285 
6.94045877456665 
5.715785503387451 
7.7876763343811035 
9.421372413635254 
5.680262088775635 
7.705538272857666 
6.378960132598877 
5.608364582061768 
5.107093334197998 
6.189115047454834 
6.317053318023682 
8.288664817810059 
5.788262844085693 
6.222553730010986 
8.0692777633667 
9.357281684875488 
5.72226095199585 
9.880236625671387 
5.5856099128723145 
5.8514084815979 
5.31712007522583 
9.31396770477295 
7.611465930938721 
5.695611476898193 
6.068225383758545 
7.4218854904174805 
5.893256664276123 
8.817025184631348 
7.136485576629639 
5.780191898345947 
5.929886341094971 
5.787964344024658 
5.782429218292236 
6.7045722007751465 
5.929195404052734 
5.824167728424072 
7.517061710357666 
4.751661777496338 
5.539708614349365 
6.205108642578125 
5.277782440185547 
5.722386837005615 
6.65117073059082 
5.525182247161865 
6.652139663696289 
5.740453720092773 
6.062438488006592 
5.097485065460205 
6.602023601531982 
5.4501633644104 
5.309600830078125 
4.697051048278809 
7.1654863357543945 
9.014286994934082 
5.163558483123779 
7.395321369171143 
6.490418910980225 
6.6082587242126465 
4.7096967697143555 
6.457889080047607 
6.423348903656006 
5.916184902191162 
7.177873611450195 
6.777480125427246 
7.0281195640563965 
6.3211750984191895 
5.891209602355957 
6.172535419464111 
5.824445724487305 
6.213440418243408 
7.233020305633545 
5.704519748687744 
7.958326816558838 
5.934568881988525 
6.398683071136475 
6.197793960571289 
6.913057804107666 
7.561464309692383 
5.918473720550537 
5.996819972991943 
5.931631565093994 
8.169373512268066 
5.616856098175049 
7.200650691986084 
8.220961570739746 
5.49406623840332 
6.548287868499756 
6.346978664398193 
5.674635887145996 
7.953118801116943 
6.4778571128845215 
5.365719795227051 
5.818996906280518 
5.275692939758301 
7.037612438201904 
6.339271068572998 
5.323426246643066 
6.514337062835693 
6.47934103012085 
5.21511697769165 
7.942178249359131 
6.48608922958374 
7.12893009185791 
8.156661987304688 
4.512203693389893 
5.051223278045654 
6.6760945320129395 
10.155847549438477 
6.937142848968506 
6.22490930557251 
6.710163116455078 
6.707327842712402 
4.1625800132751465 
9.36988353729248 
7.394806385040283 
6.2725958824157715 
6.139170169830322 
5.999368667602539 
9.148880958557129 
5.011221408843994 
6.0909905433654785 
6.626471042633057 
6.30584716796875 
6.338318347930908 
6.174692630767822 
5.837290287017822 
5.507104873657227 
6.31788969039917 
6.170621395111084 
8.235272407531738 
6.112746238708496 
5.715698719024658 
7.106288433074951 
9.036271095275879 
6.008391857147217 
8.430376052856445 
6.203800678253174 
6.564501762390137 
7.365139484405518 
8.034894943237305 
5.446037769317627 
7.789282321929932 
8.913004875183105 
5.803775787353516 
7.034573078155518 
6.471411228179932 
8.119039535522461 
6.645265102386475 
6.383202075958252 
6.6919169425964355 
6.0950188636779785 
4.994998455047607 
5.75955057144165 
4.387354850769043 
6.4871296882629395 
5.542150974273682 
6.344923973083496 
5.8153605461120605 
6.886443138122559 
5.806828498840332 
6.376712322235107 
6.227846622467041 
3.978325128555298 
6.587472438812256 
4.766971588134766 
5.359962463378906 
5.894819736480713 
7.76530122756958 
4.998607158660889 
4.5279340744018555 
5.943258762359619 
7.195219039916992 
5.6492438316345215 
5.049855709075928 
5.896539688110352 
7.509405612945557 
6.160408020019531 
7.790248870849609 
8.255724906921387 
6.030229568481445 
6.366535663604736 
6.51587438583374 
5.7073845863342285 
6.891767501831055 
6.117214202880859 
7.125248908996582 
5.107673645019531 
6.179283618927002 
6.601525783538818 
5.838879108428955 
5.6689372062683105 
8.148427963256836 
7.387868404388428 
8.275528907775879 
5.894688129425049 
6.347808361053467 
7.125211238861084 
8.313721656799316 
6.04729700088501 
6.612049102783203 
8.387665748596191 
6.588379859924316 
6.995738506317139 
5.49916410446167 
4.515252590179443 
5.088144779205322 
5.533378601074219 
5.533411502838135 
7.700281620025635 
6.2645583152771 
4.975382328033447 
6.4933762550354 
5.424414157867432 
5.85545539855957 
7.7758965492248535 
7.636178970336914 
6.6155219078063965 
5.4341254234313965 
6.091638088226318 
5.621313571929932 
6.259387016296387 
5.498945713043213 
6.352869033813477 
5.9059624671936035 
6.212912559509277 
5.839510440826416 
5.600253582000732 
6.015091419219971 
7.502797603607178 
5.765190601348877 
6.020632266998291 
9.039448738098145 
5.227226734161377 
8.528532981872559 
4.699720859527588 
5.80198860168457 
4.850766658782959 
4.913162708282471 
5.218158721923828 
5.726622104644775 
5.464576244354248 
7.04022741317749 
6.948986530303955 
5.440884113311768 
6.83028507232666 
6.155635356903076 
4.3530097007751465 
6.069077968597412 
5.96718168258667 
5.846802711486816 
6.45781946182251 
9.12330150604248 
7.865233898162842 
7.076269626617432 
9.928277015686035 
5.914771556854248 
5.45247220993042 
7.947458267211914 
5.669376850128174 
6.316255569458008 
4.683028697967529 
7.768648147583008 
6.8396687507629395 
6.128494739532471 
5.730986595153809 
6.22740364074707 
6.446844100952148 
4.432332515716553 
7.52965784072876 
5.1534743309021 
6.79249906539917 
6.840774059295654 
5.277756214141846 
8.716742515563965 
9.038996696472168 
5.2351975440979 
8.983616828918457 
6.124119281768799 
7.027225017547607 
5.6688361167907715 
6.4599175453186035 
5.812516689300537 
5.624413013458252 
8.821267127990723 
5.588101387023926 
7.3870344161987305 
6.732437610626221 
6.350221157073975 
6.456994533538818 
6.232700347900391 
8.18358325958252 
5.7655720710754395 
7.915546894073486 
5.895210266113281 
5.929051876068115 
5.005492687225342 
5.193511486053467 
6.999660968780518 
6.654809474945068 
7.169349670410156 
6.3804707527160645 
6.053685188293457 
6.579561710357666 
5.114995956420898 
6.134845733642578 
6.201086044311523 
5.510593891143799 
4.824121475219727 
5.889561653137207 
8.074920654296875 
9.390555381774902 
5.077050685882568 
6.413633823394775 
7.5298333168029785 
8.890016555786133 
8.12344741821289 
8.609140396118164 
6.019172668457031 
7.258355617523193 
6.041258811950684 
6.447498798370361 
6.987508296966553 
5.190188884735107 
6.679776668548584 
6.063822269439697 
5.6573357582092285 
6.241951942443848 
6.278048992156982 
6.131375789642334 
5.2731499671936035 
5.681934833526611 
4.895512580871582 
7.0073628425598145 
5.221149921417236 
6.003055095672607 
6.630789279937744 
5.197407245635986 
6.0037407875061035 
4.7586774826049805 
7.862880706787109 
5.98892068862915 
6.170732498168945 
7.677546977996826 
6.023334980010986 
6.390567302703857 
5.525207042694092 
7.959919452667236 
7.668923854827881 
6.767221927642822 
5.5253586769104 
4.535064697265625 
6.428838729858398 
6.194728851318359 
5.498833179473877 
8.365185737609863 
6.567479610443115 
7.04218864440918 
6.050812244415283 
6.379556179046631 
6.887388229370117 
5.829342365264893 
5.653315544128418 
7.286412715911865 
7.37800931930542 
6.313073635101318 
7.433792591094971 
6.396999835968018 
6.786641597747803 
6.286453723907471 
5.96163272857666 
7.781941890716553 
7.724008083343506 
5.009376049041748 
5.909546375274658 
5.4964985847473145 
6.323310375213623 
8.324078559875488 
5.570970058441162 
6.038398265838623 
7.377411365509033 
7.673829555511475 
6.168283939361572 
8.777619361877441 
5.104928493499756 
7.565008640289307 
7.514455318450928 
6.331487655639648 
6.251681327819824 
5.414181232452393 
8.044928550720215 
5.526210308074951 
7.461113929748535 
4.929722785949707 
6.761460781097412 
5.400044918060303 
5.978044033050537 
6.3206634521484375 
6.327884674072266 
6.379786491394043 
5.343393802642822 
7.989687442779541 
6.505897521972656 
5.736271381378174 
6.487233638763428 
4.906569957733154 
5.649683952331543 
7.533292770385742 
6.532230377197266 
6.2586588859558105 
8.767470359802246 
5.3638691902160645 
7.321530342102051 
5.9248175621032715 
5.109266757965088 
7.678018093109131 
6.082425594329834 
6.905643939971924 
5.775416851043701 
7.335630416870117 
8.305603981018066 
5.435033321380615 
5.464623928070068 
4.527948379516602 
6.819376468658447 
5.579527378082275 
5.080045223236084 
5.936654090881348 
5.676154613494873 
4.881693363189697 
9.51596736907959 
6.641910076141357 
7.344903469085693 
8.319733619689941 
5.20971155166626 
7.110371112823486 
5.106180667877197 
9.597060203552246 
6.624705791473389 
9.797159194946289 
5.461585998535156 
5.032214641571045 
7.447391033172607 
5.051208972930908 
8.226640701293945 
6.00235652923584 
7.652428150177002 
6.979200839996338 
5.813931465148926 
7.223438262939453 
5.368579387664795 
6.2831034660339355 
6.074184894561768 
6.035975933074951 
7.155918121337891 
7.3751301765441895 
6.500123023986816 
4.851217269897461 
5.484542369842529 
6.325864315032959 
5.149413585662842 
6.439500331878662 
5.89640474319458 
7.336859226226807 
6.02932596206665 
4.589631080627441 
5.9321088790893555 
5.663432598114014 
6.5974531173706055 
6.286134243011475 
5.141982078552246 
6.096699237823486 
8.700018882751465 
5.735536575317383 
4.70642614364624 
8.137652397155762 
5.794063091278076 
8.407061576843262 
7.949114799499512 
6.562016487121582 
5.386904239654541 
5.879444122314453 
6.676273822784424 
6.34880256652832 
6.5286126136779785 
6.502932071685791 
6.188417434692383 
6.337798595428467 
6.090576648712158 
5.934067726135254 
5.924004077911377 
8.613659858703613 
7.234726428985596 
8.616411209106445 
5.595069885253906 
6.093445301055908 
7.4200119972229 
6.829249382019043 
5.848386287689209 
6.316635608673096 
10.555113792419434 
5.7302069664001465 
6.115123271942139 
6.277040004730225 
5.647378444671631 
8.202101707458496 
5.8921051025390625 
6.790003299713135 
6.41930627822876 
7.466976642608643 
5.837622165679932 
6.7259039878845215 
6.196530818939209 
5.413455009460449 
7.865177631378174 
6.248864650726318 
6.09194278717041 
4.990633487701416 
6.822396755218506 
5.431403636932373 
6.223330020904541 
6.601439952850342 
5.810153484344482 
6.246687412261963 
5.34756326675415 
5.004945278167725 
6.037596225738525 
5.154347896575928 
5.466359615325928 
6.829956531524658 
6.73010778427124 
5.7614827156066895 
6.535399913787842 
5.538663864135742 
6.453566551208496 
7.1525654792785645 
7.074619770050049 
5.039184093475342 
7.486801624298096 
4.379505634307861 
7.09461784362793 
8.6998872756958 
6.741739749908447 
6.179269313812256 
5.651106357574463 
9.1091947555542 
5.720685005187988 
7.753820419311523 
5.865055084228516 
10.268893241882324 
8.141474723815918 
5.448156356811523 
5.528029918670654 
6.029208183288574 
5.785830020904541 
5.650290012359619 
5.960207462310791 
6.6299052238464355 
7.157581806182861 
6.436861038208008 
4.795796871185303 
8.059060096740723 
6.601425647735596 
7.122608661651611 
6.211705684661865 
5.935253620147705 
6.404557704925537 
5.607077121734619 
6.036797046661377 
10.557852745056152 
5.592116355895996 
8.022385597229004 
6.831584453582764 
5.309149265289307 
5.088181018829346 
5.274542331695557 
6.275005340576172 
7.264992713928223 
5.777314186096191 
6.394211292266846 
5.717428684234619 
7.623719692230225 
6.287722110748291 
5.822341442108154 
5.252651214599609 
6.670724391937256 
4.885939121246338 
6.0793890953063965 
5.269496440887451 
5.087052822113037 
7.123169898986816 
5.282926082611084 
8.358200073242188 
6.591516971588135 
8.670927047729492 
4.994636058807373 
8.697735786437988 
5.470972537994385 
5.234909534454346 
6.341813087463379 
7.634064197540283 
6.987119197845459 
5.720107078552246 
5.8573384284973145 
6.348803997039795 
6.775535583496094 
4.880646228790283 
5.114843368530273 
8.25832462310791 
5.562377452850342 
6.9707536697387695 
4.5922112464904785 
6.679253578186035 
5.601329326629639 
6.875905513763428 
5.9597578048706055 
9.30155086517334 
5.358595848083496 
5.328653812408447 
6.492092132568359 
4.5888752937316895 
7.659861087799072 
4.546753406524658 
7.554888725280762 
6.775123119354248 
5.811985492706299 
5.42328405380249 
8.14254093170166 
8.263747215270996 
5.0296950340271 
6.574880123138428 
4.809128761291504 
5.589069843292236 
8.20011043548584 
5.636038303375244 
5.350164413452148 
5.9239821434021 
6.020854473114014 
5.325159549713135 
6.267590045928955 
7.618137836456299 
5.949868202209473 
5.387777805328369 
6.496589660644531 
5.494912624359131 
6.621545314788818 
5.665902614593506 
5.410794258117676 
7.501655101776123 
6.528982639312744 
7.7467875480651855 
5.686757564544678 
7.504532814025879 
6.307624340057373 
6.280212879180908 
7.474328517913818 
5.954841136932373 
5.71484375 
6.495147228240967 
6.489302158355713 
5.650638103485107 
7.020978927612305 
6.16042947769165 
5.323539733886719 
6.807536602020264 
5.629195690155029 
7.9176812171936035 
7.564661979675293 
7.370573043823242 
7.14391565322876 
8.277142524719238 
5.8370842933654785 
5.880276203155518 
6.753257751464844 
5.077724456787109 
4.9564127922058105 
6.751770973205566 
7.290726184844971 
4.933487415313721 
6.800498962402344 
5.935329914093018 
10.994538307189941 
6.06171178817749 
5.928826808929443 
5.160661220550537 
8.392130851745605 
8.700528144836426 
5.234316349029541 
6.058745861053467 
5.948549270629883 
6.001460552215576 
6.559336185455322 
5.265084743499756 
5.36618709564209 
6.553552150726318 
5.2376933097839355 
9.527667999267578 
8.35744571685791 
4.841375827789307 
7.371172904968262 
6.22835111618042 
6.2747111320495605 
8.230340957641602 
6.724205493927002 
7.054908275604248 
7.5137104988098145 
7.539775371551514 
7.389608860015869 
5.194183349609375 
8.05002498626709 
5.160906791687012 
8.13517951965332 
5.633607387542725 
6.039749622344971 
7.705962657928467 
6.863184928894043 
7.9621195793151855 
7.938028335571289 
7.390773296356201 
5.015714168548584 
5.4326958656311035 
5.772362232208252 
6.82647180557251 
5.754639148712158 
8.012505531311035 
5.238706111907959 
6.0842180252075195 
6.752485275268555 
8.819510459899902 
8.166136741638184 
6.210089206695557 
6.444719314575195 
5.544370174407959 
6.36398458480835 
6.455137729644775 
5.755802631378174 
5.401883602142334 
6.24916410446167 
6.358182907104492 
6.406694412231445 
7.225270748138428 
7.0931878089904785 
8.933631896972656 
6.578436374664307 
5.787944793701172 
7.1436052322387695 
5.613483428955078 
5.735729694366455 
5.901947498321533 
6.099813938140869 
5.7935638427734375 
6.404757022857666 
5.331567287445068 
6.277617931365967 
5.511501312255859 
6.47561502456665 
7.1923508644104 
5.9966864585876465 
6.171393871307373 
7.477644443511963 
5.6089348793029785 
6.647947311401367 
5.8555908203125 
8.08406925201416 
6.424733638763428 
8.135515213012695 
4.997130870819092 
5.486415863037109 
7.732378959655762 
4.933724880218506 
5.216345310211182 
6.375417232513428 
6.986629962921143 
6.94458532333374 
7.825897693634033 
5.799045085906982 
7.6933770179748535 
6.008844375610352 
4.705358505249023 
8.63143253326416 
7.204566955566406 
5.193206787109375 
5.5578179359436035 
6.04101037979126 
7.482649803161621 
6.279221534729004 
5.781976222991943 
6.079470634460449 
6.726693630218506 
6.299627780914307 
4.928277492523193 
7.402827262878418 
6.566577434539795 
7.056521892547607 
5.640146732330322 
6.060192584991455 
5.723464488983154 
6.851225852966309 
6.340456962585449 
5.055171966552734 
4.878136157989502 
5.812281131744385 
7.657495975494385 
4.766866683959961 
6.3577094078063965 
6.615807056427002 
6.096452236175537 
6.672924518585205 
6.521084785461426 
6.984477519989014 
5.827469825744629 
5.832322597503662 
6.085349082946777 
8.10021686553955 
5.132748126983643 
7.37539529800415 
7.068786144256592 
7.455138206481934 
6.9519267082214355 
6.460134506225586 
5.697788238525391 
7.678147792816162 
5.539724826812744 
6.7433271408081055 
5.132803916931152 
5.952126979827881 
6.337311267852783 
8.353924751281738 
7.811000823974609 
6.025057315826416 
6.199138641357422 
7.246078014373779 
7.937654972076416 
10.01884651184082 
5.9998579025268555 
6.048703670501709 
5.592023849487305 
6.25607967376709 
4.889643669128418 
6.80060338973999 
6.214145183563232 
8.134371757507324 
6.675398349761963 
6.982568740844727 
9.188361167907715 
7.9254536628723145 
5.394312381744385 
6.978828430175781 
7.50311279296875 
5.1251749992370605 
6.231927394866943 
5.579576015472412 
6.246337890625 
9.106557846069336 
5.032209873199463 
7.5008625984191895 
5.124547958374023 
6.255367755889893 
7.593040943145752 
6.8615498542785645 
7.690127849578857 
5.868724346160889 
7.253561496734619 
4.612046718597412 
5.925381183624268 
5.909271717071533 
5.853299140930176 
6.235894680023193 
7.6408610343933105 
6.740373134613037 
8.069685935974121 
6.2080206871032715 
5.939341068267822 
6.194532871246338 
7.409925937652588 
7.927408695220947 
7.66001558303833 
6.654090404510498 
8.197484970092773 
6.791686534881592 
6.091616153717041 
6.244324684143066 
7.471237659454346 
7.468568325042725 
6.002176761627197 
9.86269474029541 
7.715209484100342 
8.50924015045166 
6.118375778198242 
7.0591864585876465 
7.949245929718018 
7.5356831550598145 
5.792953968048096 
6.126608848571777 
5.23015832901001 
5.788503646850586 
7.89056396484375 
6.433125972747803 
5.799290180206299 
9.54897403717041 
5.79380464553833 
8.25051498413086 
5.665985584259033 
6.709395408630371 
9.208552360534668 
8.147887229919434 
6.7752909660339355 
4.832472324371338 
6.186940670013428 
8.948824882507324 
7.267852306365967 
5.579540729522705 
7.6041741371154785 
5.662972927093506 
5.22327184677124 
7.768548965454102 
8.016804695129395 
6.160671234130859 
5.375175952911377 
6.048133373260498 
7.9159770011901855 
5.34020471572876 
6.749606132507324 
6.345780849456787 
9.295575141906738 
7.148365497589111 
5.236895561218262 
6.070085048675537 
5.36538028717041 
4.819253444671631 
8.704170227050781 
8.086298942565918 
6.285486698150635 
5.629356861114502 
7.856435775756836 
6.444212436676025 
7.778316020965576 
4.978150844573975 
9.059488296508789 
7.769840240478516 
7.781285285949707 
9.510944366455078 
5.61311674118042 
7.026764392852783 
6.174468517303467 
5.900413990020752 
5.066211223602295 
6.196654319763184 
7.338237285614014 
5.917487621307373 
6.8183207511901855 
5.887038707733154 
9.547567367553711 
7.3005266189575195 
8.301095008850098 
8.124523162841797 
6.811587810516357 
6.164011478424072 
6.673102855682373 
5.365718364715576 
8.220306396484375 
6.292247295379639 
7.408568382263184 
6.406535625457764 
6.002674579620361 
8.79445743560791 
6.349025249481201 
5.477510929107666 
7.080307483673096 
5.809190273284912 
6.118313312530518 
4.916654109954834 
8.338971138000488 
7.2732253074646 
6.433166980743408 
5.077002048492432 
6.2937703132629395 
6.725684642791748 
6.771145343780518 
8.376418113708496 
5.197399616241455 
6.774673938751221 
8.330334663391113 
5.4385666847229 
4.691183090209961 
7.335069179534912 
5.689755916595459 
6.3722243309021 
7.695944309234619 
4.795464515686035 
6.360933780670166 
5.748715877532959 
5.951169490814209 
8.673491477966309 
4.663347244262695 
5.792954921722412 
5.21282434463501 
5.857327461242676 
5.161974906921387 
5.416922569274902 
5.807169437408447 
6.27709436416626 
5.8425984382629395 
7.073256969451904 
5.3475799560546875 
8.533337593078613 
5.735787391662598 
5.910264015197754 
8.05092716217041 
8.031968116760254 
7.636613845825195 
5.930209636688232 
5.620529651641846 
7.71399450302124 
9.446751594543457 
6.359195709228516 
8.126925468444824 
6.9846978187561035 
7.466196537017822 
4.988073348999023 
6.862666606903076 
5.217240333557129 
6.75661039352417 
7.04725980758667 
7.002821445465088 
5.994670391082764 
7.383540630340576 
6.750257968902588 
6.999338150024414 
4.827658653259277 
6.909400463104248 
7.604624271392822 
7.47509241104126 
6.850768566131592 
5.484225749969482 
6.389435768127441 
8.600604057312012 
4.768470287322998 
6.293690204620361 
6.002662181854248 
7.195462226867676 
6.072916030883789 
7.378716468811035 
8.134031295776367 
7.224902629852295 
8.794989585876465 
8.357380867004395 
6.140145778656006 
5.554187297821045 
5.9771199226379395 
6.527994632720947 
6.314351558685303 
6.414230823516846 
7.414924144744873 
7.120311737060547 
4.473179340362549 
6.126811981201172 
6.202337741851807 
6.217487812042236 
6.983835220336914 
8.940350532531738 
5.306068420410156 
6.345050811767578 
6.191603183746338 
5.166966438293457 
5.592648029327393 
5.816237926483154 
5.743159294128418 
9.799753189086914 
7.585617542266846 
5.445896148681641 
5.834680080413818 
5.228582859039307 
5.583682060241699 
5.682115077972412 
7.62410831451416 
7.72165060043335 
7.145931720733643 
5.103083610534668 
6.261419773101807 
5.79571008682251 
7.394035816192627 
5.495805263519287 
6.664389133453369 
6.0809006690979 
6.143124103546143 
7.089141368865967 
7.363376140594482 
8.065278053283691 
5.407164096832275 
8.05675220489502 
5.784358501434326 
7.221993446350098 
6.124679088592529 
6.257633686065674 
5.6547369956970215 
6.433483600616455 
7.02648401260376 
5.672059059143066 
6.484481334686279 
5.3219990730285645 
10.247363090515137 
6.596524238586426 
6.601572513580322 
6.98663330078125 
6.379135608673096 
5.531064510345459 
8.306502342224121 
6.418682098388672 
6.719503879547119 
6.1362199783325195 
5.626232147216797 
5.961440086364746 
7.831512928009033 
7.900248050689697 
6.301560878753662 
9.103058815002441 
5.176908016204834 
5.101825714111328 
6.209069728851318 
5.925992012023926 
4.975472927093506 
6.532562732696533 
5.23293924331665 
6.181075096130371 
6.392023086547852 
5.798840045928955 
5.603414058685303 
5.6307597160339355 
8.969815254211426 
5.717977046966553 
5.587768077850342 
9.756033897399902 
5.953452110290527 
6.56574010848999 
7.481849193572998 
5.706458568572998 
6.7219085693359375 
5.753699779510498 
8.119706153869629 
8.653194427490234 
4.367136001586914 
6.888972759246826 
6.723983287811279 
8.150057792663574 
5.581364154815674 
5.882344722747803 
5.721958160400391 
6.498513221740723 
6.693412780761719 
6.072213649749756 
7.072167873382568 
5.6179022789001465 
6.380237102508545 
5.944790840148926 
5.528865337371826 
5.366291522979736 
8.117236137390137 
5.835988521575928 
5.81958532333374 
6.517139434814453 
6.173365116119385 
5.747442245483398 
6.674990177154541 
5.802366256713867 
6.8976149559021 
5.8069844245910645 
8.298531532287598 
8.949668884277344 
5.2454915046691895 
6.337519645690918 
5.003172874450684 
6.4285454750061035 
6.167379856109619 
8.711884498596191 
6.675388336181641 
5.602633953094482 
5.459075450897217 
4.925604343414307 
6.824211120605469 
5.338108539581299 
8.971946716308594 
6.400610446929932 
6.385081768035889 
5.529805660247803 
7.732682704925537 
5.541345596313477 
8.541402816772461 
6.911269664764404 
5.540157794952393 
9.080985069274902 
6.416748523712158 
6.3288798332214355 
4.875208377838135 
6.844318389892578 
4.769092082977295 
6.734010219573975 
6.2416253089904785 
6.0588788986206055 
6.923824787139893 
6.920555591583252 
6.902425289154053 
7.090381145477295 
5.731276988983154 
7.718506813049316 
6.599584102630615 
8.035222053527832 
8.462359428405762 
6.665931224822998 
6.027076244354248 
7.980138778686523 
5.7652363777160645 
5.288965225219727 
9.368450164794922 
6.113117694854736 
6.310745716094971 
5.713840007781982 
5.4502410888671875 
5.315165996551514 
7.2606120109558105 
6.783544063568115 
4.901841163635254 
6.782622814178467 
7.956570148468018 
5.165981769561768 
7.203636169433594 
6.406647205352783 
8.217041015625 
6.733337879180908 
7.977479457855225 
9.336018562316895 
5.463052272796631 
7.1526360511779785 
5.697845935821533 
5.995395183563232 
5.83904504776001 
8.358901023864746 
5.092149257659912 
5.483113765716553 
6.574329853057861 
7.836775302886963 
6.365520000457764 
5.278273582458496 
6.104226589202881 
4.741367816925049 
5.489994525909424 
6.169920921325684 
7.083507061004639 
5.353309154510498 
6.560744762420654 
5.583236217498779 
6.256462574005127 
9.207765579223633 
7.792181491851807 
8.340422630310059 
7.76714563369751 
6.132996559143066 
5.761560916900635 
8.533489227294922 
5.807872772216797 
8.055883407592773 
6.20985746383667 
8.365256309509277 
6.838988780975342 
5.889986038208008 
6.891172885894775 
8.327661514282227 
6.556793689727783 
5.727365493774414 
6.243557929992676 
5.615542888641357 
6.579052925109863 
5.867208957672119 
5.767974376678467 
6.772003650665283 
7.304062366485596 
7.734741687774658 
5.975072383880615 
5.506597995758057 
6.797287464141846 
7.607478618621826 
6.986219882965088 
7.540887832641602 
6.311710834503174 
4.626934051513672 
7.328877925872803 
8.219266891479492 
7.897773265838623 
7.672383785247803 
6.1286702156066895 
7.921891689300537 
7.2681803703308105 
6.881373882293701 
5.844666004180908 
5.066519260406494 
5.734415531158447 
4.849968433380127 
8.034089088439941 
5.16287088394165 
7.322231769561768 
9.624396324157715 
5.784630298614502 
5.424226760864258 
6.032932281494141 
7.313798427581787 
5.869227886199951 
5.973888874053955 
5.885823726654053 
4.822453498840332 
5.589720726013184 
5.13638162612915 
5.898209095001221 
5.577791213989258 
6.984177112579346 
7.533459186553955 
7.772397518157959 
7.9062910079956055 
7.280091762542725 
5.450874328613281 
6.084084987640381 
7.595421314239502 
6.351505756378174 
5.206430912017822 
7.500862121582031 
7.924769878387451 
4.9713921546936035 
6.7272047996521 
7.15122652053833 
7.103474140167236 
6.794172763824463 
6.319930553436279 
8.2534818649292 
7.53745698928833 
6.3663482666015625 
7.5724778175354 
5.699398994445801 
8.082671165466309 
6.477571487426758 
5.96285343170166 
5.76924991607666 
5.05114221572876 
6.288597106933594 
8.642794609069824 
6.2317328453063965 
6.9990010261535645 
7.293982982635498 
6.781793594360352 
4.479313373565674 
6.79315710067749 
7.042611598968506 
9.996191024780273 
7.108937740325928 
7.459895133972168 
5.4331583976745605 
7.73396635055542 
4.862471580505371 
5.198807716369629 
5.594654560089111 
9.215153694152832 
6.333072185516357 
6.508602619171143 
5.538649082183838 
5.229882717132568 
5.348596096038818 
9.007528305053711 
7.366952419281006 
6.834320545196533 
7.996890544891357 
4.919529914855957 
5.958101272583008 
6.17929220199585 
5.308366298675537 
6.095628261566162 
9.08873176574707 
7.817636966705322 
6.648065567016602 
5.752866268157959 
6.79757833480835 
6.075912952423096 
7.477591514587402 
6.774741172790527 
5.684198379516602 
7.97403621673584 
6.905129909515381 
6.853309154510498 
5.351541996002197 
6.394805431365967 
5.311454772949219 
5.742122650146484 
6.491137981414795 
6.414007663726807 
8.453850746154785 
5.954268455505371 
7.148036479949951 
4.91064977645874 
4.812753200531006 
6.748018741607666 
6.481184482574463 
5.674320697784424 
5.318610668182373 
5.621751308441162 
9.113687515258789 
5.359175205230713 
7.495404243469238 
5.383708477020264 
4.901623249053955 
5.650240421295166 
6.165863037109375 
8.643230438232422 
6.186295986175537 
8.017502784729004 
6.2646284103393555 
5.076208114624023 
5.11175537109375 
7.023085117340088 
5.7021098136901855 
6.305582523345947 
6.375114917755127 
5.906546592712402 
6.061727523803711 
6.551669597625732 
7.52259635925293 
6.409236431121826 
6.488586902618408 
6.712378978729248 
7.071770191192627 
6.5959014892578125 
5.823332786560059 
5.661900043487549 
5.503452301025391 
6.613551139831543 
5.979631423950195 
8.004143714904785 
6.644763469696045 
5.374606132507324 
6.490903377532959 
9.932699203491211 
6.780959606170654 
6.243733882904053 
6.145843505859375 
6.037710666656494 
5.1140055656433105 
5.358654499053955 
6.036909103393555 
5.668529033660889 
6.221245288848877 
7.230556964874268 
8.884054183959961 
6.703328609466553 
7.45670747756958 
5.436575412750244 
9.65746021270752 
6.625951290130615 
5.320043087005615 
5.5432538986206055 
6.89823055267334 
6.6422200202941895 
5.891658306121826 
6.675314426422119 
7.753973484039307 
5.395824432373047 
5.239216327667236 
5.310834884643555 
5.715680122375488 
8.2647066116333 
7.508609771728516 
6.881600379943848 
7.124165058135986 
7.030307292938232 
5.915432929992676 
5.7307233810424805 
6.269423007965088 
6.804290294647217 
6.498657703399658 
6.401705265045166 
5.574448585510254 
7.055987358093262 
6.195785999298096 
6.452663898468018 
8.00046443939209 
7.294556140899658 
5.842235088348389 
7.239803791046143 
5.419736385345459 
6.272189617156982 
5.1580963134765625 
8.084614753723145 
5.670595169067383 
6.368394374847412 
7.581117630004883 
5.793473720550537 
6.767007350921631 
5.951927185058594 
6.133792400360107 
6.016260623931885 
5.752841472625732 
6.366847515106201 
7.935093402862549 
6.040678977966309 
6.405773639678955 
5.178162097930908 
5.653581619262695 
6.311957836151123 
7.230678558349609 
5.671766757965088 
5.887196063995361 
5.038342475891113 
7.439075469970703 
6.461451053619385 
6.120623588562012 
7.685783386230469 
5.459299087524414 
6.041219234466553 
5.524648189544678 
6.687946796417236 
7.203901767730713 
5.558374881744385 
7.097604274749756 
6.882130146026611 
5.152738094329834 
5.872564315795898 
6.7570719718933105 
7.417418956756592 
6.0531487464904785 
5.293117523193359 
5.409999370574951 
6.668363094329834 
5.637110233306885 
5.753774166107178 
8.159650802612305 
5.4438157081604 
5.6839375495910645 
5.801768779754639 
6.785419464111328 
6.969400882720947 
6.79214334487915 
8.418072700500488 
5.624388217926025 
6.031662464141846 
5.433382987976074 
6.106292724609375 
6.920272350311279 
6.17213773727417 
5.58445405960083 
6.55678129196167 
7.838608741760254 
6.0143351554870605 
8.968722343444824 
5.9477458000183105 
4.723321914672852 
8.77784252166748 
5.520486831665039 
8.22493839263916 
6.151749134063721 
6.018587589263916 
7.467592716217041 
5.878315448760986 
6.590322017669678 
6.179803848266602 
9.587191581726074 
5.362301349639893 
5.716793060302734 
5.7156453132629395 
5.343968391418457 
6.7298784255981445 
6.074681758880615 
6.998924255371094 
6.067678928375244 
7.999927043914795 
6.633738994598389 
5.823283672332764 
7.227603435516357 
5.964745998382568 
7.479087829589844 
6.73899507522583 
7.988154888153076 
10.620734214782715 
5.963486671447754 
6.206228733062744 
5.697576522827148 
6.273894309997559 
6.00999116897583 
5.811584949493408 
5.7305474281311035 
6.272501468658447 
6.270042896270752 
5.188010215759277 
5.9403557777404785 
5.350285053253174 
6.816471099853516 
6.905539512634277 
5.881615161895752 
8.505720138549805 
6.610942363739014 
6.874599933624268 
8.235201835632324 
6.602558612823486 
4.7525105476379395 
7.222500324249268 
8.256332397460938 
6.971253395080566 
5.787559986114502 
5.90432596206665 
8.434985160827637 
5.305564880371094 
5.939029216766357 
6.0326032638549805 
6.647999286651611 
5.92370080947876 
7.965276718139648 
6.75867223739624 
5.546487808227539 
5.567862033843994 
5.8022074699401855 
5.659882068634033 
5.476712226867676 
5.207035064697266 
6.098074436187744 
7.06386137008667 
6.803569316864014 
6.68418550491333 
6.754263401031494 
8.367758750915527 
5.849090099334717 
6.069711208343506 
6.046521186828613 
7.480196475982666 
7.840620040893555 
7.196613788604736 
7.118934631347656 
7.252864837646484 
8.648962020874023 
10.085841178894043 
5.233896732330322 
7.405430793762207 
6.281740665435791 
6.203647136688232 
5.7700042724609375 
6.786769390106201 
5.635798931121826 
6.881524085998535 
7.068945407867432 
5.454835891723633 
6.099046230316162 
8.259366989135742 
5.7507195472717285 
8.428853034973145 
6.1944427490234375 
8.108979225158691 
4.866776943206787 
6.681936264038086 
5.9921417236328125 
5.35640287399292 
6.035611152648926 
5.803573131561279 
5.815084934234619 
5.255700588226318 
8.624852180480957 
6.419249057769775 
6.051223278045654 
4.529653072357178 
7.400426387786865 
6.384793281555176 
9.0020170211792 
6.200729846954346 
6.250595569610596 
7.950610637664795 
5.087390899658203 
6.105058193206787 
6.330818176269531 
6.681735038757324 
6.558257579803467 
6.331600189208984 
6.471360683441162 
8.521916389465332 
5.788001537322998 
6.284374713897705 
6.645449161529541 
7.27526330947876 
5.819554805755615 
6.314136981964111 
6.623945713043213 
7.810524940490723 
5.293760776519775 
6.116096019744873 
4.812178611755371 
7.192827224731445 
6.361263751983643 
6.084187984466553 
7.959408760070801 
8.082243919372559 
5.546027183532715 
7.331919193267822 
9.157262802124023 
5.092044830322266 
6.683849811553955 
6.450990200042725 
6.7220306396484375 
9.39019775390625 
9.417906761169434 
5.595030307769775 
5.767199993133545 
7.094879627227783 
5.10651159286499 
6.4300456047058105 
6.365220546722412 
6.226156711578369 
8.042304992675781 
5.070321083068848 
5.802249431610107 
8.439082145690918 
7.522454738616943 
7.139049053192139 
4.958064556121826 
6.422680377960205 
9.138177871704102 
7.748956203460693 
5.2809882164001465 
5.78916597366333 
5.416671276092529 
9.115443229675293 
6.661999702453613 
7.620558738708496 
6.0131144523620605 
6.293821811676025 
4.996208190917969 
6.408832550048828 
5.82257604598999 
9.384241104125977 
8.30176830291748 
6.099902629852295 
5.045393943786621 
6.15939474105835 
8.497820854187012 
8.458708763122559 
4.638881206512451 
5.267063617706299 
5.786341190338135 
6.751169681549072 
6.6871161460876465 
7.159238338470459 
7.71171236038208 
7.1382060050964355 
7.977994441986084 
8.495992660522461 
4.964550971984863 
5.509294033050537 
9.049626350402832 
8.974148750305176 
6.687277317047119 
4.85693883895874 
6.206267356872559 
5.411329746246338 
6.231536388397217 
8.313612937927246 
6.437906742095947 
5.483193874359131 
7.2477545738220215 
6.198657512664795 
6.1352763175964355 
5.944470405578613 
7.494149684906006 
5.428477764129639 
6.25881814956665 
6.801244258880615 
6.868439197540283 
5.059516429901123 
6.449582576751709 
6.566908359527588 
6.147624492645264 
6.4976487159729 
5.702938556671143 
5.778586387634277 
6.271667003631592 
7.659929275512695 
5.780256271362305 
6.139908313751221 
6.239246845245361 
5.3528571128845215 
4.902693271636963 
6.319924831390381 
5.284863471984863 
8.526028633117676 
6.191732883453369 
6.3023247718811035 
4.904069423675537 
9.221905708312988 
7.90461540222168 
7.436481952667236 
6.655710697174072 
7.002293109893799 
5.809377193450928 
5.3931779861450195 
5.26106595993042 
4.921782970428467 
6.533015727996826 
5.679751873016357 
6.366415023803711 
7.024222373962402 
5.105071544647217 
5.9659857749938965 
9.027949333190918 
4.570600509643555 
5.533331394195557 
4.720658779144287 
6.795318126678467 
6.401864051818848 
6.979555606842041 
6.2580132484436035 
6.170293807983398 
6.417426109313965 
5.374935626983643 
5.911513328552246 
6.250479698181152 
6.738615036010742 
7.606325149536133 
5.312795162200928 
6.779732704162598 
6.358262538909912 
7.075965881347656 
5.2631988525390625 
6.252813816070557 
7.173591136932373 
6.224545478820801 
6.9008684158325195 
8.047553062438965 
7.9933342933654785 
6.435196399688721 
6.576930522918701 
8.585416793823242 
5.927196979522705 
9.232514381408691 
7.795999050140381 
5.74163818359375 
8.818411827087402 
7.341760158538818 
6.079172611236572 
7.0353593826293945 
7.6167168617248535 
8.51144027709961 
6.000418186187744 
8.035487174987793 
5.953190326690674 
6.2342963218688965 
5.487709999084473 
6.994207859039307 
6.364427089691162 
8.029181480407715 
6.780433177947998 
5.859246730804443 
5.574925422668457 
6.903170108795166 
6.194051265716553 
5.257346153259277 
7.87971830368042 
5.278905868530273 
5.884443283081055 
5.727808475494385 
6.296295642852783 
6.62385368347168 
4.9920334815979 
6.03389835357666 
6.275167942047119 
4.161184787750244 
7.056882381439209 
6.072141647338867 
6.6612019538879395 
4.700258731842041 
5.438038349151611 
4.020352363586426 
6.281561374664307 
5.672204494476318 
7.706343173980713 
7.556925296783447 
5.630751132965088 
5.874917984008789 
6.251121997833252 
5.743834018707275 
4.524343013763428 
6.172000885009766 
7.122948169708252 
8.070515632629395 
4.912116050720215 
6.3786396980285645 
6.229684352874756 
6.196663856506348 
8.340538024902344 
6.017312049865723 
7.043725490570068 
5.444947242736816 
5.155453205108643 
6.251572132110596 
5.686811923980713 
5.79723596572876 
7.710235595703125 
5.794318675994873 
5.989375591278076 
5.538466930389404 
6.771300792694092 
6.371127605438232 
6.620964527130127 
6.34051513671875 
5.744168758392334 
7.000840663909912 
7.803571701049805 
6.495015621185303 
5.908669948577881 
5.942078113555908 
6.55543851852417 
7.3424530029296875 
6.772105693817139 
6.788949489593506 
5.7261061668396 
7.008883953094482 
6.600825786590576 
5.676724910736084 
5.3197126388549805 
5.91196870803833 
6.825921535491943 
5.917334079742432 
7.523936748504639 
5.7890095710754395 
7.312175750732422 
5.5499701499938965 
6.803686618804932 
7.686933517456055 
5.6353936195373535 
5.683656215667725 
6.1020827293396 
7.363718509674072 
6.1781768798828125 
5.63719367980957 
6.578904628753662 
6.765944004058838 
5.632139205932617 
7.144083499908447 
6.036007404327393 
6.445425510406494 
7.890757083892822 
6.767655372619629 
6.348013401031494 
6.910821437835693 
7.008573055267334 
5.3873395919799805 
5.640564918518066 
9.682221412658691 
7.280100345611572 
6.5763373374938965 
6.2619171142578125 
5.041086673736572 
6.383365154266357 
5.596584796905518 
6.969465732574463 
5.8604607582092285 
5.9321441650390625 
5.824600696563721 
6.697892189025879 
7.088660717010498 
5.304633617401123 
6.0411505699157715 
6.190562725067139 
5.939171314239502 
6.3888444900512695 
6.14970064163208 
8.448822021484375 
7.336511611938477 
5.936086177825928 
7.5061354637146 
5.695908546447754 
7.394051551818848 
6.107241630554199 
8.530269622802734 
6.0030436515808105 
6.155138969421387 
6.707944869995117 
6.778204441070557 
5.894301891326904 
7.158071517944336 
6.8338398933410645 
5.283349514007568 
6.5876288414001465 
7.279874324798584 
5.431176662445068 
7.181654453277588 
5.757404804229736 
4.812086582183838 
6.616788387298584 
7.5028181076049805 
6.914863586425781 
6.351691246032715 
6.324917316436768 
7.2295966148376465 
5.3036112785339355 
5.942428112030029 
8.126299858093262 
7.248581409454346 
7.895287036895752 
6.5507025718688965 
5.638993263244629 
5.471765518188477 
5.355547904968262 
6.687906742095947 
5.848209381103516 
6.53237247467041 
6.249550819396973 
8.060081481933594 
6.097057342529297 
5.744847297668457 
6.6065354347229 
5.941780090332031 
7.5218987464904785 
6.510850429534912 
5.277829647064209 
5.426479816436768 
5.357957363128662 
6.107400894165039 
5.939474582672119 
5.772650241851807 
9.719527244567871 
7.182738780975342 
6.469595432281494 
6.105656147003174 
6.708744525909424 
5.270889759063721 
6.335577487945557 
8.067028045654297 
5.428469181060791 
6.745874881744385 
8.057938575744629 
5.797114372253418 
5.4534912109375 
4.810050964355469 
4.416388988494873 
7.712870121002197 
7.019230365753174 
6.099277019500732 
6.331112384796143 
5.944295406341553 
5.181995391845703 
5.2693352699279785 
5.54710578918457 
5.8312811851501465 
5.571348190307617 
5.972215175628662 
5.842081546783447 
6.813517093658447 
6.011963367462158 
6.35619592666626 
5.904590129852295 
6.83963680267334 
8.104366302490234 
7.421681880950928 
4.957666873931885 
7.304662227630615 
7.636298179626465 
4.835490703582764 
8.043229103088379 
5.490331649780273 
6.937830448150635 
8.697545051574707 
5.82716178894043 
7.135290622711182 
5.869835376739502 
5.996048927307129 
5.2758378982543945 
5.400681018829346 
5.722340106964111 
8.76705265045166 
6.820230007171631 
5.495741367340088 
5.112534046173096 
6.854459285736084 
5.272529125213623 
6.015407562255859 
7.697232723236084 
6.001648426055908 
6.2763895988464355 
4.927067279815674 
5.771178722381592 
10.519185066223145 
7.483388423919678 
5.051948070526123 
6.141773700714111 
5.470371723175049 
4.768131732940674 
7.158595561981201 
5.303595542907715 
4.87691068649292 
7.64091682434082 
7.692793369293213 
6.635918140411377 
6.368868350982666 
5.52236795425415 
5.8343095779418945 
7.688177585601807 
5.754591464996338 
5.816304683685303 
4.974636554718018 
5.399439334869385 
8.702054977416992 
7.925943374633789 
5.944357395172119 
4.804593563079834 
5.22736930847168 
6.387670040130615 
5.016631603240967 
5.582881927490234 
6.907106876373291 
8.42676067352295 
6.275120258331299 
