6.111223220825195 
7.881877899169922 
7.928546905517578 
5.5511274337768555 
5.5511274337768555 
7.878809928894043 
5.5511274337768555 
5.185125350952148 
6.006763935089111 
6.2099928855896 
6.524223327636719 
7.087061405181885 
6.816700458526611 
5.052947998046875 
8.777897834777832 
7.115954399108887 
5.0780720710754395 
6.130947113037109 
5.913561820983887 
6.65308141708374 
5.460380554199219 
6.115898132324219 
5.57934045791626 
5.705568313598633 
6.901340961456299 
5.768635272979736 
5.04411506652832 
6.033636093139648 
5.48800802230835 
5.866265773773193 
5.5511274337768555 
6.88605260848999 
5.051789283752441 
5.526063919067383 
9.151350021362305 
6.149901390075684 
7.151432514190674 
7.313279628753662 
5.953271389007568 
7.144711017608643 
6.006159782409668 
6.819796562194824 
8.096231460571289 
5.165791988372803 
6.527354717254639 
5.5511274337768555 
6.250305652618408 
7.456563472747803 
5.5511274337768555 
5.9178595542907715 
5.040250301361084 
6.585046291351318 
5.103671550750732 
6.957826137542725 
6.27388334274292 
6.775254249572754 
5.1798415184021 
5.852478504180908 
6.793429374694824 
5.5511274337768555 
6.365531921386719 
5.954221248626709 
6.5892181396484375 
6.886867523193359 
6.565617561340332 
6.9347639083862305 
7.552131175994873 
6.436596393585205 
5.1061530113220215 
6.082065582275391 
5.1019415855407715 
6.834065914154053 
6.9473700523376465 
6.07583475112915 
6.768985271453857 
6.784442901611328 
5.014593124389648 
6.061557769775391 
5.410195350646973 
9.834452629089355 
6.696106910705566 
5.5511274337768555 
5.729398727416992 
6.588130950927734 
6.886297225952148 
6.12001371383667 
6.165131092071533 
5.5511274337768555 
7.867476940155029 
5.011230945587158 
7.5863847732543945 
5.784110069274902 
6.647625923156738 
6.670253276824951 
5.022634506225586 
5.774324893951416 
7.704911231994629 
5.831582546234131 
6.0709052085876465 
7.205888271331787 
8.160948753356934 
5.954833030700684 
5.5511274337768555 
5.853582382202148 
5.83449125289917 
5.467485427856445 
5.5511274337768555 
6.579635143280029 
6.8821892738342285 
5.06218957901001 
8.017292022705078 
6.588730812072754 
7.1255340576171875 
8.497190475463867 
6.348221778869629 
6.81002950668335 
5.983857154846191 
6.357568264007568 
7.066567897796631 
7.9999895095825195 
6.408410549163818 
6.69801664352417 
7.133292198181152 
7.987881183624268 
6.150382041931152 
6.819614410400391 
5.052168846130371 
6.10814905166626 
5.714913845062256 
8.650765419006348 
7.697332382202148 
6.980199337005615 
5.984910011291504 
6.776039123535156 
7.568604469299316 
6.870852470397949 
6.006061553955078 
8.7051362991333 
5.911203861236572 
7.039571762084961 
5.915485382080078 
7.519224166870117 
5.013830184936523 
5.5511274337768555 
5.9843597412109375 
7.686026096343994 
5.024196624755859 
5.5511274337768555 
6.635677814483643 
5.079946041107178 
7.132149696350098 
5.5511274337768555 
7.158895969390869 
6.234656810760498 
5.997272968292236 
5.754593849182129 
6.222825050354004 
5.05144739151001 
6.825678825378418 
6.879601955413818 
7.210596084594727 
7.756293296813965 
5.062839031219482 
6.887501239776611 
8.325894355773926 
6.539481163024902 
5.029440879821777 
8.917540550231934 
5.509860038757324 
7.581087112426758 
7.717874526977539 
6.929476737976074 
7.569146633148193 
6.850941181182861 
6.047427654266357 
5.51824951171875 
6.597941875457764 
6.862884044647217 
5.630807876586914 
5.985989093780518 
5.966617584228516 
6.9916911125183105 
7.277632236480713 
6.015966892242432 
6.159307479858398 
5.970512390136719 
6.774147987365723 
5.050699234008789 
7.2700276374816895 
5.987673282623291 
8.344316482543945 
5.5511274337768555 
7.301332950592041 
8.516179084777832 
8.769204139709473 
6.216189861297607 
5.853245735168457 
5.956353664398193 
8.035972595214844 
5.5511274337768555 
7.724697113037109 
5.036369800567627 
6.017423152923584 
7.388271331787109 
6.756842613220215 
7.237122535705566 
5.843061447143555 
5.633441925048828 
5.5511274337768555 
6.697817325592041 
7.768781661987305 
5.920366287231445 
6.208391189575195 
6.618099212646484 
5.977966785430908 
6.2554755210876465 
5.5511274337768555 
6.722412586212158 
5.289254665374756 
6.146758556365967 
5.5511274337768555 
7.437934398651123 
6.350376605987549 
6.885957717895508 
5.5511274337768555 
5.5511274337768555 
5.52794885635376 
5.113790035247803 
7.275735855102539 
5.5511274337768555 
5.906925678253174 
5.075288772583008 
5.8710174560546875 
5.850675106048584 
6.546024322509766 
7.859648704528809 
7.002348899841309 
5.922282695770264 
6.655360221862793 
5.5511274337768555 
5.5511274337768555 
7.280384540557861 
5.593578815460205 
6.283735275268555 
6.479435920715332 
5.910854339599609 
5.067180633544922 
5.433741092681885 
6.8673176765441895 
6.6881842613220215 
7.777046203613281 
6.731478691101074 
9.796272277832031 
6.48805570602417 
6.347524642944336 
6.063133239746094 
5.8748779296875 
6.825738430023193 
6.020757675170898 
6.056053161621094 
5.838939666748047 
6.097906589508057 
5.5511274337768555 
5.5511274337768555 
5.9928460121154785 
5.5511274337768555 
7.135465621948242 
7.197345733642578 
5.518472194671631 
6.071902275085449 
6.6474385261535645 
5.39704704284668 
9.0977144241333 
5.5511274337768555 
7.141176223754883 
5.0503621101379395 
5.019908428192139 
5.055976390838623 
6.015432357788086 
6.440184116363525 
5.130573272705078 
5.917366027832031 
5.5511274337768555 
5.5511274337768555 
6.083198070526123 
6.057187080383301 
5.857425212860107 
7.717319488525391 
6.697061538696289 
5.726430892944336 
5.098207473754883 
5.5511274337768555 
6.029727458953857 
6.826099395751953 
7.081013202667236 
5.90607213973999 
6.1952433586120605 
5.048431873321533 
8.29576587677002 
6.214282035827637 
6.586146354675293 
5.86870813369751 
6.255388259887695 
7.781865119934082 
5.971235275268555 
6.6765336990356445 
5.5511274337768555 
5.927062034606934 
5.5511274337768555 
6.074225902557373 
5.055633544921875 
6.634045600891113 
6.6546630859375 
5.879246234893799 
5.812434196472168 
5.050235271453857 
6.699578285217285 
6.672820091247559 
5.542871475219727 
6.249073028564453 
6.641477584838867 
6.6808319091796875 
6.590174198150635 
5.5511274337768555 
5.022076606750488 
5.872692108154297 
6.2893266677856445 
6.901385307312012 
6.573013782501221 
6.0759124755859375 
5.867935657501221 
8.494017601013184 
7.624800682067871 
5.5511274337768555 
5.5511274337768555 
5.998658657073975 
6.351325988769531 
6.284484386444092 
5.93365478515625 
5.960545063018799 
6.418334007263184 
5.5511274337768555 
5.5511274337768555 
6.570575714111328 
6.80131721496582 
5.730446815490723 
8.600876808166504 
5.491665840148926 
5.747326374053955 
5.798978328704834 
5.419000625610352 
7.232126235961914 
5.138508319854736 
5.5511274337768555 
6.907520771026611 
5.942695617675781 
6.937490940093994 
6.371601581573486 
5.5511274337768555 
6.185536861419678 
5.2549309730529785 
7.1436920166015625 
6.742883682250977 
5.18869686126709 
6.004919528961182 
9.464463233947754 
6.098920822143555 
6.363345146179199 
7.892801284790039 
7.526451587677002 
6.267449855804443 
5.5511274337768555 
8.483442306518555 
7.830641269683838 
5.165799140930176 
5.315001010894775 
6.74896240234375 
5.182900905609131 
6.587277412414551 
5.520490646362305 
7.076415538787842 
8.674666404724121 
5.5511274337768555 
5.484782695770264 
5.598834991455078 
5.5511274337768555 
6.662176132202148 
5.5511274337768555 
6.88627290725708 
6.973556041717529 
5.7969841957092285 
5.5511274337768555 
5.923855304718018 
6.055512428283691 
5.1514787673950195 
7.843077659606934 
5.179138660430908 
7.4606404304504395 
5.5511274337768555 
6.676869869232178 
6.660829067230225 
5.539921283721924 
8.559106826782227 
7.693710803985596 
5.791830539703369 
6.000530242919922 
6.7153215408325195 
6.842864513397217 
7.111387729644775 
5.026854038238525 
6.6512651443481445 
6.038125991821289 
5.912243366241455 
5.022971153259277 
5.5511274337768555 
5.920753002166748 
5.970799922943115 
6.65308141708374 
6.140706539154053 
6.579676151275635 
7.82431697845459 
5.5511274337768555 
6.651264190673828 
7.265279769897461 
6.1625518798828125 
6.614166736602783 
5.794159889221191 
7.173332214355469 
7.119659423828125 
6.807347297668457 
6.764863014221191 
8.307881355285645 
6.605957984924316 
7.193869113922119 
7.343936920166016 
9.247347831726074 
7.411292552947998 
5.5511274337768555 
6.122876167297363 
5.5511274337768555 
5.5511274337768555 
5.885079383850098 
6.877814769744873 
6.390401363372803 
8.75504207611084 
5.076142311096191 
5.5511274337768555 
9.918938636779785 
6.548677444458008 
5.5511274337768555 
6.400904178619385 
5.5511274337768555 
5.539477825164795 
6.054837703704834 
5.546221733093262 
6.734187602996826 
7.398594379425049 
7.467818260192871 
6.987988471984863 
7.29749059677124 
6.375454902648926 
5.85344934463501 
5.5511274337768555 
8.11723804473877 
6.243582725524902 
6.474735736846924 
5.053179740905762 
7.472021579742432 
5.8594746589660645 
7.320065021514893 
5.5511274337768555 
6.0576324462890625 
5.967669486999512 
5.636105060577393 
6.365372657775879 
6.420734882354736 
5.351049900054932 
5.5511274337768555 
5.5511274337768555 
5.0074896812438965 
6.116641521453857 
8.038052558898926 
5.034309387207031 
9.734508514404297 
6.599427223205566 
5.5511274337768555 
6.998375415802002 
6.211734294891357 
5.135141849517822 
7.025750160217285 
6.200778007507324 
6.450891494750977 
6.270297050476074 
6.322055816650391 
6.077395915985107 
6.468601703643799 
5.9631733894348145 
5.427238464355469 
8.06646728515625 
7.185617923736572 
7.179348468780518 
6.061783790588379 
7.980865478515625 
6.856123447418213 
8.075725555419922 
7.669205665588379 
6.536137580871582 
5.970422267913818 
6.881867408752441 
7.405725002288818 
6.925568103790283 
5.518424987792969 
5.949945449829102 
5.5511274337768555 
5.5511274337768555 
7.872349262237549 
6.065303325653076 
7.722705364227295 
7.106751441955566 
6.407406330108643 
5.426855087280273 
6.498645305633545 
5.5511274337768555 
6.9039483070373535 
5.077407360076904 
6.330720901489258 
6.255294322967529 
5.947018146514893 
5.086662769317627 
5.5511274337768555 
6.785928249359131 
5.505212306976318 
6.897565841674805 
5.834471702575684 
5.031858444213867 
5.538113594055176 
5.217782974243164 
5.342255115509033 
7.223662853240967 
7.473457336425781 
9.845550537109375 
6.360767364501953 
6.99204158782959 
5.022650718688965 
5.766433238983154 
5.5511274337768555 
5.5511274337768555 
6.815857887268066 
5.863753795623779 
5.206258773803711 
6.3404645919799805 
5.930328845977783 
5.5511274337768555 
7.582929611206055 
6.104060649871826 
6.040471076965332 
7.31238317489624 
7.334403038024902 
5.938313007354736 
6.365991592407227 
8.148775100708008 
6.558628082275391 
6.255809783935547 
6.156274795532227 
5.8199052810668945 
5.5511274337768555 
5.900815010070801 
6.071413516998291 
5.027348518371582 
5.980902671813965 
5.96449613571167 
5.681562423706055 
5.728038311004639 
5.132177352905273 
5.527478218078613 
5.059262752532959 
7.289878845214844 
5.5511274337768555 
6.5661396980285645 
6.964977741241455 
8.423733711242676 
5.116360664367676 
9.090344429016113 
5.829442977905273 
8.397407531738281 
5.3898606300354 
6.271886348724365 
6.755235195159912 
5.201719760894775 
6.190145015716553 
7.602562427520752 
6.987166404724121 
5.861439228057861 
6.629387378692627 
5.5511274337768555 
5.116370677947998 
5.499967575073242 
6.616372108459473 
5.877819538116455 
5.5511274337768555 
5.855962753295898 
6.311263084411621 
5.06494665145874 
6.325737476348877 
6.922982215881348 
7.115542411804199 
6.041349411010742 
7.410816192626953 
6.344413757324219 
5.5511274337768555 
6.551480770111084 
5.5511274337768555 
5.5511274337768555 
5.035154342651367 
6.709732532501221 
6.6741461753845215 
6.3172502517700195 
5.5511274337768555 
5.635964870452881 
6.340391159057617 
6.062397003173828 
7.159492015838623 
6.950307846069336 
5.185701370239258 
5.369022369384766 
7.162230491638184 
5.5511274337768555 
5.5511274337768555 
7.641632556915283 
6.245370388031006 
5.131155014038086 
5.5511274337768555 
6.026533126831055 
5.5511274337768555 
5.5511274337768555 
7.477802276611328 
8.694337844848633 
6.292715072631836 
7.923050880432129 
5.261335372924805 
6.17963171005249 
7.458887100219727 
6.32996940612793 
6.633605480194092 
6.387169361114502 
5.871359825134277 
5.886676788330078 
6.500151634216309 
5.5511274337768555 
6.228414058685303 
6.598977088928223 
6.081909656524658 
6.875324726104736 
5.5134782791137695 
7.315333366394043 
7.3261494636535645 
5.198977947235107 
5.236167907714844 
6.086685657501221 
6.285016059875488 
7.049747943878174 
5.9708943367004395 
5.5511274337768555 
6.090931415557861 
7.202401161193848 
5.963078022003174 
5.48262882232666 
6.474142551422119 
7.199685096740723 
6.150054454803467 
5.701478004455566 
10.246496200561523 
7.309617519378662 
5.720107078552246 
5.915009021759033 
5.988093376159668 
5.789924621582031 
6.023893356323242 
6.277164936065674 
5.595252990722656 
7.619034290313721 
6.802576065063477 
6.077486515045166 
6.30464506149292 
6.65308141708374 
8.15960693359375 
7.6467108726501465 
5.5511274337768555 
6.225973606109619 
7.115258693695068 
6.776678562164307 
5.590299129486084 
5.951544761657715 
5.5511274337768555 
7.659631252288818 
5.843846321105957 
6.679005146026611 
5.0367865562438965 
6.729450702667236 
6.0483622550964355 
5.5511274337768555 
5.5511274337768555 
8.034862518310547 
5.5511274337768555 
5.052444934844971 
7.052674770355225 
5.5511274337768555 
7.7216668128967285 
5.459020137786865 
6.867812156677246 
6.699733734130859 
7.482834815979004 
7.075448513031006 
7.449529647827148 
8.089078903198242 
5.080648899078369 
6.0177741050720215 
5.511117935180664 
5.6062846183776855 
7.176707744598389 
5.853621006011963 
7.373373985290527 
7.421130657196045 
5.022070407867432 
10.288917541503906 
6.468843936920166 
7.129361152648926 
7.725879669189453 
7.376597881317139 
5.347047328948975 
5.5511274337768555 
6.901831150054932 
7.413062572479248 
7.005908489227295 
6.36201810836792 
8.05768871307373 
5.164190292358398 
5.522624969482422 
6.7590413093566895 
5.532711982727051 
6.446655750274658 
6.091361999511719 
5.034805774688721 
6.161273002624512 
5.133716583251953 
6.633976459503174 
5.494286060333252 
6.6261115074157715 
6.65308141708374 
7.110497951507568 
6.131709098815918 
8.716595649719238 
6.317546844482422 
8.054027557373047 
5.024171829223633 
5.076040744781494 
5.5511274337768555 
6.009914398193359 
5.5511274337768555 
7.580832481384277 
9.286952018737793 
5.966071128845215 
5.5511274337768555 
5.802659034729004 
7.903746128082275 
5.144598484039307 
5.917368412017822 
5.9477362632751465 
5.936529636383057 
5.5511274337768555 
8.227584838867188 
5.346546173095703 
6.775548934936523 
6.093637943267822 
6.5892181396484375 
7.78806209564209 
6.853818416595459 
6.070609092712402 
6.7830305099487305 
5.5511274337768555 
6.117963790893555 
5.5511274337768555 
7.528940677642822 
6.920718193054199 
7.171083450317383 
6.614529609680176 
5.011740207672119 
5.62363338470459 
6.336697578430176 
8.587255477905273 
6.17178201675415 
7.178896903991699 
7.321865081787109 
8.180846214294434 
9.082222938537598 
7.602174758911133 
6.793349742889404 
6.902291774749756 
5.5511274337768555 
5.537771701812744 
5.073480129241943 
6.017190933227539 
5.0225396156311035 
6.5892181396484375 
6.04559326171875 
7.8453898429870605 
5.000027179718018 
7.282410621643066 
5.092520236968994 
7.585233211517334 
7.5084638595581055 
5.045177936553955 
6.54570198059082 
7.052712440490723 
6.88627290725708 
5.190029621124268 
5.102666854858398 
7.7909626960754395 
6.20088005065918 
6.697551727294922 
6.973208904266357 
6.014504909515381 
5.48485803604126 
5.83541202545166 
6.804925918579102 
5.5511274337768555 
5.042115211486816 
8.809202194213867 
6.022756576538086 
7.820443153381348 
6.793694019317627 
5.0319695472717285 
5.996224403381348 
8.818239212036133 
7.699761867523193 
5.888049602508545 
5.392244338989258 
6.15228796005249 
5.140406131744385 
7.340672492980957 
8.12433910369873 
5.88187313079834 
5.844295978546143 
6.213048458099365 
7.368933200836182 
6.173243999481201 
5.044731616973877 
10.742305755615234 
5.5511274337768555 
7.0724873542785645 
8.319417953491211 
5.673337459564209 
5.119588375091553 
5.874915599822998 
6.145503520965576 
7.190609455108643 
6.376829624176025 
6.8861823081970215 
5.5511274337768555 
7.3664960861206055 
6.298631191253662 
5.5511274337768555 
8.48958969116211 
5.127490997314453 
5.550594806671143 
6.017849922180176 
9.593750953674316 
6.949333190917969 
10.202147483825684 
7.947160720825195 
5.776342391967773 
5.887145519256592 
5.935628890991211 
5.7445068359375 
6.035440444946289 
7.832680702209473 
6.8163933753967285 
6.218008041381836 
7.947852611541748 
5.330744743347168 
7.75521993637085 
8.336786270141602 
5.998861312866211 
7.55938196182251 
6.969662666320801 
6.337303638458252 
6.539587020874023 
5.897663593292236 
6.390636920928955 
6.052052974700928 
6.8393940925598145 
7.384257793426514 
5.905154705047607 
6.457185745239258 
5.073876857757568 
7.9717230796813965 
6.168543815612793 
7.650256633758545 
5.959172248840332 
6.0887250900268555 
5.722174167633057 
5.915712833404541 
5.567055702209473 
7.227264404296875 
6.42596435546875 
5.252673625946045 
6.791991233825684 
6.589179039001465 
5.866697311401367 
5.5511274337768555 
6.885233402252197 
5.391945838928223 
5.018204212188721 
5.5511274337768555 
5.654034614562988 
7.882641315460205 
5.824704170227051 
5.257433891296387 
5.530811786651611 
6.792920112609863 
6.965883255004883 
7.885715484619141 
7.601779937744141 
5.5511274337768555 
8.600339889526367 
5.544315814971924 
6.112954139709473 
6.894632339477539 
6.596308708190918 
7.365528583526611 
7.26148796081543 
8.406586647033691 
8.244782447814941 
6.745121479034424 
5.033885478973389 
8.491233825683594 
5.500394344329834 
8.454994201660156 
5.533759117126465 
6.7635321617126465 
5.5511274337768555 
6.614494323730469 
5.5511274337768555 
7.365457057952881 
5.0672478675842285 
7.324523448944092 
7.11965799331665 
6.47519063949585 
8.16787338256836 
6.142252445220947 
5.869785785675049 
5.839728832244873 
5.803586006164551 
5.215365886688232 
5.625438213348389 
6.63763952255249 
7.986583232879639 
6.767385959625244 
5.938103675842285 
7.098029613494873 
5.889139175415039 
6.321384906768799 
5.737513542175293 
8.668875694274902 
5.7441725730896 
5.520028114318848 
5.011941909790039 
6.040847301483154 
5.928290367126465 
6.675605773925781 
5.5511274337768555 
5.946287155151367 
6.753991603851318 
6.202092170715332 
5.5511274337768555 
6.265275955200195 
7.880904674530029 
6.1451287269592285 
7.258946418762207 
6.118072032928467 
6.131560802459717 
7.054050445556641 
6.020851135253906 
6.7076568603515625 
5.843878746032715 
7.274870872497559 
5.437526702880859 
5.993298053741455 
8.677616119384766 
5.5511274337768555 
5.81519079208374 
7.268725395202637 
5.874083518981934 
5.920389175415039 
6.014683723449707 
8.01015567779541 
5.874972820281982 
7.295511245727539 
5.920764923095703 
6.6546630859375 
5.021280765533447 
7.768570899963379 
5.861155986785889 
8.768953323364258 
6.051795482635498 
6.704346656799316 
7.734248161315918 
7.7302470207214355 
5.984737396240234 
6.987214088439941 
9.237689018249512 
5.503910064697266 
6.091121196746826 
6.556612014770508 
5.71638298034668 
5.190446376800537 
6.136913299560547 
7.314208984375 
6.5811028480529785 
5.899940013885498 
6.0002570152282715 
5.5511274337768555 
7.32782506942749 
5.086901664733887 
5.949132442474365 
5.936614990234375 
7.177199363708496 
5.654575824737549 
7.718741416931152 
5.269804000854492 
8.187458992004395 
7.210109710693359 
5.793213844299316 
6.824897289276123 
6.411176681518555 
6.029394149780273 
5.063835620880127 
6.622498512268066 
5.844533443450928 
5.512630939483643 
9.820075035095215 
5.37776517868042 
5.844225883483887 
5.5511274337768555 
5.129550933837891 
6.723293781280518 
8.03125286102295 
6.596269607543945 
5.284553527832031 
6.773981094360352 
9.069581985473633 
6.415383338928223 
6.1279730796813965 
6.911044597625732 
5.007321834564209 
6.737462043762207 
6.5878400802612305 
8.4922456741333 
6.171352386474609 
6.625482082366943 
5.070717811584473 
5.5511274337768555 
6.535214900970459 
5.709636211395264 
6.8174591064453125 
5.667334079742432 
6.597806453704834 
6.565652847290039 
5.219180583953857 
5.5511274337768555 
6.660813331604004 
9.612719535827637 
6.038461685180664 
5.281068801879883 
6.203819751739502 
5.02056884765625 
6.763772487640381 
6.057163238525391 
6.107642650604248 
6.184184551239014 
5.5099687576293945 
6.091209411621094 
6.764638423919678 
7.168241500854492 
5.5511274337768555 
6.053691864013672 
6.309670925140381 
5.5511274337768555 
5.5511274337768555 
5.057966232299805 
5.5511274337768555 
5.034752368927002 
6.8871684074401855 
7.012880802154541 
7.633322238922119 
6.099891185760498 
5.5511274337768555 
6.420900821685791 
5.5511274337768555 
8.808858871459961 
5.990503787994385 
8.38770866394043 
8.206814765930176 
5.026573657989502 
5.381842136383057 
8.541967391967773 
6.259143352508545 
5.532309055328369 
5.545889377593994 
8.092159271240234 
7.667746543884277 
7.2097930908203125 
5.896829605102539 
6.307052135467529 
6.143254280090332 
6.053773880004883 
8.423126220703125 
5.068386554718018 
6.044760704040527 
5.865631103515625 
5.034246444702148 
6.6736836433410645 
5.035894393920898 
9.437108993530273 
8.549357414245605 
6.811434268951416 
5.087174415588379 
5.5511274337768555 
5.028092384338379 
5.2166619300842285 
5.954344749450684 
6.169083595275879 
7.295634746551514 
6.229352951049805 
7.713839054107666 
6.582979679107666 
5.0165181159973145 
5.9990105628967285 
7.451688766479492 
5.761396408081055 
7.331418514251709 
6.631489276885986 
7.306278228759766 
5.593786716461182 
6.203131675720215 
5.048946380615234 
6.588844299316406 
5.2598876953125 
5.3368916511535645 
6.496023178100586 
5.532061576843262 
6.3782501220703125 
5.047173976898193 
6.2148237228393555 
5.012142658233643 
6.109005451202393 
6.764710903167725 
8.076547622680664 
5.651048183441162 
7.386202812194824 
5.054849624633789 
6.167153835296631 
6.172968864440918 
5.289889335632324 
5.5511274337768555 
5.5511274337768555 
6.010214805603027 
8.040963172912598 
7.075101375579834 
5.796022891998291 
5.130674362182617 
6.879940986633301 
7.108596324920654 
6.886532306671143 
5.5511274337768555 
9.422471046447754 
6.055321216583252 
7.191381454467773 
5.5511274337768555 
7.293757915496826 
5.5511274337768555 
6.612187385559082 
6.894598007202148 
5.9059648513793945 
5.5511274337768555 
6.091923713684082 
6.96205997467041 
6.484879493713379 
7.105301380157471 
6.669642925262451 
5.5511274337768555 
6.751681327819824 
6.345332622528076 
5.5511274337768555 
6.977747917175293 
5.5511274337768555 
5.639340400695801 
6.709978103637695 
7.936522960662842 
6.590085983276367 
7.350578308105469 
6.221304416656494 
6.320038318634033 
6.137499809265137 
7.7705206871032715 
6.059398174285889 
6.0544304847717285 
6.174247741699219 
5.5511274337768555 
7.524575233459473 
5.043088912963867 
5.988746643066406 
5.5511274337768555 
8.458932876586914 
8.131303787231445 
5.5511274337768555 
7.047574996948242 
6.649301528930664 
7.315181732177734 
8.21468448638916 
6.529819965362549 
6.243170261383057 
6.241549491882324 
6.0370259284973145 
5.5511274337768555 
6.304249286651611 
5.5511274337768555 
5.488147735595703 
8.348915100097656 
7.9936017990112305 
6.6143293380737305 
5.5511274337768555 
5.5511274337768555 
6.996283531188965 
5.5511274337768555 
6.306443691253662 
5.525532245635986 
7.820896625518799 
7.131697177886963 
5.5511274337768555 
7.155841827392578 
6.497519493103027 
6.886688232421875 
7.236311912536621 
6.674568176269531 
5.209341049194336 
6.4657158851623535 
7.146116733551025 
6.887240409851074 
5.912807941436768 
6.231997013092041 
5.515212059020996 
6.477199077606201 
5.057973861694336 
6.198490142822266 
5.5511274337768555 
7.680307865142822 
7.899713516235352 
8.100630760192871 
5.415565013885498 
6.430867671966553 
6.567080974578857 
6.16472864151001 
8.196704864501953 
8.107898712158203 
6.909054756164551 
5.500505447387695 
8.320244789123535 
5.5511274337768555 
6.903051853179932 
5.72263765335083 
5.842558860778809 
6.8768630027771 
5.974640369415283 
8.66103458404541 
5.5511274337768555 
6.096526145935059 
7.297491550445557 
6.539864540100098 
5.5511274337768555 
6.029252052307129 
7.09263277053833 
7.95318078994751 
7.366483211517334 
5.745785713195801 
7.5617356300354 
6.910646438598633 
9.049063682556152 
5.644296646118164 
9.793078422546387 
8.734796524047852 
6.544393062591553 
5.5511274337768555 
5.5511274337768555 
7.039948463439941 
7.79401969909668 
6.180079936981201 
5.5020294189453125 
5.5511274337768555 
5.819572925567627 
6.036067008972168 
6.276065349578857 
5.5511274337768555 
7.006723880767822 
6.090752124786377 
5.716552734375 
6.053675174713135 
6.867343902587891 
5.245296955108643 
5.881203651428223 
5.519442081451416 
5.930253982543945 
5.982564926147461 
6.478811264038086 
5.129962921142578 
6.103484630584717 
6.793437480926514 
5.9813079833984375 
6.414245128631592 
6.103174686431885 
6.2013726234436035 
5.08979606628418 
5.5511274337768555 
5.750255584716797 
5.5511274337768555 
6.095693111419678 
6.379769802093506 
5.5511274337768555 
6.965542793273926 
7.709183216094971 
5.047400951385498 
5.046250820159912 
5.032333850860596 
5.891766548156738 
5.5511274337768555 
6.65308141708374 
5.5511274337768555 
6.755721092224121 
6.040729522705078 
7.754188060760498 
6.9697585105896 
6.0109052658081055 
6.965931415557861 
6.574517250061035 
6.034626483917236 
6.886623859405518 
5.688941478729248 
6.4052958488464355 
7.515344142913818 
5.540506839752197 
5.5511274337768555 
8.741622924804688 
7.537839889526367 
6.491274356842041 
8.026663780212402 
5.927867412567139 
7.128417491912842 
8.44554615020752 
5.963479995727539 
5.5511274337768555 
6.039129257202148 
6.691658020019531 
5.905789852142334 
8.792390823364258 
6.624981880187988 
7.113089084625244 
8.81299114227295 
7.682844161987305 
6.61086368560791 
7.331526279449463 
6.147765159606934 
5.079660892486572 
6.7298383712768555 
7.326993465423584 
5.5511274337768555 
6.588900089263916 
6.2818989753723145 
5.048882961273193 
6.653618335723877 
6.999138355255127 
5.5511274337768555 
5.918056964874268 
5.587347984313965 
5.5511274337768555 
7.835431098937988 
5.5511274337768555 
7.883231163024902 
5.5511274337768555 
5.0473761558532715 
7.431325435638428 
5.49896764755249 
5.981883525848389 
7.4013495445251465 
5.64790153503418 
5.024693965911865 
7.031639099121094 
6.5866379737854 
6.1682963371276855 
7.28537130355835 
5.5511274337768555 
5.05775260925293 
5.014745235443115 
5.029510498046875 
5.65937614440918 
6.016790866851807 
6.886573314666748 
6.3651885986328125 
6.6512651443481445 
6.985703945159912 
6.121971130371094 
5.404905796051025 
7.271163463592529 
6.364572525024414 
8.007095336914062 
8.870559692382812 
6.114910125732422 
5.0537495613098145 
5.035098552703857 
6.886881351470947 
6.117114067077637 
5.9666266441345215 
6.694199562072754 
5.504605770111084 
6.108226299285889 
6.2785515785217285 
5.1666460037231445 
6.028870582580566 
6.895498275756836 
6.9686760902404785 
6.93428373336792 
7.608028888702393 
6.644371032714844 
6.187726974487305 
8.624336242675781 
5.5511274337768555 
6.603558540344238 
5.5511274337768555 
5.5511274337768555 
6.8935866355896 
6.054372310638428 
5.987480163574219 
6.6195268630981445 
5.211148262023926 
7.295198440551758 
5.5511274337768555 
5.782281875610352 
8.085018157958984 
5.5511274337768555 
6.102299213409424 
6.57402229309082 
5.03769588470459 
7.151540756225586 
6.011146068572998 
6.027926921844482 
6.249696731567383 
5.18046236038208 
9.441357612609863 
5.921316623687744 
6.007675647735596 
5.5511274337768555 
5.766264915466309 
6.941091537475586 
5.267931938171387 
5.5511274337768555 
6.84611177444458 
6.037636756896973 
5.515267848968506 
5.656033515930176 
6.832510471343994 
5.952061653137207 
5.5511274337768555 
5.073419094085693 
5.5511274337768555 
6.1357035636901855 
5.5511274337768555 
6.098335266113281 
6.481686115264893 
5.896126747131348 
5.5511274337768555 
5.405674457550049 
7.048194408416748 
5.5511274337768555 
5.359851837158203 
5.985832214355469 
6.01577615737915 
6.9195756912231445 
5.636237144470215 
6.0670061111450195 
6.422029972076416 
6.297440052032471 
5.071723937988281 
7.517884731292725 
6.776768684387207 
7.3502912521362305 
5.739365577697754 
7.917598724365234 
6.057216644287109 
6.162071704864502 
6.697551727294922 
6.899790287017822 
6.750946521759033 
6.607075214385986 
5.5511274337768555 
6.501326560974121 
7.659229755401611 
6.774384021759033 
5.0272674560546875 
5.572131156921387 
8.363920211791992 
6.7646942138671875 
5.5511274337768555 
7.108707427978516 
5.934480667114258 
5.5511274337768555 
7.9840288162231445 
5.889554977416992 
8.09053897857666 
5.621101379394531 
6.114813804626465 
5.960165977478027 
5.919005870819092 
5.270604610443115 
6.202591896057129 
5.138741493225098 
5.920529365539551 
6.296061992645264 
7.964061737060547 
7.137665748596191 
6.019143581390381 
8.102616310119629 
7.312801361083984 
6.021643161773682 
6.6730265617370605 
8.64341926574707 
6.931800365447998 
6.503759384155273 
6.778099060058594 
8.461443901062012 
5.445332050323486 
8.671011924743652 
6.561956405639648 
5.5511274337768555 
7.263790130615234 
5.087576389312744 
7.0451436042785645 
6.83944034576416 
7.123371124267578 
6.552915573120117 
5.041957855224609 
6.757899761199951 
6.722378730773926 
5.007696628570557 
6.544050216674805 
6.000089645385742 
5.816800594329834 
5.7107062339782715 
5.5511274337768555 
5.674962043762207 
6.3304619789123535 
6.054881572723389 
6.275323867797852 
6.7091779708862305 
6.746866703033447 
6.47974967956543 
6.899207592010498 
6.507236480712891 
6.679788112640381 
8.693340301513672 
5.500528812408447 
6.058632850646973 
5.5511274337768555 
6.669480800628662 
5.99691104888916 
6.794730186462402 
7.0484619140625 
7.646306991577148 
5.5511274337768555 
5.960268497467041 
5.032570838928223 
5.5511274337768555 
6.749966621398926 
5.154551982879639 
6.729410648345947 
5.5511274337768555 
5.5511274337768555 
6.5853071212768555 
6.058028697967529 
7.536984920501709 
5.2085089683532715 
5.5272417068481445 
6.216681003570557 
6.3817877769470215 
5.109830856323242 
7.978385925292969 
5.355762481689453 
6.54159688949585 
8.295367240905762 
6.972277641296387 
5.5511274337768555 
5.5511274337768555 
8.678667068481445 
6.812069416046143 
6.793367862701416 
7.100268840789795 
6.396870136260986 
7.535593509674072 
5.445642948150635 
5.5511274337768555 
5.015957832336426 
6.34373140335083 
5.937422275543213 
8.191595077514648 
5.967608451843262 
6.014357089996338 
5.914881229400635 
7.4438886642456055 
7.269176006317139 
5.5511274337768555 
5.192954063415527 
6.598245143890381 
5.012202739715576 
6.084417343139648 
7.499836444854736 
5.5511274337768555 
5.931482315063477 
6.396731376647949 
5.5511274337768555 
5.997819423675537 
5.836296081542969 
6.8878397941589355 
7.115727424621582 
6.0569562911987305 
6.279675006866455 
7.918248176574707 
6.043015003204346 
6.217430591583252 
6.495283603668213 
7.002532958984375 
6.793666839599609 
6.6925225257873535 
6.255529403686523 
5.875399112701416 
5.5511274337768555 
5.5511274337768555 
5.5511274337768555 
5.017701148986816 
6.146599292755127 
9.502537727355957 
7.501120567321777 
5.89931058883667 
7.356060028076172 
5.5511274337768555 
6.8238935470581055 
5.9204607009887695 
5.5511274337768555 
5.03832483291626 
5.01245641708374 
6.694187164306641 
7.410828590393066 
5.868043899536133 
7.420822620391846 
5.065126419067383 
5.028474807739258 
7.530154228210449 
6.67960262298584 
5.031593322753906 
6.0162272453308105 
6.126485824584961 
6.816281795501709 
6.787862777709961 
6.066298484802246 
6.099356174468994 
6.511518955230713 
6.5990190505981445 
6.895749092102051 
8.480574607849121 
6.5885772705078125 
7.091927528381348 
7.484689235687256 
5.5511274337768555 
6.901205062866211 
5.9897990226745605 
6.887481212615967 
5.091423034667969 
6.016876220703125 
5.5511274337768555 
5.013106346130371 
6.408858299255371 
6.314354419708252 
5.022647380828857 
6.516966819763184 
5.5511274337768555 
5.040677070617676 
6.45736026763916 
7.047071933746338 
6.0669989585876465 
7.4381513595581055 
6.756200790405273 
5.7089104652404785 
7.09685754776001 
6.839336395263672 
5.03408670425415 
6.0798444747924805 
5.512992858886719 
6.039270877838135 
5.5511274337768555 
7.598185062408447 
6.011312007904053 
5.866479396820068 
6.537478923797607 
5.5511274337768555 
5.5511274337768555 
5.525099754333496 
5.5511274337768555 
6.006332874298096 
6.005141258239746 
7.992576599121094 
8.569805145263672 
5.852766036987305 
5.8690924644470215 
6.928675174713135 
8.695298194885254 
5.5511274337768555 
5.184994697570801 
5.921102046966553 
7.9451422691345215 
5.5511274337768555 
5.81237268447876 
6.50790548324585 
7.521027565002441 
6.476963996887207 
7.762826442718506 
7.804551124572754 
5.831278324127197 
7.686765193939209 
6.056593418121338 
6.680396556854248 
5.161756992340088 
5.032533168792725 
5.870729446411133 
6.0943193435668945 
8.248518943786621 
5.5511274337768555 
6.886857986450195 
5.225571155548096 
6.137421131134033 
7.724488258361816 
5.972071647644043 
6.053502082824707 
5.987829685211182 
6.905214309692383 
5.5511274337768555 
5.5511274337768555 
5.932609558105469 
6.366041660308838 
5.061922073364258 
8.366476058959961 
6.637546062469482 
6.016021728515625 
7.632246494293213 
7.519552230834961 
5.5511274337768555 
6.007109642028809 
6.230807304382324 
6.586397171020508 
9.315126419067383 
6.0025315284729 
7.22723913192749 
6.5281195640563965 
5.5511274337768555 
9.258915901184082 
7.574520587921143 
8.600650787353516 
5.508721828460693 
5.3408098220825195 
5.5511274337768555 
5.908186435699463 
5.529515266418457 
7.071078777313232 
5.866333961486816 
7.644290924072266 
5.508955001831055 
6.365616321563721 
5.880988121032715 
5.897119998931885 
5.5511274337768555 
6.003897190093994 
8.421257972717285 
7.79696798324585 
5.011760711669922 
6.601787567138672 
5.882946491241455 
7.335073471069336 
5.9983296394348145 
6.929603099822998 
6.007490158081055 
5.932529449462891 
5.066496849060059 
6.202426910400391 
5.906987190246582 
5.5511274337768555 
5.931116580963135 
5.310914039611816 
6.317877769470215 
5.841419219970703 
6.002825736999512 
7.405747413635254 
5.0216383934021 
8.164525985717773 
6.0013508796691895 
5.5511274337768555 
7.914088249206543 
5.5511274337768555 
5.5511274337768555 
6.629387378692627 
5.5511274337768555 
6.982820987701416 
7.902532577514648 
5.5511274337768555 
7.340290546417236 
6.141357421875 
5.5511274337768555 
5.537773609161377 
5.0174946784973145 
6.313365936279297 
6.603032112121582 
8.104546546936035 
5.875659465789795 
8.56926155090332 
6.181323528289795 
5.0988640785217285 
6.960625171661377 
6.570712566375732 
6.451594352722168 
6.5141282081604 
6.755674362182617 
5.5511274337768555 
5.5511274337768555 
6.425136566162109 
7.870650768280029 
5.498621940612793 
6.723198890686035 
6.150672435760498 
6.400920867919922 
5.929662227630615 
5.848756313323975 
7.910498142242432 
5.91631555557251 
6.684911727905273 
6.891116619110107 
5.207728385925293 
5.7658514976501465 
6.049257755279541 
6.707312107086182 
5.906517028808594 
5.916236877441406 
6.485653877258301 
5.199800968170166 
6.132617950439453 
5.535304546356201 
6.188067436218262 
5.020318031311035 
5.5511274337768555 
6.385635852813721 
5.515212059020996 
6.2777533531188965 
5.967714786529541 
5.896484851837158 
5.5511274337768555 
5.5511274337768555 
7.537458419799805 
6.2783613204956055 
5.6067681312561035 
5.940074920654297 
5.11168098449707 
6.235527992248535 
6.065270900726318 
5.8952460289001465 
5.0197434425354 
5.995106220245361 
6.212414741516113 
6.131222724914551 
5.057116508483887 
6.148317337036133 
6.115957736968994 
6.276398658752441 
6.0357866287231445 
5.014650821685791 
5.5511274337768555 
7.24849796295166 
5.031937599182129 
8.56350326538086 
6.816925525665283 
7.390628814697266 
5.504156112670898 
5.991725921630859 
8.319714546203613 
5.9864182472229 
5.5511274337768555 
5.5511274337768555 
6.321173667907715 
7.443420886993408 
6.699095726013184 
7.26165246963501 
5.456153392791748 
8.099881172180176 
6.1925201416015625 
6.6546630859375 
5.954619407653809 
5.456563949584961 
6.90463924407959 
6.2566304206848145 
5.848687171936035 
6.650500297546387 
6.468172073364258 
5.059037208557129 
8.027034759521484 
5.860525131225586 
5.87783670425415 
6.829641342163086 
5.412228584289551 
6.8821234703063965 
5.063307762145996 
7.141559600830078 
7.294942378997803 
6.1069536209106445 
5.72587776184082 
6.4702606201171875 
7.9159040451049805 
6.180990695953369 
6.025601863861084 
7.421113014221191 
7.774177551269531 
6.034193992614746 
5.5511274337768555 
5.144160270690918 
5.519982814788818 
6.527315616607666 
6.499157905578613 
6.881083011627197 
6.038223743438721 
10.07464599609375 
8.268926620483398 
7.255633354187012 
5.5511274337768555 
5.041630744934082 
5.5511274337768555 
7.53027868270874 
5.910131454467773 
6.586557865142822 
6.743154525756836 
6.0721755027771 
6.881879806518555 
5.814990043640137 
6.77546501159668 
6.185735702514648 
8.241974830627441 
5.989175796508789 
6.6526079177856445 
6.579249382019043 
7.94677209854126 
5.5511274337768555 
5.5511274337768555 
5.5086140632629395 
5.5149736404418945 
5.243807315826416 
7.6206865310668945 
5.871532917022705 
5.9629340171813965 
6.581682205200195 
7.871683120727539 
5.727435111999512 
5.5511274337768555 
6.585587978363037 
5.272736549377441 
5.543927192687988 
5.132202625274658 
5.5511274337768555 
8.219255447387695 
8.129838943481445 
5.9022111892700195 
8.643340110778809 
5.5511274337768555 
6.946552753448486 
8.543448448181152 
8.401883125305176 
7.366425514221191 
6.347572326660156 
7.394598960876465 
5.5511274337768555 
5.5511274337768555 
5.617977142333984 
8.64177417755127 
5.674004554748535 
5.127096652984619 
6.611531734466553 
5.142083168029785 
7.233180046081543 
5.604279518127441 
5.5511274337768555 
5.896977424621582 
5.973232746124268 
8.33875560760498 
7.0683393478393555 
7.831151962280273 
6.146326541900635 
7.109036445617676 
6.062356948852539 
7.52596378326416 
6.115342140197754 
5.5511274337768555 
7.059412479400635 
5.5511274337768555 
5.01742696762085 
8.557316780090332 
5.5511274337768555 
6.657170295715332 
8.060676574707031 
5.950525283813477 
5.815393447875977 
5.5511274337768555 
5.5511274337768555 
7.326198101043701 
5.152520179748535 
6.884126663208008 
5.860651969909668 
6.65308141708374 
5.035712718963623 
6.1844682693481445 
7.352312088012695 
5.126064777374268 
6.7648468017578125 
5.205397605895996 
7.5553765296936035 
6.083075523376465 
7.118171691894531 
6.33041524887085 
5.5511274337768555 
6.60272741317749 
7.939250946044922 
6.716554164886475 
6.036842346191406 
6.562326431274414 
6.021564960479736 
5.808959484100342 
6.145399570465088 
7.623732566833496 
7.99877405166626 
5.5511274337768555 
6.136959075927734 
8.400147438049316 
6.7270331382751465 
5.017602443695068 
7.376420974731445 
5.974619388580322 
8.409624099731445 
5.5511274337768555 
7.828662395477295 
5.988853931427002 
5.957055568695068 
5.640650749206543 
5.025661468505859 
5.066623210906982 
10.69033145904541 
6.29345178604126 
6.232558727264404 
5.998320579528809 
5.656284809112549 
6.611583709716797 
5.319508075714111 
6.016294479370117 
5.5511274337768555 
6.36219596862793 
6.003754138946533 
6.204228401184082 
6.583350658416748 
7.801867485046387 
5.327371120452881 
9.24189281463623 
7.7439799308776855 
8.009681701660156 
8.442517280578613 
5.052310943603516 
5.5511274337768555 
5.5829315185546875 
7.323270320892334 
5.092263698577881 
6.309377670288086 
6.80204439163208 
6.983211517333984 
9.009401321411133 
6.800933837890625 
6.623714447021484 
6.162592887878418 
8.820272445678711 
6.14581298828125 
7.36655330657959 
6.7246012687683105 
7.180816173553467 
7.216656684875488 
6.701117992401123 
6.362189292907715 
6.65308141708374 
7.339749813079834 
5.5511274337768555 
8.34071159362793 
5.5511274337768555 
6.065935134887695 
5.054239749908447 
5.282908916473389 
6.6267290115356445 
5.094741344451904 
5.95001745223999 
5.861143112182617 
5.9655585289001465 
5.877457618713379 
6.017879486083984 
5.514143943786621 
6.0243353843688965 
9.01352596282959 
6.6730146408081055 
6.881556510925293 
5.178215026855469 
5.972187042236328 
9.303801536560059 
6.510637283325195 
5.008881092071533 
5.5511274337768555 
6.284017086029053 
7.842550277709961 
5.308242321014404 
5.933544158935547 
7.29477596282959 
5.5511274337768555 
5.030030250549316 
5.5511274337768555 
6.290984153747559 
7.059280872344971 
6.199718952178955 
5.5511274337768555 
5.869720458984375 
5.947900772094727 
6.784804821014404 
6.092910289764404 
7.1315131187438965 
5.87352180480957 
7.962250232696533 
6.531145095825195 
6.8866400718688965 
6.8799004554748535 
8.118781089782715 
6.904744625091553 
5.020459175109863 
7.928078651428223 
6.070362091064453 
6.002504825592041 
7.055920600891113 
5.050695419311523 
5.5511274337768555 
6.005815029144287 
6.8460259437561035 
6.264506816864014 
6.755578994750977 
7.0724077224731445 
5.5511274337768555 
7.089613437652588 
5.291168212890625 
6.347280502319336 
5.4066009521484375 
7.192656993865967 
6.244550704956055 
6.036186695098877 
5.5511274337768555 
5.289139270782471 
5.9158244132995605 
5.906639099121094 
5.929875373840332 
5.5511274337768555 
7.512631416320801 
5.5511274337768555 
5.009579181671143 
5.533204078674316 
6.000241756439209 
6.130003452301025 
6.7441086769104 
6.614529609680176 
6.6422343254089355 
6.071077823638916 
7.947859287261963 
5.586001396179199 
5.5511274337768555 
6.217321395874023 
6.553398609161377 
5.978906631469727 
6.106478691101074 
6.191307067871094 
5.857875347137451 
7.413971424102783 
6.904656887054443 
6.475187301635742 
7.5212531089782715 
5.292298316955566 
5.850744724273682 
8.726231575012207 
6.786285877227783 
5.9500627517700195 
5.493565559387207 
5.01400899887085 
6.636755466461182 
7.964382648468018 
5.5511274337768555 
6.194198131561279 
7.2473649978637695 
6.904791355133057 
8.8931884765625 
6.615344524383545 
5.518024444580078 
5.514120578765869 
5.957842826843262 
6.234381675720215 
5.172972202301025 
5.8199262619018555 
5.064993381500244 
8.145462989807129 
6.581672191619873 
5.5511274337768555 
8.068085670471191 
5.5511274337768555 
5.762072563171387 
5.5511274337768555 
5.1049723625183105 
6.6492438316345215 
6.571207046508789 
6.615710735321045 
7.368056297302246 
6.921865940093994 
5.102055549621582 
7.5145158767700195 
6.474257469177246 
8.031478881835938 
5.943244934082031 
6.235218048095703 
6.859131813049316 
6.553737163543701 
7.177831172943115 
6.593123912811279 
5.686667442321777 
7.735400199890137 
8.014345169067383 
7.549912452697754 
6.4589524269104 
5.807324409484863 
6.61913537979126 
6.88629150390625 
6.041285037994385 
7.69216251373291 
6.135504245758057 
8.035113334655762 
6.173222064971924 
6.992408275604248 
7.16480827331543 
6.062256813049316 
5.699728488922119 
6.244190692901611 
6.047116756439209 
7.6667609214782715 
5.5511274337768555 
6.153541564941406 
6.0517072677612305 
5.150550365447998 
5.880466938018799 
8.514618873596191 
6.321970462799072 
6.119053363800049 
6.523162364959717 
5.996457576751709 
6.5994062423706055 
6.111597061157227 
6.116330146789551 
9.508099555969238 
8.211036682128906 
6.756635665893555 
5.015475749969482 
7.397609710693359 
5.643998622894287 
5.5511274337768555 
6.891668796539307 
6.643094539642334 
6.067014217376709 
5.501641750335693 
6.7003302574157715 
7.0624799728393555 
7.069912433624268 
7.953052043914795 
8.642363548278809 
7.044658184051514 
5.681124687194824 
6.813064098358154 
7.206623554229736 
5.8460001945495605 
5.484246730804443 
5.5511274337768555 
8.316085815429688 
6.042804718017578 
6.055512428283691 
5.5511274337768555 
6.886124134063721 
6.6270222663879395 
5.062783241271973 
5.5511274337768555 
7.405735969543457 
6.152929306030273 
6.351129531860352 
5.86129903793335 
5.47466516494751 
7.2327704429626465 
8.000531196594238 
6.0178046226501465 
7.425980567932129 
5.5511274337768555 
6.885673522949219 
5.266109943389893 
8.147430419921875 
6.006610870361328 
6.120683670043945 
7.3131842613220215 
5.142375946044922 
6.023916721343994 
5.059667110443115 
5.021617889404297 
7.439948081970215 
5.219489574432373 
6.06884241104126 
6.103985786437988 
6.0999531745910645 
5.9188551902771 
8.078998565673828 
6.163595199584961 
6.760707855224609 
5.528936386108398 
6.533102512359619 
6.625449180603027 
6.63763952255249 
7.401716232299805 
7.486593246459961 
5.5511274337768555 
7.637714862823486 
5.851408958435059 
8.452913284301758 
6.908107280731201 
7.359907150268555 
6.537689685821533 
5.9228949546813965 
5.912286281585693 
5.967284679412842 
5.5511274337768555 
5.924551486968994 
7.473423480987549 
5.5511274337768555 
7.119712829589844 
6.784015655517578 
6.782607555389404 
5.34478235244751 
6.058276653289795 
6.868992805480957 
5.5511274337768555 
8.499095916748047 
5.5511274337768555 
5.992242813110352 
6.355424404144287 
5.929678440093994 
6.404313564300537 
5.765697479248047 
5.8641839027404785 
5.5511274337768555 
5.196244716644287 
6.9517645835876465 
7.278657913208008 
5.913465976715088 
6.263785362243652 
7.062258720397949 
5.923373222351074 
7.491298675537109 
7.313537120819092 
5.083786487579346 
5.5511274337768555 
5.627937316894531 
5.611562252044678 
5.708383560180664 
6.5892181396484375 
7.164917469024658 
5.0630340576171875 
7.28963565826416 
6.81747579574585 
5.354997634887695 
5.370053291320801 
5.934093952178955 
6.19588565826416 
6.9010772705078125 
6.2796549797058105 
6.103921890258789 
6.4174675941467285 
5.0923237800598145 
7.229205131530762 
6.00506067276001 
5.5511274337768555 
7.590085506439209 
5.5511274337768555 
6.114928722381592 
6.043684959411621 
5.5511274337768555 
7.232967853546143 
5.997371196746826 
7.107515811920166 
5.5511274337768555 
5.5511274337768555 
6.895937919616699 
5.950300693511963 
5.883973598480225 
5.5511274337768555 
6.6293134689331055 
6.021249771118164 
6.003305435180664 
6.886246681213379 
6.233038902282715 
7.691178321838379 
5.079833984375 
8.519657135009766 
7.8694257736206055 
5.5511274337768555 
6.075939655303955 
7.0381598472595215 
6.051161289215088 
8.642497062683105 
5.5511274337768555 
7.913028240203857 
6.208935737609863 
8.004215240478516 
8.046537399291992 
6.930872440338135 
5.50948429107666 
7.569545745849609 
5.818040370941162 
7.096615314483643 
6.855117321014404 
6.806013107299805 
5.06788444519043 
5.518442630767822 
6.006498336791992 
5.14680814743042 
7.825922012329102 
6.239398002624512 
6.664005756378174 
5.5511274337768555 
7.962277889251709 
6.5199151039123535 
6.141075611114502 
6.966159820556641 
6.038745403289795 
8.352852821350098 
7.1368489265441895 
7.483034133911133 
6.770090579986572 
6.165785789489746 
6.7646331787109375 
8.196102142333984 
5.49771785736084 
7.1808180809021 
6.584749698638916 
5.5511274337768555 
7.5793280601501465 
5.0152387619018555 
5.904863357543945 
6.165066719055176 
8.261679649353027 
5.020539283752441 
7.933185577392578 
7.470953941345215 
5.441183090209961 
5.5467658042907715 
6.2059431076049805 
7.137228488922119 
7.471421241760254 
5.490389823913574 
7.400466442108154 
5.5511274337768555 
6.067444324493408 
6.009621620178223 
5.183167934417725 
8.265110969543457 
6.206515789031982 
5.4983062744140625 
8.306757926940918 
6.055222988128662 
6.267087459564209 
6.630176067352295 
5.0218377113342285 
6.099099636077881 
5.5511274337768555 
6.557408332824707 
6.393516540527344 
6.886342525482178 
5.773390769958496 
6.956291675567627 
8.872026443481445 
5.896575450897217 
5.850996017456055 
7.298869609832764 
6.0757904052734375 
6.017688751220703 
5.285132884979248 
7.5179338455200195 
5.988975524902344 
5.5511274337768555 
6.674299240112305 
6.6410040855407715 
5.5511274337768555 
5.13473653793335 
8.783875465393066 
5.5511274337768555 
6.673972129821777 
6.757419586181641 
8.527740478515625 
5.131043910980225 
5.5511274337768555 
6.006782054901123 
8.366668701171875 
6.052240371704102 
5.537094593048096 
5.085971832275391 
6.1264328956604 
7.2019267082214355 
6.41921854019165 
5.060340881347656 
6.018481731414795 
5.061763286590576 
6.013433933258057 
7.003944396972656 
7.888981819152832 
6.886989593505859 
6.163629055023193 
5.5511274337768555 
6.095841884613037 
8.491150856018066 
7.377995014190674 
8.674246788024902 
6.005986213684082 
5.501833915710449 
6.348126411437988 
6.59407901763916 
5.3162126541137695 
6.7798542976379395 
8.074568748474121 
5.019698619842529 
7.306264877319336 
8.517330169677734 
5.315890789031982 
7.256223201751709 
5.121937274932861 
7.421067714691162 
5.276078701019287 
7.298209190368652 
7.021633625030518 
5.09356689453125 
6.261795997619629 
7.596269130706787 
5.5511274337768555 
7.503911972045898 
6.044586181640625 
5.023033618927002 
7.8772053718566895 
6.008215427398682 
5.782953262329102 
5.5511274337768555 
5.074730396270752 
5.8715620040893555 
6.1398515701293945 
5.5511274337768555 
8.773672103881836 
8.994040489196777 
7.710794448852539 
6.7587127685546875 
6.227565288543701 
6.283995628356934 
5.5511274337768555 
5.4911017417907715 
5.494638442993164 
5.774304389953613 
7.105166912078857 
6.550484657287598 
5.335002422332764 
6.31953763961792 
5.640567302703857 
5.653091907501221 
5.639802932739258 
6.911102771759033 
7.286498069763184 
5.5511274337768555 
6.7933831214904785 
6.398656845092773 
5.049011707305908 
6.565145969390869 
6.164498329162598 
5.976069450378418 
5.576401710510254 
6.34848690032959 
5.5511274337768555 
5.1340107917785645 
5.92620849609375 
5.029776573181152 
6.261230945587158 
7.716670513153076 
5.040129661560059 
5.02833366394043 
