5.977488040924072 
6.390732765197754 
6.873971462249756 
5.078166961669922 
5.661717414855957 
5.342920303344727 
5.953734397888184 
5.6505913734436035 
8.518366813659668 
6.029035568237305 
4.853793621063232 
5.041123867034912 
6.791934013366699 
6.479440689086914 
6.162106513977051 
6.003655433654785 
8.923062324523926 
5.647323131561279 
6.464190483093262 
5.950437068939209 
5.905210018157959 
5.785677433013916 
8.151872634887695 
5.42372989654541 
6.277062892913818 
6.005843639373779 
5.853116512298584 
6.614170074462891 
4.820919036865234 
5.185567855834961 
5.422486782073975 
6.043269157409668 
6.516735076904297 
6.348371505737305 
5.613856792449951 
5.397651672363281 
4.975821018218994 
6.324769496917725 
5.770049095153809 
6.387019634246826 
6.028451919555664 
5.951397895812988 
7.887220859527588 
5.723989486694336 
6.347988128662109 
6.280148506164551 
4.785050392150879 
5.930858612060547 
6.607795715332031 
5.9151458740234375 
6.289023399353027 
5.865588665008545 
6.598099231719971 
6.2159318923950195 
4.998092174530029 
5.403386116027832 
6.246945381164551 
6.262613296508789 
5.720922946929932 
5.2589850425720215 
6.4624552726745605 
7.188668251037598 
5.673354148864746 
5.8393473625183105 
6.152633190155029 
6.190279960632324 
5.782356262207031 
5.957437515258789 
5.243960380554199 
10.24239444732666 
7.244861125946045 
7.085646152496338 
6.1068902015686035 
6.153412818908691 
5.756900310516357 
5.8415703773498535 
5.8498334884643555 
6.096447467803955 
6.6711649894714355 
5.592515468597412 
7.100537300109863 
8.14832878112793 
6.709439277648926 
5.965233325958252 
6.697070121765137 
5.8916473388671875 
6.9397735595703125 
6.423967361450195 
6.215469837188721 
6.436150550842285 
6.682185173034668 
5.882503986358643 
6.272376537322998 
5.883241653442383 
6.378834247589111 
6.235312461853027 
6.498786926269531 
6.963248252868652 
8.255778312683105 
5.666532039642334 
6.95185661315918 
5.639800071716309 
6.288741588592529 
7.499880313873291 
6.126718521118164 
5.422006607055664 
6.278448581695557 
6.171315670013428 
6.190299987792969 
6.334593772888184 
9.081952095031738 
5.770655632019043 
5.719357490539551 
6.591311454772949 
6.534671783447266 
6.439897060394287 
5.70043420791626 
5.685731410980225 
6.139518737792969 
5.088134288787842 
5.5889153480529785 
7.90185546875 
6.442473411560059 
6.693961143493652 
6.117386817932129 
6.267201900482178 
4.947694778442383 
6.09917688369751 
5.7410101890563965 
6.489344596862793 
5.954419136047363 
5.627094745635986 
9.073041915893555 
5.453549385070801 
6.287415981292725 
6.801743507385254 
10.372090339660645 
5.675214767456055 
6.153689861297607 
5.756199359893799 
5.5547590255737305 
6.660121440887451 
6.451049327850342 
5.314109802246094 
5.821034908294678 
6.323666095733643 
6.956927299499512 
5.903419494628906 
6.049302577972412 
4.859433650970459 
6.042319297790527 
6.452325820922852 
5.655490875244141 
6.706568717956543 
6.888400554656982 
5.005262851715088 
5.866888046264648 
7.136057376861572 
7.450150489807129 
5.147335052490234 
5.705817699432373 
6.296691417694092 
6.465653896331787 
5.683309555053711 
5.436816215515137 
6.209493160247803 
8.583867073059082 
6.403794288635254 
7.660888671875 
5.051406383514404 
6.053432464599609 
6.613713264465332 
6.111698150634766 
6.9081950187683105 
7.3758769035339355 
5.980326175689697 
6.833118438720703 
5.72566032409668 
6.603887557983398 
5.084836483001709 
7.779267311096191 
7.621247291564941 
5.98416805267334 
6.861256122589111 
9.888511657714844 
5.474412441253662 
5.564573287963867 
6.102590084075928 
5.257206916809082 
5.80402946472168 
5.315356254577637 
6.434154987335205 
6.0574469566345215 
6.047135829925537 
4.635180950164795 
5.463986396789551 
6.699659824371338 
5.833669185638428 
6.183652400970459 
5.811166763305664 
5.459900856018066 
5.655928134918213 
6.239080905914307 
6.8180718421936035 
5.16800594329834 
6.349861145019531 
6.064602375030518 
6.107329368591309 
6.345659255981445 
6.702615737915039 
6.159864902496338 
5.04450798034668 
6.765461444854736 
5.991168022155762 
7.499417781829834 
6.219333171844482 
5.716172218322754 
5.254458904266357 
5.761721611022949 
6.824454307556152 
6.058107376098633 
5.851029872894287 
6.244993686676025 
6.145393371582031 
7.697267055511475 
5.658201694488525 
5.7125983238220215 
5.88350772857666 
5.198702335357666 
6.851788520812988 
5.677094459533691 
6.106444835662842 
5.697444915771484 
5.853835105895996 
5.180337429046631 
5.424338340759277 
6.205754280090332 
6.287540435791016 
8.082491874694824 
6.5833539962768555 
6.282025337219238 
6.254303932189941 
6.007816791534424 
5.441489219665527 
5.253084182739258 
11.5767240524292 
6.957563400268555 
6.326202869415283 
5.614337921142578 
6.470528602600098 
5.823359489440918 
7.038638114929199 
6.850882053375244 
5.969261646270752 
9.741276741027832 
4.8671770095825195 
4.886368751525879 
4.108227252960205 
4.97933292388916 
6.131284713745117 
7.250241756439209 
5.3645806312561035 
5.492908477783203 
5.261656284332275 
5.67371129989624 
7.398018836975098 
5.523563385009766 
6.198171138763428 
5.436603546142578 
5.762096881866455 
6.376002311706543 
5.820918560028076 
6.032054424285889 
5.915243625640869 
7.454403400421143 
5.692712783813477 
6.287663459777832 
5.737576961517334 
4.62027645111084 
6.022590160369873 
6.807844161987305 
8.04026985168457 
7.7545037269592285 
5.601661682128906 
6.188699722290039 
6.034933567047119 
6.433914661407471 
6.18731689453125 
5.334046840667725 
6.082751274108887 
5.6491899490356445 
6.019327640533447 
5.6916422843933105 
5.825104236602783 
5.903045177459717 
5.309398651123047 
6.319002151489258 
5.992015838623047 
5.202219009399414 
5.877845764160156 
5.6438775062561035 
6.114083766937256 
5.895730495452881 
5.284689426422119 
3.8370330333709717 
6.23662805557251 
6.110488414764404 
5.9790215492248535 
6.27594518661499 
6.199436664581299 
6.911678314208984 
6.189653396606445 
5.324041843414307 
5.908759593963623 
6.365062236785889 
5.735245227813721 
6.208565711975098 
5.417043685913086 
5.888585090637207 
5.624419212341309 
7.692295551300049 
7.38532829284668 
6.943653583526611 
5.957418918609619 
5.898752689361572 
6.042391777038574 
6.365695476531982 
5.366919040679932 
4.936408519744873 
6.188389778137207 
8.496320724487305 
5.001794815063477 
5.8239359855651855 
5.5868048667907715 
6.31268310546875 
6.486073970794678 
5.4107279777526855 
4.754924774169922 
6.329949855804443 
6.393429756164551 
6.174795627593994 
7.032512187957764 
6.0852155685424805 
5.500523090362549 
6.5790581703186035 
6.090651035308838 
5.813076496124268 
6.557420253753662 
6.515674114227295 
5.848474502563477 
6.467816352844238 
6.248194694519043 
8.171855926513672 
6.250352382659912 
7.082449913024902 
5.461034297943115 
8.414462089538574 
7.869075298309326 
5.5754570960998535 
6.267419815063477 
9.347332000732422 
6.271025657653809 
6.558741569519043 
6.264530181884766 
5.901061534881592 
7.2435832023620605 
6.481358051300049 
8.002278327941895 
6.127988338470459 
5.550036430358887 
6.958549499511719 
7.518910884857178 
6.897934436798096 
6.297426223754883 
4.92600154876709 
6.940085411071777 
4.969555854797363 
6.790236473083496 
6.15455961227417 
10.057106971740723 
5.995068550109863 
5.7733073234558105 
6.389727592468262 
7.345545291900635 
5.340977668762207 
6.232994079589844 
6.009375095367432 
6.214272499084473 
5.977598190307617 
5.790874004364014 
6.2596845626831055 
6.107057571411133 
7.074486255645752 
6.627731800079346 
6.258475303649902 
5.6774773597717285 
5.550665378570557 
7.278208255767822 
5.176523685455322 
6.69367790222168 
5.80964469909668 
5.317476749420166 
6.365705490112305 
5.5781025886535645 
6.482236385345459 
6.898645877838135 
5.727553844451904 
5.4107208251953125 
7.010451793670654 
6.2267889976501465 
6.011094093322754 
5.406797409057617 
6.061525821685791 
5.208187580108643 
5.339099884033203 
6.477382183074951 
6.699615001678467 
6.596887111663818 
7.313921928405762 
6.843856334686279 
8.073421478271484 
5.781978607177734 
5.7203688621521 
5.632991790771484 
4.979217052459717 
5.916309833526611 
8.709807395935059 
6.212011337280273 
6.207037448883057 
4.445202827453613 
6.2521748542785645 
6.576404094696045 
6.032060146331787 
6.826488971710205 
6.014725685119629 
8.177001953125 
5.728799343109131 
6.6021575927734375 
6.061473369598389 
5.518125057220459 
5.806940078735352 
6.257273197174072 
5.889560699462891 
6.1322340965271 
6.176862716674805 
4.858035564422607 
6.187584400177002 
5.242635726928711 
7.873621940612793 
5.605618476867676 
5.647070407867432 
5.702352523803711 
5.204826831817627 
6.2057061195373535 
6.235916614532471 
6.65591287612915 
6.05148983001709 
6.170107364654541 
5.971264839172363 
5.117584705352783 
5.710456848144531 
6.342306613922119 
5.795196056365967 
6.15107536315918 
5.867365837097168 
7.410688400268555 
5.887577056884766 
7.221835136413574 
5.922492027282715 
6.648836612701416 
9.722419738769531 
6.823859214782715 
4.613952159881592 
6.988744258880615 
6.210548400878906 
5.49531888961792 
5.965328216552734 
5.04889440536499 
6.1818766593933105 
5.572722434997559 
5.511591911315918 
6.26869535446167 
6.094801902770996 
6.4174981117248535 
6.029738903045654 
6.263044357299805 
6.059818267822266 
7.4940266609191895 
6.392645835876465 
7.340544700622559 
5.569663047790527 
6.1698198318481445 
6.335198402404785 
6.205473899841309 
5.791304111480713 
5.370828628540039 
10.334365844726562 
4.962371826171875 
5.944277763366699 
6.2187089920043945 
7.302428722381592 
5.77618932723999 
6.662017345428467 
5.483261585235596 
6.281662464141846 
6.659797668457031 
5.4355950355529785 
5.9146623611450195 
5.8660173416137695 
5.477945327758789 
6.3037590980529785 
7.831860542297363 
7.085242748260498 
6.469260215759277 
6.11021614074707 
6.185854434967041 
6.091806888580322 
6.537055015563965 
7.032425880432129 
5.488702297210693 
5.994836330413818 
6.735136032104492 
5.6263251304626465 
6.454686164855957 
6.330364227294922 
7.851715087890625 
5.148250102996826 
6.626303672790527 
7.334339618682861 
5.7598090171813965 
6.704052925109863 
6.018563270568848 
7.99427604675293 
6.64793062210083 
5.976900100708008 
6.325567722320557 
5.833625316619873 
5.689443111419678 
5.855752944946289 
5.093723773956299 
5.496959686279297 
7.2136030197143555 
6.247668743133545 
5.492496013641357 
6.502992630004883 
4.432157516479492 
6.061233997344971 
5.7967529296875 
5.707241535186768 
6.80757474899292 
5.509951114654541 
6.206924915313721 
6.249490737915039 
6.8658952713012695 
4.758602142333984 
6.054293155670166 
6.167764186859131 
5.137879371643066 
6.085816383361816 
6.299006938934326 
6.921238422393799 
5.17139196395874 
7.673444747924805 
6.377796649932861 
5.216951370239258 
5.437905788421631 
7.578550338745117 
5.769028186798096 
6.15012788772583 
6.797549724578857 
5.791152477264404 
7.499198913574219 
8.589812278747559 
5.807887554168701 
6.629267692565918 
8.562603950500488 
6.868074893951416 
5.791967868804932 
5.951346397399902 
6.198338985443115 
5.727216720581055 
8.086584091186523 
5.930426597595215 
6.371875286102295 
6.624490261077881 
7.800623893737793 
5.982048511505127 
5.560446262359619 
5.153418064117432 
9.253398895263672 
5.932433128356934 
6.857689380645752 
6.662601470947266 
5.809229373931885 
5.617486000061035 
6.068790912628174 
5.584585189819336 
5.914552211761475 
5.961888313293457 
5.9961419105529785 
6.762463569641113 
7.516583442687988 
5.955061435699463 
7.602034091949463 
6.495423316955566 
6.278347492218018 
7.170559406280518 
5.8190016746521 
7.226739406585693 
5.578168869018555 
6.046670913696289 
6.131740093231201 
5.402756214141846 
7.428300857543945 
5.9034929275512695 
6.1763691902160645 
7.659420967102051 
6.382316589355469 
6.272799015045166 
4.975780010223389 
5.764595031738281 
5.340810298919678 
5.91355037689209 
6.563453197479248 
5.842665195465088 
7.054896354675293 
5.455759525299072 
6.265071392059326 
6.30759859085083 
5.624602317810059 
5.269999980926514 
6.287439346313477 
6.797638893127441 
8.30019760131836 
6.82015323638916 
5.569004535675049 
5.819746971130371 
5.834500789642334 
5.923877716064453 
6.905022621154785 
5.452444076538086 
6.756033897399902 
6.437717437744141 
6.0876545906066895 
5.6884541511535645 
5.0287322998046875 
6.064839839935303 
5.858330726623535 
7.208841323852539 
6.448441982269287 
5.66010046005249 
5.940677642822266 
5.626863479614258 
7.264123916625977 
4.685413360595703 
6.094651222229004 
5.79077672958374 
6.254514694213867 
6.155046463012695 
5.612093448638916 
5.613970756530762 
6.528031826019287 
5.914105415344238 
5.872580051422119 
5.960023880004883 
5.371510982513428 
6.001504421234131 
5.753718852996826 
5.566181659698486 
6.117445945739746 
6.839978218078613 
6.361690521240234 
5.821967601776123 
6.067366600036621 
6.329110622406006 
5.8825907707214355 
6.484114646911621 
6.086249828338623 
7.600849628448486 
6.662384986877441 
5.918398380279541 
5.059115886688232 
6.586873531341553 
8.453649520874023 
5.525886535644531 
6.334614276885986 
7.734925746917725 
4.974313259124756 
5.769387245178223 
7.430741786956787 
5.586133003234863 
6.375129699707031 
5.136104583740234 
6.136833667755127 
4.814745903015137 
6.063379764556885 
7.3815083503723145 
6.608036518096924 
6.551288604736328 
7.75652551651001 
5.242488384246826 
6.68484354019165 
5.647950172424316 
5.147695064544678 
6.091579914093018 
5.716114044189453 
5.382338047027588 
7.078088283538818 
6.622996807098389 
6.206442356109619 
6.066896915435791 
6.3406782150268555 
6.423675060272217 
7.051131248474121 
5.652823448181152 
5.959444522857666 
5.153255939483643 
5.418104648590088 
7.768938064575195 
5.486371040344238 
5.671854496002197 
6.432512283325195 
6.374800682067871 
6.15947151184082 
6.4434614181518555 
6.089199066162109 
6.228886127471924 
5.923745632171631 
5.484144687652588 
5.911503314971924 
6.892318248748779 
6.8501362800598145 
5.889142990112305 
6.413730144500732 
5.954830169677734 
9.724929809570312 
5.270663738250732 
5.94620418548584 
6.456030368804932 
5.202286243438721 
5.882795810699463 
6.173619270324707 
7.166374683380127 
6.434172630310059 
5.479963779449463 
5.440718173980713 
6.539953708648682 
6.746018409729004 
6.1622514724731445 
6.831765174865723 
6.10206413269043 
6.94514799118042 
6.794463157653809 
5.784661293029785 
6.335996150970459 
6.619082450866699 
5.834006309509277 
6.487533092498779 
5.7623515129089355 
6.1117072105407715 
5.301034450531006 
5.773379802703857 
6.5560302734375 
6.217809200286865 
6.294849395751953 
4.9925127029418945 
6.313294410705566 
6.7108540534973145 
6.537449836730957 
5.823244571685791 
6.064623832702637 
7.786039352416992 
5.932833194732666 
5.935911655426025 
5.697259426116943 
7.356370449066162 
6.32982063293457 
5.7036452293396 
6.198530197143555 
7.891014099121094 
7.201745986938477 
5.940182685852051 
6.108366012573242 
6.542284965515137 
5.417506217956543 
7.918126583099365 
5.807036876678467 
5.631256103515625 
6.232153415679932 
5.189947128295898 
5.846426486968994 
6.755317211151123 
7.696752071380615 
5.498861312866211 
6.91350793838501 
5.833743572235107 
6.086671352386475 
6.0322957038879395 
5.727159023284912 
5.981820106506348 
6.524008750915527 
6.727578163146973 
6.311069965362549 
8.981498718261719 
6.842081069946289 
6.7627105712890625 
5.883955955505371 
6.4092230796813965 
5.793718338012695 
6.611336708068848 
6.802705764770508 
5.804934978485107 
5.600756645202637 
5.674448490142822 
6.405378818511963 
6.264682292938232 
5.953953742980957 
4.962761878967285 
6.462215900421143 
6.613509654998779 
5.253999710083008 
6.9914045333862305 
5.693301200866699 
5.299496650695801 
5.376407146453857 
6.105405807495117 
6.928735733032227 
4.511251449584961 
5.778963565826416 
7.004478931427002 
6.016088485717773 
6.163778305053711 
6.798769950866699 
5.027031421661377 
5.849184036254883 
8.398041725158691 
5.41231632232666 
6.126920700073242 
5.99785852432251 
5.657569885253906 
6.38716983795166 
7.6489386558532715 
8.295238494873047 
8.058856964111328 
5.569130897521973 
5.6788506507873535 
5.064127445220947 
10.070623397827148 
6.57813835144043 
6.252864837646484 
6.476836204528809 
6.610254287719727 
7.535296440124512 
7.447065353393555 
6.106837272644043 
6.952520370483398 
6.031152725219727 
6.022546291351318 
6.028761386871338 
6.154411792755127 
7.092155456542969 
4.936861038208008 
5.971599102020264 
6.313186168670654 
7.078652381896973 
5.392036437988281 
5.472952365875244 
8.001174926757812 
6.432228088378906 
5.781972408294678 
5.8984270095825195 
6.752829074859619 
6.369317531585693 
5.895573616027832 
6.930420875549316 
6.3445820808410645 
5.879771709442139 
5.724941730499268 
8.291587829589844 
6.625724792480469 
6.099748611450195 
8.24171257019043 
5.7173027992248535 
5.792331218719482 
6.642098903656006 
6.51629638671875 
5.650394439697266 
6.706822872161865 
6.478832721710205 
5.956295967102051 
6.122024059295654 
7.262024879455566 
6.203679084777832 
5.24990177154541 
6.079422473907471 
5.706882953643799 
6.64168643951416 
6.132987976074219 
6.981578350067139 
5.333563327789307 
5.785264492034912 
6.250014305114746 
5.48358154296875 
5.639676570892334 
5.613528251647949 
4.969231128692627 
4.571144104003906 
7.002968788146973 
6.031022071838379 
6.205827713012695 
9.319580078125 
6.399543762207031 
6.680360317230225 
7.516753196716309 
6.143956661224365 
5.675211429595947 
5.067036151885986 
5.749922752380371 
6.032042503356934 
6.293072700500488 
5.5134196281433105 
5.788171768188477 
5.317713737487793 
7.567234992980957 
5.570681095123291 
7.068863868713379 
5.77705717086792 
6.897922515869141 
6.852765083312988 
6.438698768615723 
6.261889457702637 
5.455947399139404 
6.1284894943237305 
5.5320234298706055 
5.779798984527588 
5.117101192474365 
6.552023410797119 
4.834567070007324 
6.155574798583984 
5.755426406860352 
6.005565643310547 
6.522968769073486 
6.219508647918701 
4.662854194641113 
6.517477512359619 
6.284360408782959 
6.396484375 
5.93550968170166 
8.527700424194336 
5.845424175262451 
7.167533874511719 
6.1531782150268555 
6.635252952575684 
8.126336097717285 
6.483946323394775 
6.487085342407227 
6.403613090515137 
5.734399318695068 
6.396852016448975 
4.377401351928711 
6.401197910308838 
5.748910903930664 
7.07564640045166 
6.756302356719971 
5.680126190185547 
5.760002136230469 
5.143130302429199 
5.976365089416504 
6.173267364501953 
7.638082504272461 
7.081669807434082 
6.212268352508545 
5.510204792022705 
7.135993480682373 
6.351461887359619 
5.836475372314453 
6.9649977684021 
4.5302581787109375 
6.58442497253418 
5.9170098304748535 
5.552627086639404 
10.376399993896484 
5.824831008911133 
7.670229434967041 
5.924086093902588 
6.732746124267578 
6.788272857666016 
6.415945053100586 
4.948980808258057 
7.609144687652588 
5.666107177734375 
6.42020845413208 
6.431021213531494 
5.879387855529785 
5.91094970703125 
7.608315467834473 
6.46261739730835 
6.150482177734375 
6.5731682777404785 
8.619302749633789 
5.505441188812256 
4.830148220062256 
6.192296504974365 
7.268940448760986 
5.654708385467529 
5.828441143035889 
6.342442512512207 
6.939727783203125 
6.0012288093566895 
5.823972225189209 
6.5344462394714355 
5.100459575653076 
6.135454177856445 
6.252509593963623 
7.124139308929443 
5.887760162353516 
6.274886608123779 
6.569746017456055 
5.964241981506348 
6.443970680236816 
5.9956746101379395 
6.433679580688477 
5.910934925079346 
6.0164794921875 
6.629012584686279 
5.482247352600098 
7.983483791351318 
5.445929050445557 
6.643224716186523 
7.688046455383301 
5.140975475311279 
6.395975112915039 
6.7043328285217285 
6.672636032104492 
5.801377773284912 
4.462437152862549 
6.027705192565918 
5.4412713050842285 
5.90510892868042 
5.1312994956970215 
8.972945213317871 
6.700392246246338 
5.359148025512695 
6.740851402282715 
6.075891494750977 
7.644804000854492 
6.299161434173584 
6.358753204345703 
6.89518928527832 
6.381900787353516 
6.167795658111572 
6.686207294464111 
5.855991840362549 
5.851335048675537 
5.832620620727539 
5.778923034667969 
5.786339282989502 
6.172855377197266 
7.479054927825928 
5.76731538772583 
6.635287761688232 
5.664947986602783 
6.640347480773926 
7.565318584442139 
5.9206342697143555 
5.541917324066162 
7.487637042999268 
5.894138336181641 
5.928429126739502 
6.916728973388672 
7.869439601898193 
6.60481071472168 
6.316391468048096 
6.499828815460205 
8.306421279907227 
5.283725261688232 
5.846451282501221 
5.921104907989502 
5.499434471130371 
7.295081615447998 
6.4332194328308105 
6.46503210067749 
7.236497402191162 
4.726372718811035 
4.463472366333008 
6.742563247680664 
