4.9967498779296875 
5.124298572540283 
5.492212295532227 
5.123512268066406 
4.906015872955322 
5.207680702209473 
4.936923027038574 
4.817473888397217 
5.166788101196289 
5.486044883728027 
7.800063133239746 
4.953439235687256 
4.895647048950195 
4.783567428588867 
5.994499206542969 
4.869967460632324 
4.859671592712402 
5.054176330566406 
4.736217021942139 
5.07293701171875 
5.162763595581055 
5.024186134338379 
5.0760087966918945 
5.043545722961426 
4.89905309677124 
5.141933441162109 
5.1499505043029785 
5.124609470367432 
4.8426618576049805 
5.040374279022217 
4.748582363128662 
5.208300590515137 
5.99771785736084 
5.042963027954102 
6.143277645111084 
7.421206951141357 
5.5058698654174805 
4.977333068847656 
4.840449810028076 
4.7843170166015625 
5.003637313842773 
5.022409439086914 
6.332193374633789 
4.668416976928711 
4.920759201049805 
5.300596714019775 
5.231044292449951 
4.90374755859375 
4.706501007080078 
6.907578468322754 
5.66525936126709 
6.1935882568359375 
4.942117691040039 
4.77719783782959 
5.605440616607666 
5.82855224609375 
4.8732757568359375 
5.397525310516357 
4.934427261352539 
5.119272232055664 
4.907736301422119 
5.033905982971191 
5.04689884185791 
4.731765270233154 
4.89837646484375 
4.944372653961182 
5.298720359802246 
5.005748271942139 
5.5316925048828125 
4.9357123374938965 
4.934963703155518 
5.000422954559326 
5.345672607421875 
4.823275566101074 
4.9404520988464355 
7.069125175476074 
4.939823627471924 
4.8756256103515625 
5.106158256530762 
5.544865608215332 
4.77381706237793 
5.135003566741943 
4.735909461975098 
5.2889533042907715 
5.200201988220215 
4.982522010803223 
5.688627243041992 
4.938766002655029 
4.70791482925415 
5.078886985778809 
4.98051118850708 
5.094930648803711 
6.16216516494751 
4.882349491119385 
4.810154914855957 
5.619281768798828 
5.138309478759766 
6.189148902893066 
4.673994064331055 
5.240863800048828 
4.764573097229004 
4.915209770202637 
5.009069919586182 
5.318307876586914 
5.416767120361328 
5.605807304382324 
5.294346809387207 
4.856277942657471 
7.024087905883789 
4.9972028732299805 
4.953256607055664 
5.20941162109375 
4.679244041442871 
5.411635398864746 
4.858839988708496 
4.953584671020508 
4.3922119140625 
5.147322654724121 
4.795449256896973 
4.84090518951416 
4.9665021896362305 
5.812094688415527 
5.1055145263671875 
5.227481842041016 
5.873552322387695 
5.149632453918457 
4.975472450256348 
5.850384712219238 
5.331191062927246 
6.434296131134033 
5.12419319152832 
4.838531494140625 
5.217190265655518 
5.081700801849365 
5.084030628204346 
4.801611423492432 
6.242518424987793 
5.021243572235107 
5.530301094055176 
5.049020767211914 
5.519913673400879 
5.435247421264648 
5.7453179359436035 
5.550407409667969 
4.970589637756348 
4.952176570892334 
4.912513732910156 
5.192628383636475 
5.191536903381348 
4.8919878005981445 
4.915086269378662 
5.140598297119141 
4.849559783935547 
5.086270332336426 
5.153575897216797 
5.382266044616699 
4.835951805114746 
5.622470378875732 
4.854633808135986 
5.226108551025391 
5.535528182983398 
5.8296380043029785 
4.685657024383545 
6.961416244506836 
4.626628875732422 
4.467685699462891 
5.0259857177734375 
5.518631458282471 
5.174813747406006 
5.038559436798096 
4.841979503631592 
4.990961074829102 
4.677835464477539 
4.916147232055664 
5.217926979064941 
5.474214553833008 
4.879218101501465 
5.113032341003418 
4.658370018005371 
5.279156684875488 
5.3763628005981445 
5.823663711547852 
5.141028881072998 
4.891688823699951 
4.907677173614502 
5.027729034423828 
5.351107597351074 
5.0811238288879395 
4.896759510040283 
4.980721950531006 
4.780305862426758 
5.4064836502075195 
5.171675682067871 
5.405129432678223 
4.835522174835205 
5.638751983642578 
5.097207546234131 
4.940245628356934 
4.985902309417725 
6.919456481933594 
5.074454307556152 
4.953048229217529 
5.6250200271606445 
4.940997123718262 
4.715692520141602 
5.2487874031066895 
4.953798294067383 
5.13946533203125 
4.793766021728516 
6.3407979011535645 
4.890048503875732 
5.276141166687012 
6.322413444519043 
5.260636329650879 
7.531802177429199 
5.002520561218262 
4.966587066650391 
4.9613938331604 
4.8529438972473145 
4.860732078552246 
5.164081573486328 
4.944868087768555 
5.9831342697143555 
7.176556587219238 
5.0670166015625 
5.364421844482422 
4.746870994567871 
4.940121173858643 
4.789908409118652 
5.29791259765625 
4.927645206451416 
5.011534690856934 
5.095606803894043 
5.327357292175293 
5.402115345001221 
5.6208648681640625 
5.942429542541504 
4.990342140197754 
4.904335975646973 
7.91063117980957 
4.671924591064453 
4.601435661315918 
5.026700973510742 
5.388888359069824 
5.029725074768066 
7.619869232177734 
4.978326320648193 
4.664145469665527 
4.960717678070068 
4.909855365753174 
4.782259464263916 
4.919000625610352 
5.063793659210205 
5.058091640472412 
4.7453718185424805 
5.080740928649902 
4.87368106842041 
5.064322471618652 
5.510255813598633 
4.705898761749268 
4.72096586227417 
4.955430030822754 
4.992168426513672 
5.777647018432617 
4.849167823791504 
4.732900619506836 
5.558667182922363 
5.149297714233398 
5.031191825866699 
4.868339538574219 
5.104661464691162 
4.7735443115234375 
5.065083026885986 
4.969609260559082 
4.920117378234863 
4.818844318389893 
5.394012451171875 
5.090348243713379 
5.350862503051758 
4.785409927368164 
8.45850944519043 
4.9119086265563965 
4.826774597167969 
5.217644691467285 
4.842411994934082 
4.772727012634277 
4.766969203948975 
5.0253496170043945 
4.873483180999756 
5.15144157409668 
5.205301284790039 
7.473956108093262 
4.882425308227539 
5.030966758728027 
4.695289611816406 
6.957201957702637 
5.2072834968566895 
4.929068565368652 
6.983345985412598 
5.05236291885376 
4.8138041496276855 
4.958413124084473 
4.8931097984313965 
4.762136936187744 
5.0539164543151855 
4.882623195648193 
5.170790672302246 
5.385627746582031 
4.988193988800049 
4.961137294769287 
5.154854774475098 
6.337306022644043 
5.662705421447754 
7.9662675857543945 
5.666355133056641 
4.861500263214111 
5.589689254760742 
4.825466156005859 
4.787456035614014 
4.841609954833984 
7.380354881286621 
5.389327049255371 
7.700872421264648 
5.057128429412842 
4.744027614593506 
5.852598190307617 
4.506352424621582 
4.841981887817383 
4.922784805297852 
5.269996166229248 
4.528482437133789 
4.9873151779174805 
5.4290337562561035 
5.043529033660889 
5.604537010192871 
4.97646951675415 
4.834273338317871 
5.046700954437256 
5.150139331817627 
5.398096561431885 
4.915894985198975 
5.185652732849121 
4.927670478820801 
5.730886459350586 
4.8878984451293945 
4.67640495300293 
5.081417560577393 
8.343743324279785 
5.519583702087402 
5.4204325675964355 
4.893146991729736 
4.992979049682617 
4.9551262855529785 
5.541419982910156 
6.132390975952148 
6.050982475280762 
5.13885498046875 
4.8601975440979 
5.693443298339844 
4.618792533874512 
4.852497100830078 
5.042743682861328 
5.148044586181641 
5.345414161682129 
5.270041465759277 
5.0495805740356445 
5.217167854309082 
5.1669158935546875 
5.022090911865234 
6.327386856079102 
4.771319389343262 
4.716365814208984 
4.896003246307373 
5.192864418029785 
6.266773223876953 
4.906688213348389 
4.618903160095215 
5.19265604019165 
6.06925106048584 
4.787956714630127 
5.200338840484619 
5.928189277648926 
5.415626525878906 
5.308350563049316 
5.180585861206055 
4.868571758270264 
4.832088470458984 
5.435325622558594 
5.309855937957764 
4.734143257141113 
5.54192590713501 
4.809633255004883 
5.819673538208008 
5.278164863586426 
5.549237251281738 
5.388014316558838 
5.261529922485352 
4.702914237976074 
4.880309581756592 
5.5940351486206055 
4.823304176330566 
5.030035018920898 
5.734001636505127 
5.160554885864258 
4.8041157722473145 
5.273415565490723 
5.439522743225098 
4.910977363586426 
4.9299468994140625 
5.8747687339782715 
4.921138763427734 
5.035096645355225 
4.88932466506958 
5.269484519958496 
6.134393692016602 
4.979926586151123 
4.881915092468262 
4.860623836517334 
4.806926727294922 
4.782602310180664 
6.458500385284424 
4.9170732498168945 
5.123091697692871 
5.1598358154296875 
5.469104766845703 
5.390728950500488 
5.288596153259277 
5.432299613952637 
5.038928985595703 
4.9418044090271 
5.717097282409668 
5.080508708953857 
5.214173316955566 
4.7620439529418945 
4.78389310836792 
5.14323091506958 
5.158809185028076 
4.850317478179932 
5.382472515106201 
4.713105201721191 
4.742809772491455 
6.638855934143066 
5.349549770355225 
4.845693588256836 
5.680700778961182 
4.887791156768799 
5.328862190246582 
4.791962623596191 
5.417803764343262 
5.791962146759033 
5.13379430770874 
5.457212448120117 
4.888613700866699 
4.995842456817627 
5.171123504638672 
5.377368927001953 
4.87955904006958 
5.191398620605469 
6.486998081207275 
4.82235860824585 
5.185883522033691 
5.20181131362915 
4.822090148925781 
5.833161354064941 
4.8783464431762695 
5.385871887207031 
4.744790554046631 
5.148620128631592 
5.095722198486328 
5.110721588134766 
4.789707183837891 
5.449593544006348 
5.096308708190918 
5.098358154296875 
4.7841796875 
5.019728660583496 
4.632680416107178 
5.955324172973633 
4.88795280456543 
6.542130947113037 
5.630950927734375 
6.539975643157959 
5.4856367111206055 
5.023662567138672 
4.822643756866455 
5.772105693817139 
4.659769535064697 
5.318899154663086 
4.670270919799805 
5.077592849731445 
4.919484615325928 
5.0859055519104 
5.365157127380371 
5.012184143066406 
6.440679550170898 
5.009737968444824 
4.8443498611450195 
5.808839797973633 
4.817283630371094 
5.410104751586914 
4.965184688568115 
7.7279767990112305 
4.873647212982178 
4.797922611236572 
5.507537841796875 
5.02011775970459 
5.244720458984375 
5.139125823974609 
5.098731994628906 
4.878273010253906 
4.994143486022949 
5.193358898162842 
5.339982032775879 
4.941749095916748 
4.895341396331787 
5.0031232833862305 
4.867656707763672 
4.878617763519287 
5.040437698364258 
4.860223293304443 
6.701536178588867 
5.797403812408447 
4.9651198387146 
5.1559295654296875 
4.613058090209961 
5.053357124328613 
6.583989143371582 
5.114903926849365 
4.937129974365234 
5.060412883758545 
4.741230010986328 
4.9880571365356445 
4.7489519119262695 
5.4147210121154785 
4.8970866203308105 
5.697229385375977 
6.948653221130371 
4.807385444641113 
5.746520519256592 
6.75262451171875 
4.925597190856934 
5.094801902770996 
4.785121917724609 
5.056982040405273 
7.831484317779541 
5.123290061950684 
4.790585517883301 
7.0419464111328125 
4.823055267333984 
4.651926517486572 
4.920698642730713 
5.124370574951172 
5.188743591308594 
5.015303611755371 
4.839946269989014 
4.905386924743652 
4.930831432342529 
4.85527229309082 
6.801432132720947 
5.6339569091796875 
4.985996246337891 
4.843600273132324 
5.054374694824219 
4.856788635253906 
5.027612209320068 
5.005136966705322 
4.884372711181641 
5.551455020904541 
5.6428141593933105 
4.79421329498291 
5.103080749511719 
5.179421901702881 
7.101588249206543 
4.962150573730469 
4.937064170837402 
6.454808235168457 
7.010768890380859 
5.0066375732421875 
4.77316951751709 
5.591683387756348 
5.571944713592529 
4.9506731033325195 
5.023431777954102 
4.798431873321533 
7.275678634643555 
5.298330307006836 
5.379439830780029 
5.092020511627197 
5.130878448486328 
5.042062759399414 
5.348437309265137 
7.10360050201416 
4.8089704513549805 
5.043391704559326 
5.134158134460449 
5.213204383850098 
6.251219749450684 
5.171196460723877 
5.392238140106201 
4.7858734130859375 
4.925361156463623 
5.0537261962890625 
5.461826324462891 
4.947390556335449 
6.218378067016602 
4.761888027191162 
5.516173362731934 
7.52722692489624 
4.837921619415283 
5.513495922088623 
4.959033489227295 
5.122716426849365 
5.15985107421875 
5.912604808807373 
4.770926475524902 
4.899142265319824 
6.066957473754883 
4.944607734680176 
5.198822021484375 
4.834178447723389 
4.8426008224487305 
5.322848320007324 
4.974412441253662 
4.868683815002441 
5.119487762451172 
4.9686713218688965 
5.496527671813965 
5.085644245147705 
4.955231666564941 
5.198983192443848 
5.151700019836426 
4.948862075805664 
5.221920013427734 
4.988150596618652 
5.255519866943359 
4.684967041015625 
5.024049758911133 
5.049720764160156 
4.763583660125732 
6.009181022644043 
5.53301477432251 
6.1952409744262695 
5.598474502563477 
4.981715202331543 
5.651297569274902 
4.8135786056518555 
7.174185752868652 
4.797353744506836 
5.695456504821777 
5.016894340515137 
4.88156795501709 
5.010671615600586 
5.296480178833008 
5.190806865692139 
5.054007053375244 
4.9054765701293945 
5.014185905456543 
4.808341979980469 
5.157220840454102 
4.939835548400879 
5.081172943115234 
5.2694525718688965 
7.50108528137207 
5.234600067138672 
6.960294723510742 
4.837660312652588 
4.606876850128174 
4.738455772399902 
6.53688383102417 
5.352296352386475 
5.117665767669678 
5.0727386474609375 
5.144108772277832 
4.861418724060059 
5.234723091125488 
5.934307098388672 
5.275130748748779 
4.882197380065918 
5.080210208892822 
5.329649925231934 
5.331640243530273 
5.021162986755371 
5.05047082901001 
5.011578559875488 
5.133030891418457 
5.161184787750244 
5.109555244445801 
4.837711334228516 
5.7513837814331055 
6.2001824378967285 
4.890846252441406 
5.251869201660156 
5.040408611297607 
5.173478126525879 
4.8840508460998535 
5.417694091796875 
7.150354862213135 
4.845682621002197 
4.932250499725342 
5.177732944488525 
4.687308311462402 
4.818281650543213 
4.958463668823242 
4.897634029388428 
4.9605712890625 
5.485089302062988 
5.022343635559082 
4.974733352661133 
5.0463080406188965 
5.087533950805664 
4.78954553604126 
5.469381809234619 
4.892496109008789 
6.274763107299805 
4.981167316436768 
5.005482196807861 
5.834075927734375 
4.7317585945129395 
4.913288593292236 
5.064146995544434 
5.110245704650879 
6.820413589477539 
5.065886497497559 
4.9330668449401855 
4.98313045501709 
4.927838325500488 
4.802488327026367 
5.394114971160889 
6.128286361694336 
4.712571620941162 
5.720925807952881 
4.8361406326293945 
5.047658920288086 
5.488541126251221 
4.899065017700195 
5.144401550292969 
4.884178161621094 
5.015894412994385 
5.486013412475586 
4.8541259765625 
5.091636657714844 
5.7200727462768555 
4.698862552642822 
5.018744468688965 
5.459991455078125 
6.067835807800293 
5.2012434005737305 
4.789560317993164 
4.819681167602539 
4.988926410675049 
4.861720561981201 
6.199654579162598 
5.7308669090271 
4.962178707122803 
5.0442681312561035 
4.942774295806885 
4.9201531410217285 
5.019244194030762 
5.084250450134277 
4.916416645050049 
4.846648693084717 
4.94422721862793 
4.798338890075684 
5.285748481750488 
4.917036056518555 
5.366921424865723 
6.2937469482421875 
5.317162990570068 
5.054393291473389 
4.951772689819336 
4.801201820373535 
4.893078327178955 
7.444507598876953 
5.1469268798828125 
5.212584495544434 
5.038395404815674 
5.141843318939209 
5.418149471282959 
6.404125213623047 
5.548216819763184 
5.46835994720459 
6.042136192321777 
6.517845153808594 
4.816248416900635 
4.907442092895508 
5.0118408203125 
5.15871524810791 
6.798195838928223 
7.348358154296875 
5.394099235534668 
5.363585948944092 
5.265834808349609 
4.960062503814697 
6.404430389404297 
5.1311936378479 
4.913489818572998 
5.000938892364502 
4.953183650970459 
4.779989719390869 
5.857746601104736 
5.2181782722473145 
7.442625045776367 
4.831873416900635 
11.034379959106445 
5.256889820098877 
5.197741985321045 
5.011107444763184 
4.709671974182129 
4.9712443351745605 
4.798022747039795 
4.97628927230835 
5.221423625946045 
5.062642574310303 
4.954525470733643 
5.487021446228027 
5.0243120193481445 
5.0515642166137695 
5.702856063842773 
5.936562538146973 
5.151942253112793 
5.209022045135498 
4.817399501800537 
4.952701568603516 
5.780222415924072 
6.693288803100586 
4.93815803527832 
4.962660312652588 
5.387995719909668 
5.070152759552002 
5.066004753112793 
4.760351181030273 
5.006486415863037 
4.855259895324707 
4.830018043518066 
6.947778701782227 
4.983668804168701 
5.254958152770996 
7.096302032470703 
5.238960266113281 
5.430577278137207 
5.078038692474365 
4.938908576965332 
5.292838096618652 
4.700809478759766 
5.839530944824219 
5.023090839385986 
5.21091890335083 
4.825150966644287 
4.741532325744629 
6.6293745040893555 
5.490346908569336 
4.664310455322266 
5.638697624206543 
5.132122993469238 
4.943877220153809 
5.241246700286865 
4.684487819671631 
4.758673191070557 
4.787755966186523 
5.461970329284668 
4.698925495147705 
6.260749816894531 
4.875245094299316 
5.282629013061523 
5.166891574859619 
5.165285110473633 
5.273712158203125 
6.582369804382324 
7.954254150390625 
5.081505298614502 
4.878777503967285 
4.8340911865234375 
4.805343151092529 
4.9964919090271 
4.884437561035156 
5.462242126464844 
7.275637149810791 
5.313399314880371 
4.669070243835449 
5.017760753631592 
4.98766565322876 
4.8610334396362305 
4.69758939743042 
4.894131183624268 
4.8681416511535645 
5.681034088134766 
5.642436981201172 
9.601842880249023 
5.032324314117432 
4.933822154998779 
4.979150772094727 
4.903398513793945 
5.020123481750488 
4.99334716796875 
4.915643692016602 
5.006705284118652 
4.839225769042969 
4.932182788848877 
4.915966987609863 
4.71321964263916 
5.086075782775879 
6.631902694702148 
6.576139450073242 
5.096213340759277 
5.269809722900391 
4.661825180053711 
5.251644611358643 
5.280631065368652 
4.798964500427246 
8.13702392578125 
4.801393032073975 
4.728631496429443 
5.256319046020508 
5.163002014160156 
4.671059608459473 
4.893553733825684 
5.075530052185059 
4.881822109222412 
5.354903221130371 
5.34103536605835 
7.542847633361816 
6.576464653015137 
4.769046783447266 
4.952708721160889 
4.907337188720703 
4.810546875 
5.15998649597168 
5.564659118652344 
5.161493301391602 
6.0273284912109375 
4.914742469787598 
5.328953742980957 
4.890866756439209 
5.2161383628845215 
4.951476097106934 
5.330320358276367 
4.999002933502197 
5.244467735290527 
5.094043731689453 
4.771367073059082 
4.654430389404297 
5.402407646179199 
5.026516437530518 
4.972073554992676 
4.969491958618164 
4.8793864250183105 
5.167010307312012 
6.048755645751953 
5.363761901855469 
4.832447052001953 
5.134276390075684 
4.739321708679199 
7.585061073303223 
4.988611698150635 
4.974334239959717 
5.50489616394043 
5.189699172973633 
5.108188152313232 
5.300077438354492 
6.770318031311035 
5.049692153930664 
5.042405128479004 
5.176939964294434 
5.19331693649292 
4.903644561767578 
6.001140594482422 
4.8235602378845215 
5.169445991516113 
5.015192985534668 
5.104888916015625 
5.221948623657227 
4.783424377441406 
4.536452770233154 
4.8563385009765625 
5.060611724853516 
5.456999778747559 
4.817073822021484 
5.356453895568848 
6.804431915283203 
4.98285436630249 
5.125072002410889 
5.352162837982178 
4.93943977355957 
4.9642415046691895 
4.991627216339111 
5.045129299163818 
5.879635810852051 
6.230400085449219 
4.907744407653809 
4.964949607849121 
4.791995525360107 
4.9582695960998535 
5.361514568328857 
4.750463008880615 
4.76986026763916 
5.136700630187988 
4.836439609527588 
5.391869068145752 
5.432029724121094 
5.125761032104492 
4.932603359222412 
4.930518627166748 
4.888742446899414 
4.858347415924072 
5.232677459716797 
5.283594131469727 
4.911180019378662 
5.024230003356934 
4.710761070251465 
4.7945685386657715 
4.844620227813721 
4.842178821563721 
7.067291259765625 
5.240326881408691 
6.713077068328857 
4.893428325653076 
4.819121360778809 
5.270046234130859 
4.922401428222656 
4.82595157623291 
4.8252434730529785 
4.957525253295898 
5.124599933624268 
6.03444766998291 
4.870631217956543 
5.2692742347717285 
5.046719074249268 
4.860897064208984 
5.625391006469727 
5.121354103088379 
5.040735721588135 
5.103695869445801 
5.60582160949707 
5.423465251922607 
5.03931188583374 
4.907647132873535 
4.964756011962891 
4.788166522979736 
4.953160762786865 
6.215346336364746 
4.87721061706543 
4.973749160766602 
4.682065010070801 
6.357994079589844 
6.011257171630859 
5.034195899963379 
5.378242492675781 
4.624831676483154 
6.788538932800293 
5.77398681640625 
4.921219348907471 
5.038042068481445 
4.929967403411865 
5.391504287719727 
4.79902982711792 
4.87266206741333 
5.250905990600586 
5.218339920043945 
5.668567657470703 
5.907957077026367 
5.312747955322266 
5.228707313537598 
4.719101905822754 
5.169138431549072 
5.466537952423096 
4.739558219909668 
4.876189231872559 
5.095573425292969 
5.314398288726807 
4.828716278076172 
6.477598190307617 
5.698678016662598 
5.040472984313965 
4.730747222900391 
5.477426528930664 
4.748010158538818 
5.322928428649902 
4.983526229858398 
5.355491638183594 
6.024317741394043 
5.241206645965576 
4.910714149475098 
7.008001804351807 
5.496954441070557 
5.267431259155273 
4.947322845458984 
5.515115737915039 
5.205275535583496 
4.833904266357422 
4.74884033203125 
5.007516860961914 
5.108250617980957 
5.214425563812256 
4.873128890991211 
5.02376127243042 
5.036431312561035 
6.091722011566162 
5.069934844970703 
4.852719306945801 
5.116448402404785 
4.732244968414307 
4.68942928314209 
4.80916690826416 
5.151191711425781 
5.483759880065918 
4.844836711883545 
5.14121675491333 
5.148805618286133 
5.117175102233887 
4.749486446380615 
4.900223731994629 
5.337345123291016 
5.02122688293457 
4.811726093292236 
5.015665054321289 
6.080860137939453 
7.0490803718566895 
5.380341529846191 
5.876368522644043 
5.057243824005127 
5.773139476776123 
5.041057586669922 
5.656076431274414 
4.817678928375244 
5.471162796020508 
5.554891586303711 
5.939471244812012 
4.78183126449585 
6.836200714111328 
4.887333869934082 
5.578964710235596 
5.098112106323242 
5.5867919921875 
4.994914531707764 
4.761388301849365 
5.0748515129089355 
6.089118003845215 
4.737504005432129 
5.040111541748047 
5.358022689819336 
6.71329402923584 
4.842212677001953 
5.369517803192139 
4.888448715209961 
5.113466262817383 
4.87759256362915 
5.192109107971191 
4.897818088531494 
4.892063140869141 
7.244429111480713 
4.7382354736328125 
5.19569730758667 
4.823871612548828 
4.88331937789917 
4.696815490722656 
5.184279441833496 
5.910740375518799 
4.782923698425293 
5.244799613952637 
5.002285957336426 
5.2261962890625 
5.001485347747803 
4.586888313293457 
4.8477020263671875 
5.116265296936035 
5.2273454666137695 
4.768771648406982 
4.925326824188232 
4.704037666320801 
4.786554336547852 
4.864442825317383 
5.973083972930908 
4.9163312911987305 
5.282516956329346 
6.672120571136475 
5.12750244140625 
5.714913368225098 
5.346597671508789 
6.633683204650879 
5.061731815338135 
7.29425048828125 
4.747416973114014 
4.844280242919922 
4.982774257659912 
4.882787227630615 
5.841034889221191 
4.988232612609863 
7.147707939147949 
5.013094902038574 
4.748017311096191 
5.113107204437256 
5.165494441986084 
5.113625526428223 
5.004294395446777 
4.756065845489502 
4.813570976257324 
5.478710174560547 
5.790057182312012 
5.041444301605225 
4.817018508911133 
6.71868371963501 
5.045598030090332 
5.582947731018066 
4.548547744750977 
5.905099868774414 
5.188108444213867 
4.980557441711426 
5.174546241760254 
4.90034294128418 
5.19288444519043 
4.929354667663574 
5.316906929016113 
4.922518730163574 
4.862209320068359 
4.666190147399902 
4.936803817749023 
5.0464935302734375 
5.374823570251465 
5.096332550048828 
5.864103317260742 
5.546319484710693 
4.8179545402526855 
4.743217468261719 
5.014286041259766 
4.996068477630615 
5.15639591217041 
5.038025379180908 
4.9350409507751465 
5.2311811447143555 
7.2662858963012695 
4.8789520263671875 
5.135278701782227 
5.201121807098389 
4.67997932434082 
5.0022125244140625 
4.999472618103027 
6.012967109680176 
5.359583854675293 
5.74983024597168 
5.114327907562256 
6.975475311279297 
5.075797080993652 
5.506457328796387 
4.79745626449585 
4.9533915519714355 
5.265109062194824 
7.172022819519043 
4.751161098480225 
4.9000396728515625 
5.396866798400879 
4.796557426452637 
6.299206256866455 
4.849606513977051 
5.0705647468566895 
4.830657958984375 
5.031723976135254 
5.481086254119873 
5.655269622802734 
5.0969085693359375 
4.938886642456055 
4.972075939178467 
4.715230941772461 
4.987188816070557 
5.113884925842285 
5.375178813934326 
4.8909125328063965 
5.160432815551758 
6.341068267822266 
4.920367240905762 
5.137428283691406 
4.840131759643555 
5.259832382202148 
4.850117206573486 
4.6090545654296875 
5.011783599853516 
7.516681671142578 
4.8486833572387695 
6.776926517486572 
4.865328788757324 
5.046926021575928 
5.013370037078857 
5.223319053649902 
5.221893310546875 
4.9068284034729 
4.824861526489258 
4.700165748596191 
5.858242988586426 
6.523414611816406 
5.338119029998779 
4.954924583435059 
4.906638145446777 
5.251016616821289 
4.717033863067627 
4.964378356933594 
6.279821395874023 
4.8331427574157715 
4.988066673278809 
4.842813491821289 
5.9063262939453125 
5.1509480476379395 
4.988412857055664 
5.106766223907471 
5.1836934089660645 
5.364166259765625 
5.529619216918945 
5.267647743225098 
5.0421142578125 
5.323068618774414 
5.155125617980957 
5.192917823791504 
4.934587001800537 
4.988439559936523 
5.201520919799805 
4.676680564880371 
5.516966342926025 
4.86476469039917 
4.829315662384033 
5.033221244812012 
4.872715473175049 
4.9337663650512695 
4.91474723815918 
4.97192907333374 
5.095414161682129 
5.155168056488037 
4.813703536987305 
5.068350315093994 
4.818377494812012 
4.603652477264404 
4.748079776763916 
4.733000755310059 
4.6988525390625 
5.219765663146973 
4.881943702697754 
5.201260566711426 
4.815384387969971 
4.964532375335693 
6.310060024261475 
5.423747539520264 
5.012629508972168 
4.815084457397461 
5.335648536682129 
4.84634256362915 
5.10410213470459 
4.813098907470703 
5.053414344787598 
4.974549293518066 
5.001425266265869 
4.9144368171691895 
4.828132152557373 
4.9527482986450195 
5.067249298095703 
5.3556413650512695 
4.78753137588501 
5.4436516761779785 
7.917787551879883 
4.87694787979126 
4.803297519683838 
4.813632011413574 
5.02888298034668 
4.849160671234131 
5.29718017578125 
5.189487934112549 
4.923478603363037 
4.657876014709473 
4.753966808319092 
4.9906086921691895 
4.85360050201416 
5.469521522521973 
4.831016540527344 
5.280665874481201 
4.594267845153809 
5.463891983032227 
5.110648155212402 
5.842313289642334 
6.384908676147461 
4.998268127441406 
4.9638447761535645 
4.964480400085449 
4.976105690002441 
5.3490681648254395 
6.315406799316406 
5.076270580291748 
5.043824195861816 
4.825303554534912 
5.398516654968262 
5.430034637451172 
5.078447341918945 
5.235726833343506 
5.062343120574951 
4.763613700866699 
4.793159008026123 
4.831090450286865 
5.019697189331055 
5.96031379699707 
4.836785316467285 
5.286247730255127 
4.648958683013916 
5.018939018249512 
4.899233341217041 
5.188071250915527 
4.628940105438232 
4.8324294090271 
4.926178455352783 
4.816421985626221 
4.871137619018555 
6.4247636795043945 
5.085231781005859 
4.968413829803467 
6.823687553405762 
4.9051032066345215 
5.237604141235352 
5.056634902954102 
4.881629943847656 
5.258472442626953 
4.721639633178711 
6.242547988891602 
4.733551025390625 
6.7484636306762695 
5.2548828125 
5.877776145935059 
4.878639221191406 
4.854896545410156 
6.165172100067139 
5.040945053100586 
5.305710315704346 
4.742865085601807 
5.022275924682617 
4.763985633850098 
4.893890380859375 
6.677829265594482 
5.639376640319824 
5.054930686950684 
4.871492385864258 
5.2185444831848145 
5.043701171875 
5.701831817626953 
5.012499809265137 
4.903018951416016 
5.054326057434082 
6.55585241317749 
5.294703483581543 
5.0062971115112305 
5.29337215423584 
7.528907299041748 
4.7978363037109375 
5.065176010131836 
5.043421745300293 
4.981113433837891 
4.716889381408691 
5.073550701141357 
4.908768177032471 
4.747580528259277 
4.806000709533691 
4.749545574188232 
4.871427059173584 
4.850966453552246 
4.9091291427612305 
5.08729362487793 
4.8158860206604 
5.207030296325684 
5.32122278213501 
5.059387683868408 
5.167758941650391 
4.804121017456055 
5.266931533813477 
5.033055305480957 
6.030552864074707 
5.390785217285156 
4.896934986114502 
6.466108322143555 
5.244418144226074 
5.100793838500977 
4.913837432861328 
4.845003604888916 
5.068295478820801 
5.56672477722168 
4.903146266937256 
5.415721893310547 
4.88437032699585 
5.028560638427734 
5.291430473327637 
4.803102016448975 
4.822380065917969 
4.906898498535156 
5.6782941818237305 
5.194199562072754 
4.625293731689453 
4.887551307678223 
5.401821136474609 
4.954791069030762 
4.7718095779418945 
4.751697540283203 
6.946324348449707 
5.096562385559082 
5.412820816040039 
4.920422077178955 
5.063907146453857 
5.7840118408203125 
5.522365570068359 
4.6785478591918945 
5.281034469604492 
5.999798774719238 
5.76436710357666 
5.193295001983643 
5.007242202758789 
5.006516933441162 
6.384153366088867 
5.754937171936035 
4.902137279510498 
4.982217311859131 
5.438290596008301 
5.236509323120117 
4.893661022186279 
4.894376754760742 
4.886775970458984 
5.271765232086182 
4.756561756134033 
5.791285514831543 
6.5992231369018555 
5.092023849487305 
4.757987976074219 
4.862743377685547 
4.856348514556885 
4.733504772186279 
7.369585990905762 
4.944809913635254 
6.219943046569824 
6.408139228820801 
4.867526054382324 
4.681955814361572 
4.971138000488281 
4.885222434997559 
4.9540863037109375 
5.951748847961426 
5.213962554931641 
7.629805564880371 
5.212193489074707 
5.21795654296875 
4.990312576293945 
4.866060256958008 
4.944402694702148 
4.646625518798828 
5.637750625610352 
5.07536506652832 
5.1992998123168945 
5.423530101776123 
5.645770072937012 
5.263467311859131 
6.8734283447265625 
4.891190052032471 
4.837867736816406 
6.2253193855285645 
6.333647727966309 
5.043497085571289 
5.094748497009277 
4.902863502502441 
5.21481990814209 
5.035583972930908 
4.688906669616699 
6.485839366912842 
5.844356536865234 
5.042884349822998 
4.790541172027588 
4.949758052825928 
4.857564926147461 
5.30497932434082 
5.082624912261963 
4.977609634399414 
5.0664873123168945 
5.016716003417969 
5.025243282318115 
5.4786787033081055 
5.617773532867432 
5.585222244262695 
4.893932342529297 
5.484641075134277 
4.961728572845459 
4.828696250915527 
5.024153232574463 
5.392035484313965 
5.704764366149902 
4.956058502197266 
5.061469078063965 
5.281434535980225 
5.094427108764648 
6.690948486328125 
4.872542381286621 
5.9436726570129395 
5.032551288604736 
6.213639259338379 
7.161029815673828 
6.545455455780029 
5.040261745452881 
5.131955146789551 
5.401889801025391 
5.122365951538086 
4.832364559173584 
5.395988464355469 
5.185926914215088 
5.346745014190674 
5.576313495635986 
4.856982231140137 
5.158139228820801 
5.1048455238342285 
4.847418308258057 
5.632052421569824 
4.857456684112549 
4.830564975738525 
5.5001115798950195 
4.843981742858887 
4.833345413208008 
5.308107376098633 
5.2316999435424805 
4.6311750411987305 
4.942641735076904 
4.874629497528076 
5.015442371368408 
4.855723857879639 
4.9311723709106445 
5.234643936157227 
5.036706447601318 
4.992720603942871 
4.718453884124756 
5.689349174499512 
7.588848114013672 
5.239384651184082 
4.935996055603027 
4.928647994995117 
4.771841049194336 
6.248166084289551 
5.12976598739624 
4.969278335571289 
4.880403995513916 
5.018949031829834 
6.07562255859375 
5.027833938598633 
5.099564552307129 
4.809426784515381 
6.481550216674805 
5.223846435546875 
4.787092208862305 
4.939186096191406 
5.271195411682129 
5.063170909881592 
4.86839485168457 
4.782005310058594 
5.2711591720581055 
4.845909118652344 
4.713278770446777 
5.65357780456543 
4.917374610900879 
4.944325923919678 
5.525487899780273 
4.875590801239014 
4.998797416687012 
5.175044059753418 
5.434462547302246 
5.147666931152344 
5.14467716217041 
5.001490592956543 
6.956007957458496 
4.969346523284912 
5.552977561950684 
5.02963924407959 
6.482732772827148 
5.126283168792725 
4.959259510040283 
4.786713600158691 
4.961447238922119 
5.326709747314453 
5.3779449462890625 
4.755792617797852 
4.8082475662231445 
5.07255744934082 
5.1255903244018555 
6.114931583404541 
5.318047523498535 
4.806088447570801 
7.4146833419799805 
5.231782913208008 
5.1462554931640625 
5.0673980712890625 
6.542178153991699 
4.838003635406494 
4.9522199630737305 
5.154173851013184 
5.581335067749023 
4.855403900146484 
8.03104019165039 
5.003961563110352 
4.830659866333008 
4.979979515075684 
4.994400978088379 
4.48754358291626 
4.998690605163574 
5.125870704650879 
5.0582709312438965 
5.150547027587891 
4.921891212463379 
4.930292129516602 
4.750502109527588 
4.848777770996094 
4.854422569274902 
7.487007141113281 
4.873203277587891 
4.7015204429626465 
4.909130573272705 
4.914220809936523 
4.796695232391357 
5.480301856994629 
4.849883079528809 
5.004299163818359 
5.223756313323975 
5.144306182861328 
5.276824951171875 
4.847012519836426 
5.61865234375 
4.821828365325928 
5.191538333892822 
4.780708312988281 
5.003913879394531 
4.999153137207031 
5.230906009674072 
4.867953300476074 
4.933102607727051 
5.061217784881592 
5.000565528869629 
4.914608001708984 
5.762535095214844 
5.220312118530273 
4.961971282958984 
5.446930885314941 
4.916866779327393 
5.147190093994141 
5.072765350341797 
6.297455787658691 
4.959789276123047 
4.738149166107178 
5.827479362487793 
4.94688606262207 
4.854954719543457 
4.9278883934021 
5.693167686462402 
5.232812881469727 
5.1652984619140625 
5.296594142913818 
4.901576995849609 
4.954002380371094 
6.959813117980957 
4.992295742034912 
4.814089298248291 
4.728991508483887 
6.406994819641113 
4.667452335357666 
5.094010353088379 
5.32141637802124 
5.881752967834473 
4.90140438079834 
5.708065032958984 
4.755688190460205 
4.952417850494385 
5.076336860656738 
5.239400863647461 
5.021833896636963 
4.895994186401367 
4.92789363861084 
5.400596618652344 
4.8703107833862305 
5.175890922546387 
5.011620998382568 
4.9428558349609375 
5.051874160766602 
5.027725696563721 
5.134973049163818 
4.878954887390137 
4.8470916748046875 
5.073846817016602 
5.003058910369873 
5.0111083984375 
4.817591190338135 
5.041569232940674 
5.216053009033203 
5.55828857421875 
4.73801851272583 
4.981180191040039 
5.499032974243164 
5.4208173751831055 
4.942176342010498 
5.271807670593262 
4.83998966217041 
5.185418128967285 
4.922879695892334 
5.211797714233398 
5.715107440948486 
4.809774875640869 
4.40037727355957 
4.791411399841309 
5.158901214599609 
4.990062713623047 
4.84696626663208 
5.132104873657227 
5.010438919067383 
5.191252708435059 
5.002315998077393 
5.024697780609131 
4.774965763092041 
5.354794025421143 
4.770652770996094 
5.294338226318359 
5.004482746124268 
5.099681854248047 
4.975975036621094 
5.886999130249023 
5.048537731170654 
5.219328880310059 
4.727838039398193 
5.10888671875 
4.990180015563965 
5.1241068840026855 
5.051177978515625 
5.2574262619018555 
4.837832450866699 
6.569523811340332 
5.04481315612793 
5.035425186157227 
4.680310249328613 
4.989481449127197 
4.971141815185547 
5.309608459472656 
4.812519550323486 
5.769379615783691 
4.835067272186279 
5.047588348388672 
6.233860015869141 
5.441278457641602 
5.2664594650268555 
4.872804164886475 
4.933664321899414 
7.042147636413574 
5.121044635772705 
5.569988250732422 
4.980257987976074 
4.975347995758057 
4.9803571701049805 
5.131162166595459 
5.101256370544434 
4.8772125244140625 
6.289422035217285 
5.346579551696777 
4.992847442626953 
4.978337287902832 
4.817612648010254 
5.028379917144775 
5.109763145446777 
5.121156692504883 
6.4683146476745605 
4.964761257171631 
4.925534725189209 
4.916745185852051 
4.999373435974121 
4.929344177246094 
8.081232070922852 
4.7556681632995605 
4.668576240539551 
7.555498123168945 
4.9051971435546875 
6.30872917175293 
5.0109357833862305 
4.965328693389893 
5.820107460021973 
4.991386413574219 
8.585774421691895 
6.1282958984375 
4.93294620513916 
6.207337856292725 
4.894355773925781 
4.8783721923828125 
5.013910293579102 
6.375699996948242 
5.05679988861084 
5.264254570007324 
5.297829627990723 
5.0912604331970215 
4.909666538238525 
6.210862159729004 
4.89411735534668 
5.134920120239258 
5.069684028625488 
5.095730781555176 
5.469524383544922 
6.844287872314453 
5.092663288116455 
5.787330627441406 
4.756259918212891 
5.007236003875732 
5.189350605010986 
4.88124942779541 
4.75520133972168 
5.154881477355957 
5.368216514587402 
5.086808681488037 
4.852508068084717 
6.06941032409668 
4.9393134117126465 
4.817098140716553 
5.226042747497559 
5.665814399719238 
5.042299747467041 
5.049943447113037 
5.800365447998047 
4.781312465667725 
5.235071182250977 
5.762544631958008 
5.373884201049805 
4.956343650817871 
4.923587799072266 
4.665286540985107 
4.747096061706543 
4.761159896850586 
4.7262349128723145 
4.855641841888428 
4.759223937988281 
5.404841423034668 
6.72770881652832 
5.473166465759277 
5.311558723449707 
4.875977993011475 
4.6641058921813965 
5.729625701904297 
4.81495475769043 
7.816300392150879 
4.647353649139404 
5.163870811462402 
5.032341480255127 
5.219505310058594 
4.710299015045166 
4.851039886474609 
5.13514518737793 
4.967240810394287 
5.074765205383301 
5.244690418243408 
5.214555740356445 
4.976777076721191 
4.923773288726807 
5.983600616455078 
4.75314474105835 
5.151939868927002 
5.304635047912598 
5.111540794372559 
5.0538129806518555 
5.016541004180908 
4.823721408843994 
6.992137908935547 
4.950542449951172 
5.050013542175293 
5.026349067687988 
5.050959587097168 
6.094522953033447 
4.857386589050293 
4.835446357727051 
5.060300827026367 
4.875234603881836 
5.697640895843506 
5.234603404998779 
4.7895050048828125 
4.742931365966797 
5.201369285583496 
5.0836181640625 
4.985884666442871 
7.048829078674316 
5.3538618087768555 
4.988324165344238 
6.42936897277832 
5.370087146759033 
4.846450328826904 
5.406582355499268 
5.116740703582764 
5.045101165771484 
4.761907577514648 
7.591780185699463 
4.952792167663574 
5.3267107009887695 
5.052948951721191 
4.892759323120117 
4.659368515014648 
4.835939884185791 
5.596123695373535 
5.660113334655762 
4.845771312713623 
5.058291912078857 
5.794812202453613 
6.450148582458496 
5.391582489013672 
4.936958312988281 
4.725299835205078 
4.936281681060791 
6.718656539916992 
4.830301761627197 
4.754648208618164 
5.127890586853027 
4.9130377769470215 
5.038677215576172 
4.83760929107666 
5.171632766723633 
4.756879806518555 
6.473474502563477 
6.801235198974609 
5.43513298034668 
4.991394996643066 
4.826542854309082 
6.028031826019287 
5.195345878601074 
4.9476799964904785 
5.139065265655518 
4.694443702697754 
5.34968376159668 
5.002254962921143 
5.217708110809326 
5.4148101806640625 
5.191650390625 
5.762808799743652 
4.9795823097229 
5.036767959594727 
5.921425819396973 
4.895880222320557 
5.704898834228516 
4.879643440246582 
4.963282108306885 
6.311244964599609 
5.445273399353027 
5.030433177947998 
5.345329761505127 
5.118311882019043 
4.794419765472412 
5.368757247924805 
5.115682601928711 
6.897167205810547 
4.692531585693359 
4.781375885009766 
4.965206146240234 
5.950639724731445 
7.648784637451172 
4.649939060211182 
4.916400909423828 
4.895264148712158 
4.994263648986816 
7.619483947753906 
4.793676376342773 
4.596227645874023 
5.0271100997924805 
5.0154314041137695 
5.902933120727539 
5.248722076416016 
5.442159652709961 
5.1525774002075195 
4.864688873291016 
5.319662094116211 
4.957794189453125 
5.085147857666016 
4.757733345031738 
5.036776065826416 
4.97658109664917 
4.780416488647461 
5.448543548583984 
7.9817399978637695 
5.045811176300049 
5.892770767211914 
6.791375637054443 
4.854074954986572 
5.307400703430176 
4.794190406799316 
5.094833850860596 
5.373289108276367 
5.2184038162231445 
6.014481544494629 
4.773954391479492 
5.166588306427002 
4.9622602462768555 
5.231302261352539 
6.993351459503174 
6.392583847045898 
4.973384380340576 
5.485971450805664 
5.177366256713867 
5.326898574829102 
4.789686679840088 
5.200401306152344 
4.6151442527771 
5.159687042236328 
4.951705455780029 
7.33336067199707 
5.225766181945801 
5.5668559074401855 
4.979991912841797 
4.676975250244141 
5.2064666748046875 
5.944398880004883 
4.971865653991699 
4.718026638031006 
5.813769340515137 
4.849071502685547 
4.846039772033691 
4.776293754577637 
6.361116409301758 
4.706674575805664 
5.001914024353027 
5.213637351989746 
5.071374893188477 
6.178524017333984 
4.660066604614258 
4.846972942352295 
4.975215911865234 
5.144758701324463 
6.9130473136901855 
5.006277084350586 
5.0094099044799805 
4.834489822387695 
4.9541096687316895 
5.11799430847168 
6.831928730010986 
5.068319320678711 
5.167452812194824 
5.635137557983398 
5.3918962478637695 
5.458382606506348 
6.347569942474365 
5.12632942199707 
5.618076324462891 
4.890765190124512 
4.98603630065918 
5.544713020324707 
4.864055633544922 
4.874605655670166 
4.756722450256348 
5.015578269958496 
5.919246673583984 
5.01352596282959 
5.026912212371826 
6.388112545013428 
5.057847499847412 
5.08622407913208 
4.86276388168335 
5.3296308517456055 
6.832032203674316 
4.703041076660156 
5.695486545562744 
5.1147050857543945 
6.2812819480896 
5.228462219238281 
4.867427825927734 
4.907065391540527 
4.9052958488464355 
5.465126037597656 
4.930484771728516 
4.9519500732421875 
5.277409076690674 
5.042174816131592 
6.056116104125977 
6.778972148895264 
5.214021682739258 
5.067291736602783 
4.796411991119385 
5.070014953613281 
5.44321346282959 
5.294693470001221 
5.7266950607299805 
4.823826789855957 
4.884382247924805 
4.901716709136963 
4.849109649658203 
4.9307732582092285 
5.148940563201904 
4.840539455413818 
4.87561559677124 
5.040631294250488 
5.088661193847656 
6.314367771148682 
4.892806053161621 
5.180870532989502 
4.837027072906494 
6.13093376159668 
4.997135162353516 
4.9502763748168945 
4.876901149749756 
5.034013271331787 
4.772275924682617 
5.76679801940918 
11.400278091430664 
5.033066749572754 
7.2501444816589355 
5.11504602432251 
5.175045967102051 
4.928757667541504 
4.931523323059082 
4.693445682525635 
7.043149948120117 
5.295961380004883 
5.0381059646606445 
4.78751277923584 
4.625600814819336 
5.35858678817749 
5.497045993804932 
4.9554901123046875 
4.851491928100586 
5.410492897033691 
5.462688446044922 
4.9158244132995605 
4.898526668548584 
4.931310653686523 
4.700201988220215 
5.059946060180664 
7.614299774169922 
4.9175262451171875 
4.660242080688477 
4.887232780456543 
4.763824462890625 
4.954076766967773 
7.206799507141113 
6.044461250305176 
5.642423152923584 
4.656567573547363 
4.996701240539551 
5.2482194900512695 
6.057201385498047 
4.901742935180664 
5.250502586364746 
8.105147361755371 
4.976183891296387 
5.157637119293213 
5.097638130187988 
4.64115571975708 
4.852717876434326 
5.162604331970215 
4.962717056274414 
5.690641403198242 
4.978054046630859 
5.594169616699219 
4.970951557159424 
4.693600654602051 
4.860742568969727 
5.029852867126465 
5.30660343170166 
4.928241729736328 
5.6315717697143555 
4.863234996795654 
4.853239059448242 
4.731796741485596 
5.5218353271484375 
5.6744232177734375 
5.279850482940674 
4.94699239730835 
7.101661205291748 
5.228285789489746 
6.1634202003479 
6.51439094543457 
5.023665428161621 
4.961094856262207 
4.966063499450684 
4.929654121398926 
4.936647415161133 
4.722024917602539 
4.790195941925049 
6.2843241691589355 
6.835674285888672 
4.848024845123291 
4.850993633270264 
5.097278594970703 
4.958065986633301 
4.852294921875 
4.952818393707275 
5.079714775085449 
5.229244232177734 
4.887850284576416 
4.807942867279053 
4.674371719360352 
4.960350036621094 
5.238739967346191 
4.8537211418151855 
4.601011753082275 
4.872503280639648 
5.059125900268555 
4.881278991699219 
6.03794002532959 
5.782345294952393 
4.936740875244141 
5.547451019287109 
5.648819923400879 
4.743193626403809 
4.782989501953125 
5.036578178405762 
5.859467506408691 
6.7837371826171875 
5.015980243682861 
4.952525615692139 
5.095588207244873 
5.0665974617004395 
4.782548904418945 
4.897943019866943 
5.0382080078125 
4.969700336456299 
4.935798168182373 
6.069940090179443 
6.140065670013428 
4.9034833908081055 
4.813638210296631 
4.922076225280762 
5.215482711791992 
5.166502952575684 
5.131507873535156 
4.864880084991455 
4.846884727478027 
5.245482444763184 
7.468240737915039 
4.701710224151611 
4.853697776794434 
5.020678520202637 
4.94658088684082 
4.780539035797119 
4.792405605316162 
4.915768623352051 
5.028061866760254 
5.501697063446045 
5.9462995529174805 
4.915901184082031 
5.042133331298828 
5.183849334716797 
4.972894668579102 
4.951869964599609 
4.62288761138916 
4.874506950378418 
6.65463924407959 
5.019243240356445 
4.931519031524658 
5.0096540451049805 
4.995481967926025 
4.820379257202148 
5.2971272468566895 
5.232623100280762 
5.623398780822754 
6.170065879821777 
5.52714729309082 
4.838527679443359 
4.915613174438477 
5.680517196655273 
4.986863613128662 
6.760731220245361 
5.514935493469238 
4.928042411804199 
5.484950065612793 
4.94439697265625 
5.13776159286499 
4.965435981750488 
4.581151485443115 
4.8348493576049805 
5.024319648742676 
6.829862117767334 
4.855709552764893 
7.648845672607422 
5.478265285491943 
5.8849029541015625 
5.129055976867676 
4.921824932098389 
5.07408332824707 
4.987680435180664 
5.867917060852051 
5.894893169403076 
4.786383152008057 
5.858210563659668 
5.668122291564941 
5.030529499053955 
5.545148849487305 
6.368838310241699 
4.896085262298584 
5.029475212097168 
5.596940040588379 
4.776459693908691 
6.467251777648926 
5.3014373779296875 
6.126107215881348 
5.070498466491699 
5.069980621337891 
5.418137550354004 
4.858880996704102 
5.2026848793029785 
4.8277997970581055 
4.773032188415527 
4.998517990112305 
4.741491317749023 
4.963020324707031 
6.149875640869141 
5.867700576782227 
5.380308151245117 
4.919264316558838 
5.905879497528076 
5.536886215209961 
5.006416320800781 
8.358695983886719 
4.976313591003418 
5.1429548263549805 
6.818272590637207 
5.924764156341553 
4.928288459777832 
5.061087608337402 
5.214861869812012 
4.939743995666504 
4.827880859375 
4.68463134765625 
5.92917537689209 
4.712226390838623 
4.952423095703125 
5.414618015289307 
4.917715549468994 
5.35524845123291 
4.94417142868042 
7.068868637084961 
4.815756797790527 
5.0291547775268555 
5.702519416809082 
5.088230133056641 
4.795676231384277 
5.2299299240112305 
7.408902168273926 
5.011354446411133 
4.991397857666016 
4.987401962280273 
4.9584641456604 
4.932835578918457 
4.902072906494141 
4.7767839431762695 
5.018038749694824 
4.918268203735352 
4.896825790405273 
4.966634750366211 
4.8592529296875 
4.724889278411865 
5.6256842613220215 
5.027139186859131 
5.8167266845703125 
6.169756889343262 
5.038125991821289 
4.881739139556885 
4.555901527404785 
5.207533359527588 
4.8994460105896 
5.521391868591309 
6.766114234924316 
5.846855163574219 
5.5621185302734375 
5.056192398071289 
5.499707221984863 
5.107010364532471 
5.53598690032959 
4.944782733917236 
4.7876996994018555 
5.462958335876465 
4.988243103027344 
4.832207202911377 
6.888068199157715 
4.915005683898926 
4.692601203918457 
5.296806335449219 
4.795092582702637 
4.864118576049805 
5.07243013381958 
6.292344093322754 
5.0814409255981445 
5.551824569702148 
5.514421463012695 
5.26255989074707 
5.291903018951416 
7.580893516540527 
4.884631156921387 
5.067506790161133 
5.167717933654785 
5.549642562866211 
4.768887519836426 
5.066068172454834 
5.301849365234375 
4.92774772644043 
4.931506156921387 
4.81963586807251 
5.126498222351074 
4.6745147705078125 
5.020906448364258 
4.961501121520996 
8.255851745605469 
6.001697063446045 
5.2698540687561035 
4.963384628295898 
4.936718463897705 
4.990440845489502 
4.879105567932129 
5.188730239868164 
4.814086437225342 
4.906858921051025 
4.772368431091309 
4.960694313049316 
5.274960041046143 
5.014192581176758 
6.658459663391113 
4.660781383514404 
5.383747100830078 
4.8581132888793945 
7.123563289642334 
6.5335187911987305 
5.03656005859375 
5.604914665222168 
4.98175573348999 
4.809782981872559 
5.2095842361450195 
5.296830177307129 
5.088068962097168 
6.829747676849365 
6.399562835693359 
4.807884216308594 
4.974983215332031 
6.161588191986084 
4.975172519683838 
4.7394185066223145 
4.9427666664123535 
5.043654918670654 
5.046533584594727 
4.912022590637207 
5.454265594482422 
4.659128665924072 
4.70016622543335 
4.97056245803833 
5.606300354003906 
5.915818214416504 
5.828950881958008 
4.649054050445557 
4.68632698059082 
4.961929798126221 
4.787670135498047 
7.660501003265381 
4.917689800262451 
6.004977703094482 
5.368033409118652 
4.968161582946777 
4.625643730163574 
5.173946380615234 
5.037540435791016 
5.669831275939941 
6.284620761871338 
6.302552223205566 
4.727822303771973 
4.8736572265625 
4.8470306396484375 
4.96852970123291 
4.727443695068359 
5.24183464050293 
4.95473575592041 
6.0084686279296875 
6.089175224304199 
5.271469593048096 
5.301532745361328 
4.835772514343262 
4.908182621002197 
4.984129428863525 
5.096107006072998 
4.871853828430176 
5.026449680328369 
4.7634663581848145 
5.677718162536621 
4.77604341506958 
7.319797992706299 
4.715147018432617 
4.986106872558594 
5.264235496520996 
4.977974891662598 
5.163412094116211 
4.953766822814941 
4.794668197631836 
5.172898769378662 
4.943338394165039 
5.175936222076416 
6.41731595993042 
5.047410488128662 
4.975152969360352 
6.016970634460449 
4.832642555236816 
5.511427879333496 
4.864912509918213 
5.984195709228516 
6.423030376434326 
4.975841999053955 
4.8643364906311035 
5.265819549560547 
5.294839382171631 
5.014680862426758 
5.199956893920898 
5.251716136932373 
5.044014930725098 
4.81704044342041 
4.806152820587158 
5.226646423339844 
4.901450157165527 
4.987751483917236 
5.433745384216309 
5.835318565368652 
4.906800270080566 
5.363763809204102 
4.830892562866211 
5.120596885681152 
4.981045722961426 
6.451204299926758 
5.1621317863464355 
4.8984785079956055 
4.6378912925720215 
4.890657424926758 
5.2560014724731445 
5.190690040588379 
5.40276575088501 
4.874057292938232 
5.61928653717041 
5.0759711265563965 
4.761468887329102 
5.433597564697266 
5.185604572296143 
4.957121849060059 
6.824585437774658 
5.9810590744018555 
5.0717010498046875 
6.417572498321533 
4.796065330505371 
4.667920112609863 
5.0863237380981445 
5.211930274963379 
4.949923515319824 
4.912416458129883 
4.745355129241943 
4.779922962188721 
4.921961784362793 
5.3329949378967285 
5.3959550857543945 
5.122147560119629 
7.997234344482422 
6.630856513977051 
5.371468544006348 
4.918368816375732 
4.202658653259277 
4.81764554977417 
4.91238260269165 
4.930718421936035 
4.890848159790039 
4.826238632202148 
4.986740589141846 
4.8577775955200195 
4.843744277954102 
4.650439739227295 
5.16473388671875 
5.1521711349487305 
5.217645645141602 
4.78914737701416 
5.322184085845947 
5.31328821182251 
5.276486396789551 
5.649106979370117 
4.849879264831543 
5.318175315856934 
5.093240737915039 
5.200784683227539 
4.964005470275879 
4.917935848236084 
5.406914710998535 
5.059327602386475 
4.742359638214111 
4.860226631164551 
5.2059760093688965 
5.071941375732422 
4.9999895095825195 
5.355867385864258 
5.557920455932617 
4.855678558349609 
4.793927192687988 
5.37096643447876 
4.984507083892822 
4.749168395996094 
5.999752521514893 
5.088318824768066 
4.78226900100708 
5.0397257804870605 
4.743971347808838 
4.594507217407227 
5.1325602531433105 
4.6098456382751465 
4.887537956237793 
4.865383148193359 
7.489941596984863 
4.983101844787598 
5.786336898803711 
5.068939208984375 
4.773447036743164 
5.183078765869141 
4.90737771987915 
5.352040767669678 
4.856317520141602 
5.2746195793151855 
5.489655494689941 
4.7897233963012695 
5.246787071228027 
6.494734764099121 
5.137677192687988 
5.085236549377441 
4.816707611083984 
4.871726036071777 
5.537992477416992 
4.808117866516113 
4.984191417694092 
5.312030792236328 
5.2494049072265625 
5.224837779998779 
5.3863983154296875 
5.010158538818359 
5.814964294433594 
5.084104061126709 
4.85929536819458 
4.769698143005371 
5.273305892944336 
4.934840202331543 
5.282750129699707 
4.958539009094238 
6.007396697998047 
5.399005889892578 
5.020172119140625 
4.830143928527832 
4.755244731903076 
5.013205528259277 
4.662924289703369 
4.897514343261719 
4.8180766105651855 
5.017374038696289 
5.019604682922363 
4.846286296844482 
4.985227584838867 
4.671319007873535 
5.888972282409668 
4.96339750289917 
5.148767948150635 
5.148529529571533 
4.711263656616211 
4.904566287994385 
4.752242088317871 
5.0100789070129395 
5.483224868774414 
6.0507097244262695 
5.310766696929932 
5.652592182159424 
6.355502128601074 
5.702300071716309 
4.877828121185303 
5.09071159362793 
5.013111114501953 
5.065435886383057 
4.667038917541504 
4.803129196166992 
4.679913520812988 
4.845896244049072 
4.889658451080322 
5.168017387390137 
6.22838020324707 
4.914391994476318 
5.049700736999512 
6.6049346923828125 
4.983342170715332 
5.446974754333496 
6.080231666564941 
6.845733642578125 
4.74930477142334 
4.959843635559082 
4.969033241271973 
4.959782123565674 
6.648983001708984 
6.567559719085693 
5.453211784362793 
4.858914375305176 
4.968881607055664 
4.8559770584106445 
4.859075546264648 
5.416330337524414 
5.164346218109131 
5.346566200256348 
5.161245346069336 
6.858882427215576 
4.952168941497803 
4.968680381774902 
4.890871047973633 
4.861257076263428 
5.028703689575195 
5.234375476837158 
6.5963287353515625 
5.039330005645752 
4.82282018661499 
4.7258758544921875 
4.921549320220947 
5.163626194000244 
5.3059234619140625 
4.78600549697876 
5.519275665283203 
5.132537841796875 
4.796871185302734 
5.323686599731445 
5.149394512176514 
5.9892377853393555 
5.096384048461914 
5.099900722503662 
4.843526840209961 
4.806151866912842 
4.687098026275635 
4.833148956298828 
5.047118186950684 
6.227974891662598 
5.195256233215332 
5.406904220581055 
5.5608649253845215 
4.839191436767578 
5.202615737915039 
4.970953941345215 
5.352476119995117 
4.680088996887207 
5.344110488891602 
5.520141124725342 
6.61939001083374 
5.080673694610596 
4.709451198577881 
5.082829475402832 
5.502866744995117 
5.0645928382873535 
4.710413932800293 
5.655641555786133 
4.906973361968994 
5.0024237632751465 
5.664295196533203 
5.034853935241699 
6.576010227203369 
4.978556156158447 
5.05817174911499 
4.704775810241699 
4.771273612976074 
5.119220733642578 
5.018163681030273 
5.071376800537109 
4.886925220489502 
4.924895286560059 
4.694220542907715 
4.89661169052124 
5.108259201049805 
4.915347576141357 
6.297914981842041 
5.034573554992676 
5.1949052810668945 
6.533329963684082 
4.9922685623168945 
4.965312480926514 
5.317976951599121 
5.397289276123047 
4.6886396408081055 
5.123748779296875 
4.829268455505371 
4.81281852722168 
4.912013053894043 
4.790834903717041 
5.4589338302612305 
4.877511978149414 
4.784796237945557 
5.118390083312988 
5.316488265991211 
5.292825698852539 
4.9983344078063965 
5.4749298095703125 
4.939342498779297 
5.776328086853027 
4.8848557472229 
5.26406192779541 
4.863541603088379 
5.015294075012207 
7.909326553344727 
4.924010276794434 
5.183195114135742 
4.945703983306885 
5.0129714012146 
4.940135955810547 
5.776828765869141 
5.575506687164307 
4.738611221313477 
5.210346221923828 
4.660274505615234 
5.510881423950195 
5.068313121795654 
7.561087608337402 
4.874291896820068 
8.681050300598145 
4.887653350830078 
6.329076766967773 
4.664697647094727 
6.127780914306641 
5.534140586853027 
6.0955400466918945 
4.89810037612915 
4.852663040161133 
4.78402853012085 
6.009940147399902 
5.160865306854248 
4.704290390014648 
4.760366439819336 
7.721042633056641 
5.629289627075195 
4.883692741394043 
4.689292907714844 
5.215091705322266 
4.864902019500732 
5.071159839630127 
4.972430229187012 
5.16606330871582 
5.316484451293945 
5.2582221031188965 
5.70770263671875 
5.320542812347412 
4.734851360321045 
4.640210151672363 
4.773852825164795 
4.935611724853516 
5.176934242248535 
4.890799045562744 
5.662190914154053 
6.909099578857422 
5.076992034912109 
5.145438194274902 
5.506540298461914 
6.500212669372559 
5.0871992111206055 
6.1050825119018555 
5.601773262023926 
6.514092922210693 
5.328442573547363 
4.938560485839844 
5.0128912925720215 
5.070677280426025 
4.963437557220459 
6.114562034606934 
4.67166805267334 
9.376363754272461 
4.9050798416137695 
6.532880783081055 
4.832302570343018 
4.902612686157227 
5.140102863311768 
5.103567123413086 
5.886975288391113 
5.328949928283691 
4.935063362121582 
4.764336585998535 
5.7304887771606445 
5.447540283203125 
5.224681854248047 
5.872969627380371 
4.915165901184082 
4.6524248123168945 
4.941160202026367 
5.090989112854004 
5.758247375488281 
4.915586948394775 
4.802133083343506 
5.564641952514648 
4.784902095794678 
4.847921371459961 
4.834606170654297 
4.798807144165039 
5.1826019287109375 
4.855510711669922 
5.066770553588867 
5.063383102416992 
5.303709030151367 
4.967134475708008 
5.3171515464782715 
4.977665901184082 
5.255403518676758 
5.029781341552734 
4.820425987243652 
4.837576866149902 
5.060669898986816 
5.617067337036133 
5.1295485496521 
4.942935466766357 
6.075007915496826 
5.964108467102051 
4.634254455566406 
5.231919288635254 
4.882253646850586 
6.655198097229004 
4.925717353820801 
4.61141300201416 
5.580979347229004 
5.028924942016602 
4.969763278961182 
4.982325077056885 
5.6373138427734375 
5.2454447746276855 
7.438289642333984 
5.421130180358887 
4.961783409118652 
5.266115188598633 
4.801146984100342 
5.14235258102417 
5.0255231857299805 
4.758780479431152 
6.984800338745117 
5.35626220703125 
4.785024642944336 
4.962808609008789 
5.146556854248047 
5.1904401779174805 
6.051220417022705 
5.0628252029418945 
4.896620750427246 
5.091398239135742 
5.8143463134765625 
4.977321624755859 
5.123671531677246 
5.111567497253418 
5.099853992462158 
5.0127058029174805 
5.052708625793457 
4.912650108337402 
4.993192672729492 
5.4092631340026855 
4.741849899291992 
4.940975189208984 
5.039542198181152 
5.857272148132324 
4.822807312011719 
4.817940711975098 
4.753073215484619 
4.851147651672363 
5.0228095054626465 
4.792660236358643 
6.952671527862549 
5.153739929199219 
5.069453716278076 
4.707716941833496 
4.766564846038818 
5.078143119812012 
5.05436372756958 
4.703875541687012 
5.612016677856445 
4.992016792297363 
5.073459148406982 
5.298932075500488 
5.234039783477783 
4.899621963500977 
4.7827043533325195 
5.241664886474609 
5.157093048095703 
5.0762434005737305 
5.241358280181885 
4.798287391662598 
5.8083109855651855 
5.054592132568359 
4.9574408531188965 
4.975212097167969 
5.587486743927002 
5.873666286468506 
5.144448280334473 
5.0739521980285645 
6.9327311515808105 
4.742545127868652 
5.234893798828125 
5.651117324829102 
5.113680839538574 
5.63413143157959 
5.182194232940674 
5.004778861999512 
5.68454647064209 
4.918210506439209 
4.9755072593688965 
5.081021785736084 
5.346099853515625 
4.994529724121094 
5.188706398010254 
4.797702312469482 
5.008376121520996 
4.84080171585083 
5.006773471832275 
4.609255313873291 
4.901360988616943 
5.030289649963379 
4.847637176513672 
5.108484745025635 
7.062753677368164 
4.801252841949463 
4.978010654449463 
6.546200752258301 
5.073087215423584 
5.972022533416748 
4.800759315490723 
4.9955549240112305 
4.741480827331543 
6.40347146987915 
4.8495965003967285 
5.429958820343018 
6.127811431884766 
5.494063377380371 
4.771239280700684 
5.612915992736816 
5.157975196838379 
5.225507736206055 
6.518209457397461 
5.028264999389648 
4.969535827636719 
5.821918487548828 
5.2083282470703125 
4.942397594451904 
4.8313798904418945 
4.8368377685546875 
4.868710041046143 
5.7520270347595215 
5.624817848205566 
5.747464179992676 
4.962145805358887 
6.736661911010742 
5.044178009033203 
5.063961029052734 
5.273265838623047 
5.707716941833496 
5.237139701843262 
6.461544990539551 
4.9665398597717285 
5.312981605529785 
4.72010612487793 
5.025567531585693 
4.938703536987305 
4.521927356719971 
4.905553817749023 
5.4123687744140625 
4.838738441467285 
5.024168014526367 
4.995197296142578 
6.928867816925049 
4.7208251953125 
5.30070686340332 
4.73318338394165 
4.881394386291504 
5.288800239562988 
5.036054611206055 
5.01469087600708 
4.944277286529541 
5.101833343505859 
5.028070449829102 
7.1331467628479 
4.9496917724609375 
4.654426097869873 
5.360763072967529 
5.10995626449585 
4.62759256362915 
5.239037036895752 
5.120388031005859 
5.568990707397461 
4.972741603851318 
4.954627990722656 
5.236083984375 
4.878231525421143 
4.986997604370117 
4.997408390045166 
4.915280818939209 
5.363832950592041 
6.007984638214111 
5.453343391418457 
5.215961933135986 
4.779427528381348 
5.3211870193481445 
5.493722438812256 
5.217339515686035 
5.086875915527344 
4.746617317199707 
5.281778812408447 
5.283507347106934 
4.970340728759766 
4.822933673858643 
4.768669128417969 
4.879030227661133 
4.748132228851318 
5.021495819091797 
5.7402448654174805 
4.750897407531738 
4.703674793243408 
5.144466400146484 
4.8877668380737305 
5.138550758361816 
4.799574375152588 
5.39774227142334 
4.98980712890625 
5.184039115905762 
5.174289703369141 
5.436573505401611 
5.282759666442871 
5.0771307945251465 
5.041643142700195 
4.889941215515137 
7.566854476928711 
5.6757121086120605 
5.11282205581665 
4.974501132965088 
5.250659942626953 
5.212467193603516 
4.699469566345215 
5.265450477600098 
5.015796661376953 
5.307981014251709 
5.477791786193848 
5.046351432800293 
5.464767932891846 
4.804632663726807 
4.725298881530762 
4.556168079376221 
5.097907066345215 
5.5846757888793945 
5.02692174911499 
5.7777605056762695 
5.3470659255981445 
4.639749526977539 
4.748044967651367 
5.1512532234191895 
5.2871198654174805 
4.970508098602295 
4.831598281860352 
5.027612686157227 
4.667708396911621 
5.131397247314453 
6.182747840881348 
4.741868019104004 
5.171131134033203 
4.912515163421631 
6.497930526733398 
5.689825534820557 
4.856942653656006 
4.789506912231445 
4.729724884033203 
4.797111511230469 
4.900916576385498 
5.592021942138672 
5.290772914886475 
4.870307445526123 
4.699499607086182 
4.850515365600586 
6.605114936828613 
6.6376566886901855 
5.15098237991333 
4.979742050170898 
4.935260772705078 
4.955258846282959 
5.343324661254883 
4.767794609069824 
5.001025199890137 
5.530644416809082 
4.900696277618408 
4.906567573547363 
5.335886478424072 
4.998441696166992 
5.278277397155762 
4.956203460693359 
4.943232536315918 
4.897058963775635 
5.032447814941406 
5.413328647613525 
4.981817245483398 
4.753613471984863 
5.140995502471924 
5.091736793518066 
5.405284881591797 
4.734299659729004 
5.89694881439209 
4.644981384277344 
6.02678108215332 
5.016587257385254 
5.012700080871582 
4.895216464996338 
5.071174144744873 
4.83443546295166 
5.169126033782959 
5.635448932647705 
5.756722450256348 
5.099859237670898 
4.988860607147217 
5.603806495666504 
5.968588352203369 
6.938687324523926 
4.660222053527832 
4.786558151245117 
4.983322620391846 
4.969537734985352 
4.857240200042725 
6.794278144836426 
4.953399658203125 
5.533110618591309 
4.870384216308594 
4.72489595413208 
4.7642927169799805 
6.469089508056641 
4.934621810913086 
6.627440452575684 
5.332092761993408 
5.053303241729736 
5.690587997436523 
5.036014556884766 
4.90446138381958 
5.49772834777832 
5.44482421875 
4.838551998138428 
6.033605575561523 
5.095156669616699 
4.822807312011719 
5.395074844360352 
5.270258903503418 
5.807574272155762 
4.904149055480957 
5.6543803215026855 
5.411346435546875 
5.260541915893555 
4.809604167938232 
7.513360977172852 
5.049549102783203 
5.0583720207214355 
4.817901611328125 
5.453660011291504 
4.787994384765625 
6.713983535766602 
4.722860813140869 
4.738941192626953 
4.819111347198486 
4.922995567321777 
5.771176338195801 
5.217514514923096 
4.929136276245117 
4.750757694244385 
4.748007774353027 
5.257242202758789 
5.205785751342773 
5.36763334274292 
5.425636291503906 
4.999199390411377 
4.958129405975342 
4.9456586837768555 
5.003788948059082 
5.09337043762207 
5.27670431137085 
5.134916305541992 
6.592584609985352 
4.851604461669922 
5.22335958480835 
5.209911346435547 
5.0374274253845215 
5.0976738929748535 
4.92885684967041 
5.100635528564453 
4.868400573730469 
5.958229064941406 
5.2624592781066895 
4.935701370239258 
5.4223833084106445 
5.201552391052246 
5.3244452476501465 
7.211606025695801 
5.397083759307861 
4.8789753913879395 
5.579237937927246 
4.785952568054199 
5.22884464263916 
5.438777923583984 
4.740382671356201 
4.602284908294678 
5.764082431793213 
5.001354217529297 
5.2430419921875 
5.408166885375977 
4.611235618591309 
4.85919189453125 
5.309792518615723 
5.03506326675415 
4.866961479187012 
5.24514102935791 
5.4443511962890625 
6.170566558837891 
4.971110820770264 
6.089900970458984 
5.4098711013793945 
6.517976760864258 
5.285843849182129 
5.095890998840332 
4.8863444328308105 
5.535387992858887 
5.20781135559082 
5.024794578552246 
5.716817855834961 
5.447303295135498 
4.98267936706543 
4.858436584472656 
5.179741382598877 
4.888368606567383 
4.640671253204346 
6.174592018127441 
5.074489593505859 
5.11014986038208 
4.943481922149658 
5.02287483215332 
4.968260288238525 
7.621696472167969 
5.205535888671875 
4.7600836753845215 
5.0541839599609375 
5.93495512008667 
4.769495010375977 
5.092881679534912 
5.118340015411377 
5.235283851623535 
4.795492172241211 
4.903201103210449 
5.155048370361328 
4.9821624755859375 
5.126789093017578 
4.878928184509277 
6.792193412780762 
4.927125930786133 
9.816306114196777 
4.772531509399414 
5.215468883514404 
4.902415752410889 
5.460541725158691 
4.924847602844238 
4.937421798706055 
4.943779945373535 
4.800378322601318 
6.261564254760742 
5.106010437011719 
4.99161434173584 
4.856558799743652 
4.797139644622803 
4.940965175628662 
8.797608375549316 
5.259405136108398 
4.656112194061279 
6.711153984069824 
4.863511085510254 
4.949125289916992 
5.071325778961182 
5.022509574890137 
6.94979190826416 
4.999440670013428 
4.823065757751465 
4.680259704589844 
4.862333297729492 
5.124134063720703 
7.208166122436523 
7.341411590576172 
5.098496913909912 
5.091104507446289 
7.179556369781494 
5.101137638092041 
6.089820384979248 
5.098545074462891 
5.076791763305664 
5.011242866516113 
5.339726448059082 
4.802872657775879 
4.791450500488281 
5.429339408874512 
5.180740833282471 
5.254352569580078 
4.780034065246582 
4.956993103027344 
5.532828330993652 
5.348114013671875 
5.559974193572998 
5.129825592041016 
5.283154487609863 
5.262363433837891 
6.136373043060303 
5.209052085876465 
5.838691711425781 
4.978554725646973 
5.351644515991211 
7.529925346374512 
7.221470355987549 
4.7074408531188965 
5.207335948944092 
7.061710834503174 
4.7483038902282715 
5.258753299713135 
4.803128242492676 
5.125789642333984 
4.9104790687561035 
5.434628486633301 
5.1898698806762695 
5.8872175216674805 
5.05408239364624 
5.043856143951416 
4.886927604675293 
5.427807807922363 
5.0740814208984375 
4.87308406829834 
5.825484275817871 
5.993310928344727 
5.29979133605957 
4.8440470695495605 
4.7511491775512695 
5.145997524261475 
5.135082244873047 
5.418603897094727 
5.0403242111206055 
5.240379333496094 
5.081510543823242 
5.552957057952881 
4.888360977172852 
5.225313186645508 
5.307583808898926 
5.754213333129883 
5.22067403793335 
5.261497497558594 
4.800219535827637 
4.768665313720703 
4.951034069061279 
4.802516937255859 
4.945036888122559 
4.913663864135742 
5.008424758911133 
4.740230083465576 
4.818000793457031 
4.870659828186035 
4.876786708831787 
5.766043663024902 
4.818150520324707 
5.032650947570801 
4.747645854949951 
5.866926193237305 
5.561767578125 
4.6574554443359375 
4.711172580718994 
4.880456924438477 
4.737242698669434 
5.123538970947266 
4.883109092712402 
4.762236595153809 
4.989954948425293 
4.83807373046875 
7.0033650398254395 
5.270323753356934 
4.872915267944336 
5.251447677612305 
5.266541481018066 
5.186444282531738 
5.209434986114502 
5.396841526031494 
4.983252048492432 
4.803850173950195 
5.079428672790527 
4.780466079711914 
4.769443511962891 
4.774322509765625 
5.201685905456543 
5.072691440582275 
4.889891624450684 
4.998331546783447 
4.96445894241333 
5.055936813354492 
5.055635452270508 
4.991236686706543 
4.901386260986328 
4.809718132019043 
4.82100772857666 
5.3791961669921875 
5.0624895095825195 
4.925043106079102 
4.984320163726807 
6.212752819061279 
4.961706638336182 
5.130764007568359 
5.48992919921875 
4.824589252471924 
5.185786247253418 
4.878904819488525 
5.208317756652832 
5.709826469421387 
5.206430435180664 
4.8828125 
5.134525299072266 
4.739018440246582 
5.08349084854126 
4.802145481109619 
5.142337799072266 
4.958016872406006 
4.7811055183410645 
4.830535411834717 
4.782779693603516 
4.948875427246094 
4.947418689727783 
4.905746936798096 
5.813530445098877 
5.673073768615723 
4.779051780700684 
6.966273307800293 
6.4889020919799805 
4.8910088539123535 
5.129929542541504 
5.031721115112305 
5.514200210571289 
6.886531829833984 
5.680681228637695 
4.779446125030518 
5.084506988525391 
7.5539350509643555 
6.05070686340332 
4.927813529968262 
4.8583221435546875 
6.253840446472168 
5.119398593902588 
5.204437255859375 
5.148612976074219 
4.997452735900879 
4.985722541809082 
7.273180961608887 
5.035547256469727 
4.858259677886963 
4.951629161834717 
4.8508429527282715 
5.274198532104492 
4.8984904289245605 
4.870846748352051 
4.700534820556641 
4.907857894897461 
5.540882587432861 
4.869889259338379 
5.673162460327148 
5.001742362976074 
4.715539932250977 
4.950329303741455 
4.988292217254639 
5.898686408996582 
4.973329544067383 
4.967923164367676 
4.941401481628418 
4.891249179840088 
5.174911022186279 
6.333807945251465 
5.176145553588867 
5.257944107055664 
4.958115577697754 
5.41069221496582 
5.124892711639404 
5.230960369110107 
4.885026931762695 
6.735258102416992 
4.9424543380737305 
5.007823944091797 
4.725347995758057 
5.041719436645508 
4.694570541381836 
4.621617794036865 
4.888520240783691 
5.249048709869385 
4.803035259246826 
4.941463470458984 
4.884444713592529 
4.931763648986816 
5.04829216003418 
5.235011100769043 
5.389727592468262 
6.132116317749023 
4.813809394836426 
5.286916732788086 
4.961378574371338 
6.497722625732422 
4.840519428253174 
7.168191909790039 
5.9304962158203125 
5.060980796813965 
5.083488941192627 
5.291769027709961 
4.948884963989258 
4.930631637573242 
7.4630842208862305 
7.075987815856934 
5.162568092346191 
4.82110595703125 
4.881153583526611 
5.849291801452637 
5.47239875793457 
5.005169868469238 
4.793149471282959 
6.93162727355957 
4.874979019165039 
5.101711273193359 
7.622257709503174 
7.218301773071289 
5.1551313400268555 
4.976737022399902 
5.264956474304199 
4.970604419708252 
5.146570205688477 
4.833162307739258 
4.867898941040039 
4.972130298614502 
7.974793434143066 
6.309574127197266 
4.702197074890137 
4.9302239418029785 
5.342477798461914 
4.825977325439453 
4.894006252288818 
6.290750503540039 
4.964217662811279 
4.902660369873047 
5.828798770904541 
5.388531684875488 
5.058852672576904 
5.126176834106445 
5.955931186676025 
4.918755531311035 
6.768280982971191 
5.101646423339844 
5.033197402954102 
4.981559753417969 
5.5344085693359375 
5.171027660369873 
4.771472454071045 
5.421594619750977 
5.337058067321777 
5.1516852378845215 
6.104949951171875 
5.315928936004639 
4.954732894897461 
4.9366254806518555 
5.685823440551758 
6.8466949462890625 
5.252801895141602 
5.134726524353027 
5.034713268280029 
5.228948593139648 
5.547874450683594 
5.4361090660095215 
4.74794864654541 
5.467084884643555 
5.598280429840088 
4.81877326965332 
5.183650970458984 
5.60434627532959 
4.945416450500488 
4.853523254394531 
5.03862190246582 
5.2613606452941895 
4.905590057373047 
6.730076789855957 
4.50260066986084 
6.364223003387451 
4.924432277679443 
5.118156433105469 
5.41987419128418 
5.436735153198242 
5.379663467407227 
4.9299750328063965 
4.943800926208496 
5.535499095916748 
5.820770263671875 
5.634747505187988 
4.8800554275512695 
6.739301681518555 
5.0268874168396 
5.390261173248291 
4.622254371643066 
4.765488624572754 
5.073763847351074 
4.849007606506348 
4.9373602867126465 
5.000957489013672 
5.704380035400391 
5.517642021179199 
5.09587287902832 
4.838343620300293 
5.140604019165039 
4.612151622772217 
5.215423583984375 
6.111092567443848 
4.816050052642822 
4.935708045959473 
4.812138080596924 
4.950402736663818 
4.831881523132324 
6.323453903198242 
4.878387451171875 
4.873774528503418 
5.1716203689575195 
4.842676162719727 
5.061834335327148 
4.809289455413818 
4.9062113761901855 
4.873569011688232 
5.446685791015625 
5.97760009765625 
5.131808280944824 
4.643901824951172 
4.983034133911133 
4.781838417053223 
5.578624725341797 
4.899440288543701 
4.876084804534912 
4.794251441955566 
4.941786289215088 
5.080172538757324 
5.053670883178711 
6.8550496101379395 
5.970781326293945 
4.988686561584473 
4.716823577880859 
4.838313579559326 
4.764732360839844 
4.844197750091553 
6.419276714324951 
5.164440631866455 
5.308430194854736 
6.156517028808594 
4.781217575073242 
5.155220985412598 
6.613412857055664 
5.460949897766113 
4.849062919616699 
5.087258338928223 
4.689684867858887 
4.855202674865723 
5.066499710083008 
5.037606239318848 
5.053096771240234 
5.086360454559326 
4.850911617279053 
4.953762054443359 
5.460424423217773 
4.958734512329102 
6.2802886962890625 
5.433825969696045 
5.123610973358154 
4.9665398597717285 
4.811465263366699 
4.954368591308594 
5.683608055114746 
5.268249034881592 
5.090507507324219 
4.9319071769714355 
6.53786563873291 
5.082950592041016 
6.09792423248291 
4.724340438842773 
6.604892253875732 
4.674400329589844 
4.819265365600586 
5.156548976898193 
5.256624698638916 
4.900947570800781 
5.011669635772705 
4.9827141761779785 
4.878950595855713 
5.121213912963867 
5.439648628234863 
4.613373279571533 
4.582108497619629 
4.999487400054932 
5.487635612487793 
6.357827186584473 
5.257213592529297 
4.910027503967285 
5.020273208618164 
4.949471473693848 
5.2040252685546875 
5.2267351150512695 
4.83695125579834 
4.980189323425293 
5.384620666503906 
4.821879863739014 
5.0595622062683105 
4.976838111877441 
5.225510120391846 
4.869787216186523 
6.655889511108398 
5.031904220581055 
4.980257511138916 
5.198569297790527 
5.0795063972473145 
5.422209739685059 
7.535020351409912 
5.104765892028809 
5.276838302612305 
4.9712910652160645 
5.016149044036865 
5.792411804199219 
4.9757843017578125 
5.017971992492676 
4.705547332763672 
6.597179412841797 
5.07586145401001 
5.118027210235596 
4.948309421539307 
4.855477809906006 
6.522839546203613 
5.23017692565918 
4.760066986083984 
4.721560478210449 
5.059774398803711 
5.061610698699951 
5.803038597106934 
5.602075576782227 
4.961969375610352 
5.910336017608643 
5.39872407913208 
5.155021667480469 
6.271807670593262 
5.555350303649902 
7.876392364501953 
5.234683036804199 
5.400379657745361 
7.666813373565674 
4.59307861328125 
5.1258320808410645 
4.9071044921875 
4.953103065490723 
5.601244926452637 
6.421222686767578 
5.275640487670898 
4.8947319984436035 
4.814282417297363 
5.1978583335876465 
5.139106750488281 
4.918737411499023 
4.5472235679626465 
5.206541061401367 
5.436112403869629 
4.999979496002197 
5.027043342590332 
5.672360420227051 
4.701349258422852 
5.481634140014648 
5.031862258911133 
5.510688781738281 
4.852702617645264 
6.2373151779174805 
5.426444053649902 
5.122648239135742 
4.974581241607666 
4.80742073059082 
6.224396705627441 
6.990814208984375 
5.352518081665039 
4.785432815551758 
4.832731246948242 
5.173468589782715 
5.61559534072876 
5.174799919128418 
4.9999494552612305 
5.530803203582764 
4.971441745758057 
5.260869979858398 
7.726861953735352 
5.359502792358398 
4.842502593994141 
4.809741973876953 
4.861142158508301 
5.201853275299072 
4.829634189605713 
4.727047443389893 
5.056482315063477 
4.583280086517334 
5.393662929534912 
4.690737724304199 
4.627152919769287 
5.041756629943848 
5.085109233856201 
6.272965908050537 
4.899130344390869 
4.8523478507995605 
4.6434478759765625 
4.758851528167725 
4.995418548583984 
4.705351829528809 
5.223039627075195 
5.4369282722473145 
5.071518898010254 
5.710201263427734 
6.264522075653076 
5.113115310668945 
5.110583305358887 
5.023022651672363 
4.882807731628418 
5.010446548461914 
5.023491859436035 
5.957854270935059 
4.737284183502197 
6.397416114807129 
5.016960620880127 
5.93167781829834 
5.019283294677734 
6.020242691040039 
4.797369956970215 
5.419074058532715 
4.72024393081665 
4.868488788604736 
5.47188138961792 
5.385763168334961 
5.891716003417969 
4.886138439178467 
4.768558979034424 
6.028051376342773 
5.32252311706543 
4.791547775268555 
6.906189918518066 
5.124808311462402 
4.953879356384277 
4.953692436218262 
5.046795845031738 
4.9991865158081055 
4.969655990600586 
4.789371967315674 
4.889519691467285 
4.900382995605469 
5.189260482788086 
5.0782318115234375 
6.140133380889893 
4.9987030029296875 
5.0986175537109375 
4.777129173278809 
4.764885902404785 
4.9215192794799805 
5.178147792816162 
4.895205020904541 
5.4768853187561035 
5.1399359703063965 
5.635611057281494 
4.906723499298096 
4.87327241897583 
4.845271110534668 
6.047368049621582 
5.073293685913086 
4.962063312530518 
4.835699558258057 
4.76918888092041 
4.937216281890869 
4.919227600097656 
4.942757606506348 
4.990349769592285 
5.312769889831543 
5.514776229858398 
4.893233776092529 
5.137293815612793 
4.94146203994751 
5.080306053161621 
4.99166202545166 
5.272637844085693 
5.918933391571045 
5.000382900238037 
4.950550079345703 
4.908184051513672 
5.101652145385742 
4.907354354858398 
4.8296990394592285 
4.546948432922363 
4.965780735015869 
5.288145065307617 
5.157749176025391 
6.160895347595215 
4.8902740478515625 
5.328982353210449 
4.851240634918213 
4.864108562469482 
4.795613765716553 
4.9569854736328125 
4.752163410186768 
5.029955863952637 
4.667648792266846 
6.798397064208984 
4.721155166625977 
4.65920877456665 
4.843565464019775 
4.991774082183838 
4.665863037109375 
6.065450668334961 
4.802319526672363 
4.8971781730651855 
4.9202728271484375 
5.300126075744629 
4.991421699523926 
4.84299898147583 
6.289299011230469 
4.752870559692383 
4.825460910797119 
5.253626823425293 
4.654642105102539 
5.350125789642334 
5.062701225280762 
5.4581804275512695 
4.992172718048096 
4.8846635818481445 
4.824455261230469 
4.927037239074707 
5.098161697387695 
5.3459367752075195 
5.283613204956055 
4.958889484405518 
4.997926712036133 
4.712533950805664 
5.087062835693359 
4.838572025299072 
5.701571464538574 
6.289209842681885 
4.971549034118652 
4.869385719299316 
4.887442588806152 
6.564874649047852 
5.094482898712158 
5.071050643920898 
5.986065864562988 
5.223376274108887 
4.910173416137695 
4.766205310821533 
4.888860702514648 
4.723611831665039 
5.090099811553955 
5.533231735229492 
5.8799638748168945 
4.710869789123535 
5.271306991577148 
5.545440673828125 
6.22904109954834 
4.78605842590332 
5.112409591674805 
5.0145263671875 
5.517461776733398 
5.10450553894043 
4.663747787475586 
5.31802225112915 
4.604943752288818 
6.411263465881348 
4.7343220710754395 
5.531378269195557 
5.401762008666992 
5.118277549743652 
4.782341003417969 
5.439540863037109 
6.020805835723877 
4.818770408630371 
5.771141052246094 
5.901581764221191 
4.984746932983398 
5.126860618591309 
5.133854866027832 
5.071142196655273 
4.811832427978516 
4.805266857147217 
4.886699676513672 
7.172024726867676 
5.794435501098633 
5.587708950042725 
5.2986297607421875 
4.858244895935059 
5.792347431182861 
5.038907051086426 
6.053188323974609 
5.775169372558594 
4.908178329467773 
4.987788200378418 
4.956795692443848 
5.689530372619629 
5.958393096923828 
5.070921897888184 
5.543588161468506 
4.700342178344727 
4.959820747375488 
6.735036849975586 
5.136887550354004 
4.986032009124756 
5.320097923278809 
5.076315879821777 
4.932783126831055 
4.7676825523376465 
6.1964616775512695 
4.267953872680664 
5.296429634094238 
4.890224456787109 
6.4180121421813965 
5.0662760734558105 
5.006536483764648 
4.767793655395508 
5.499074459075928 
4.940125465393066 
4.664176940917969 
5.403116226196289 
4.847275733947754 
4.814087867736816 
5.72898006439209 
5.388638496398926 
5.769118309020996 
5.5980682373046875 
4.951278209686279 
5.251767635345459 
4.752655982971191 
5.217686653137207 
4.98924446105957 
6.016975402832031 
5.240986347198486 
6.709378242492676 
6.279901027679443 
4.889127254486084 
4.98324728012085 
5.479135513305664 
5.243297100067139 
5.181217193603516 
5.0103864669799805 
6.486789703369141 
4.663558006286621 
4.8621416091918945 
5.266744613647461 
4.970734596252441 
4.873903751373291 
4.910244941711426 
4.951781272888184 
5.030079364776611 
4.952369689941406 
8.020103454589844 
4.984114646911621 
5.415421485900879 
7.487565994262695 
4.65574836730957 
4.586158275604248 
4.9492316246032715 
5.9365434646606445 
4.811034202575684 
4.989790916442871 
4.850667953491211 
4.881310939788818 
6.209345817565918 
5.2824811935424805 
7.216948509216309 
5.735240459442139 
4.796869277954102 
4.9809889793396 
4.925127983093262 
5.4388203620910645 
5.060763359069824 
5.323980331420898 
5.6338958740234375 
5.263638496398926 
5.318537712097168 
5.150137424468994 
4.591450214385986 
4.752957344055176 
4.913027286529541 
5.519240379333496 
6.060826778411865 
4.9100165367126465 
4.785107135772705 
5.177748680114746 
6.053332805633545 
4.752326011657715 
6.600894451141357 
4.813587665557861 
4.926135540008545 
6.411220550537109 
7.472043037414551 
4.987362861633301 
5.3867573738098145 
5.3773603439331055 
5.137942314147949 
5.279867172241211 
4.717840194702148 
4.968869209289551 
5.095264434814453 
4.796774387359619 
4.708688735961914 
4.656837463378906 
5.080165863037109 
5.63851261138916 
5.063097953796387 
5.308116912841797 
5.0410566329956055 
4.725824356079102 
4.82576322555542 
5.199311256408691 
5.607850074768066 
5.173305511474609 
5.088913440704346 
5.314854145050049 
5.082221031188965 
4.857850074768066 
5.067224979400635 
4.975841522216797 
6.011567115783691 
4.909207820892334 
4.756701469421387 
4.864501953125 
4.8155317306518555 
5.073017120361328 
4.814530372619629 
4.82769775390625 
4.764566898345947 
4.960468292236328 
5.112844467163086 
5.499720573425293 
5.143381118774414 
5.492689609527588 
4.669478416442871 
4.847576141357422 
4.935348033905029 
5.297215461730957 
4.985858917236328 
5.126530647277832 
5.185098648071289 
6.227703094482422 
4.910958766937256 
4.951292991638184 
4.978785991668701 
5.519476413726807 
5.384768486022949 
6.554827690124512 
5.2384819984436035 
5.058959007263184 
4.967222213745117 
5.250284194946289 
5.167599678039551 
5.22676944732666 
4.778668403625488 
4.840660572052002 
4.977705955505371 
4.839308261871338 
4.640445709228516 
4.874512195587158 
4.843720436096191 
5.000444412231445 
4.912913799285889 
6.2975029945373535 
5.810660362243652 
4.664017677307129 
5.038886070251465 
5.351611137390137 
5.202724456787109 
5.43038272857666 
5.005002975463867 
6.32131290435791 
4.801312446594238 
4.835514545440674 
5.206949710845947 
5.965100288391113 
5.680763244628906 
5.105278015136719 
5.628205299377441 
5.321124076843262 
4.9214324951171875 
4.869130611419678 
4.961549758911133 
4.896084785461426 
4.831060409545898 
4.899021625518799 
5.237148761749268 
5.275457382202148 
4.856411933898926 
4.6777472496032715 
4.877967357635498 
5.189343452453613 
5.174416542053223 
5.099440574645996 
4.897489547729492 
4.945920467376709 
5.094448566436768 
5.062936305999756 
6.539620399475098 
4.861231803894043 
5.148642539978027 
5.072174549102783 
5.413640975952148 
5.2364182472229 
5.297940731048584 
4.884852886199951 
4.922709941864014 
4.709151268005371 
4.8613128662109375 
5.903729438781738 
5.093385696411133 
5.197580337524414 
4.925052642822266 
5.423251152038574 
5.606842041015625 
5.197412490844727 
4.937054634094238 
8.089226722717285 
5.236692428588867 
6.086745262145996 
6.375361442565918 
5.824180603027344 
5.885340690612793 
4.892375946044922 
4.895872592926025 
5.957386016845703 
4.849428176879883 
7.004861354827881 
5.299973964691162 
7.173583984375 
8.643545150756836 
6.849993705749512 
4.794776916503906 
5.827889442443848 
5.207610130310059 
5.18324089050293 
6.760276794433594 
4.832518100738525 
5.44333553314209 
5.261745452880859 
4.964980125427246 
4.963963508605957 
7.427265167236328 
4.877819061279297 
4.877206802368164 
5.503222465515137 
5.092021942138672 
5.024598121643066 
4.855853080749512 
4.6851325035095215 
4.949325084686279 
5.38405704498291 
4.8206562995910645 
5.004924774169922 
4.927691459655762 
5.5321455001831055 
4.774143218994141 
5.110151290893555 
5.112667083740234 
4.956465244293213 
5.157285213470459 
4.946924209594727 
4.796233177185059 
4.998516082763672 
5.186305046081543 
5.004490852355957 
5.099013805389404 
4.891298770904541 
5.182683944702148 
5.054049015045166 
4.846235752105713 
7.448229789733887 
4.785069465637207 
5.276580810546875 
4.9604034423828125 
5.6609015464782715 
5.0591630935668945 
6.772280693054199 
5.55439567565918 
6.533176422119141 
4.919574737548828 
5.845073223114014 
5.229142665863037 
5.153120994567871 
5.555851459503174 
5.663184642791748 
5.24400520324707 
5.07463264465332 
4.991548538208008 
6.16654109954834 
5.03887939453125 
5.174259185791016 
4.924291610717773 
5.130692481994629 
5.479669570922852 
4.7799553871154785 
5.545718193054199 
5.270206451416016 
5.550771713256836 
6.006308078765869 
4.948071479797363 
6.289033889770508 
4.691583156585693 
5.167973518371582 
5.150632381439209 
5.231683731079102 
5.184749603271484 
5.424449920654297 
5.098930358886719 
4.703926086425781 
5.493255615234375 
5.2338995933532715 
6.053328514099121 
5.6341753005981445 
5.933792591094971 
4.66669225692749 
4.9628214836120605 
4.769709587097168 
4.8954691886901855 
4.897797584533691 
5.227322578430176 
5.297821044921875 
4.700289726257324 
4.715056419372559 
4.587474346160889 
5.134169578552246 
5.171260833740234 
4.816277503967285 
4.845362186431885 
5.010220050811768 
6.281906604766846 
5.124710559844971 
5.141706943511963 
5.26709508895874 
4.962156295776367 
5.274920463562012 
6.022175312042236 
5.053011894226074 
5.212543487548828 
5.159131050109863 
5.050135135650635 
4.667396068572998 
7.468443870544434 
6.339603424072266 
4.8141770362854 
5.334171295166016 
4.9062018394470215 
5.246712684631348 
5.694572448730469 
5.053511619567871 
5.133641242980957 
4.921692848205566 
5.589751720428467 
5.688187599182129 
4.9214959144592285 
5.049832344055176 
5.7615766525268555 
5.009670257568359 
6.017744064331055 
5.063842296600342 
4.945856094360352 
4.735335826873779 
4.858608245849609 
4.877892971038818 
5.0611443519592285 
4.870424747467041 
4.919910430908203 
5.096434593200684 
4.923332691192627 
6.373623371124268 
4.760203838348389 
6.172018527984619 
6.137761116027832 
5.383303642272949 
4.823966979980469 
4.853403091430664 
6.027066230773926 
4.663383960723877 
5.322874069213867 
4.942645072937012 
5.075913429260254 
5.418562889099121 
4.909870147705078 
5.148525238037109 
5.082962989807129 
5.131471633911133 
4.895941734313965 
5.470946311950684 
5.116060256958008 
5.351268291473389 
5.027753829956055 
4.75689172744751 
5.126635551452637 
5.0910797119140625 
4.927429676055908 
4.9616289138793945 
5.080453395843506 
4.700204849243164 
4.871756553649902 
5.048521995544434 
