5.618847370147705 
7.389302730560303 
7.174415111541748 
4.944164276123047 
5.461287975311279 
5.633030414581299 
6.716879367828369 
5.472113132476807 
7.0085039138793945 
7.785465240478516 
6.397100925445557 
5.234154224395752 
6.064821243286133 
5.706182956695557 
7.72988224029541 
5.662213325500488 
7.679401874542236 
7.741205215454102 
5.376312732696533 
5.940463542938232 
6.088340759277344 
7.088560104370117 
8.017598152160645 
5.6138787269592285 
7.445198059082031 
5.516767501831055 
4.903212547302246 
8.917027473449707 
5.663867473602295 
4.843459606170654 
6.3261566162109375 
8.463759422302246 
6.223904609680176 
5.976221561431885 
7.475072383880615 
6.4263787269592285 
5.868695259094238 
5.494483470916748 
6.768099308013916 
5.5474395751953125 
6.604335308074951 
5.67575740814209 
7.251951217651367 
5.035463333129883 
6.103988170623779 
6.306102752685547 
5.926283359527588 
5.611033916473389 
6.119731903076172 
6.300415515899658 
7.703777313232422 
6.094818115234375 
5.335205554962158 
6.975630283355713 
10.293936729431152 
7.075788974761963 
5.40435266494751 
5.210235118865967 
5.169508934020996 
5.9204020500183105 
4.7032976150512695 
5.260939121246338 
6.710463523864746 
6.402287006378174 
5.207601070404053 
7.781449317932129 
5.763731956481934 
6.332729816436768 
5.671822547912598 
7.131389617919922 
5.79949951171875 
7.911174774169922 
8.607202529907227 
5.120255947113037 
6.497241973876953 
5.954843044281006 
7.350322246551514 
5.911937236785889 
6.327523708343506 
10.174301147460938 
5.600077152252197 
7.678464412689209 
5.550248146057129 
6.445329666137695 
4.591014385223389 
6.665918350219727 
6.287553787231445 
5.424110412597656 
7.36379861831665 
9.760453224182129 
6.007724285125732 
4.77002477645874 
5.501882553100586 
6.250807285308838 
6.346782684326172 
5.253987789154053 
4.588886260986328 
6.446304798126221 
5.041860103607178 
6.924051761627197 
5.88375186920166 
5.632914066314697 
6.312495231628418 
5.9152913093566895 
5.462586879730225 
8.916958808898926 
8.54466438293457 
5.0912017822265625 
5.268765926361084 
7.6865763664245605 
5.350837707519531 
6.910075664520264 
6.192112922668457 
6.625227928161621 
7.619982719421387 
6.6616129875183105 
5.210782527923584 
5.970058441162109 
7.38653039932251 
6.314507961273193 
5.649049282073975 
4.970231533050537 
7.527360916137695 
5.817262172698975 
7.587580680847168 
5.073703289031982 
5.633273124694824 
7.272761344909668 
6.103182792663574 
6.098132133483887 
5.599206924438477 
5.270984172821045 
6.732870578765869 
6.283535003662109 
5.254565238952637 
6.025273323059082 
5.402683734893799 
8.010183334350586 
7.1951518058776855 
5.661177635192871 
5.976114749908447 
4.645564556121826 
5.456895351409912 
5.610010623931885 
7.463930130004883 
5.757012367248535 
5.316945552825928 
6.709496974945068 
6.132718563079834 
5.091270923614502 
7.132397174835205 
5.272075653076172 
4.647936820983887 
7.164671897888184 
6.614902496337891 
5.222558975219727 
6.4166460037231445 
5.1529622077941895 
5.554802894592285 
4.787929058074951 
6.144096374511719 
5.888155937194824 
7.243600845336914 
5.150571346282959 
5.819377422332764 
7.171924114227295 
6.484253406524658 
7.337834358215332 
5.455911159515381 
9.173349380493164 
6.707361221313477 
6.9620137214660645 
6.13413143157959 
6.982224464416504 
6.153799533843994 
5.808813095092773 
6.341094493865967 
7.120143890380859 
7.737316608428955 
6.652825355529785 
5.1907148361206055 
5.640328407287598 
6.254434585571289 
6.2755656242370605 
5.3814568519592285 
5.820478439331055 
5.968820095062256 
5.83704948425293 
5.2833099365234375 
5.750322341918945 
8.1243314743042 
4.521905422210693 
5.875011444091797 
7.834195137023926 
6.742666244506836 
5.6247172355651855 
6.9291815757751465 
7.378815174102783 
7.7493391036987305 
7.153783321380615 
6.327444553375244 
7.639462947845459 
4.740417957305908 
7.202095031738281 
6.866886615753174 
5.679742813110352 
4.791740417480469 
7.507388591766357 
5.3509745597839355 
6.648399829864502 
6.066567420959473 
5.28990364074707 
8.096121788024902 
7.134243965148926 
6.357998847961426 
6.599424362182617 
5.561146259307861 
7.865488052368164 
4.449183940887451 
6.477856636047363 
6.18999719619751 
5.622895240783691 
6.406236171722412 
5.968642711639404 
5.541781902313232 
4.564549922943115 
5.7620849609375 
5.046032428741455 
5.7404398918151855 
7.4198808670043945 
5.53273868560791 
4.712206840515137 
6.446377754211426 
7.565531253814697 
6.7145915031433105 
7.705467224121094 
6.6056365966796875 
7.249011039733887 
6.628882884979248 
6.049340724945068 
6.44050407409668 
6.611968040466309 
8.783916473388672 
5.950479984283447 
5.917062282562256 
5.5824294090271 
5.544577598571777 
5.313473701477051 
6.219054222106934 
6.091164588928223 
6.214656829833984 
7.679781436920166 
5.873820781707764 
6.554295539855957 
6.44195556640625 
7.0367255210876465 
7.015801429748535 
7.753447532653809 
6.739851474761963 
5.3834547996521 
6.343148231506348 
6.994501113891602 
8.617008209228516 
6.8381667137146 
5.1480584144592285 
4.8555378913879395 
5.95750093460083 
5.9556097984313965 
6.193308353424072 
6.160140037536621 
7.282614707946777 
6.340645790100098 
6.352111339569092 
6.48330020904541 
9.740403175354004 
4.837352752685547 
6.179152011871338 
8.488720893859863 
5.360311031341553 
6.315192222595215 
5.782375335693359 
5.215771198272705 
6.080367088317871 
6.903154373168945 
5.540996551513672 
6.497031211853027 
5.5043535232543945 
5.883817195892334 
4.522244930267334 
7.589412212371826 
5.627256870269775 
9.42274284362793 
6.862912654876709 
6.327700614929199 
5.11433219909668 
8.760430335998535 
5.489848613739014 
8.063611030578613 
5.922590732574463 
7.032064914703369 
5.0746917724609375 
5.321689128875732 
6.964919090270996 
4.677162170410156 
5.145118236541748 
7.188314437866211 
5.231668949127197 
6.21605110168457 
7.344459056854248 
6.907511234283447 
5.291354656219482 
6.049729824066162 
6.252135276794434 
6.076104640960693 
6.7871551513671875 
6.726190567016602 
5.74262809753418 
5.76241397857666 
7.408524990081787 
5.784824371337891 
8.784550666809082 
4.790756702423096 
6.932552814483643 
6.059159755706787 
4.532106876373291 
7.312649250030518 
5.90714168548584 
5.487801551818848 
6.897503852844238 
5.258687496185303 
6.308666229248047 
6.319268226623535 
6.944250106811523 
5.907925128936768 
5.624913215637207 
6.973418712615967 
7.041879653930664 
7.354366302490234 
6.108463764190674 
9.292433738708496 
5.506487846374512 
5.115644454956055 
6.382404327392578 
5.324673175811768 
6.6004462242126465 
6.080049991607666 
6.480850696563721 
5.802106857299805 
4.998126029968262 
7.188613414764404 
5.876127243041992 
8.728492736816406 
6.623682498931885 
6.649021148681641 
6.6083221435546875 
5.880911827087402 
6.231455326080322 
5.890563488006592 
5.846861362457275 
5.827276229858398 
4.276739597320557 
6.222142219543457 
6.020407676696777 
6.5567851066589355 
6.533633232116699 
5.896404266357422 
6.076391696929932 
6.7930908203125 
7.39647912979126 
4.800258159637451 
7.212998390197754 
5.032222747802734 
6.0709099769592285 
6.4442338943481445 
6.9897847175598145 
7.660191535949707 
5.938921928405762 
5.939741134643555 
6.192997455596924 
5.7429351806640625 
7.422497272491455 
5.6678876876831055 
4.619481563568115 
6.5915632247924805 
6.019071102142334 
6.363667964935303 
5.6472907066345215 
8.914569854736328 
7.0091166496276855 
5.710855484008789 
5.689840793609619 
6.659531116485596 
5.833613395690918 
6.393068790435791 
5.089013576507568 
6.02902364730835 
5.765285015106201 
8.513681411743164 
6.576511859893799 
4.94990348815918 
5.555581092834473 
6.67036247253418 
4.905003547668457 
5.196898460388184 
6.406862258911133 
7.648807048797607 
7.9636735916137695 
5.35853385925293 
6.233511447906494 
6.098913669586182 
7.452993869781494 
6.416940212249756 
6.347510814666748 
6.690185070037842 
6.169634819030762 
6.0766730308532715 
6.84188985824585 
5.645272731781006 
6.93238639831543 
7.63429069519043 
8.128132820129395 
4.795411109924316 
5.549345016479492 
6.458224296569824 
6.030551433563232 
6.237499713897705 
7.151299953460693 
4.936079502105713 
7.822236061096191 
7.1236186027526855 
7.636286735534668 
4.951881408691406 
5.28605318069458 
6.848254680633545 
5.675825119018555 
5.591837406158447 
5.482975959777832 
5.695957183837891 
6.176342487335205 
7.47916316986084 
8.132721900939941 
7.725189208984375 
7.031841278076172 
7.995123863220215 
7.066310882568359 
6.223124980926514 
7.735456466674805 
7.507116317749023 
6.38656759262085 
6.9908671379089355 
5.182806491851807 
5.958731174468994 
6.467151641845703 
6.102895259857178 
5.47212553024292 
6.716358661651611 
6.947269916534424 
5.161265850067139 
6.5529375076293945 
4.739804744720459 
6.4773640632629395 
9.624067306518555 
6.082107067108154 
6.024086952209473 
7.17457914352417 
8.596673965454102 
7.148863792419434 
4.932621002197266 
5.273649215698242 
6.336567401885986 
5.4253997802734375 
7.09263801574707 
7.065689563751221 
5.973742485046387 
6.578865051269531 
6.660165309906006 
5.471127033233643 
4.322739124298096 
5.391088008880615 
5.7432074546813965 
5.836632251739502 
7.985717296600342 
5.666037559509277 
7.268347263336182 
5.294036865234375 
5.847649574279785 
5.791431427001953 
6.82916784286499 
7.467350006103516 
7.27049446105957 
8.268998146057129 
7.219507694244385 
6.549989700317383 
4.554269313812256 
6.850759983062744 
6.045231819152832 
9.33000373840332 
5.674827575683594 
6.9182844161987305 
4.938950538635254 
8.194798469543457 
6.485228061676025 
6.700700283050537 
5.718083381652832 
6.430508136749268 
7.776307106018066 
4.940679550170898 
5.882570266723633 
7.142887115478516 
4.6469526290893555 
4.82577657699585 
4.38766622543335 
5.955972671508789 
7.641592502593994 
6.711115837097168 
6.507055759429932 
5.672447681427002 
5.651679039001465 
5.695994853973389 
7.093188285827637 
5.902899742126465 
5.622547626495361 
7.638731956481934 
6.079202651977539 
6.710539817810059 
5.491192817687988 
6.149117469787598 
7.05354118347168 
6.2539238929748535 
6.651426315307617 
5.7062907218933105 
5.611051082611084 
8.52784252166748 
5.016915798187256 
6.245258331298828 
6.4595947265625 
5.784803867340088 
7.824278831481934 
5.778794288635254 
7.988346099853516 
5.537845611572266 
5.197625637054443 
6.07127571105957 
6.083519458770752 
5.97270393371582 
5.722823143005371 
8.181625366210938 
6.117447853088379 
6.041499614715576 
6.352550983428955 
5.80325984954834 
6.8126068115234375 
5.286131858825684 
6.3987956047058105 
8.710251808166504 
6.207269668579102 
6.283304214477539 
6.610297679901123 
5.294009208679199 
5.566181659698486 
4.281916618347168 
6.824228286743164 
5.045383453369141 
8.61635971069336 
7.554203033447266 
7.024093151092529 
8.873771667480469 
5.834649085998535 
5.9866156578063965 
6.056711196899414 
7.666322708129883 
5.204775333404541 
5.200493812561035 
7.173508167266846 
5.531282901763916 
5.635857582092285 
4.671676158905029 
6.550452709197998 
5.256915092468262 
8.201848983764648 
8.305094718933105 
6.769764423370361 
7.89805269241333 
6.113603115081787 
6.5902252197265625 
6.114571571350098 
5.379627704620361 
9.3988037109375 
6.074633598327637 
5.222072601318359 
7.556779384613037 
7.779997825622559 
5.78575325012207 
5.508000373840332 
6.058215141296387 
6.1009521484375 
6.02794885635376 
5.458546161651611 
6.222856044769287 
5.812307834625244 
6.747705936431885 
5.478212833404541 
6.975130558013916 
5.675455570220947 
6.202104568481445 
6.7603888511657715 
5.597130298614502 
6.142256736755371 
6.674477577209473 
5.568848133087158 
5.596224784851074 
5.6356587409973145 
6.588520526885986 
5.6877241134643555 
4.531636714935303 
6.081141471862793 
7.087705612182617 
5.626545429229736 
5.9229207038879395 
7.5552144050598145 
7.140883445739746 
8.318917274475098 
6.394096374511719 
5.106806755065918 
6.8496246337890625 
5.6056413650512695 
5.806514739990234 
5.520446300506592 
5.29797887802124 
6.289041042327881 
5.068499565124512 
7.929232597351074 
5.6008453369140625 
5.577970504760742 
6.059974193572998 
5.813257694244385 
6.995911121368408 
5.672244071960449 
5.43260383605957 
7.828567028045654 
6.682517051696777 
6.427144527435303 
5.914079666137695 
5.2979888916015625 
5.8222856521606445 
5.717172145843506 
7.5566558837890625 
6.631227016448975 
4.978303909301758 
5.987018585205078 
6.136380195617676 
6.407914161682129 
8.508923530578613 
8.49687671661377 
5.506147384643555 
7.429201126098633 
5.667774200439453 
7.1676554679870605 
5.552456378936768 
4.828187942504883 
6.518472671508789 
6.204464435577393 
7.984219074249268 
5.313669681549072 
5.774235248565674 
7.387174606323242 
7.50341796875 
7.644717216491699 
5.208538055419922 
5.348843097686768 
6.94520902633667 
5.197531223297119 
6.549540996551514 
7.049950122833252 
6.167727947235107 
6.798447132110596 
5.332524299621582 
8.191850662231445 
6.299269199371338 
7.080092430114746 
6.058492660522461 
4.710904598236084 
4.8522796630859375 
5.461593151092529 
4.860004901885986 
6.016387462615967 
6.6185994148254395 
6.135289669036865 
6.095944881439209 
6.917466640472412 
8.148207664489746 
6.254652976989746 
6.336028575897217 
6.56692361831665 
8.51641845703125 
6.451665878295898 
6.266969203948975 
6.048041820526123 
5.8119635581970215 
5.756606101989746 
5.983489513397217 
8.347861289978027 
8.181227684020996 
6.140900611877441 
5.798095703125 
7.206640720367432 
6.328637599945068 
6.552711009979248 
5.214264869689941 
6.3060712814331055 
6.5791544914245605 
6.337771892547607 
5.997618198394775 
9.817312240600586 
7.82686710357666 
5.748541355133057 
5.264896869659424 
6.366720199584961 
5.065744400024414 
5.367743015289307 
6.811155319213867 
5.444843292236328 
5.023657321929932 
8.132772445678711 
4.865162372589111 
6.7840423583984375 
5.430041313171387 
7.303111553192139 
5.092733383178711 
5.766826629638672 
5.6032938957214355 
8.084607124328613 
6.686609745025635 
7.167863845825195 
8.232810974121094 
8.03152847290039 
6.401671409606934 
5.933926582336426 
7.067895889282227 
5.085868835449219 
6.128380298614502 
6.068980693817139 
6.266310691833496 
5.870683670043945 
5.887040138244629 
7.650303840637207 
5.709730625152588 
5.585164546966553 
8.661592483520508 
7.3221869468688965 
6.634978771209717 
6.738410472869873 
6.413769245147705 
7.850394248962402 
5.560827732086182 
5.604931354522705 
6.123119354248047 
8.330194473266602 
5.371325969696045 
6.359880447387695 
6.884440898895264 
6.258114337921143 
6.527489185333252 
6.059669017791748 
6.682974338531494 
6.616603851318359 
5.859048366546631 
5.296283721923828 
6.3228373527526855 
6.486924648284912 
8.042322158813477 
6.069150924682617 
5.593876838684082 
7.007113933563232 
5.054906845092773 
8.004203796386719 
4.807858467102051 
8.026729583740234 
6.373080253601074 
7.319004535675049 
5.469923496246338 
6.5622053146362305 
6.469621658325195 
5.766574382781982 
4.724044322967529 
6.7758331298828125 
6.7927470207214355 
8.360260963439941 
6.728573322296143 
6.450248718261719 
6.000574588775635 
5.497171878814697 
5.530035495758057 
5.4187421798706055 
6.896774768829346 
5.654525279998779 
5.402528285980225 
5.744865417480469 
5.6197590827941895 
8.119762420654297 
5.175246715545654 
6.038604736328125 
5.175250053405762 
5.673019886016846 
5.4513702392578125 
5.43079137802124 
5.395005226135254 
4.942464351654053 
5.305335998535156 
4.937450885772705 
4.678797245025635 
6.349449157714844 
8.04283332824707 
5.188328266143799 
6.097701072692871 
5.269121170043945 
5.645749568939209 
5.90004825592041 
6.080667495727539 
4.955397605895996 
5.504960060119629 
5.41034460067749 
6.527446269989014 
5.688453674316406 
5.778738975524902 
6.460741996765137 
7.318413734436035 
6.459178924560547 
5.715413570404053 
6.970455169677734 
5.804990291595459 
6.0920090675354 
6.501370906829834 
6.439206600189209 
6.434254169464111 
8.044519424438477 
6.313284873962402 
7.068232536315918 
5.723758220672607 
6.528165817260742 
7.5895843505859375 
6.745667457580566 
6.8896918296813965 
7.8239312171936035 
7.264123916625977 
5.323291778564453 
6.5379958152771 
6.188909530639648 
7.238405704498291 
6.085521221160889 
5.45974063873291 
6.907986164093018 
7.873471736907959 
7.0777106285095215 
6.642471790313721 
5.403860569000244 
7.654953956604004 
5.15064001083374 
6.876293182373047 
8.024393081665039 
6.75415563583374 
7.33388614654541 
8.026410102844238 
6.308730125427246 
6.568446159362793 
5.746058464050293 
5.914797782897949 
6.3613176345825195 
6.29185676574707 
7.862647533416748 
6.695200443267822 
7.221145153045654 
5.866819381713867 
7.385005474090576 
6.163059711456299 
7.860414981842041 
4.7756781578063965 
5.883095741271973 
5.676325798034668 
5.865920543670654 
8.911751747131348 
6.848769664764404 
6.9992876052856445 
8.039288520812988 
6.740110397338867 
6.872072696685791 
6.60582971572876 
4.7471184730529785 
6.394759654998779 
6.469188213348389 
6.529844760894775 
7.4977264404296875 
6.440104961395264 
6.013437271118164 
6.846986293792725 
6.456093788146973 
6.362686634063721 
6.834535121917725 
5.036534309387207 
7.563514709472656 
6.04417610168457 
5.580987453460693 
8.884161949157715 
5.574635028839111 
6.361027717590332 
5.6317644119262695 
6.423262119293213 
5.987083911895752 
7.180758476257324 
6.111059665679932 
7.360476970672607 
6.877719402313232 
6.041138648986816 
5.781650543212891 
5.401880264282227 
8.136624336242676 
7.733105182647705 
5.9065470695495605 
6.219424724578857 
5.169195652008057 
7.707119464874268 
8.718317985534668 
7.414206027984619 
6.857333660125732 
5.998085021972656 
5.083064079284668 
5.822607517242432 
5.476294994354248 
5.838687419891357 
5.578193187713623 
6.337846755981445 
6.442798137664795 
5.865623474121094 
5.903858661651611 
5.242932319641113 
5.810164928436279 
5.678625583648682 
5.322842121124268 
9.050352096557617 
7.434550762176514 
6.873244285583496 
5.522595405578613 
7.128390312194824 
7.656681537628174 
5.910012722015381 
7.6249165534973145 
5.148060321807861 
5.675365447998047 
6.455682277679443 
5.811202526092529 
4.233639240264893 
6.3495025634765625 
6.406566143035889 
6.365756034851074 
7.459764003753662 
5.279062271118164 
6.038809299468994 
5.477787494659424 
4.774845123291016 
6.746121883392334 
6.855118751525879 
6.2518534660339355 
6.430164337158203 
5.565095901489258 
5.819462299346924 
5.524107933044434 
6.84749174118042 
5.360203266143799 
6.750154495239258 
7.907367706298828 
6.460445404052734 
4.376308917999268 
7.0771613121032715 
5.615362167358398 
5.665714263916016 
5.388604164123535 
5.608119487762451 
9.000116348266602 
7.060084819793701 
7.292402267456055 
6.575924873352051 
6.106407642364502 
7.286136627197266 
6.897795677185059 
8.381647109985352 
6.375335693359375 
7.631460189819336 
6.189140319824219 
6.296070575714111 
6.5682053565979 
7.889348983764648 
6.458095550537109 
8.010414123535156 
6.7728986740112305 
6.000470161437988 
5.792394161224365 
6.624605655670166 
7.144838809967041 
8.461085319519043 
8.518098831176758 
9.454792022705078 
4.889779090881348 
6.353363037109375 
6.494818210601807 
7.001626968383789 
5.049491882324219 
8.36901569366455 
5.150608539581299 
6.112586498260498 
5.61929988861084 
5.916696071624756 
6.609449863433838 
5.631352424621582 
5.552167892456055 
5.707363605499268 
5.296629905700684 
6.5082926750183105 
6.136528015136719 
6.301089763641357 
6.549472332000732 
5.487890243530273 
5.880583763122559 
6.006641864776611 
5.111822128295898 
5.749511241912842 
5.747834205627441 
7.768035411834717 
5.965309143066406 
6.781811237335205 
5.853655815124512 
6.228539943695068 
6.352102756500244 
6.4307541847229 
5.811206817626953 
6.719667434692383 
5.8142876625061035 
5.919503211975098 
6.899503707885742 
4.733556747436523 
5.874597072601318 
5.996829986572266 
6.2600860595703125 
6.167849063873291 
7.003936767578125 
6.029269218444824 
6.040035247802734 
5.249497890472412 
6.114531993865967 
7.519468784332275 
5.2392730712890625 
8.136317253112793 
6.267226696014404 
6.641880512237549 
8.386649131774902 
5.098938941955566 
4.973307132720947 
5.525130271911621 
6.887993335723877 
5.37490177154541 
7.319003582000732 
7.862678050994873 
6.691947937011719 
6.534601211547852 
5.965287208557129 
7.035817623138428 
7.155437469482422 
6.320699214935303 
6.4832940101623535 
5.192448616027832 
6.34200382232666 
7.2505598068237305 
6.865281581878662 
4.889516830444336 
5.599776744842529 
7.697065353393555 
7.385069847106934 
5.293209075927734 
6.843173027038574 
6.573194980621338 
5.363353729248047 
5.572195529937744 
6.109953880310059 
6.352205753326416 
6.165878772735596 
7.916138172149658 
5.059292316436768 
5.924349308013916 
5.723058223724365 
7.845139980316162 
6.214595317840576 
5.604324817657471 
5.081816673278809 
6.490283966064453 
6.3995161056518555 
5.678524971008301 
6.108948230743408 
5.096609592437744 
5.2144622802734375 
7.003151893615723 
5.6079487800598145 
5.206540107727051 
7.017354488372803 
6.851413249969482 
7.534430980682373 
7.592827796936035 
6.0326080322265625 
4.974339485168457 
6.260717868804932 
6.8410725593566895 
6.009451389312744 
5.652936935424805 
5.329847812652588 
6.326395034790039 
5.527944087982178 
6.114825248718262 
6.928930759429932 
6.0346856117248535 
5.263632297515869 
6.068268299102783 
8.366532325744629 
5.137842655181885 
6.239225387573242 
8.39893627166748 
6.857931137084961 
5.876108646392822 
6.637478828430176 
5.817165851593018 
7.040499210357666 
7.321722030639648 
6.183961391448975 
7.761679649353027 
5.218879699707031 
5.640872478485107 
7.416748046875 
4.9681715965271 
5.585053443908691 
5.4237189292907715 
8.330894470214844 
5.952050685882568 
6.6345744132995605 
5.420879364013672 
4.890912055969238 
5.554145336151123 
6.049620628356934 
6.454348087310791 
8.3469820022583 
5.786712169647217 
7.345539093017578 
6.183674335479736 
7.145657062530518 
6.98447847366333 
6.223411560058594 
5.625405788421631 
5.386946678161621 
6.720679759979248 
5.634955883026123 
6.108919143676758 
6.363186836242676 
7.151940822601318 
5.73224401473999 
5.845101833343506 
7.508752346038818 
5.747399806976318 
5.9705023765563965 
6.113973140716553 
5.187489032745361 
7.317817211151123 
5.430285453796387 
6.145978927612305 
5.075491905212402 
6.071079254150391 
6.941312313079834 
6.935311794281006 
6.279881000518799 
7.256344795227051 
7.234324932098389 
5.722026348114014 
5.958224773406982 
6.344039440155029 
5.307699680328369 
6.697031497955322 
6.210544586181641 
8.768559455871582 
6.475277423858643 
8.504688262939453 
5.924820899963379 
8.201811790466309 
7.947696685791016 
5.760920524597168 
5.653603553771973 
4.980947971343994 
5.5013556480407715 
5.254145622253418 
7.497966766357422 
6.889834880828857 
6.412331581115723 
5.430423259735107 
4.6684675216674805 
5.4196367263793945 
8.041519165039062 
8.045397758483887 
6.438299179077148 
6.0332183837890625 
7.53579044342041 
6.1761393547058105 
5.979212760925293 
5.452180862426758 
7.385561943054199 
6.856398105621338 
6.5144124031066895 
5.344379901885986 
5.9240241050720215 
6.246707916259766 
6.326404094696045 
7.707900047302246 
4.412003993988037 
6.033148288726807 
7.646816730499268 
6.2501935958862305 
7.471625804901123 
5.091620922088623 
6.078482627868652 
6.509331703186035 
5.304108619689941 
5.937921047210693 
8.704137802124023 
6.705840587615967 
5.524402141571045 
8.899965286254883 
5.6428608894348145 
6.6849565505981445 
6.2183146476745605 
6.212818145751953 
7.202454566955566 
5.077328205108643 
6.445648670196533 
4.628508567810059 
6.328854560852051 
6.254772186279297 
8.206345558166504 
5.46521520614624 
6.784417152404785 
7.170895099639893 
6.288544178009033 
7.8376312255859375 
8.043130874633789 
5.795777797698975 
6.770291805267334 
7.25291109085083 
5.633759021759033 
5.4234490394592285 
5.561187267303467 
6.234708309173584 
7.185548305511475 
5.581625461578369 
9.151206016540527 
4.523079872131348 
5.9260945320129395 
5.9314398765563965 
5.045101642608643 
6.390809535980225 
6.1418962478637695 
8.528533935546875 
6.523953914642334 
5.7338738441467285 
9.949902534484863 
9.852514266967773 
6.166345119476318 
5.600557804107666 
8.194352149963379 
5.928020477294922 
6.777811527252197 
7.290604591369629 
6.9628095626831055 
7.2609710693359375 
5.7237958908081055 
6.761666297912598 
6.112267971038818 
5.38181734085083 
5.908263206481934 
6.3186726570129395 
7.527498245239258 
5.658480167388916 
7.598516464233398 
6.441251277923584 
7.1192426681518555 
4.934370040893555 
5.381865501403809 
7.407543659210205 
6.928934574127197 
6.9512786865234375 
5.668527126312256 
6.316410541534424 
4.979129314422607 
7.601449489593506 
6.769875526428223 
6.941510200500488 
5.799257755279541 
8.136616706848145 
5.651062488555908 
5.249592304229736 
7.776459693908691 
6.2246012687683105 
4.508802890777588 
5.372047424316406 
7.0893635749816895 
5.953222274780273 
6.486573219299316 
5.377407073974609 
5.996020317077637 
5.602354526519775 
6.4743266105651855 
5.993710994720459 
5.464486598968506 
6.062774658203125 
4.67266321182251 
7.608616828918457 
5.750080108642578 
6.054947376251221 
5.745086193084717 
5.328585624694824 
6.67584753036499 
5.197246074676514 
5.645744323730469 
5.217860698699951 
7.14765739440918 
8.111374855041504 
6.624165058135986 
6.376954078674316 
5.722123622894287 
7.283657073974609 
7.163142204284668 
5.820937156677246 
5.408559799194336 
6.059383392333984 
6.21970796585083 
6.3934326171875 
6.573597431182861 
8.387592315673828 
8.268799781799316 
5.969759941101074 
6.584535121917725 
7.022350311279297 
6.870718479156494 
6.719269752502441 
6.3586249351501465 
5.705992221832275 
4.791913986206055 
5.33726167678833 
5.864943504333496 
5.30005407333374 
7.4231109619140625 
5.956338882446289 
6.8533453941345215 
6.185608863830566 
7.79472017288208 
6.348897933959961 
7.300873279571533 
6.498287677764893 
4.8502373695373535 
5.0916428565979 
6.077653408050537 
7.547038555145264 
6.644093990325928 
6.664859294891357 
6.2338056564331055 
7.041502952575684 
5.2114105224609375 
7.790908336639404 
5.517773628234863 
4.952062606811523 
5.7059831619262695 
6.911637306213379 
6.250985145568848 
5.8755202293396 
5.995945930480957 
6.6381731033325195 
5.420185565948486 
6.245909690856934 
6.7968268394470215 
8.04841136932373 
6.845803737640381 
6.284651756286621 
6.826053142547607 
6.113000392913818 
5.857470512390137 
6.643725872039795 
5.754817485809326 
6.672669410705566 
5.9099531173706055 
6.274925231933594 
4.64631462097168 
6.360845565795898 
7.226515293121338 
6.279959678649902 
6.0723557472229 
7.971711158752441 
6.749819278717041 
5.2434983253479 
6.186909198760986 
6.404201507568359 
5.801393508911133 
5.722527027130127 
7.397405624389648 
5.689835071563721 
6.6128363609313965 
6.218470096588135 
8.460432052612305 
5.492987155914307 
5.9407196044921875 
8.606240272521973 
6.232277870178223 
7.573023796081543 
7.340421199798584 
8.731671333312988 
6.191494941711426 
5.971493721008301 
6.0193772315979 
6.10420036315918 
5.553910732269287 
6.979700088500977 
6.023376941680908 
6.091656684875488 
6.349332332611084 
5.4206695556640625 
9.109585762023926 
5.636096000671387 
6.142208099365234 
4.677466869354248 
5.031045436859131 
6.241410255432129 
7.5610432624816895 
6.115233898162842 
5.655202388763428 
7.888966083526611 
5.347102642059326 
7.551394939422607 
9.575465202331543 
5.672886371612549 
6.090865135192871 
5.5189385414123535 
4.771174430847168 
4.777975082397461 
6.2643232345581055 
5.05454683303833 
7.387462615966797 
6.004597187042236 
6.620898723602295 
8.286438941955566 
5.9633307456970215 
6.492396831512451 
5.593704700469971 
6.180697441101074 
5.90895938873291 
6.934212684631348 
7.1908650398254395 
5.918275356292725 
5.896256446838379 
6.164125919342041 
8.037455558776855 
4.87093448638916 
7.03240442276001 
7.974109649658203 
5.144233226776123 
5.41943883895874 
6.684719562530518 
5.963085174560547 
6.200899600982666 
6.120083332061768 
5.500955104827881 
9.116366386413574 
4.554017543792725 
7.019774436950684 
6.547551155090332 
7.927766799926758 
6.648238658905029 
5.848598957061768 
5.643610954284668 
5.196993350982666 
6.056219577789307 
4.921664714813232 
6.872842788696289 
5.7519989013671875 
6.179075717926025 
5.662443161010742 
6.582123279571533 
5.6939826011657715 
6.6632771492004395 
5.8473005294799805 
5.942077159881592 
5.56937837600708 
8.467945098876953 
5.891416072845459 
6.470215797424316 
6.671221733093262 
5.806929111480713 
6.553992748260498 
7.893461227416992 
5.770554542541504 
8.952037811279297 
7.383105278015137 
5.418395042419434 
8.862327575683594 
6.7836761474609375 
6.472785472869873 
6.208803176879883 
6.864092826843262 
5.4674224853515625 
7.607614040374756 
5.967207431793213 
5.697900295257568 
6.441564559936523 
7.858999729156494 
6.448416709899902 
6.857237339019775 
6.627720832824707 
8.238723754882812 
5.785870552062988 
4.553748607635498 
7.36473274230957 
6.466761112213135 
6.226930618286133 
6.183172702789307 
5.033807754516602 
6.448267459869385 
7.066239833831787 
4.901125907897949 
5.053625583648682 
6.656785011291504 
5.724287033081055 
7.73628568649292 
6.924088001251221 
8.790453910827637 
10.206089973449707 
8.011604309082031 
8.479371070861816 
6.791433334350586 
6.073884010314941 
5.422218322753906 
4.7337422370910645 
6.6563005447387695 
6.043591499328613 
6.068447113037109 
8.9873628616333 
7.7492804527282715 
6.521562099456787 
5.7884135246276855 
6.174166679382324 
6.447844982147217 
6.875890254974365 
8.530702590942383 
6.479818820953369 
5.306026935577393 
4.720414638519287 
6.339577674865723 
6.024430274963379 
5.388991832733154 
7.6552300453186035 
5.902250289916992 
5.241658687591553 
8.47280216217041 
7.480315208435059 
6.549142837524414 
5.834764003753662 
5.672421455383301 
6.344908714294434 
8.198687553405762 
5.557638645172119 
5.216464042663574 
5.618910789489746 
5.548707485198975 
5.700753688812256 
10.491701126098633 
6.117413520812988 
5.452518463134766 
6.690798282623291 
5.297196388244629 
5.832476615905762 
5.231741905212402 
5.671630382537842 
7.332432270050049 
8.810558319091797 
4.679550647735596 
6.882518768310547 
5.854361057281494 
5.086653709411621 
5.84833288192749 
6.644498348236084 
5.602834224700928 
5.360515117645264 
5.307553768157959 
5.35440731048584 
5.4617109298706055 
7.263535976409912 
5.358156204223633 
5.870317459106445 
5.847908020019531 
9.079839706420898 
5.762742042541504 
7.373722553253174 
6.299724578857422 
5.6917033195495605 
6.915809631347656 
6.498568534851074 
5.518388271331787 
5.777297496795654 
6.047208309173584 
4.600017070770264 
7.748958110809326 
10.156732559204102 
6.3062357902526855 
6.491901874542236 
5.829716682434082 
5.991997241973877 
8.468655586242676 
8.80994987487793 
6.971437931060791 
7.405297756195068 
8.038321495056152 
4.133923053741455 
5.615854263305664 
5.681485176086426 
6.881490230560303 
7.343482971191406 
5.458592891693115 
5.979887962341309 
6.043363094329834 
5.689745903015137 
7.719954967498779 
5.817642688751221 
6.3072428703308105 
9.132567405700684 
7.923913478851318 
6.611749649047852 
5.953867435455322 
7.590645790100098 
7.22573184967041 
8.466826438903809 
6.063035011291504 
5.7952117919921875 
5.654374599456787 
5.693861484527588 
6.643047332763672 
5.487980842590332 
8.37307071685791 
6.318641185760498 
4.836363792419434 
6.425502300262451 
6.739591598510742 
8.012049674987793 
8.391433715820312 
5.075765132904053 
6.2025065422058105 
6.4113006591796875 
5.881384372711182 
7.257611274719238 
7.619704246520996 
6.498106479644775 
4.509565353393555 
5.60121488571167 
5.602531909942627 
5.456387996673584 
6.055017471313477 
8.014290809631348 
8.228507995605469 
6.203862190246582 
8.421830177307129 
7.262335300445557 
7.697207927703857 
6.988479137420654 
6.754735946655273 
6.475384712219238 
8.659675598144531 
6.0902485847473145 
5.67598819732666 
7.4499592781066895 
5.569326400756836 
5.6588640213012695 
6.815174579620361 
7.981431007385254 
5.539674282073975 
5.703349590301514 
6.045519828796387 
5.591811180114746 
5.967750549316406 
6.542731285095215 
5.990215301513672 
6.15307092666626 
5.926712512969971 
5.946580410003662 
6.485605716705322 
6.583976745605469 
6.227657794952393 
7.40714168548584 
5.993459701538086 
7.1599202156066895 
8.388465881347656 
8.432376861572266 
6.55478048324585 
6.457042217254639 
9.00014591217041 
5.8649163246154785 
7.795867443084717 
5.303887367248535 
6.150335788726807 
6.55742073059082 
7.193620681762695 
5.11716890335083 
8.024557113647461 
6.533191680908203 
7.439418792724609 
5.611734390258789 
5.1626973152160645 
6.0060272216796875 
5.735671043395996 
4.892664432525635 
5.697956085205078 
5.151315689086914 
5.715136528015137 
6.112632751464844 
6.959336757659912 
5.030772686004639 
8.850213050842285 
5.415748596191406 
6.49057149887085 
6.266589164733887 
5.7412028312683105 
5.5018110275268555 
7.188434600830078 
5.768768310546875 
5.367307186126709 
5.935237884521484 
5.8213677406311035 
6.639385223388672 
5.673408031463623 
5.616992950439453 
6.718477725982666 
4.835692405700684 
5.38175106048584 
5.825168609619141 
6.734079837799072 
6.757145404815674 
5.530984401702881 
6.1147847175598145 
6.322917938232422 
6.958719730377197 
5.92567777633667 
6.451408863067627 
6.320769309997559 
5.2879838943481445 
6.576158046722412 
5.372386932373047 
5.660621166229248 
5.37672233581543 
6.980287075042725 
5.876520156860352 
6.802596569061279 
6.597869873046875 
5.76295804977417 
8.27354907989502 
5.617659568786621 
5.2435994148254395 
6.583547592163086 
6.334309101104736 
5.7090606689453125 
5.6854424476623535 
6.245080947875977 
7.058791160583496 
6.97592306137085 
5.128087997436523 
5.687577724456787 
7.266019344329834 
5.946710109710693 
8.125632286071777 
5.8516387939453125 
5.671810150146484 
9.718021392822266 
6.196287631988525 
6.780177116394043 
6.5474324226379395 
8.617274284362793 
5.377542495727539 
5.395895481109619 
4.925286769866943 
7.127424716949463 
5.929935932159424 
7.9977874755859375 
8.155040740966797 
7.081467151641846 
4.998798370361328 
6.608466625213623 
6.843873500823975 
5.326435089111328 
6.474421501159668 
5.799435138702393 
6.170124053955078 
8.657875061035156 
4.89702033996582 
5.657244682312012 
7.3296122550964355 
6.9040679931640625 
5.1334052085876465 
6.055817127227783 
6.54025411605835 
7.143154144287109 
6.130867958068848 
9.274157524108887 
9.987259864807129 
7.056225299835205 
4.383613586425781 
5.614420413970947 
9.020512580871582 
4.962964057922363 
4.447321891784668 
5.499936580657959 
6.394115924835205 
5.984888076782227 
7.3821516036987305 
7.757775783538818 
7.770672798156738 
5.248924255371094 
6.057525634765625 
5.292869567871094 
5.722630023956299 
5.477689743041992 
6.158476829528809 
7.812304973602295 
7.521467208862305 
8.282464981079102 
7.835203170776367 
6.684178829193115 
4.833704471588135 
5.349555969238281 
6.095276832580566 
5.629795074462891 
4.851647853851318 
6.0665669441223145 
5.059301376342773 
4.940593242645264 
5.979222774505615 
5.757469654083252 
6.050779819488525 
6.439516067504883 
6.084230422973633 
7.648483753204346 
8.441826820373535 
6.567938804626465 
4.768068790435791 
5.531982421875 
7.211666107177734 
5.974782943725586 
6.911479473114014 
5.521288871765137 
6.193276405334473 
5.247339725494385 
7.396365642547607 
6.7319512367248535 
4.818262100219727 
6.723772048950195 
7.059419631958008 
5.415349006652832 
5.840944766998291 
7.758447170257568 
5.577049732208252 
6.898884296417236 
6.585301876068115 
6.591194152832031 
5.3110809326171875 
6.796834468841553 
6.235852241516113 
4.772846221923828 
8.219082832336426 
6.614126682281494 
4.897549152374268 
6.338791847229004 
6.512630462646484 
7.084137439727783 
5.401553630828857 
7.228355884552002 
6.731071949005127 
6.897997856140137 
5.664884567260742 
5.871170520782471 
6.54013204574585 
6.281043529510498 
6.231834888458252 
5.5710225105285645 
5.3791632652282715 
6.015582084655762 
8.094463348388672 
8.400581359863281 
7.354968070983887 
6.960056781768799 
8.46772289276123 
5.1577348709106445 
5.807889938354492 
5.257687091827393 
5.760058879852295 
7.272209644317627 
7.472998142242432 
5.36488676071167 
6.976424694061279 
7.305014610290527 
6.254209518432617 
7.502248764038086 
6.392602920532227 
6.733767509460449 
6.254841327667236 
4.634967803955078 
5.649524211883545 
9.063567161560059 
7.1405720710754395 
7.156761646270752 
5.532654762268066 
7.064312934875488 
4.803674697875977 
7.32965087890625 
6.899022579193115 
7.247217178344727 
5.44060754776001 
5.309820652008057 
6.08527135848999 
6.21039342880249 
7.005548000335693 
6.041114330291748 
6.086666107177734 
6.626323223114014 
7.0168023109436035 
6.481881141662598 
6.4635233879089355 
9.038415908813477 
6.249860763549805 
5.366334915161133 
6.338755130767822 
7.645337104797363 
4.732457160949707 
6.3805365562438965 
6.365637302398682 
5.851891994476318 
6.056618690490723 
6.464427471160889 
5.342799186706543 
6.528746604919434 
5.508251667022705 
5.896632194519043 
6.266372203826904 
6.005820274353027 
4.437777519226074 
5.793404579162598 
4.848114967346191 
5.588974952697754 
5.503386974334717 
6.327695369720459 
5.31440544128418 
7.09977912902832 
6.689528465270996 
6.581892967224121 
6.279250621795654 
8.805861473083496 
6.708085536956787 
5.077968120574951 
5.097287178039551 
5.852112770080566 
6.693034648895264 
5.641472816467285 
8.500551223754883 
6.8562846183776855 
6.7397003173828125 
6.126101970672607 
6.894216537475586 
8.050651550292969 
6.365436553955078 
5.787350654602051 
4.830284595489502 
6.086403846740723 
5.3481292724609375 
6.777087211608887 
5.218252658843994 
8.458989143371582 
6.584373474121094 
5.178693771362305 
6.429651737213135 
5.556386470794678 
6.940138339996338 
7.097059726715088 
9.074647903442383 
7.2882466316223145 
6.669917106628418 
9.196964263916016 
6.548478603363037 
6.0584917068481445 
6.171067714691162 
6.27297306060791 
7.852427959442139 
7.133421421051025 
7.105417251586914 
6.315179824829102 
5.781940460205078 
6.432438850402832 
7.568262577056885 
5.723759174346924 
6.711665630340576 
6.571784019470215 
8.175758361816406 
5.661693096160889 
6.31177282333374 
6.355868816375732 
6.889770030975342 
5.299936294555664 
6.181099891662598 
8.66158390045166 
7.158243179321289 
7.484853744506836 
5.489643573760986 
5.425507068634033 
6.391942501068115 
6.917087078094482 
6.506808280944824 
6.097285270690918 
6.337901592254639 
7.159639358520508 
6.13737678527832 
6.463080406188965 
5.697757244110107 
8.230021476745605 
5.323973655700684 
5.735715866088867 
8.054706573486328 
6.99429988861084 
7.04025936126709 
5.254196643829346 
9.055336952209473 
6.942044258117676 
7.610093116760254 
5.331161975860596 
5.5070390701293945 
6.416001796722412 
10.002344131469727 
6.652283668518066 
4.988752841949463 
6.627121925354004 
4.899450778961182 
7.96893835067749 
6.1016130447387695 
6.107936859130859 
5.48807430267334 
5.791144371032715 
6.707937240600586 
5.550499439239502 
5.47343111038208 
6.790131092071533 
6.139591217041016 
5.682614803314209 
5.427450656890869 
6.8718438148498535 
6.617311000823975 
8.184219360351562 
6.121448040008545 
7.6255083084106445 
6.561179161071777 
5.751535892486572 
7.064379692077637 
6.043609142303467 
5.5200324058532715 
6.570516109466553 
5.46590518951416 
6.091686725616455 
6.103329181671143 
6.051183700561523 
6.170022964477539 
6.5062479972839355 
6.87587308883667 
6.512927055358887 
5.110194683074951 
6.920262336730957 
5.666472434997559 
7.237636566162109 
6.03081750869751 
8.120210647583008 
6.995059490203857 
9.630512237548828 
7.091482639312744 
6.551485061645508 
5.709107875823975 
6.032955169677734 
7.632821559906006 
6.806511878967285 
6.77114725112915 
5.923089027404785 
5.227397441864014 
5.201934814453125 
4.630931854248047 
7.407610893249512 
6.006870269775391 
6.078629016876221 
8.666461944580078 
8.209001541137695 
5.648198127746582 
6.440476894378662 
7.082298278808594 
8.223837852478027 
5.611311435699463 
8.615303993225098 
8.30687141418457 
5.901022911071777 
5.534017086029053 
7.96190071105957 
6.3850860595703125 
5.8079304695129395 
5.924787521362305 
6.40074348449707 
5.946674346923828 
5.015920639038086 
5.923075199127197 
5.591890335083008 
7.0745744705200195 
5.8327131271362305 
7.1741132736206055 
5.88829231262207 
6.894162178039551 
5.2231526374816895 
7.0049896240234375 
6.374296188354492 
6.971884250640869 
7.806681156158447 
6.6998982429504395 
6.390942573547363 
6.228072643280029 
5.340371131896973 
6.807544231414795 
7.934351921081543 
5.2675700187683105 
5.106155872344971 
7.308337211608887 
7.7327561378479 
6.322758197784424 
5.933346748352051 
5.380252838134766 
6.089147567749023 
6.084964275360107 
5.510149955749512 
6.3125224113464355 
6.127572059631348 
6.005354881286621 
7.811595916748047 
6.347077369689941 
5.859919548034668 
5.215092658996582 
5.423242092132568 
8.955284118652344 
8.68828010559082 
6.34569787979126 
7.49694299697876 
8.835413932800293 
6.241539001464844 
6.134765625 
7.759771823883057 
6.107509613037109 
5.704946041107178 
6.791114807128906 
6.614750862121582 
8.508055686950684 
5.784268856048584 
5.452610969543457 
5.176693439483643 
6.987181186676025 
4.902789115905762 
8.75653076171875 
5.278893947601318 
7.644166469573975 
5.588614463806152 
7.443342685699463 
8.20760440826416 
6.05141019821167 
7.722686290740967 
6.5376715660095215 
6.979955196380615 
7.384932994842529 
6.084179401397705 
5.908839225769043 
8.505274772644043 
6.076659679412842 
5.971009254455566 
4.910999774932861 
6.0633955001831055 
8.505844116210938 
5.92894983291626 
6.134700775146484 
5.502879619598389 
6.088040828704834 
7.586130142211914 
6.596024513244629 
7.918764114379883 
6.56356143951416 
6.726228713989258 
6.993936061859131 
5.449279308319092 
6.691008567810059 
7.165702819824219 
5.391119956970215 
5.556527137756348 
5.56232213973999 
6.670985221862793 
6.579370021820068 
5.173320770263672 
6.196221828460693 
5.580137252807617 
5.2544732093811035 
5.128698348999023 
5.067544937133789 
6.460313320159912 
5.729218482971191 
6.1748504638671875 
5.788899898529053 
4.961850166320801 
7.116449356079102 
6.3882927894592285 
5.345163345336914 
6.152859687805176 
8.571126937866211 
7.75067138671875 
7.096344470977783 
6.1242241859436035 
6.738358974456787 
8.50670051574707 
8.734847068786621 
8.830606460571289 
6.166168212890625 
6.931144714355469 
6.25177526473999 
8.56908130645752 
6.26995849609375 
5.279427528381348 
8.22833251953125 
5.9592084884643555 
5.65604305267334 
6.535920143127441 
5.300045490264893 
7.459681987762451 
5.923418998718262 
5.506881237030029 
5.78700590133667 
6.345117568969727 
6.3855438232421875 
6.6228928565979 
5.270247936248779 
6.864137649536133 
9.822203636169434 
9.203064918518066 
6.78160285949707 
5.60117769241333 
5.641586780548096 
6.6725311279296875 
5.934416770935059 
6.848381042480469 
6.531684875488281 
6.174859046936035 
5.419563293457031 
5.472014904022217 
6.999667644500732 
7.650788307189941 
5.721867561340332 
6.729366779327393 
7.650362014770508 
6.75949239730835 
6.976413726806641 
7.986415863037109 
4.5676960945129395 
6.097597122192383 
6.3446760177612305 
7.2329421043396 
6.097298622131348 
5.66768741607666 
5.732585430145264 
6.079224586486816 
7.251712799072266 
8.327651977539062 
5.228797435760498 
6.574824333190918 
9.355846405029297 
5.574963569641113 
5.910377025604248 
8.38299560546875 
6.112059116363525 
6.231606483459473 
5.932918071746826 
8.118093490600586 
5.042131423950195 
7.246469974517822 
6.230159759521484 
5.662664890289307 
5.358556270599365 
5.605666160583496 
5.2162346839904785 
6.158300399780273 
5.818687915802002 
5.3218302726745605 
5.828560829162598 
6.170917987823486 
8.65359115600586 
8.548359870910645 
7.462721347808838 
5.534918785095215 
7.821469783782959 
6.8140106201171875 
5.069402694702148 
5.748927593231201 
6.184030532836914 
4.8835601806640625 
5.910926818847656 
6.121861457824707 
6.972418785095215 
6.4760942459106445 
7.461869239807129 
6.78494119644165 
5.138304710388184 
6.845530986785889 
7.2806715965271 
5.479716777801514 
8.349381446838379 
5.834293365478516 
5.905875205993652 
8.152220726013184 
7.791749000549316 
5.312351703643799 
8.038049697875977 
6.310665607452393 
6.7566022872924805 
4.85197639465332 
5.54177713394165 
8.74649429321289 
6.403215408325195 
6.2199015617370605 
8.024247169494629 
5.581915855407715 
5.312389850616455 
5.36167049407959 
6.0689191818237305 
7.587210178375244 
5.857292175292969 
8.261514663696289 
8.553845405578613 
5.337435245513916 
6.14166784286499 
6.9259843826293945 
7.740365982055664 
5.6276326179504395 
5.723653316497803 
5.919766902923584 
5.010100841522217 
6.840403079986572 
6.024641990661621 
6.755586624145508 
7.375493049621582 
6.7294816970825195 
6.050650596618652 
5.279313087463379 
6.002887725830078 
6.775844097137451 
6.228514194488525 
6.087994575500488 
5.142678260803223 
6.319367408752441 
8.926413536071777 
7.047614574432373 
5.770143508911133 
6.168640613555908 
6.034326553344727 
7.916119575500488 
5.161075592041016 
6.481949329376221 
7.181640148162842 
7.052610874176025 
6.265377044677734 
7.689122676849365 
6.391284465789795 
6.148895740509033 
5.9454731941223145 
5.083065986633301 
7.459502696990967 
6.3913421630859375 
6.003357410430908 
8.336170196533203 
6.836063385009766 
6.726544380187988 
5.170436859130859 
5.900834083557129 
6.199265003204346 
6.124135971069336 
5.419279098510742 
6.3970160484313965 
4.781406879425049 
6.049225807189941 
7.179663181304932 
6.258714199066162 
4.709201335906982 
6.103349208831787 
5.875392913818359 
5.43112325668335 
9.915305137634277 
7.0423455238342285 
5.615175247192383 
7.817799091339111 
6.670025825500488 
7.336162090301514 
6.73324728012085 
7.378303050994873 
6.621993541717529 
6.551588535308838 
6.1997904777526855 
7.126862525939941 
7.5534892082214355 
6.341829776763916 
7.367079257965088 
6.436642169952393 
7.707465648651123 
5.869238376617432 
6.466368198394775 
5.590489387512207 
6.841233253479004 
5.291111946105957 
5.52199649810791 
8.187240600585938 
5.405522346496582 
6.97955322265625 
7.117863655090332 
6.157512664794922 
5.716153144836426 
6.2436442375183105 
5.193752288818359 
6.287698268890381 
5.59006404876709 
6.130868434906006 
7.166065692901611 
6.17628288269043 
6.279869556427002 
6.520087242126465 
7.351746082305908 
5.137903690338135 
6.8888421058654785 
5.658447265625 
6.500707149505615 
6.560147762298584 
5.318796634674072 
6.32160758972168 
7.863295555114746 
7.454242706298828 
5.830602169036865 
7.256086349487305 
5.018240928649902 
8.284282684326172 
7.184098243713379 
6.7517218589782715 
5.474531650543213 
5.583321571350098 
5.395040035247803 
5.426263809204102 
5.944558620452881 
6.441424369812012 
5.042252540588379 
9.509800910949707 
6.173582553863525 
5.940928936004639 
7.311692237854004 
5.190533638000488 
7.177440643310547 
5.2145256996154785 
6.151504039764404 
6.242733001708984 
6.6148576736450195 
5.629990100860596 
6.3914923667907715 
5.968390464782715 
8.021246910095215 
5.83937931060791 
6.099401950836182 
7.814194202423096 
6.418127059936523 
5.538780689239502 
7.4646759033203125 
6.731563091278076 
5.0371012687683105 
6.3436689376831055 
6.161273002624512 
8.144768714904785 
6.344692230224609 
5.973230838775635 
5.343083381652832 
5.553407192230225 
6.705904483795166 
5.353079319000244 
5.764047622680664 
6.37198543548584 
4.936306476593018 
5.630317687988281 
6.754680633544922 
5.14047384262085 
6.887790679931641 
5.496525287628174 
6.746099948883057 
5.042305946350098 
6.065443515777588 
5.448674201965332 
8.177973747253418 
5.404252052307129 
8.99179458618164 
5.70706033706665 
4.966615200042725 
6.119295597076416 
10.019730567932129 
5.868189334869385 
7.879111289978027 
5.954797267913818 
6.772418975830078 
7.122128963470459 
5.944270610809326 
6.1879801750183105 
5.926318168640137 
7.061678409576416 
6.237558841705322 
5.251423358917236 
8.622716903686523 
6.013615608215332 
5.766200065612793 
5.881730556488037 
6.599783897399902 
6.491788864135742 
7.934878349304199 
6.372137546539307 
7.745397090911865 
5.301730632781982 
6.451849937438965 
7.616652965545654 
5.9668660163879395 
6.957569122314453 
6.74177885055542 
6.904635906219482 
5.842867851257324 
6.805990695953369 
5.088640213012695 
6.180919647216797 
8.868622779846191 
7.066997051239014 
7.438204288482666 
6.038025379180908 
6.45023775100708 
7.350020885467529 
5.860416412353516 
5.555603981018066 
5.880575180053711 
9.861491203308105 
8.765922546386719 
6.9246697425842285 
5.501027584075928 
6.728123664855957 
7.271481037139893 
4.739102363586426 
6.372584342956543 
9.533672332763672 
6.920621871948242 
6.632935523986816 
5.215840816497803 
6.949984550476074 
6.5485358238220215 
6.3499979972839355 
4.93011474609375 
6.532892227172852 
7.824648857116699 
7.63818359375 
5.334809303283691 
9.392828941345215 
7.768784523010254 
6.54093599319458 
5.4620585441589355 
7.660154819488525 
7.980915546417236 
7.083742618560791 
7.278746604919434 
5.063453197479248 
8.394118309020996 
7.029453277587891 
6.950107097625732 
7.6941752433776855 
5.030534744262695 
5.407978534698486 
6.263560771942139 
5.504874229431152 
5.512325763702393 
7.033504009246826 
6.867984771728516 
7.226315975189209 
5.995294094085693 
7.603528022766113 
7.3659820556640625 
6.977731227874756 
7.9676103591918945 
5.5032453536987305 
5.396457195281982 
7.076312065124512 
5.325099468231201 
8.446749687194824 
5.890942573547363 
5.948933124542236 
9.620179176330566 
8.434006690979004 
6.553552627563477 
8.124958038330078 
5.920529365539551 
6.9950408935546875 
6.407088756561279 
8.057731628417969 
8.340970993041992 
5.864783763885498 
