5.350031852722168 
4.867319583892822 
5.465638160705566 
5.594238758087158 
4.918015003204346 
5.103764057159424 
5.763426303863525 
5.378507137298584 
5.193145275115967 
5.122029781341553 
4.952443599700928 
5.313107490539551 
4.824015140533447 
5.336824893951416 
4.817973613739014 
5.871704578399658 
5.437657833099365 
4.931130886077881 
5.169656276702881 
5.096664905548096 
5.30124044418335 
5.872081279754639 
5.8137125968933105 
6.459102153778076 
4.958601951599121 
8.07470989227295 
5.507577896118164 
5.846009731292725 
5.315298557281494 
5.571260452270508 
4.931532859802246 
5.211446285247803 
6.835666179656982 
5.050429821014404 
4.942582607269287 
5.090926647186279 
4.988394260406494 
5.048590183258057 
8.634073257446289 
5.0259318351745605 
5.371221542358398 
6.279061794281006 
4.9496073722839355 
5.221840858459473 
6.295260906219482 
4.965622425079346 
5.819483757019043 
4.982945919036865 
5.112004280090332 
4.9909539222717285 
5.309683799743652 
5.106804370880127 
4.972226619720459 
5.020134925842285 
5.118780612945557 
5.21399450302124 
5.271397113800049 
4.970077037811279 
4.909363269805908 
5.3362650871276855 
5.731990814208984 
5.133545398712158 
5.164902210235596 
6.0610575675964355 
5.777279376983643 
6.518789291381836 
4.946068286895752 
5.341135501861572 
5.061774730682373 
5.036749362945557 
5.276684284210205 
4.798920631408691 
5.067259311676025 
4.9292707443237305 
4.978623867034912 
5.742886543273926 
5.561095714569092 
5.179382801055908 
6.803947925567627 
8.490616798400879 
7.417640209197998 
5.472597122192383 
5.094293117523193 
5.3343119621276855 
5.031531810760498 
5.12593412399292 
4.960111618041992 
5.158133029937744 
5.198970794677734 
4.995200157165527 
5.13954496383667 
5.217247486114502 
4.932794094085693 
5.034642219543457 
7.865777492523193 
5.103826999664307 
6.693167686462402 
5.165577411651611 
4.940375328063965 
5.320446014404297 
5.138132572174072 
5.079892635345459 
5.754974842071533 
5.902442455291748 
5.310395240783691 
6.160380840301514 
5.046416759490967 
5.833125591278076 
6.222019195556641 
5.168135166168213 
5.075770854949951 
5.5329766273498535 
5.083369255065918 
5.104935169219971 
5.0516204833984375 
5.386134624481201 
5.832767963409424 
6.79330587387085 
4.9770894050598145 
5.035739421844482 
4.9998650550842285 
5.057835102081299 
5.102208137512207 
5.171783924102783 
8.29396915435791 
7.4937896728515625 
5.680334568023682 
5.0601043701171875 
5.126622200012207 
4.98240852355957 
4.9460625648498535 
5.1707377433776855 
5.334951400756836 
4.823474884033203 
5.457814693450928 
5.412694454193115 
8.325998306274414 
5.132333278656006 
4.8481574058532715 
8.223302841186523 
5.240060806274414 
5.0579962730407715 
4.983569622039795 
5.0109171867370605 
5.7296881675720215 
5.128035068511963 
5.25842809677124 
5.009893894195557 
7.662398338317871 
5.006875038146973 
5.330180644989014 
5.525880336761475 
7.0616135597229 
5.686995506286621 
7.028408050537109 
5.099430084228516 
7.361286640167236 
5.1328911781311035 
6.015995502471924 
5.923388481140137 
5.684985637664795 
5.183191776275635 
5.405301094055176 
5.121949672698975 
5.404390335083008 
4.822184085845947 
5.22481107711792 
5.246796131134033 
8.208066940307617 
5.066745281219482 
5.122761249542236 
4.8506178855896 
5.0764265060424805 
6.083006381988525 
4.9076337814331055 
6.0640549659729 
4.919229984283447 
6.560873508453369 
5.401430606842041 
5.065582752227783 
4.906990051269531 
5.010804176330566 
5.001680850982666 
5.050417423248291 
5.546980381011963 
4.983487606048584 
5.169848918914795 
5.245177745819092 
5.148446559906006 
4.994146823883057 
6.8700947761535645 
5.0853190422058105 
5.254701137542725 
5.172409534454346 
5.674302577972412 
5.137032985687256 
5.201289176940918 
4.996842861175537 
6.930760860443115 
8.080530166625977 
6.322595119476318 
5.84514856338501 
5.215616226196289 
5.260745525360107 
5.6280517578125 
7.649289608001709 
5.002014636993408 
5.084613800048828 
7.794778823852539 
5.23390007019043 
8.722475051879883 
7.53690242767334 
5.189823627471924 
5.465621471405029 
5.430172443389893 
5.095895290374756 
5.6049041748046875 
6.587703227996826 
4.971662521362305 
5.733067989349365 
5.497364044189453 
4.974385738372803 
6.020843505859375 
5.520840644836426 
5.02286958694458 
5.372137546539307 
4.912112712860107 
5.2794928550720215 
4.829243183135986 
4.8907999992370605 
5.254080772399902 
5.4684271812438965 
4.870659828186035 
5.619958400726318 
5.106863498687744 
5.164532661437988 
5.410964488983154 
5.126117706298828 
6.659807205200195 
5.204007625579834 
5.20022439956665 
5.322201728820801 
5.006657600402832 
6.13121223449707 
4.74410343170166 
5.480676174163818 
5.2052130699157715 
5.2878899574279785 
5.099201202392578 
5.152755260467529 
6.023580074310303 
5.276376247406006 
5.659458160400391 
5.667577266693115 
5.231532573699951 
5.009539604187012 
5.076711177825928 
8.64456844329834 
4.967199325561523 
7.8745903968811035 
7.144217014312744 
5.00111722946167 
5.206908702850342 
4.87347412109375 
5.40299654006958 
4.831658840179443 
5.162509918212891 
5.138950347900391 
5.228354454040527 
8.273734092712402 
4.824484348297119 
5.171937942504883 
6.963225841522217 
5.152235507965088 
5.103218078613281 
4.982029438018799 
4.741489887237549 
5.17449951171875 
5.512716770172119 
6.402128219604492 
5.021027088165283 
5.01231050491333 
5.765560150146484 
5.08879280090332 
5.498447895050049 
5.159010887145996 
4.9870781898498535 
5.261870861053467 
5.867429256439209 
7.939477920532227 
5.414185047149658 
5.070359706878662 
6.66426420211792 
7.389164447784424 
5.313198089599609 
4.947831630706787 
5.222681999206543 
5.105291843414307 
5.047767162322998 
5.57037353515625 
5.0931878089904785 
6.008864879608154 
5.150555610656738 
6.245615005493164 
5.170854091644287 
5.107228755950928 
5.00441312789917 
5.838485240936279 
5.179732799530029 
4.937377452850342 
5.003993511199951 
5.092983245849609 
5.663980484008789 
7.168051242828369 
4.925443172454834 
5.30907678604126 
5.009744167327881 
5.212718963623047 
5.224785327911377 
4.793586254119873 
5.076521873474121 
5.0763678550720215 
4.9729437828063965 
5.059476852416992 
6.099045753479004 
5.267859935760498 
5.062446117401123 
5.794743537902832 
5.36233377456665 
5.249954700469971 
5.558498859405518 
4.954620838165283 
5.371699810028076 
5.591444492340088 
5.252662658691406 
5.288365364074707 
5.220957279205322 
5.0042405128479 
4.996910572052002 
4.8905487060546875 
4.901535987854004 
6.986662864685059 
5.181030750274658 
5.139530181884766 
5.246558666229248 
5.025777339935303 
4.939547061920166 
4.961409091949463 
4.968323230743408 
6.089211940765381 
5.018072605133057 
4.833195209503174 
4.904269695281982 
5.081888675689697 
5.212014198303223 
5.131371021270752 
5.032773971557617 
5.09024715423584 
6.936786651611328 
6.289700508117676 
5.225039958953857 
5.642740726470947 
4.876903533935547 
4.958357810974121 
7.39483642578125 
4.990386962890625 
4.902717113494873 
6.443230628967285 
5.112292766571045 
5.977590084075928 
4.99630069732666 
5.016789436340332 
5.334536552429199 
6.291595935821533 
4.936533451080322 
5.208324909210205 
4.935044765472412 
5.045501232147217 
5.008806228637695 
5.080062389373779 
5.075949192047119 
5.111201286315918 
4.8295063972473145 
4.927971363067627 
5.163695812225342 
6.032909393310547 
5.100483417510986 
5.106337070465088 
6.890866279602051 
4.904355525970459 
5.058254718780518 
4.91731071472168 
8.129083633422852 
5.074047565460205 
5.089150905609131 
5.346255779266357 
5.183791160583496 
5.072896480560303 
4.634059429168701 
6.179787635803223 
5.0245585441589355 
5.164291858673096 
5.1164231300354 
5.3931050300598145 
7.542678356170654 
5.09876012802124 
5.3172430992126465 
6.47189474105835 
5.527435302734375 
5.59207010269165 
4.942351818084717 
5.260997295379639 
5.1008830070495605 
4.833198070526123 
7.01945686340332 
5.609711170196533 
5.258301258087158 
6.89870023727417 
4.944521427154541 
5.853770732879639 
7.658326625823975 
4.954679012298584 
4.983351230621338 
4.789516448974609 
5.215250015258789 
4.893857479095459 
4.820308208465576 
4.985867500305176 
5.183701515197754 
5.018681049346924 
4.854381084442139 
5.367921352386475 
5.811168193817139 
6.115030288696289 
8.518577575683594 
5.213074207305908 
5.184149265289307 
5.324438571929932 
5.343878746032715 
5.305099964141846 
5.100502014160156 
4.9019341468811035 
5.21278715133667 
5.220118045806885 
6.214762210845947 
5.12336540222168 
5.45131254196167 
5.140448093414307 
4.945713520050049 
5.008645534515381 
4.97204065322876 
5.7207818031311035 
5.281640529632568 
5.398374557495117 
5.083514213562012 
5.022990703582764 
5.106264114379883 
5.087980270385742 
5.7367119789123535 
5.093687057495117 
5.826469898223877 
5.0522260665893555 
5.687209606170654 
5.614928722381592 
4.846563816070557 
4.9196062088012695 
5.281777858734131 
4.760494709014893 
4.805837154388428 
5.1038713455200195 
5.050870418548584 
5.041017055511475 
4.965364933013916 
6.369737148284912 
5.6782546043396 
5.051676273345947 
5.1882853507995605 
4.9068098068237305 
5.208311080932617 
5.285172939300537 
8.06004524230957 
5.219054222106934 
4.902520656585693 
5.134212970733643 
5.000184059143066 
5.419025897979736 
5.125157356262207 
7.491872787475586 
5.084448337554932 
5.234782695770264 
5.1058220863342285 
4.96009635925293 
5.142586708068848 
4.951730251312256 
5.2990288734436035 
5.0030517578125 
5.0004963874816895 
5.17006778717041 
4.833482265472412 
4.933103084564209 
5.349288463592529 
4.749252796173096 
5.02401876449585 
5.2802205085754395 
4.852199077606201 
5.090855598449707 
5.361606597900391 
4.8213372230529785 
5.236036777496338 
5.420955181121826 
5.691016674041748 
8.449278831481934 
5.7831878662109375 
5.131814479827881 
5.20766019821167 
5.14285135269165 
4.989925384521484 
5.262643337249756 
5.125552177429199 
4.919029712677002 
4.824455738067627 
4.921013355255127 
4.787781238555908 
5.132875919342041 
5.106921672821045 
4.781092166900635 
5.699965000152588 
5.176364898681641 
7.5956597328186035 
5.102017879486084 
4.621002674102783 
6.159794807434082 
5.919983386993408 
5.173737049102783 
5.9952826499938965 
5.088348865509033 
5.144649505615234 
5.857036113739014 
5.257029056549072 
5.182132244110107 
4.980967998504639 
4.742726802825928 
5.017382621765137 
5.412135124206543 
4.891589641571045 
5.075153350830078 
4.979824542999268 
5.0480170249938965 
5.036532878875732 
6.375175952911377 
7.380227565765381 
5.189382076263428 
5.35853910446167 
6.191109657287598 
5.269176959991455 
5.973646640777588 
4.862901210784912 
5.081930160522461 
4.861629486083984 
5.4518656730651855 
5.137216091156006 
6.219569206237793 
5.044037342071533 
5.269119739532471 
5.317344665527344 
5.082594394683838 
4.981253147125244 
6.52896785736084 
5.086045742034912 
5.2041850090026855 
4.892439365386963 
4.937190532684326 
9.718256950378418 
5.35172700881958 
5.309263706207275 
4.8685712814331055 
8.576830863952637 
8.632765769958496 
4.907230377197266 
5.489585876464844 
5.036681652069092 
5.1482768058776855 
4.892276287078857 
4.956276893615723 
4.917873859405518 
7.180546760559082 
5.8021979331970215 
5.694830894470215 
5.226930141448975 
5.4515156745910645 
5.092759609222412 
5.696264266967773 
4.772066593170166 
5.43183708190918 
5.819387912750244 
5.0011467933654785 
4.805079460144043 
5.248322486877441 
5.481095790863037 
4.9797539710998535 
5.2294230461120605 
5.204189777374268 
4.958641052246094 
6.117969989776611 
5.2098870277404785 
7.753995418548584 
5.449802875518799 
5.094012260437012 
5.12782621383667 
5.318352699279785 
4.8031182289123535 
4.976982593536377 
5.181257724761963 
5.908288478851318 
4.987441539764404 
5.260284900665283 
5.056817531585693 
6.913564205169678 
5.046828746795654 
5.259267807006836 
4.986509323120117 
4.9198222160339355 
4.8260579109191895 
5.081932544708252 
4.957340717315674 
5.228596210479736 
5.727956295013428 
5.085480690002441 
4.8512349128723145 
4.997565269470215 
6.321215629577637 
4.97816801071167 
5.310272693634033 
5.129552364349365 
7.453829765319824 
5.11111307144165 
4.9345622062683105 
5.719306468963623 
5.5049238204956055 
5.9154582023620605 
5.1359381675720215 
5.038208961486816 
5.0531229972839355 
6.288665294647217 
4.964055061340332 
5.203124523162842 
5.889585971832275 
6.530807971954346 
5.1252546310424805 
5.520329475402832 
6.049370288848877 
5.070899963378906 
4.996485233306885 
5.07696008682251 
5.265687942504883 
5.001282215118408 
6.860270977020264 
5.087253093719482 
10.295563697814941 
5.527723789215088 
5.111804485321045 
4.9998908042907715 
5.807186126708984 
4.975457668304443 
6.7004170417785645 
5.116353511810303 
5.012500762939453 
5.012783527374268 
5.277236461639404 
7.926451683044434 
5.232751369476318 
6.0246758460998535 
4.928295612335205 
4.973913192749023 
4.908775806427002 
5.560806751251221 
5.203712463378906 
4.917532444000244 
5.096340179443359 
5.27836275100708 
5.0988993644714355 
5.1198296546936035 
5.129678249359131 
5.175915241241455 
5.501432418823242 
5.2497124671936035 
5.214792728424072 
4.949435710906982 
5.044201374053955 
5.866233825683594 
5.179166316986084 
6.0186638832092285 
5.984529495239258 
5.079468727111816 
7.625601768493652 
4.9700188636779785 
5.049238204956055 
4.887318134307861 
5.328335762023926 
4.992371082305908 
5.175887107849121 
8.228665351867676 
5.32673978805542 
5.456682205200195 
4.968917369842529 
5.178260803222656 
4.760115146636963 
6.495361804962158 
5.0078935623168945 
5.213637828826904 
5.0842366218566895 
5.132745265960693 
4.930144786834717 
5.156558513641357 
4.802860736846924 
5.188326358795166 
5.551699161529541 
5.015434741973877 
5.1830058097839355 
4.993452072143555 
4.688744068145752 
5.647430419921875 
7.113332271575928 
5.369510650634766 
5.0324907302856445 
4.963440418243408 
5.047165870666504 
6.606137275695801 
4.952256679534912 
8.62414264678955 
6.196797847747803 
5.170679092407227 
5.20791482925415 
5.0166120529174805 
6.67277193069458 
4.91383695602417 
4.9674811363220215 
6.889292240142822 
7.519887924194336 
4.746817111968994 
5.447219371795654 
5.3470988273620605 
5.119523048400879 
5.003294467926025 
5.158229351043701 
5.232188701629639 
5.183977127075195 
5.366954326629639 
5.071309566497803 
5.337724208831787 
4.935945987701416 
5.123765468597412 
6.810755729675293 
5.391064643859863 
6.455760478973389 
4.9563679695129395 
4.8732829093933105 
5.629830360412598 
9.987743377685547 
5.1746344566345215 
4.935006141662598 
5.338603496551514 
4.822344779968262 
5.09541654586792 
5.756669044494629 
5.353378772735596 
7.065756320953369 
5.254489421844482 
5.06599235534668 
6.392912864685059 
7.830375671386719 
7.292740821838379 
5.182755470275879 
5.527869701385498 
4.997442722320557 
5.035979270935059 
5.15048360824585 
5.22674560546875 
5.732369899749756 
5.523630142211914 
4.732058048248291 
5.050060749053955 
4.99316930770874 
4.9286017417907715 
5.334113597869873 
5.211991310119629 
5.616947650909424 
4.984115123748779 
5.493163585662842 
5.325494289398193 
9.138039588928223 
4.909430980682373 
5.048739433288574 
9.137892723083496 
6.687322616577148 
5.301042556762695 
6.2676100730896 
4.944047451019287 
5.065946102142334 
5.1864752769470215 
4.942709445953369 
5.16901159286499 
5.2073845863342285 
5.079535007476807 
5.057896137237549 
5.270811557769775 
5.204483509063721 
5.498073577880859 
5.517414569854736 
5.120875835418701 
5.3268656730651855 
4.993621349334717 
5.884047985076904 
5.288333415985107 
5.245324611663818 
5.019109725952148 
7.570684432983398 
4.953507900238037 
4.93683385848999 
5.00211238861084 
4.973211765289307 
5.4197468757629395 
7.438170433044434 
5.295311450958252 
5.740787029266357 
5.08239221572876 
5.413174152374268 
6.99652624130249 
4.9593377113342285 
5.054567813873291 
6.3583197593688965 
5.1962971687316895 
5.105894565582275 
6.174805164337158 
5.4907612800598145 
5.369690418243408 
5.188871383666992 
5.018249988555908 
5.0956597328186035 
5.480906009674072 
5.028562068939209 
7.716236591339111 
5.3498711585998535 
4.977571964263916 
5.03424072265625 
4.880394458770752 
5.196757793426514 
4.81936502456665 
5.118262767791748 
5.206481456756592 
4.733584880828857 
5.219346523284912 
7.302980422973633 
5.617634296417236 
4.963850975036621 
5.174431324005127 
5.618768215179443 
5.778952121734619 
5.1108622550964355 
5.196752548217773 
6.297491550445557 
4.909015655517578 
5.649527549743652 
5.168741703033447 
5.57572603225708 
5.954895973205566 
5.212945938110352 
4.95620584487915 
5.074097156524658 
5.239319801330566 
7.239456653594971 
5.117285251617432 
5.206874370574951 
4.961636066436768 
5.298255443572998 
5.5221638679504395 
5.131964206695557 
4.925170421600342 
4.922036647796631 
5.021745681762695 
8.249070167541504 
5.111690998077393 
5.090980052947998 
4.955968856811523 
5.865067958831787 
4.945158958435059 
5.91375732421875 
4.985507488250732 
4.707894802093506 
5.838623523712158 
5.2371320724487305 
5.019330978393555 
5.3370866775512695 
5.206212997436523 
5.0233683586120605 
4.935105323791504 
5.191915035247803 
5.64517068862915 
6.866934776306152 
5.122633457183838 
7.825272560119629 
5.28106164932251 
6.204551696777344 
5.1984477043151855 
5.0653076171875 
5.105632305145264 
6.706264019012451 
4.9885687828063965 
5.373497009277344 
5.448403835296631 
5.748799800872803 
8.089369773864746 
4.987122058868408 
4.92477560043335 
4.995513439178467 
5.071866035461426 
5.10114049911499 
5.237516403198242 
5.808355808258057 
5.205660820007324 
5.282898426055908 
5.905925273895264 
4.981391906738281 
4.965275287628174 
5.060922622680664 
5.370406627655029 
5.043276309967041 
4.959847927093506 
5.433688640594482 
5.3811821937561035 
5.203949451446533 
5.067249774932861 
7.296064853668213 
5.993489742279053 
5.441685199737549 
5.019709587097168 
5.042641639709473 
5.087728977203369 
5.406811237335205 
8.05744743347168 
5.295993804931641 
5.061450958251953 
4.788707733154297 
5.04163122177124 
4.772799968719482 
5.515748023986816 
5.041441917419434 
4.844311237335205 
8.63524055480957 
6.0504536628723145 
5.182197093963623 
5.213137626647949 
7.822886943817139 
5.452851295471191 
8.5311861038208 
5.368110656738281 
5.14456844329834 
5.0516204833984375 
5.001632213592529 
6.538931369781494 
5.136470317840576 
7.769266605377197 
4.8194403648376465 
4.8543171882629395 
7.3852691650390625 
4.9484686851501465 
6.591322422027588 
4.946625232696533 
5.3810133934021 
5.117684841156006 
5.059608459472656 
4.893959999084473 
4.909197807312012 
4.907675266265869 
6.057806968688965 
5.391366481781006 
7.236161231994629 
5.10614013671875 
5.188202381134033 
5.132668495178223 
5.644374370574951 
5.867134094238281 
5.3468708992004395 
5.335678577423096 
4.741265296936035 
4.739969730377197 
6.052259922027588 
5.131303787231445 
4.968885898590088 
5.312957286834717 
5.2714314460754395 
5.119900226593018 
5.278564929962158 
4.971624374389648 
4.866055488586426 
5.190927028656006 
5.151597023010254 
5.21425724029541 
5.1396403312683105 
5.567115306854248 
5.197482585906982 
5.4557785987854 
4.885547637939453 
5.204758644104004 
5.355157852172852 
5.1035284996032715 
5.3105788230896 
4.883772373199463 
5.736440181732178 
5.082225322723389 
5.128859996795654 
6.77003812789917 
5.86785364151001 
5.086903095245361 
7.471304416656494 
4.8976006507873535 
4.854266166687012 
5.023071765899658 
5.838745594024658 
4.825455188751221 
5.010177135467529 
4.849148273468018 
4.92976713180542 
4.990972995758057 
5.488137722015381 
5.474128246307373 
5.041641712188721 
5.091808319091797 
4.913391590118408 
5.37479305267334 
5.10011100769043 
5.229049205780029 
5.233036041259766 
6.619500637054443 
5.088292598724365 
4.864720821380615 
5.794376850128174 
5.221376895904541 
7.122612476348877 
5.118320941925049 
4.91996431350708 
5.053799152374268 
4.991325855255127 
5.372064113616943 
5.14600133895874 
4.754812240600586 
6.176589488983154 
4.827895641326904 
5.019591808319092 
5.002043724060059 
4.953066825866699 
5.009702682495117 
7.071173191070557 
5.299539089202881 
5.826813697814941 
4.727384567260742 
5.313198566436768 
6.343323230743408 
5.626773357391357 
5.070926189422607 
5.204906940460205 
5.335928440093994 
4.826697826385498 
5.86891508102417 
5.174326419830322 
5.062047958374023 
5.173034191131592 
5.355714321136475 
4.879219055175781 
5.263734340667725 
5.024388790130615 
5.241170406341553 
5.091102123260498 
5.594033718109131 
5.052430152893066 
5.261783599853516 
5.0139689445495605 
5.15559720993042 
5.357014179229736 
4.9235663414001465 
4.952987194061279 
5.2908172607421875 
5.191058158874512 
5.203127384185791 
4.937241077423096 
4.903682231903076 
7.1094746589660645 
4.933017253875732 
5.604699611663818 
4.946451663970947 
5.044546127319336 
4.955605983734131 
5.445523738861084 
5.741347789764404 
5.773777008056641 
6.729234218597412 
5.11815881729126 
6.371693134307861 
5.118988513946533 
5.2627482414245605 
5.336757183074951 
7.896792888641357 
4.940667629241943 
4.73479700088501 
5.184214115142822 
5.352091312408447 
5.134284496307373 
5.9348907470703125 
5.147376537322998 
4.9504780769348145 
5.951457500457764 
5.310325622558594 
5.064677715301514 
4.927435398101807 
5.10758638381958 
5.04319953918457 
5.297364234924316 
5.178556442260742 
6.931127071380615 
6.625600337982178 
4.9355788230896 
5.313426494598389 
5.203405380249023 
5.657344818115234 
5.076332092285156 
4.992214202880859 
8.292967796325684 
5.499138355255127 
4.98989725112915 
5.120442867279053 
4.932638645172119 
7.1045613288879395 
5.548523426055908 
6.6778740882873535 
4.969410419464111 
4.966237545013428 
5.567666053771973 
5.165042400360107 
5.1095404624938965 
5.788781642913818 
5.169313907623291 
4.859589099884033 
5.128055572509766 
4.9846062660217285 
5.304920673370361 
5.109750270843506 
9.505169868469238 
5.002647399902344 
4.900774002075195 
5.158566951751709 
5.1738176345825195 
4.90140438079834 
5.035489559173584 
4.975044250488281 
5.851743221282959 
6.367299556732178 
6.205033779144287 
5.438403606414795 
5.3499884605407715 
4.9859747886657715 
5.609176158905029 
5.173842906951904 
5.099612712860107 
5.322169780731201 
4.835541725158691 
6.852983474731445 
5.5478997230529785 
5.000916004180908 
5.418853759765625 
5.168539524078369 
6.494908809661865 
9.486737251281738 
4.858768939971924 
5.12004280090332 
5.127449989318848 
5.321970462799072 
5.254312038421631 
6.356541156768799 
5.0635905265808105 
5.195465564727783 
5.03284215927124 
5.1717753410339355 
5.278759002685547 
5.145039081573486 
5.0846943855285645 
5.238306999206543 
5.151866912841797 
5.946840286254883 
6.034710884094238 
5.202122688293457 
5.142547130584717 
5.139199256896973 
5.364623546600342 
7.437188148498535 
4.986997604370117 
5.084564685821533 
6.4798808097839355 
5.140496730804443 
4.826928615570068 
6.027576923370361 
5.3040618896484375 
7.049585819244385 
5.772165775299072 
4.791523456573486 
5.162533760070801 
5.002089977264404 
4.914685249328613 
4.986771106719971 
5.309325695037842 
5.195869445800781 
6.297391414642334 
5.580831527709961 
5.160553455352783 
4.98956823348999 
5.100943088531494 
5.330790996551514 
5.001760005950928 
5.11407995223999 
5.4561333656311035 
4.869610786437988 
5.242987632751465 
5.056877136230469 
5.218807697296143 
5.114101886749268 
5.101335525512695 
5.469732761383057 
5.409081935882568 
5.038623809814453 
5.298772811889648 
5.2153639793396 
5.074565887451172 
5.3000664710998535 
5.021393299102783 
7.146049499511719 
4.9961628913879395 
5.014487266540527 
4.839535236358643 
5.290849208831787 
5.213341236114502 
5.103952407836914 
5.103682041168213 
4.957183361053467 
5.996763706207275 
5.24533224105835 
5.047535419464111 
4.85686731338501 
4.973800182342529 
5.315063953399658 
6.475882053375244 
5.802047252655029 
5.258725643157959 
5.154852390289307 
5.04288911819458 
4.816239833831787 
5.203073501586914 
4.905749797821045 
5.012482166290283 
6.491516590118408 
5.243443012237549 
5.178003787994385 
7.880842208862305 
5.3276801109313965 
5.098283290863037 
5.177364349365234 
5.8208441734313965 
6.482568264007568 
6.3646416664123535 
4.924328804016113 
5.334554672241211 
5.082330226898193 
5.836345195770264 
5.106109142303467 
6.130098819732666 
5.291999340057373 
5.374461650848389 
4.949460506439209 
5.369218349456787 
5.276637554168701 
5.9480671882629395 
5.080566883087158 
6.2465033531188965 
5.370970726013184 
6.267618656158447 
5.186858654022217 
5.0541887283325195 
5.519723415374756 
5.4648756980896 
5.173578262329102 
5.597845554351807 
5.81354284286499 
5.204005718231201 
5.028209209442139 
4.8956379890441895 
5.111786365509033 
4.779885768890381 
6.019354343414307 
4.754093647003174 
4.939171314239502 
8.489457130432129 
4.973083019256592 
5.1194610595703125 
6.8312458992004395 
6.685648441314697 
5.653584957122803 
6.128856658935547 
4.959537982940674 
5.110509872436523 
5.0397868156433105 
4.989898204803467 
5.056098937988281 
5.133810520172119 
4.979991436004639 
5.602811813354492 
5.162268161773682 
6.013035297393799 
4.9411821365356445 
7.394909381866455 
5.270177364349365 
5.158843517303467 
5.021479606628418 
4.98091983795166 
5.746635913848877 
4.840449810028076 
6.608874797821045 
5.596096992492676 
5.182053089141846 
5.5048394203186035 
4.954372406005859 
6.16004753112793 
5.173011779785156 
5.1730732917785645 
5.154562473297119 
5.017960071563721 
5.03059196472168 
4.900712490081787 
5.668969631195068 
4.944569110870361 
5.046464443206787 
5.328234672546387 
5.1689252853393555 
5.4464192390441895 
5.131493091583252 
4.8806023597717285 
5.535831928253174 
5.85053014755249 
8.24605655670166 
5.265418529510498 
5.963190078735352 
5.170622825622559 
5.064960956573486 
5.177908420562744 
4.984251976013184 
5.186080455780029 
5.013619899749756 
5.788045406341553 
5.851226329803467 
5.268057346343994 
5.063441753387451 
5.4124321937561035 
5.936981678009033 
4.927740097045898 
5.136772155761719 
5.205262184143066 
5.163084030151367 
5.205740928649902 
6.060029983520508 
5.020864009857178 
6.805378437042236 
7.07998514175415 
5.193490028381348 
5.010397911071777 
5.020308017730713 
5.006213665008545 
4.976297378540039 
6.13909387588501 
5.017813205718994 
5.08570671081543 
5.961848735809326 
4.939823627471924 
4.9338274002075195 
5.074382305145264 
6.135540962219238 
5.0705413818359375 
5.0734100341796875 
5.360775470733643 
4.937662601470947 
4.87114953994751 
5.0894880294799805 
5.361714839935303 
7.771289825439453 
6.324761867523193 
6.964264392852783 
5.611192226409912 
5.1266350746154785 
4.989854335784912 
5.246902942657471 
5.176912784576416 
5.863417148590088 
5.136643886566162 
5.10767936706543 
5.020803928375244 
7.2957763671875 
4.900498390197754 
8.023539543151855 
4.964630126953125 
5.371520519256592 
5.3126540184021 
5.204946517944336 
5.24820613861084 
4.8895182609558105 
4.995980262756348 
5.087643623352051 
5.054442882537842 
5.034510135650635 
5.328571796417236 
5.274504661560059 
6.1647772789001465 
4.998824596405029 
5.7204270362854 
6.203057765960693 
6.356848239898682 
4.764017105102539 
4.888163089752197 
5.245871067047119 
4.857640743255615 
5.119449138641357 
5.553014278411865 
4.980528354644775 
5.00771427154541 
4.809064865112305 
4.893316745758057 
5.086568355560303 
5.102668285369873 
6.595442295074463 
5.079573154449463 
5.125039577484131 
4.920494079589844 
5.515592575073242 
5.578287124633789 
6.543446063995361 
6.832370281219482 
4.852043151855469 
4.996364116668701 
5.855710506439209 
6.283687591552734 
5.278867244720459 
5.5532145500183105 
6.029384136199951 
5.027649402618408 
6.450894832611084 
6.233134746551514 
5.696468830108643 
4.938908100128174 
4.829787731170654 
4.8101091384887695 
5.150830268859863 
5.134350776672363 
5.360673904418945 
4.86491060256958 
5.230609893798828 
5.05083703994751 
5.210437297821045 
5.232224941253662 
4.879146575927734 
5.080187797546387 
5.841902256011963 
6.230806827545166 
4.858767509460449 
5.954583644866943 
5.304962635040283 
5.157637596130371 
5.513133525848389 
5.05605411529541 
5.133788585662842 
5.335676670074463 
7.109806537628174 
5.086568355560303 
4.8966965675354 
5.086630344390869 
5.327742099761963 
5.049405574798584 
4.945157527923584 
7.171308994293213 
5.8495306968688965 
4.939935207366943 
5.229995250701904 
6.557288646697998 
7.9785380363464355 
5.1275315284729 
5.3229804039001465 
4.942322254180908 
7.640408515930176 
6.168398380279541 
5.222494602203369 
4.958113193511963 
5.104490756988525 
5.778905868530273 
5.007404327392578 
5.361943244934082 
5.462475776672363 
4.992099285125732 
4.83303165435791 
5.4095540046691895 
7.690000057220459 
6.0255560874938965 
5.87897253036499 
7.817310810089111 
7.243812561035156 
4.902231216430664 
5.292227745056152 
5.878708362579346 
5.067353248596191 
4.91078519821167 
5.157848358154297 
5.463517665863037 
4.927433490753174 
5.2535624504089355 
5.174853801727295 
5.1323370933532715 
5.246048450469971 
5.070760726928711 
8.230141639709473 
5.551284313201904 
5.040167331695557 
4.890885353088379 
6.372819423675537 
4.945048809051514 
8.382737159729004 
5.008212566375732 
5.040756702423096 
5.435514450073242 
4.893208980560303 
5.6102519035339355 
5.6929192543029785 
4.9210357666015625 
5.061337947845459 
6.9652018547058105 
5.448017597198486 
5.533819198608398 
7.159575462341309 
5.07899808883667 
5.341836929321289 
5.2531657218933105 
6.067093372344971 
5.092339038848877 
4.9351325035095215 
4.95664644241333 
7.614121437072754 
4.906991481781006 
5.212281703948975 
4.986608982086182 
4.824727535247803 
5.251829624176025 
5.156425952911377 
4.954378604888916 
5.108993053436279 
6.87949275970459 
5.116484642028809 
5.071715354919434 
4.947860240936279 
4.8043904304504395 
5.795355796813965 
4.917013168334961 
5.262931823730469 
4.97993278503418 
5.589177131652832 
5.6797871589660645 
5.215489864349365 
5.109959125518799 
5.266644477844238 
5.340882778167725 
5.404386043548584 
7.24611759185791 
5.236037731170654 
5.118948459625244 
5.326606750488281 
5.156310081481934 
5.167325496673584 
5.3917717933654785 
5.086544036865234 
5.23168420791626 
5.059101104736328 
5.204935073852539 
5.191213130950928 
5.774640083312988 
5.340860843658447 
5.19303560256958 
6.1133713722229 
5.203444004058838 
4.998757839202881 
4.956498146057129 
4.91549825668335 
5.248915195465088 
5.437922954559326 
6.317945957183838 
5.020277500152588 
4.873450756072998 
5.196895122528076 
4.845881938934326 
6.255329132080078 
5.028712749481201 
6.391616344451904 
5.7745680809021 
5.08771276473999 
4.935611724853516 
5.099991321563721 
5.152379035949707 
8.093594551086426 
5.192862033843994 
5.074227333068848 
5.238584041595459 
5.503351211547852 
7.090077877044678 
4.651749134063721 
5.435089588165283 
8.646869659423828 
5.234179496765137 
4.9572882652282715 
5.672765254974365 
5.073578357696533 
5.065304279327393 
5.034769535064697 
5.273183345794678 
7.514669418334961 
4.976866245269775 
4.777223110198975 
4.962011814117432 
5.497732639312744 
6.751407146453857 
5.682404041290283 
5.0707831382751465 
7.015825271606445 
5.3326497077941895 
6.62122917175293 
6.815964698791504 
5.080685615539551 
5.163403511047363 
5.080435276031494 
4.976532459259033 
5.00570821762085 
6.230732440948486 
5.482364177703857 
5.756886005401611 
5.119560718536377 
5.191024303436279 
6.077713489532471 
5.1184515953063965 
5.0464091300964355 
5.118868350982666 
5.285566806793213 
5.115965366363525 
5.071028232574463 
5.2886762619018555 
8.497645378112793 
4.895848751068115 
5.230002403259277 
5.146803855895996 
5.100350379943848 
5.3040771484375 
5.449151515960693 
6.485859394073486 
5.139664173126221 
8.501182556152344 
5.195291519165039 
5.095083236694336 
6.029491424560547 
5.1344828605651855 
4.7930145263671875 
4.844760894775391 
5.099659442901611 
5.480817794799805 
5.112675189971924 
6.874034404754639 
7.557948589324951 
6.663501739501953 
4.879941463470459 
6.394291400909424 
5.263352870941162 
5.007107257843018 
7.766555309295654 
5.580054759979248 
4.969685077667236 
5.129271507263184 
6.829123020172119 
4.907932758331299 
5.34506893157959 
5.01002836227417 
5.117925643920898 
5.109233379364014 
5.321925163269043 
5.034816741943359 
4.826076030731201 
4.723867893218994 
5.3407883644104 
5.522079944610596 
5.162761211395264 
5.436851978302002 
6.121574878692627 
5.374330520629883 
4.971947193145752 
5.492042541503906 
5.145288467407227 
4.929620265960693 
5.8653645515441895 
4.848042964935303 
5.595748424530029 
5.172774791717529 
5.022698879241943 
5.287137508392334 
5.248841762542725 
5.162125110626221 
5.0315470695495605 
4.998105525970459 
5.10509729385376 
5.5796122550964355 
5.003026485443115 
5.268486499786377 
5.214275360107422 
4.824717044830322 
4.935016632080078 
4.75300407409668 
4.99650239944458 
5.332345485687256 
5.279407978057861 
5.024682998657227 
4.905267238616943 
5.045568943023682 
5.245236873626709 
5.337214946746826 
5.124393939971924 
5.759512424468994 
5.138553619384766 
6.382249355316162 
5.169453144073486 
5.574280261993408 
4.925485134124756 
4.900997638702393 
5.057592868804932 
6.928401470184326 
4.890132427215576 
5.025990009307861 
4.991644382476807 
4.98689079284668 
5.012721538543701 
5.212965488433838 
4.959204196929932 
5.995674133300781 
5.1858673095703125 
6.006671905517578 
5.123420238494873 
5.046308994293213 
5.113339900970459 
5.003102779388428 
5.1416850090026855 
5.388161659240723 
4.993964672088623 
5.232919216156006 
4.806093692779541 
5.130482196807861 
5.205469131469727 
5.155498027801514 
5.04303503036499 
4.995978832244873 
7.138561248779297 
5.020198345184326 
5.112155914306641 
4.9100823402404785 
4.929809093475342 
5.105490207672119 
5.3950724601745605 
5.0692009925842285 
9.11281681060791 
5.159119129180908 
4.965067386627197 
5.005504608154297 
5.177727222442627 
5.941418170928955 
5.23028039932251 
5.006591320037842 
5.019850730895996 
5.156264781951904 
5.369762897491455 
5.060078144073486 
4.901037693023682 
8.791711807250977 
4.893134117126465 
5.103278160095215 
5.240803241729736 
4.9477105140686035 
5.125265121459961 
5.245312213897705 
6.310147285461426 
5.109315395355225 
4.9732279777526855 
5.182222843170166 
5.165734767913818 
5.220886707305908 
4.733486652374268 
4.999817371368408 
6.0694260597229 
5.765638828277588 
5.911134243011475 
5.170652866363525 
5.058310031890869 
5.375040531158447 
5.240255832672119 
4.758251667022705 
4.988707065582275 
5.185141563415527 
4.837158679962158 
5.234421253204346 
8.881329536437988 
5.150259494781494 
5.269968032836914 
5.080305099487305 
5.184711456298828 
5.07332181930542 
5.50919771194458 
4.936769962310791 
4.71375036239624 
4.8916239738464355 
4.9274163246154785 
5.10708475112915 
4.880551815032959 
6.828284740447998 
5.171178340911865 
5.104799747467041 
5.145763874053955 
5.908663272857666 
4.90183162689209 
5.464196681976318 
4.8972344398498535 
5.966829776763916 
5.831600189208984 
6.991786003112793 
5.149645805358887 
5.179953098297119 
5.023955345153809 
5.037525177001953 
5.165528774261475 
5.500819683074951 
5.64657735824585 
4.977691173553467 
5.183002948760986 
6.329406261444092 
4.808017253875732 
5.023348331451416 
5.19881010055542 
5.05790376663208 
5.0884575843811035 
5.54956579208374 
5.103682994842529 
5.576924800872803 
5.957986831665039 
4.902661323547363 
5.431127071380615 
5.165432453155518 
5.0186333656311035 
5.039801120758057 
5.635678768157959 
5.168459892272949 
5.060431480407715 
4.991456031799316 
5.089749813079834 
5.462344646453857 
5.014489650726318 
4.989340782165527 
5.030041217803955 
5.374362468719482 
5.271592617034912 
6.577451229095459 
6.724637985229492 
5.123286724090576 
5.2507805824279785 
5.766662120819092 
5.700653553009033 
5.3138532638549805 
8.461398124694824 
5.61350679397583 
5.334778308868408 
5.133664131164551 
5.418271064758301 
5.813207149505615 
4.968259334564209 
5.643581390380859 
4.704465866088867 
5.119400978088379 
5.118128299713135 
4.998344898223877 
6.840235233306885 
5.195963382720947 
5.167405605316162 
5.109344005584717 
5.17597770690918 
5.056168079376221 
5.45204496383667 
5.0967936515808105 
4.91903829574585 
5.77893590927124 
6.355897426605225 
5.61630916595459 
5.753363609313965 
5.070495128631592 
4.97894287109375 
6.4151997566223145 
5.188350677490234 
5.461888790130615 
5.391577243804932 
5.057558059692383 
5.783700466156006 
5.173570156097412 
5.851755142211914 
5.071988582611084 
5.959582328796387 
5.2792649269104 
5.126529216766357 
5.059598922729492 
4.943014621734619 
5.151913166046143 
5.736560344696045 
7.2798895835876465 
5.161386966705322 
5.51471471786499 
5.430624961853027 
5.534857273101807 
5.409172058105469 
5.13396692276001 
5.119739055633545 
6.685273170471191 
5.1000590324401855 
4.840081214904785 
5.780333042144775 
4.786617279052734 
5.24154806137085 
5.463619709014893 
5.028806209564209 
5.275700092315674 
6.422475337982178 
5.122842311859131 
4.954742431640625 
5.281598091125488 
5.015379428863525 
5.175130844116211 
5.12711763381958 
5.988389015197754 
5.20156717300415 
5.194522857666016 
5.913722991943359 
5.065639019012451 
5.003262042999268 
5.463742733001709 
5.011236667633057 
5.078628063201904 
5.066599369049072 
5.117025852203369 
4.816368579864502 
5.560728549957275 
5.227160930633545 
4.920446395874023 
5.324916362762451 
6.640661716461182 
5.085472583770752 
5.106987476348877 
5.3591742515563965 
5.261988162994385 
5.0483622550964355 
8.51601505279541 
4.978493690490723 
5.745211124420166 
9.23341178894043 
5.518685817718506 
6.051088333129883 
4.940357685089111 
5.110636234283447 
5.032541751861572 
5.069458484649658 
5.240516185760498 
5.278848171234131 
5.201451301574707 
5.928303241729736 
7.283425807952881 
5.091689586639404 
4.943741321563721 
4.9802727699279785 
5.316720962524414 
5.172635555267334 
5.0126237869262695 
5.1410956382751465 
5.136145114898682 
6.396617889404297 
5.104273796081543 
4.95835542678833 
5.0201802253723145 
4.843539714813232 
5.8801798820495605 
5.322991847991943 
5.1743574142456055 
5.231820583343506 
5.181032180786133 
5.0388875007629395 
6.076521396636963 
6.760467052459717 
5.389930725097656 
5.377196788787842 
5.100291728973389 
5.081108570098877 
5.488754749298096 
5.020473480224609 
4.806656360626221 
6.891580104827881 
4.835790634155273 
8.34656047821045 
5.2875075340271 
4.879100799560547 
5.304321765899658 
5.002140522003174 
5.274925708770752 
4.804928302764893 
4.9408721923828125 
5.260343074798584 
6.544427394866943 
5.0666375160217285 
5.32803201675415 
5.389800071716309 
6.826267242431641 
5.901557445526123 
5.0915727615356445 
5.334071636199951 
6.7184553146362305 
5.167761325836182 
6.374546527862549 
6.116738796234131 
7.925963401794434 
4.923487663269043 
5.9707417488098145 
4.962225914001465 
4.833209037780762 
4.952201843261719 
5.619588851928711 
4.8619513511657715 
7.250184535980225 
4.928136348724365 
6.09878396987915 
5.138052463531494 
5.908031940460205 
5.599146842956543 
6.54411506652832 
4.941554546356201 
5.064026355743408 
5.053170680999756 
4.895149230957031 
5.102887153625488 
5.243686199188232 
5.545480251312256 
6.717469692230225 
5.165103912353516 
5.012659549713135 
5.482650279998779 
5.07003927230835 
5.219257831573486 
5.087480068206787 
5.082515716552734 
5.341934680938721 
6.377953052520752 
4.919657230377197 
5.004148006439209 
4.869007587432861 
5.254865646362305 
5.6121439933776855 
4.895457744598389 
6.3678364753723145 
6.40962553024292 
5.361048698425293 
7.0037007331848145 
5.238816738128662 
4.851161956787109 
4.80182409286499 
5.557724952697754 
5.105178356170654 
5.238947868347168 
5.8763861656188965 
5.221344470977783 
5.357150554656982 
4.997116565704346 
7.015170574188232 
5.051363468170166 
5.183485507965088 
5.066781520843506 
7.239098072052002 
5.690074443817139 
7.645246982574463 
5.017019271850586 
5.241311550140381 
5.09202241897583 
5.196362018585205 
5.788801670074463 
5.33057975769043 
5.15531587600708 
5.261860370635986 
5.027322769165039 
7.681000709533691 
5.395482540130615 
5.404323577880859 
5.019160747528076 
4.876461505889893 
5.101816654205322 
6.149998188018799 
7.005574703216553 
6.016122341156006 
4.899837017059326 
5.382278919219971 
5.298417568206787 
5.264193534851074 
5.779631614685059 
4.947379112243652 
5.150362968444824 
5.537231922149658 
5.100906848907471 
5.0058064460754395 
7.058635711669922 
5.53467321395874 
5.046720027923584 
5.260563373565674 
5.2316484451293945 
7.163151264190674 
5.345207691192627 
4.950157165527344 
5.505329608917236 
5.289905071258545 
4.887176513671875 
5.109878063201904 
5.273337364196777 
5.028171062469482 
5.166040897369385 
4.968923091888428 
5.018592357635498 
8.437225341796875 
5.051702976226807 
4.891018390655518 
5.13422155380249 
5.144659996032715 
5.235596179962158 
4.940578937530518 
6.328788757324219 
5.169811248779297 
7.96844482421875 
4.83086633682251 
5.290724277496338 
4.919784069061279 
7.081597328186035 
5.104367256164551 
5.091987133026123 
5.209787845611572 
5.128829479217529 
5.430728435516357 
5.06459903717041 
5.094030380249023 
6.1174235343933105 
5.864434719085693 
5.159993648529053 
5.257354736328125 
4.919418811798096 
5.221167087554932 
5.072798252105713 
6.185876369476318 
4.792696475982666 
4.969203948974609 
4.889273166656494 
5.204720973968506 
5.477945804595947 
5.049215793609619 
4.827818870544434 
5.304007530212402 
6.554653644561768 
4.986232280731201 
5.278721332550049 
5.2236504554748535 
5.59874963760376 
4.8914570808410645 
5.006577968597412 
5.157795429229736 
6.884748458862305 
5.300381183624268 
6.416258811950684 
4.97351598739624 
6.332310199737549 
5.553669452667236 
5.091215133666992 
5.744564533233643 
5.395596027374268 
6.761730194091797 
5.182929515838623 
5.85387659072876 
4.960734844207764 
5.052919387817383 
5.116039752960205 
5.150475025177002 
5.061672210693359 
4.976599216461182 
4.967945098876953 
4.995937824249268 
5.007274150848389 
4.955358028411865 
6.208975315093994 
5.193293571472168 
5.193781852722168 
5.430928707122803 
6.445620059967041 
6.3090901374816895 
5.2301344871521 
5.014947891235352 
5.077228546142578 
5.047999858856201 
5.080030918121338 
5.133782863616943 
5.362238883972168 
5.057248592376709 
5.2720046043396 
5.377804279327393 
6.563370704650879 
4.863765239715576 
5.287735462188721 
6.364383220672607 
5.0855278968811035 
4.996316432952881 
6.887638568878174 
5.140446186065674 
4.81111478805542 
5.282637119293213 
5.51467227935791 
5.164665699005127 
5.103166103363037 
5.878610610961914 
4.99703311920166 
4.918072700500488 
5.105726718902588 
5.116750717163086 
5.124514102935791 
5.128197193145752 
5.224636077880859 
5.054592609405518 
4.970069408416748 
5.789603233337402 
4.936008930206299 
5.229869842529297 
5.758371829986572 
4.931652069091797 
5.544092655181885 
6.560663223266602 
6.176102638244629 
4.85448694229126 
5.238569259643555 
5.10883092880249 
5.180959224700928 
5.125565052032471 
7.818310737609863 
5.205349922180176 
5.263089656829834 
4.998855113983154 
5.357200622558594 
8.217972755432129 
5.503293514251709 
7.418863773345947 
4.920068740844727 
5.176743507385254 
5.300091743469238 
5.315770626068115 
8.611821174621582 
4.8125529289245605 
4.979287624359131 
5.603122234344482 
7.51392936706543 
5.192593574523926 
4.939368724822998 
5.393923282623291 
4.95054292678833 
5.628381252288818 
5.8197760581970215 
5.1639604568481445 
5.067712306976318 
4.98857307434082 
4.888152599334717 
6.062975883483887 
4.984512805938721 
5.12054967880249 
5.199368953704834 
5.055764675140381 
5.232154846191406 
5.254465579986572 
5.173291206359863 
5.329893589019775 
6.018862247467041 
6.670668125152588 
5.82387113571167 
4.822886943817139 
5.041051864624023 
5.023762226104736 
5.205802917480469 
5.371631145477295 
5.250537872314453 
5.128650188446045 
5.404598712921143 
5.129932880401611 
7.219779014587402 
5.207940101623535 
5.149713039398193 
5.454249858856201 
5.069788455963135 
4.953138828277588 
5.619349002838135 
5.080654621124268 
5.022441387176514 
4.936532497406006 
4.985503196716309 
5.5866827964782715 
5.44162130355835 
5.121777534484863 
7.810050010681152 
5.043860912322998 
5.06808614730835 
5.164142608642578 
4.884552478790283 
5.074398040771484 
5.051103115081787 
4.72566556930542 
5.212152004241943 
6.349957466125488 
7.985731601715088 
5.080720901489258 
4.913019180297852 
4.715906620025635 
5.821485996246338 
5.731595993041992 
5.159276008605957 
5.313783168792725 
5.180964946746826 
4.793507099151611 
5.093272686004639 
4.963652610778809 
4.879571437835693 
5.078011512756348 
4.877543926239014 
4.817077159881592 
5.16809606552124 
5.057914733886719 
5.648403644561768 
5.156337738037109 
4.947575092315674 
5.351325511932373 
5.181605815887451 
5.02147102355957 
5.820873260498047 
5.709878444671631 
5.098422050476074 
5.146748065948486 
5.316380500793457 
6.799005031585693 
5.08303165435791 
5.075051307678223 
5.4186692237854 
5.943490982055664 
6.031164646148682 
5.5479302406311035 
5.039802074432373 
5.098004341125488 
4.994678974151611 
5.050264835357666 
6.583628177642822 
4.869391918182373 
6.625263690948486 
4.965947151184082 
5.381551265716553 
5.199071407318115 
5.262813568115234 
4.926578998565674 
5.684000015258789 
7.0096611976623535 
5.38291072845459 
7.389433860778809 
5.180455684661865 
5.030581951141357 
5.306452751159668 
5.218158721923828 
5.202114105224609 
5.064138889312744 
5.335353851318359 
5.360101222991943 
4.908032417297363 
4.97507905960083 
4.810534954071045 
5.548092365264893 
4.786244869232178 
6.398287296295166 
5.388634204864502 
4.8625264167785645 
4.94696044921875 
4.95315408706665 
6.46184778213501 
4.932397365570068 
8.36303997039795 
4.9005560874938965 
5.447489261627197 
5.151998996734619 
5.239373683929443 
4.861230373382568 
5.51528787612915 
5.862670421600342 
5.041306495666504 
4.995177745819092 
4.999183654785156 
5.163943767547607 
5.042756080627441 
4.997160911560059 
5.506079196929932 
6.463882923126221 
5.717604160308838 
4.892202377319336 
5.018052577972412 
4.9331278800964355 
5.030294418334961 
5.009616851806641 
5.00637149810791 
6.226212024688721 
5.095519542694092 
5.184899806976318 
5.043409824371338 
6.743381977081299 
5.20749044418335 
4.809885501861572 
4.973560810089111 
5.3132171630859375 
5.141735076904297 
5.1635050773620605 
6.524088382720947 
4.849924087524414 
5.08276891708374 
5.745782375335693 
6.964687824249268 
6.317244052886963 
5.37890100479126 
4.983433246612549 
5.040227890014648 
5.093794822692871 
4.947482585906982 
4.965357303619385 
5.193970680236816 
4.824870586395264 
7.886257171630859 
5.003074645996094 
4.941628456115723 
5.124525547027588 
4.8933424949646 
5.789209842681885 
5.190803527832031 
5.803811073303223 
5.438772201538086 
4.971700191497803 
5.079538822174072 
5.037586688995361 
5.074072360992432 
5.188427448272705 
5.22620153427124 
5.098943710327148 
5.268923282623291 
5.5355353355407715 
5.358947277069092 
7.648993015289307 
6.531982898712158 
9.972491264343262 
4.915929317474365 
4.864922046661377 
5.935398578643799 
5.171623706817627 
4.834815502166748 
5.272754192352295 
4.969898223876953 
6.212835788726807 
6.064892292022705 
4.856391429901123 
5.027965068817139 
4.9836015701293945 
5.0900092124938965 
7.162194728851318 
5.064454555511475 
5.141105651855469 
5.242820739746094 
7.391343116760254 
5.205432415008545 
5.077773571014404 
6.164474010467529 
5.1679911613464355 
5.553919315338135 
5.2852935791015625 
6.329797267913818 
4.930022716522217 
5.044565677642822 
5.089186191558838 
4.926620006561279 
5.0364603996276855 
5.172779560089111 
5.071239948272705 
5.279246807098389 
5.143767833709717 
5.06417179107666 
5.447799205780029 
4.899639129638672 
4.986108303070068 
6.111730575561523 
6.768442630767822 
5.264760494232178 
6.0117926597595215 
5.3685173988342285 
5.7567830085754395 
5.144503116607666 
4.861184597015381 
4.984817028045654 
5.687595844268799 
5.690674304962158 
4.942056655883789 
5.421970367431641 
5.491140842437744 
5.557608127593994 
5.2744574546813965 
5.079897403717041 
4.970645427703857 
5.263366222381592 
5.384732723236084 
5.021016597747803 
5.103897571563721 
5.10408353805542 
6.623345851898193 
4.866077899932861 
5.1140971183776855 
5.674815654754639 
5.132645130157471 
4.994076251983643 
4.739747524261475 
4.986546039581299 
5.38491678237915 
5.127249240875244 
4.968006610870361 
5.02586030960083 
5.003820419311523 
5.0196685791015625 
5.132375240325928 
5.068647861480713 
7.069240570068359 
6.094992160797119 
5.0494537353515625 
5.055766582489014 
6.328368663787842 
5.152979373931885 
5.556917667388916 
6.000705718994141 
5.505757808685303 
5.158786773681641 
4.8330559730529785 
4.935199737548828 
8.471245765686035 
5.79492712020874 
5.294243335723877 
6.728554725646973 
4.951473236083984 
6.700174808502197 
6.6369853019714355 
5.1588616371154785 
5.443101406097412 
4.989376544952393 
6.3150129318237305 
4.899593353271484 
5.117745876312256 
4.9879937171936035 
5.325335502624512 
9.393879890441895 
8.141942024230957 
8.036354064941406 
4.986894607543945 
5.087996959686279 
4.9728875160217285 
5.142303943634033 
5.145596027374268 
5.017276287078857 
5.0699076652526855 
5.3930253982543945 
5.154415130615234 
4.954854965209961 
7.167600154876709 
6.727451801300049 
5.401368141174316 
5.188141345977783 
5.096841335296631 
5.155057430267334 
5.517604351043701 
6.496138572692871 
5.879528522491455 
4.884707927703857 
4.955926418304443 
5.87573766708374 
6.719583034515381 
5.0199408531188965 
5.079943656921387 
4.837345600128174 
5.123501300811768 
5.039337158203125 
7.114616870880127 
6.096861362457275 
5.312824726104736 
5.240644931793213 
7.872188091278076 
5.559001445770264 
5.172818660736084 
8.478178977966309 
6.130192279815674 
5.161583423614502 
4.99469518661499 
4.91632080078125 
5.55009126663208 
4.93418550491333 
5.059108257293701 
5.013814449310303 
5.154151439666748 
7.2078704833984375 
5.024572849273682 
4.863617420196533 
5.254591464996338 
5.1753621101379395 
5.070555210113525 
5.285782337188721 
6.445137977600098 
6.328458786010742 
4.938146114349365 
5.026750087738037 
5.1132073402404785 
5.124788284301758 
5.065593242645264 
5.06650972366333 
7.288753986358643 
5.143868923187256 
5.0849690437316895 
4.892524242401123 
7.234417915344238 
5.132852554321289 
5.1343092918396 
4.949574947357178 
6.6892476081848145 
5.251923084259033 
4.925617694854736 
5.3988847732543945 
5.275759220123291 
5.058469295501709 
5.419773578643799 
5.159974575042725 
5.7436676025390625 
5.124962329864502 
6.771055221557617 
5.373167991638184 
5.032960414886475 
4.990760803222656 
5.226919651031494 
5.718819618225098 
5.579200267791748 
5.068689823150635 
5.0159173011779785 
7.291244983673096 
5.209487438201904 
5.620396614074707 
5.262662410736084 
5.041641712188721 
5.541123867034912 
4.858419895172119 
5.016153812408447 
5.000812530517578 
5.797637939453125 
5.2042236328125 
5.89794397354126 
5.350456714630127 
5.83883810043335 
8.270716667175293 
5.083562850952148 
5.04663610458374 
5.066781997680664 
5.619803428649902 
6.3355278968811035 
5.533493518829346 
4.987635612487793 
4.9967780113220215 
9.535616874694824 
6.36687707901001 
4.917510509490967 
4.808433532714844 
4.968622207641602 
7.219854354858398 
6.0207037925720215 
4.988761901855469 
5.1112213134765625 
4.826476573944092 
5.067962169647217 
4.90437126159668 
5.364398956298828 
4.983583450317383 
5.104271411895752 
4.9112138748168945 
5.03494119644165 
5.237608909606934 
5.279830455780029 
4.768383979797363 
5.064335346221924 
8.372254371643066 
6.7818732261657715 
5.6804375648498535 
5.329927921295166 
5.195838928222656 
5.235071659088135 
5.090659141540527 
5.239414691925049 
5.739892959594727 
5.117780685424805 
6.067857265472412 
5.252251148223877 
10.332818031311035 
5.147892475128174 
4.9683427810668945 
5.137284755706787 
5.03456449508667 
5.160470485687256 
5.548382759094238 
5.30807638168335 
5.127331256866455 
6.06882905960083 
5.538713455200195 
6.9887309074401855 
5.079914569854736 
5.271731376647949 
5.077061176300049 
7.425405025482178 
4.994699954986572 
5.104754447937012 
5.115683078765869 
5.118056297302246 
5.1527814865112305 
5.141233444213867 
5.221670627593994 
5.285404682159424 
4.95878267288208 
5.152528285980225 
5.266374111175537 
5.42763090133667 
5.079041957855225 
5.617686748504639 
5.692455768585205 
4.842695236206055 
5.508327960968018 
5.237750053405762 
5.34625768661499 
5.028598785400391 
5.0499491691589355 
4.868290424346924 
7.927562236785889 
6.534786224365234 
5.113803386688232 
5.682958126068115 
5.158726215362549 
6.227407932281494 
4.829990386962891 
5.954333782196045 
5.166653156280518 
7.745444297790527 
5.110284328460693 
5.085272312164307 
5.289478778839111 
5.091624736785889 
5.020756244659424 
5.1453537940979 
7.433061122894287 
5.706846237182617 
5.020644664764404 
6.03283166885376 
5.142979145050049 
4.9769134521484375 
4.772435665130615 
5.354204177856445 
5.083317756652832 
5.0121588706970215 
7.016075611114502 
6.371888160705566 
5.033304691314697 
4.936798095703125 
6.880314350128174 
6.224435329437256 
5.1942362785339355 
5.100505828857422 
5.008364677429199 
5.290952682495117 
5.157713413238525 
5.39723014831543 
5.402806758880615 
5.4503045082092285 
4.838362216949463 
5.614949703216553 
5.614548683166504 
5.415718078613281 
5.616364479064941 
5.6218953132629395 
7.838493824005127 
4.929619312286377 
5.1902313232421875 
5.239897727966309 
5.0876851081848145 
5.10112190246582 
5.801718711853027 
6.041087627410889 
4.7866129875183105 
5.0169830322265625 
6.422790050506592 
4.8396220207214355 
5.014976978302002 
5.207433223724365 
5.890134334564209 
7.0971198081970215 
5.464770317077637 
4.8696441650390625 
5.215038299560547 
7.2634711265563965 
5.130518913269043 
6.478726863861084 
5.178985595703125 
4.851963996887207 
5.334248065948486 
6.6694817543029785 
5.3620991706848145 
5.375990390777588 
4.968762397766113 
5.0387654304504395 
5.028997421264648 
5.314681529998779 
5.719428062438965 
4.980462074279785 
5.503077030181885 
4.964889049530029 
5.639096736907959 
7.13142204284668 
5.327477931976318 
5.393883228302002 
5.31275749206543 
5.1072211265563965 
5.334842205047607 
4.811223030090332 
4.969481945037842 
8.654237747192383 
4.789653301239014 
5.335812091827393 
4.989138126373291 
8.079923629760742 
5.280642986297607 
4.885565757751465 
5.445353984832764 
5.635444164276123 
5.050206184387207 
6.474048137664795 
5.858654499053955 
5.11586332321167 
5.220256805419922 
5.218125820159912 
5.0179924964904785 
5.025791645050049 
4.977238178253174 
5.132374286651611 
5.020812511444092 
7.774529933929443 
6.336575984954834 
5.319982051849365 
5.410245418548584 
5.24678373336792 
5.109339237213135 
5.533928871154785 
5.554942607879639 
5.499911785125732 
5.435518741607666 
4.719423770904541 
5.096001148223877 
5.213106632232666 
5.21092414855957 
5.16537618637085 
8.1469087600708 
4.936649799346924 
5.2574687004089355 
5.621884822845459 
5.584829807281494 
6.672189235687256 
4.961911678314209 
5.037521839141846 
4.9119343757629395 
4.903016567230225 
5.160693168640137 
5.308668613433838 
5.573237895965576 
5.42868709564209 
6.060786724090576 
4.921835422515869 
5.057668209075928 
4.963845729827881 
5.6851630210876465 
5.658339500427246 
4.950585842132568 
5.229178428649902 
8.1505708694458 
4.9704270362854 
5.509250640869141 
4.871782302856445 
5.015120029449463 
5.2519755363464355 
5.120605945587158 
5.012810230255127 
4.940637111663818 
4.9000983238220215 
5.357742786407471 
5.02572774887085 
5.272722244262695 
4.823944568634033 
5.780246734619141 
5.6488261222839355 
5.108650207519531 
5.372415542602539 
5.058281898498535 
7.244112968444824 
5.319377422332764 
5.247954368591309 
5.695902347564697 
5.107852458953857 
5.690060138702393 
8.853914260864258 
4.989150524139404 
6.6286773681640625 
6.996618270874023 
5.712118625640869 
4.984405994415283 
5.445280075073242 
5.357082843780518 
5.035304546356201 
5.856688976287842 
5.11283540725708 
7.375722408294678 
6.493191242218018 
5.700788497924805 
4.816040992736816 
5.0129313468933105 
6.5018792152404785 
7.002011775970459 
4.869984149932861 
5.420752048492432 
5.359132766723633 
5.762260913848877 
4.85864782333374 
5.402883052825928 
5.1360554695129395 
4.789158821105957 
4.901169300079346 
6.074243068695068 
4.923631191253662 
5.586602210998535 
5.043097972869873 
4.8988118171691895 
4.649667263031006 
8.530455589294434 
5.1360554695129395 
4.97020959854126 
4.901970386505127 
4.9534220695495605 
6.981663227081299 
7.020828723907471 
5.148184299468994 
4.904684543609619 
4.835597515106201 
4.9967780113220215 
5.497566223144531 
5.121135234832764 
5.142098903656006 
4.946025371551514 
5.27182149887085 
7.820824146270752 
5.295013427734375 
7.203629493713379 
5.326549053192139 
4.974940776824951 
5.193298816680908 
6.098384380340576 
5.00421667098999 
5.890778064727783 
5.241049289703369 
5.275671005249023 
5.436522006988525 
5.160309791564941 
5.023323059082031 
5.2372565269470215 
5.005636215209961 
5.520559310913086 
5.112402439117432 
5.152954578399658 
4.998075008392334 
4.912050724029541 
4.938169479370117 
5.010467052459717 
5.068554401397705 
6.07490348815918 
4.894957065582275 
5.1183180809021 
6.57150936126709 
5.401910781860352 
4.9449782371521 
5.271132946014404 
7.714910984039307 
6.016156196594238 
5.126214504241943 
5.0023512840271 
5.80881929397583 
8.27234935760498 
4.999486446380615 
4.863916873931885 
8.463356018066406 
8.902064323425293 
5.810420513153076 
7.204984188079834 
5.357777118682861 
5.698410987854004 
5.008036136627197 
6.543985843658447 
4.9287848472595215 
6.677366733551025 
9.640076637268066 
5.028735160827637 
4.984328746795654 
5.031886100769043 
5.054632663726807 
4.905057430267334 
5.101321697235107 
6.421919822692871 
5.195542812347412 
4.804253101348877 
5.017258167266846 
5.325707912445068 
5.279372692108154 
5.468531131744385 
5.6516289710998535 
9.276442527770996 
5.339698791503906 
4.890841007232666 
4.787430763244629 
4.934049129486084 
7.470347881317139 
5.002943515777588 
5.117146015167236 
5.006092548370361 
5.5800957679748535 
8.990225791931152 
9.518387794494629 
4.965109348297119 
5.2241291999816895 
5.061177730560303 
5.023179531097412 
4.956836700439453 
5.1659440994262695 
6.975196361541748 
5.212858200073242 
5.013177394866943 
5.200356960296631 
5.339451313018799 
5.285803318023682 
5.104285717010498 
6.449008464813232 
7.768104553222656 
5.322677135467529 
5.197824001312256 
5.101904392242432 
5.306195259094238 
5.319151878356934 
8.741606712341309 
5.119935989379883 
5.001282215118408 
5.035914897918701 
5.127442359924316 
4.941059589385986 
5.176146030426025 
5.125050067901611 
5.259189605712891 
7.178822040557861 
6.400973796844482 
5.186847686767578 
4.94099760055542 
4.901560306549072 
4.906044960021973 
5.398244857788086 
5.299099445343018 
8.718764305114746 
8.145176887512207 
5.025497913360596 
5.002524375915527 
5.150803089141846 
5.224527359008789 
4.927833557128906 
4.882269859313965 
5.0845046043396 
4.994322299957275 
5.139105796813965 
4.798166751861572 
5.208795070648193 
4.932861804962158 
4.729639053344727 
6.690271854400635 
4.854892253875732 
5.268255710601807 
6.227077007293701 
5.78059720993042 
5.1179914474487305 
5.591339588165283 
8.681173324584961 
4.848217487335205 
5.087064743041992 
6.967264652252197 
6.160988807678223 
5.381944179534912 
5.511518955230713 
5.303248882293701 
5.088192939758301 
5.062513828277588 
5.022736072540283 
6.387634754180908 
5.213796138763428 
5.2514262199401855 
5.057506084442139 
5.06532096862793 
6.824182033538818 
5.159621238708496 
4.957669734954834 
5.017045497894287 
4.947272777557373 
5.964320659637451 
4.969113349914551 
5.285138130187988 
5.056909084320068 
5.494897842407227 
5.481747150421143 
5.194575786590576 
5.002019882202148 
5.3462042808532715 
7.045594692230225 
4.959228992462158 
5.767578601837158 
6.6297926902771 
6.336917877197266 
5.272724628448486 
5.085225582122803 
6.126994609832764 
5.055556297302246 
7.1920485496521 
6.937349319458008 
4.886730194091797 
5.106739521026611 
5.172133922576904 
4.946774482727051 
5.446260452270508 
5.385165691375732 
5.853902339935303 
5.065531253814697 
5.164249897003174 
5.4807305335998535 
5.70417594909668 
6.622287750244141 
5.446346759796143 
5.048428535461426 
5.691897869110107 
5.231291770935059 
5.067711353302002 
5.119466304779053 
5.615234851837158 
5.335695266723633 
4.965656757354736 
4.677740573883057 
6.119097709655762 
5.00310754776001 
9.119826316833496 
5.465735912322998 
5.078775405883789 
5.2170233726501465 
5.0119948387146 
5.314453601837158 
5.087576389312744 
8.122193336486816 
5.9705281257629395 
5.139093399047852 
4.986262321472168 
4.90322732925415 
8.096446990966797 
6.684420585632324 
5.455463886260986 
5.100595474243164 
5.728889465332031 
4.6551833152771 
5.149550437927246 
5.155635356903076 
5.271602153778076 
5.131041049957275 
5.1062445640563965 
5.029854774475098 
5.258323669433594 
4.851466655731201 
5.3446855545043945 
6.016336917877197 
5.023519992828369 
5.192110538482666 
7.4197564125061035 
4.914424419403076 
4.848297119140625 
4.954221725463867 
4.875270843505859 
4.966896057128906 
6.32219934463501 
5.2408905029296875 
5.297779560089111 
5.136961936950684 
5.400045394897461 
4.98131799697876 
5.094961643218994 
5.944180965423584 
5.721469402313232 
5.04608678817749 
6.460879325866699 
5.440897464752197 
4.943382740020752 
4.958371162414551 
5.029484748840332 
5.166015148162842 
5.442852020263672 
4.78240442276001 
4.8345818519592285 
5.36332368850708 
5.004963397979736 
5.077232360839844 
5.09173583984375 
5.197310447692871 
5.055346965789795 
4.905940532684326 
5.053856372833252 
5.062022686004639 
5.985835552215576 
5.152280330657959 
5.078031539916992 
4.9805731773376465 
4.902538776397705 
4.7418131828308105 
5.077578067779541 
5.7941813468933105 
6.4912614822387695 
5.074155330657959 
5.075224876403809 
5.304728984832764 
6.2100653648376465 
4.917132377624512 
5.124668121337891 
5.036732196807861 
4.99439811706543 
5.085416316986084 
5.133711814880371 
5.682520389556885 
5.138509273529053 
4.6334943771362305 
4.9519429206848145 
5.204261302947998 
5.360733509063721 
5.240456581115723 
5.125720500946045 
4.832454204559326 
5.151859283447266 
5.398162364959717 
5.480281352996826 
4.939218044281006 
5.530717849731445 
5.311788082122803 
5.3706183433532715 
5.160233974456787 
5.962985992431641 
5.0793585777282715 
5.181240081787109 
4.952051639556885 
5.081360340118408 
5.296633243560791 
5.826737880706787 
4.8553385734558105 
5.092195510864258 
5.227186679840088 
5.6235671043396 
5.303914546966553 
4.983457565307617 
5.034727096557617 
4.9109721183776855 
6.6852922439575195 
5.793147563934326 
5.141788005828857 
4.8986382484436035 
4.858638286590576 
5.341180324554443 
4.843904972076416 
5.336036205291748 
5.105818271636963 
5.274299144744873 
5.052820682525635 
7.817042827606201 
4.963327884674072 
5.231073379516602 
5.4336676597595215 
5.084967136383057 
5.487720012664795 
4.962423801422119 
4.9530348777771 
5.12876558303833 
7.487451553344727 
5.340156078338623 
5.1361260414123535 
5.722835063934326 
5.105772972106934 
5.222387790679932 
6.231294631958008 
5.95968770980835 
5.2558913230896 
4.897934913635254 
5.972731113433838 
5.351142406463623 
5.131672382354736 
5.2169084548950195 
5.116506576538086 
6.653110027313232 
5.348982810974121 
5.275927543640137 
5.067964553833008 
5.445279598236084 
5.0437912940979 
5.18887996673584 
4.950361728668213 
5.222726821899414 
5.031692981719971 
5.029101848602295 
8.162043571472168 
6.073627948760986 
5.114614963531494 
5.055151462554932 
8.8543062210083 
5.797505855560303 
6.217875957489014 
5.238762378692627 
5.581555366516113 
5.170350551605225 
5.340980052947998 
5.160128116607666 
5.153728008270264 
5.060457706451416 
5.270191192626953 
5.200385570526123 
5.160861015319824 
5.070394039154053 
4.9587178230285645 
4.863596439361572 
5.473388195037842 
5.113946437835693 
6.526687145233154 
5.249904155731201 
5.1313581466674805 
4.910248279571533 
5.0852484703063965 
5.034658908843994 
4.939239978790283 
5.092684745788574 
5.156036853790283 
5.454229831695557 
5.146661281585693 
4.840149402618408 
5.105343818664551 
5.018136501312256 
4.9447245597839355 
4.958736419677734 
4.946573257446289 
4.991617679595947 
5.301858425140381 
5.266413688659668 
7.28102445602417 
5.009623050689697 
5.03549861907959 
5.947540283203125 
4.949618816375732 
7.021280765533447 
5.937531471252441 
5.874063968658447 
4.929366588592529 
5.075961589813232 
6.244312286376953 
6.085837364196777 
4.980111122131348 
5.0238356590271 
4.859443187713623 
5.306000709533691 
5.186054229736328 
5.116471767425537 
5.1546950340271 
5.066426753997803 
5.05457067489624 
6.750878810882568 
4.787347316741943 
4.993493556976318 
5.65197229385376 
5.019403457641602 
4.801208019256592 
5.12110710144043 
5.0500874519348145 
4.9722723960876465 
5.413054943084717 
5.071516513824463 
6.329719066619873 
5.321832656860352 
5.006133079528809 
5.670104026794434 
5.192649841308594 
5.486300945281982 
5.088398456573486 
6.7678351402282715 
5.2254319190979 
4.639460563659668 
6.2432332038879395 
5.434322357177734 
6.20686674118042 
4.860159397125244 
5.196079730987549 
4.990686893463135 
4.919806480407715 
4.8646345138549805 
5.373701095581055 
5.158159255981445 
5.211213111877441 
6.5848565101623535 
5.345377445220947 
5.399075031280518 
5.393954277038574 
5.049528121948242 
5.864028453826904 
6.1327643394470215 
6.204085350036621 
7.384358882904053 
4.681528568267822 
5.05643892288208 
6.383012294769287 
5.023691654205322 
5.033854961395264 
5.1123480796813965 
4.984598636627197 
5.195871353149414 
4.8370232582092285 
5.086303234100342 
5.062771797180176 
6.953439712524414 
5.241160869598389 
6.320324420928955 
5.071450710296631 
5.003561973571777 
5.1363043785095215 
5.65109395980835 
5.029602527618408 
4.966036796569824 
5.973538398742676 
5.071099758148193 
5.861275672912598 
5.824960231781006 
5.120461463928223 
5.073878765106201 
6.070489406585693 
5.094331741333008 
10.04277515411377 
5.562025547027588 
4.867051601409912 
7.07293176651001 
5.146800994873047 
5.068596363067627 
5.378738880157471 
6.513043403625488 
5.187623500823975 
6.12025260925293 
9.36669635772705 
4.834356784820557 
6.945955753326416 
4.918514251708984 
5.05540132522583 
5.216177463531494 
5.768369674682617 
5.073791027069092 
5.23555326461792 
5.259065628051758 
5.046219825744629 
5.179265975952148 
4.909214496612549 
5.677244663238525 
5.405844688415527 
6.08896017074585 
5.045612812042236 
4.977847576141357 
5.152628421783447 
5.384640216827393 
7.472157955169678 
5.3181023597717285 
7.064645290374756 
5.311760425567627 
5.21969747543335 
5.034294605255127 
5.278944969177246 
6.461063861846924 
6.07125186920166 
5.02589225769043 
5.232722759246826 
5.372272968292236 
5.030446529388428 
5.121643543243408 
5.986571788787842 
5.192718982696533 
4.903936386108398 
5.26024055480957 
5.182147026062012 
5.1941986083984375 
5.0686821937561035 
5.114626407623291 
5.151426792144775 
9.170340538024902 
4.972182273864746 
5.008129596710205 
5.099521160125732 
5.153270244598389 
5.304419040679932 
7.981794834136963 
4.931906700134277 
5.433678150177002 
8.640558242797852 
4.866974353790283 
5.0173659324646 
5.0514960289001465 
5.301757335662842 
6.906172275543213 
5.157348155975342 
7.071138381958008 
4.841159343719482 
6.066184043884277 
4.9280829429626465 
5.085996627807617 
5.649292945861816 
5.3483147621154785 
4.95606803894043 
5.1376872062683105 
4.959929466247559 
4.9655938148498535 
5.287231922149658 
5.1130523681640625 
5.1215996742248535 
5.094964504241943 
5.025558948516846 
5.221552848815918 
5.199002265930176 
5.138770580291748 
5.6436967849731445 
7.665938377380371 
5.153527736663818 
5.273764133453369 
5.022654056549072 
4.967513561248779 
6.070044040679932 
5.123968601226807 
5.330278396606445 
5.096992492675781 
4.951775550842285 
4.929450035095215 
7.0265936851501465 
5.101572036743164 
6.264186382293701 
5.075906753540039 
4.911726474761963 
5.1010637283325195 
5.621602535247803 
6.481746673583984 
9.575783729553223 
5.788890361785889 
5.34067440032959 
5.228212356567383 
5.063716411590576 
7.882745265960693 
5.222329616546631 
6.581483364105225 
7.796507358551025 
6.353957653045654 
6.0068793296813965 
4.9705915451049805 
4.921064853668213 
5.083436489105225 
5.592457294464111 
5.0866827964782715 
5.227597713470459 
4.923843860626221 
5.040083408355713 
4.922321796417236 
5.033581733703613 
5.110798358917236 
5.14082670211792 
5.016036510467529 
5.075441360473633 
5.09069299697876 
5.092619895935059 
6.021378993988037 
4.866640090942383 
6.621553421020508 
4.920290470123291 
5.064899921417236 
5.186890125274658 
5.182276248931885 
5.23253059387207 
5.91422700881958 
5.620220184326172 
5.1486077308654785 
5.000476360321045 
5.1519083976745605 
5.104329586029053 
6.286245822906494 
5.026038646697998 
6.722559452056885 
4.902504920959473 
5.70498514175415 
4.750000953674316 
5.449174404144287 
7.279813766479492 
5.019139289855957 
7.101480007171631 
5.509006023406982 
5.338540077209473 
5.033982753753662 
5.101012706756592 
5.10670804977417 
4.892514705657959 
7.124655246734619 
5.312440395355225 
5.04686164855957 
5.172511577606201 
5.145484447479248 
6.219465255737305 
6.499129772186279 
5.948934078216553 
5.0358967781066895 
5.427687168121338 
5.197044372558594 
5.372476100921631 
5.842268466949463 
5.273024082183838 
5.149498462677002 
5.134044170379639 
5.412102222442627 
5.310161590576172 
5.421536922454834 
5.181681156158447 
5.002060413360596 
6.552142143249512 
5.2588653564453125 
5.2459940910339355 
5.323976039886475 
5.119408130645752 
6.202188968658447 
5.4534831047058105 
5.902501583099365 
4.921647548675537 
6.229640483856201 
6.321895122528076 
4.952168941497803 
5.4568772315979 
5.280853748321533 
5.075900077819824 
5.241295337677002 
5.781771183013916 
4.944533824920654 
4.949618339538574 
6.9886794090271 
5.03886079788208 
5.224043369293213 
5.298740386962891 
5.549620151519775 
5.12842321395874 
5.62585973739624 
5.194234371185303 
4.991329669952393 
5.034487724304199 
6.2843146324157715 
5.373513221740723 
5.368519306182861 
5.00191068649292 
5.485933780670166 
5.3485493659973145 
5.099974155426025 
5.290632724761963 
5.472851753234863 
6.991008281707764 
4.8112263679504395 
5.239460468292236 
5.198742866516113 
5.674821376800537 
5.144752025604248 
5.903010845184326 
5.030121326446533 
4.785553455352783 
5.82147216796875 
4.951691150665283 
4.954117774963379 
4.856199741363525 
4.975087642669678 
5.232583045959473 
6.14083194732666 
6.143527507781982 
8.104414939880371 
4.912834644317627 
6.4660139083862305 
5.4373602867126465 
8.409989356994629 
5.336527347564697 
5.173381328582764 
5.1827006340026855 
6.1040191650390625 
5.024508476257324 
4.982189178466797 
5.5719828605651855 
4.769843578338623 
5.126525402069092 
4.929633140563965 
5.1570353507995605 
6.184826374053955 
4.9029388427734375 
4.9652886390686035 
4.956862926483154 
9.457046508789062 
5.2338738441467285 
4.918368816375732 
5.048079013824463 
5.144501686096191 
5.057026386260986 
5.363842964172363 
6.338562488555908 
5.013190746307373 
5.364348888397217 
5.0052266120910645 
5.337753772735596 
5.031652927398682 
5.073505401611328 
6.573785305023193 
5.677651882171631 
5.046898365020752 
5.24269437789917 
5.3070807456970215 
5.15009069442749 
5.966689586639404 
5.605319023132324 
5.005513668060303 
6.857690334320068 
6.061678409576416 
6.616929054260254 
5.017745018005371 
5.311412811279297 
5.133756160736084 
4.990495204925537 
5.12895393371582 
5.668146133422852 
5.662186145782471 
5.447328090667725 
5.087631702423096 
5.66904354095459 
5.141224384307861 
4.959876537322998 
4.951253414154053 
6.329685211181641 
4.876067161560059 
6.4825544357299805 
5.227440357208252 
5.099801540374756 
5.130112171173096 
5.040444850921631 
5.198431491851807 
4.78629732131958 
5.5219597816467285 
4.9563398361206055 
5.583061695098877 
4.7515740394592285 
6.3032355308532715 
5.439366340637207 
5.362321376800537 
5.1237406730651855 
6.355916500091553 
5.000921726226807 
5.106038570404053 
5.093942642211914 
7.446604251861572 
5.117697238922119 
5.19641637802124 
5.0658860206604 
7.202357292175293 
5.0876688957214355 
5.0168328285217285 
4.8860697746276855 
7.1136908531188965 
5.0199875831604 
5.044703483581543 
6.663197994232178 
6.369729995727539 
8.467307090759277 
5.079245090484619 
6.30233097076416 
5.054223537445068 
5.243852615356445 
5.116661548614502 
5.036812782287598 
5.015252590179443 
5.77626371383667 
6.87843656539917 
5.059330940246582 
7.793758392333984 
5.411179065704346 
8.192962646484375 
4.927314281463623 
5.087894439697266 
4.944653034210205 
5.997374057769775 
5.860147476196289 
6.603791236877441 
6.241662502288818 
6.772364139556885 
6.696699142456055 
8.760407447814941 
5.031708240509033 
5.072146892547607 
6.676723003387451 
5.329444408416748 
5.141937255859375 
6.600404262542725 
6.887668132781982 
4.830300331115723 
4.867054462432861 
5.097825527191162 
4.997283935546875 
5.31258487701416 
6.555372714996338 
6.525763034820557 
5.909948825836182 
9.76537036895752 
5.337001323699951 
6.279893398284912 
4.895378589630127 
5.975239276885986 
5.301909446716309 
5.837375164031982 
5.1294474601745605 
5.201914310455322 
5.08702278137207 
5.23331356048584 
5.146209716796875 
6.129868030548096 
6.682443141937256 
5.236904621124268 
5.183806419372559 
5.501417636871338 
4.855377674102783 
5.982059955596924 
5.561638832092285 
5.942359447479248 
5.125020980834961 
4.867539882659912 
7.413588523864746 
5.078588485717773 
5.095452308654785 
7.995448589324951 
5.267204761505127 
5.219786167144775 
7.092162609100342 
8.9435453414917 
5.253006458282471 
5.402288913726807 
5.0103840827941895 
5.992792129516602 
5.6258721351623535 
4.990131855010986 
8.01970100402832 
5.203464508056641 
5.217697620391846 
4.744943141937256 
5.058261871337891 
6.234750270843506 
6.281899929046631 
5.0458292961120605 
4.898499011993408 
4.961942672729492 
5.100709438323975 
4.956919193267822 
5.404099941253662 
5.215183734893799 
5.031507968902588 
5.332825183868408 
5.224637508392334 
5.134026527404785 
4.892000675201416 
8.067147254943848 
5.2859625816345215 
5.3297882080078125 
4.929171085357666 
6.91414213180542 
5.2090301513671875 
5.080112934112549 
6.636540412902832 
5.246410369873047 
5.257727146148682 
6.949080944061279 
5.436079502105713 
4.7850775718688965 
5.764532566070557 
6.611591339111328 
6.088235855102539 
4.958984375 
9.106636047363281 
5.463718891143799 
5.182447910308838 
6.331701278686523 
5.177072525024414 
5.3452935218811035 
5.022118091583252 
4.978975296020508 
5.258328914642334 
5.103715419769287 
5.125370502471924 
7.463476657867432 
5.140472412109375 
4.968797206878662 
5.233522891998291 
5.125693321228027 
5.874382972717285 
5.7455153465271 
5.114426136016846 
5.839713096618652 
4.87527322769165 
4.858426094055176 
5.2159647941589355 
5.151306629180908 
5.588184356689453 
5.053225040435791 
5.246963024139404 
8.793533325195312 
5.038475513458252 
5.670690059661865 
4.95660400390625 
6.151604652404785 
5.115246295928955 
4.938942909240723 
4.92462158203125 
5.504101276397705 
5.54368257522583 
5.214101314544678 
4.974836826324463 
4.922647953033447 
5.102694034576416 
4.959767818450928 
5.714810848236084 
4.958764553070068 
5.1390509605407715 
5.108183860778809 
5.243197441101074 
7.767069339752197 
7.042757511138916 
5.611435413360596 
4.855951309204102 
7.995856761932373 
4.928078651428223 
5.479875564575195 
5.39639949798584 
5.298363208770752 
5.205793857574463 
5.151413440704346 
5.060648441314697 
5.1052727699279785 
4.9252448081970215 
5.159251689910889 
5.715284824371338 
4.967615604400635 
5.039776802062988 
5.035257816314697 
5.0010085105896 
6.074163913726807 
5.270774841308594 
5.20703649520874 
5.084108829498291 
5.081056118011475 
7.107842922210693 
5.253346920013428 
5.5213141441345215 
5.19962215423584 
4.966115474700928 
5.167506217956543 
6.60044527053833 
5.12608003616333 
5.867485523223877 
6.084049701690674 
4.6880083084106445 
4.902914524078369 
5.060247898101807 
4.9834418296813965 
4.988478183746338 
5.292487621307373 
4.93062162399292 
5.185983657836914 
5.326627254486084 
4.985620021820068 
6.072441577911377 
6.228447437286377 
6.572629451751709 
5.155897617340088 
6.2367939949035645 
5.345355033874512 
4.892425060272217 
5.695578575134277 
5.155659198760986 
7.648903846740723 
4.984175682067871 
5.012370586395264 
5.2161545753479 
5.164693355560303 
4.97787618637085 
4.982641696929932 
6.822147369384766 
4.958969593048096 
5.035617351531982 
5.348730087280273 
5.468549728393555 
4.929453372955322 
5.1567301750183105 
5.379735946655273 
5.10325288772583 
6.707143306732178 
6.936473369598389 
5.72260856628418 
5.053404808044434 
5.1576361656188965 
5.066580295562744 
5.152223587036133 
4.913662433624268 
5.201475143432617 
5.032216548919678 
4.9699835777282715 
5.109315395355225 
5.0509724617004395 
6.55645227432251 
9.991671562194824 
4.933427333831787 
5.444167613983154 
5.306646823883057 
6.45015287399292 
4.856342315673828 
5.071675777435303 
4.941544055938721 
5.593369960784912 
5.8138933181762695 
5.084226131439209 
5.518294811248779 
6.118710994720459 
6.8618550300598145 
5.168558597564697 
5.134338855743408 
4.838293552398682 
7.661310195922852 
5.217176914215088 
5.11353874206543 
5.01161527633667 
4.966433048248291 
5.551528453826904 
5.428424835205078 
5.066742897033691 
4.8692450523376465 
4.812692165374756 
5.565771102905273 
5.180295944213867 
5.039763927459717 
5.08224630355835 
4.938775062561035 
5.299755096435547 
5.238320350646973 
5.522443771362305 
5.303750514984131 
4.9327263832092285 
5.418562412261963 
5.25000524520874 
5.553946495056152 
5.018919467926025 
4.781662940979004 
5.108152866363525 
7.620641231536865 
5.182673454284668 
5.597797393798828 
5.6248779296875 
4.895275592803955 
5.103525161743164 
5.323733806610107 
6.219989776611328 
5.4167046546936035 
7.327527046203613 
4.980746746063232 
5.154294967651367 
5.227610111236572 
5.637404918670654 
5.336587429046631 
5.211616516113281 
4.776673793792725 
4.916576385498047 
5.008824825286865 
4.913727760314941 
4.90277099609375 
7.558718681335449 
5.977214813232422 
5.095548629760742 
5.19948148727417 
5.24950647354126 
6.024425029754639 
5.39947509765625 
5.139410018920898 
5.381742000579834 
5.071499347686768 
5.066548824310303 
5.073631286621094 
4.99542760848999 
5.117776870727539 
5.043572902679443 
8.09167766571045 
7.855437278747559 
4.99817419052124 
5.025584697723389 
6.430932521820068 
5.122416973114014 
5.355201244354248 
4.795565605163574 
5.339169979095459 
4.941325664520264 
5.1880974769592285 
5.298093795776367 
5.268087863922119 
4.970606803894043 
5.051139831542969 
7.408992767333984 
5.1636881828308105 
5.090676784515381 
4.912330150604248 
5.135006904602051 
5.4190850257873535 
5.672365188598633 
4.877684116363525 
5.423049449920654 
4.9068732261657715 
7.669154644012451 
5.513458728790283 
7.5940656661987305 
7.521090507507324 
5.426605701446533 
6.853601455688477 
5.191401958465576 
6.847131252288818 
5.184787273406982 
6.858856678009033 
5.167130947113037 
5.286157131195068 
5.280829906463623 
4.933454990386963 
6.54720401763916 
5.117453098297119 
4.819519519805908 
5.127286911010742 
6.682749271392822 
4.904485702514648 
4.87884521484375 
5.43147087097168 
6.340234279632568 
5.127717018127441 
5.109695911407471 
5.066551685333252 
4.9770331382751465 
10.068902015686035 
5.081181049346924 
5.2613396644592285 
5.376420974731445 
5.345224380493164 
5.078127861022949 
4.98209285736084 
6.431404113769531 
4.997137546539307 
5.1058783531188965 
5.168294429779053 
5.588759422302246 
6.703548908233643 
5.167474269866943 
4.862171649932861 
5.2268781661987305 
4.736506938934326 
5.050981044769287 
5.850740909576416 
5.233290195465088 
4.861257076263428 
5.214509963989258 
5.152854919433594 
4.977110385894775 
5.025058746337891 
5.676641941070557 
7.922509670257568 
5.056947708129883 
5.235531330108643 
4.898925304412842 
5.218127727508545 
7.137737274169922 
6.762659549713135 
4.857386112213135 
5.05151891708374 
5.112576007843018 
4.911520004272461 
5.088396072387695 
8.363694190979004 
4.9852614402771 
4.610489368438721 
5.327535152435303 
4.902495861053467 
5.283580303192139 
5.295405864715576 
4.876536846160889 
5.086453914642334 
4.949512958526611 
5.109990119934082 
7.199252605438232 
7.916690826416016 
4.9763054847717285 
7.396519184112549 
5.222558498382568 
4.968184947967529 
6.089344024658203 
5.391672611236572 
5.105660915374756 
4.99154806137085 
5.6574225425720215 
5.028680324554443 
4.782164096832275 
5.103865146636963 
8.61092472076416 
5.101681232452393 
5.507214546203613 
4.8227925300598145 
5.280818462371826 
4.892781734466553 
6.0778326988220215 
5.016068458557129 
5.315939426422119 
6.902400493621826 
5.227803707122803 
5.159808158874512 
4.9317169189453125 
5.086366176605225 
5.2231035232543945 
5.071034908294678 
4.9054765701293945 
5.154212474822998 
5.125524997711182 
7.16972017288208 
5.747352123260498 
4.798988342285156 
4.911254405975342 
5.2915143966674805 
5.13706636428833 
5.022870063781738 
7.120577335357666 
4.978451251983643 
5.01816987991333 
4.930516719818115 
6.4109787940979 
4.948521614074707 
5.131328105926514 
5.164389133453369 
5.029574871063232 
4.98327112197876 
6.3219404220581055 
5.417532920837402 
5.002033710479736 
5.603888988494873 
5.265692234039307 
5.094538688659668 
5.3393731117248535 
5.163769245147705 
4.983066082000732 
4.995402812957764 
5.51261568069458 
4.667651653289795 
5.60619592666626 
5.367381572723389 
5.322623252868652 
4.943910121917725 
5.55679178237915 
7.882547378540039 
5.101826190948486 
6.5709967613220215 
4.876525402069092 
5.153957843780518 
5.087108612060547 
8.169806480407715 
5.305491924285889 
5.614509105682373 
5.110457897186279 
5.949490070343018 
5.3610734939575195 
4.873202323913574 
5.140657901763916 
5.062530994415283 
5.089824676513672 
5.80301570892334 
5.126562595367432 
6.120838642120361 
5.025489807128906 
5.1938934326171875 
4.8935370445251465 
5.279425621032715 
5.018044471740723 
6.667026996612549 
5.860986232757568 
5.521669387817383 
5.24322509765625 
6.009607791900635 
4.873366832733154 
5.045347690582275 
4.91980504989624 
5.039844989776611 
4.932229518890381 
4.9894022941589355 
4.889715194702148 
4.962657928466797 
5.0525031089782715 
6.414852142333984 
5.7368245124816895 
5.124710559844971 
5.411514759063721 
5.881246089935303 
4.997138500213623 
6.899674415588379 
5.047874927520752 
5.048091411590576 
7.090866565704346 
5.125309944152832 
5.243372440338135 
4.930182933807373 
5.105602741241455 
5.858779430389404 
5.311927318572998 
5.023056507110596 
5.2717695236206055 
4.978682041168213 
5.121953964233398 
5.175756931304932 
6.637771129608154 
4.866054058074951 
5.554423809051514 
6.856509208679199 
9.10285472869873 
4.887176036834717 
5.507874965667725 
5.55318546295166 
6.438014030456543 
6.195415019989014 
4.916118621826172 
5.041536808013916 
5.26229190826416 
5.6123247146606445 
5.009716510772705 
5.444681644439697 
5.10258150100708 
5.168778896331787 
5.360895156860352 
6.387135028839111 
5.525571823120117 
5.089656352996826 
4.939880847930908 
4.913882255554199 
5.2444844245910645 
7.979917049407959 
4.8874664306640625 
5.1208882331848145 
5.155969142913818 
5.098747253417969 
5.488101959228516 
6.661524772644043 
5.583904266357422 
4.940566062927246 
5.196034908294678 
5.867101669311523 
10.041537284851074 
5.048720359802246 
5.410516262054443 
5.702016353607178 
4.902482509613037 
5.148247718811035 
4.940550804138184 
4.959187984466553 
4.98419713973999 
5.452999591827393 
5.215312480926514 
5.099890232086182 
5.060757160186768 
5.047824382781982 
4.931168556213379 
5.081824779510498 
5.367004871368408 
4.892321586608887 
6.253614902496338 
5.435100078582764 
5.805180072784424 
7.74416971206665 
5.417898178100586 
6.0649189949035645 
5.052764415740967 
4.823976039886475 
5.503342151641846 
5.387107849121094 
5.116738319396973 
5.090492248535156 
5.047916889190674 
5.48921537399292 
5.263470649719238 
5.785934925079346 
5.448141574859619 
5.251649379730225 
4.862093925476074 
5.204623699188232 
4.914814472198486 
5.905087947845459 
5.215558052062988 
5.053516387939453 
5.5439229011535645 
6.261643886566162 
4.918585300445557 
5.1947855949401855 
4.840388298034668 
