5.88563871383667 
5.150811195373535 
5.331270217895508 
5.331270217895508 
5.169117450714111 
5.331270217895508 
5.7149248123168945 
5.086263656616211 
5.331270217895508 
5.331270217895508 
5.331270217895508 
5.331270217895508 
5.331270217895508 
5.331270217895508 
5.331270217895508 
5.747617721557617 
6.138061046600342 
5.131202220916748 
5.331270217895508 
5.331270217895508 
5.722896575927734 
5.331270217895508 
5.723184108734131 
5.331270217895508 
5.331270217895508 
5.331270217895508 
5.331270217895508 
5.958786964416504 
5.331270217895508 
5.331270217895508 
5.130835056304932 
5.331270217895508 
6.460639953613281 
5.331270217895508 
5.140166759490967 
5.331270217895508 
5.331270217895508 
5.331270217895508 
5.331270217895508 
5.321544647216797 
5.331270217895508 
5.690229415893555 
5.331270217895508 
5.1295061111450195 
5.331270217895508 
5.331270217895508 
5.718904495239258 
5.331270217895508 
5.331270217895508 
5.331270217895508 
5.331270217895508 
5.331270217895508 
5.169743061065674 
4.966817378997803 
5.331270217895508 
5.145233631134033 
5.459056377410889 
5.331270217895508 
5.331270217895508 
5.679173946380615 
5.768877983093262 
5.331270217895508 
5.331270217895508 
6.083661079406738 
5.795265197753906 
5.7408528327941895 
5.331270217895508 
5.953247547149658 
5.331270217895508 
5.331270217895508 
5.149499893188477 
5.11984920501709 
5.331270217895508 
5.1245622634887695 
5.1193013191223145 
5.331270217895508 
5.65271520614624 
5.121206760406494 
5.929439544677734 
5.722896575927734 
5.331270217895508 
6.021945476531982 
5.23460054397583 
5.331270217895508 
5.140624523162842 
5.331270217895508 
7.105549335479736 
5.331270217895508 
5.331270217895508 
5.1307477951049805 
5.638428211212158 
5.331270217895508 
5.331270217895508 
5.331270217895508 
7.364214897155762 
5.331270217895508 
6.439674377441406 
5.331270217895508 
4.938497066497803 
5.715900897979736 
6.1025776863098145 
5.331270217895508 
5.417328834533691 
5.331270217895508 
5.331270217895508 
5.331270217895508 
5.331270217895508 
5.331270217895508 
5.331270217895508 
5.331270217895508 
5.331270217895508 
5.331270217895508 
5.1164679527282715 
5.1213250160217285 
5.123541831970215 
5.331270217895508 
6.175144672393799 
6.885867595672607 
5.093608379364014 
5.132047176361084 
5.331270217895508 
5.331270217895508 
5.1344313621521 
4.96555757522583 
5.728817462921143 
5.331270217895508 
5.331270217895508 
5.331270217895508 
5.331270217895508 
5.141382217407227 
5.331270217895508 
5.331270217895508 
5.331270217895508 
5.131598949432373 
5.679173946380615 
5.331270217895508 
6.286930084228516 
5.226938247680664 
5.331270217895508 
6.858949661254883 
5.124813556671143 
5.037659168243408 
5.331270217895508 
5.331270217895508 
5.773777961730957 
5.13987398147583 
5.573947429656982 
5.331270217895508 
5.331270217895508 
5.331270217895508 
5.1590681076049805 
5.331270217895508 
5.169117450714111 
7.397181987762451 
6.9441704750061035 
5.331270217895508 
5.331270217895508 
5.331270217895508 
5.331270217895508 
5.747488498687744 
5.717974662780762 
5.331270217895508 
5.331270217895508 
5.331270217895508 
5.331270217895508 
5.1287407875061035 
5.331270217895508 
5.331270217895508 
7.94667911529541 
5.331270217895508 
5.331270217895508 
5.331270217895508 
5.331270217895508 
5.331270217895508 
5.1388678550720215 
5.331270217895508 
5.331270217895508 
6.118274211883545 
5.331270217895508 
5.331270217895508 
5.331270217895508 
5.003270626068115 
5.122082233428955 
5.331270217895508 
5.331270217895508 
5.1184916496276855 
5.165689945220947 
5.331270217895508 
5.132660865783691 
5.133100986480713 
6.278894901275635 
5.154694080352783 
5.331270217895508 
5.212856292724609 
5.331270217895508 
5.139798641204834 
5.331270217895508 
5.331270217895508 
6.383946895599365 
5.331270217895508 
5.331270217895508 
5.783136367797852 
5.331270217895508 
5.331270217895508 
5.331270217895508 
7.364214897155762 
5.090575695037842 
5.135258197784424 
6.108938217163086 
5.129859924316406 
5.331270217895508 
6.948879718780518 
5.331270217895508 
5.331270217895508 
5.331270217895508 
5.788543701171875 
5.331270217895508 
6.175144672393799 
5.124331474304199 
5.331270217895508 
5.1170454025268555 
5.331270217895508 
5.331270217895508 
5.331270217895508 
5.331270217895508 
5.331270217895508 
5.115381717681885 
5.331270217895508 
5.331270217895508 
5.331270217895508 
5.331270217895508 
5.331270217895508 
5.331270217895508 
5.444278717041016 
5.331270217895508 
5.331270217895508 
5.331270217895508 
5.331270217895508 
6.231482982635498 
5.331270217895508 
5.331270217895508 
5.331270217895508 
5.149499893188477 
5.675837993621826 
5.331270217895508 
5.331270217895508 
5.4806294441223145 
5.331270217895508 
4.938497066497803 
5.098349571228027 
5.331270217895508 
5.331270217895508 
5.997045040130615 
5.331270217895508 
5.711799144744873 
6.108938217163086 
5.331270217895508 
6.638874530792236 
5.331270217895508 
7.364214897155762 
6.9441704750061035 
5.124520301818848 
5.331270217895508 
7.120355129241943 
5.783136367797852 
5.089020729064941 
4.938497066497803 
6.9575371742248535 
6.175144672393799 
7.364214897155762 
5.331270217895508 
6.618444919586182 
6.018957138061523 
5.331270217895508 
5.124520301818848 
5.1261067390441895 
5.331270217895508 
5.256178855895996 
5.331270217895508 
6.425577640533447 
5.331270217895508 
5.115938663482666 
5.331270217895508 
5.121389865875244 
5.114231586456299 
5.331270217895508 
5.131227970123291 
5.331270217895508 
5.331270217895508 
6.869839191436768 
5.331270217895508 
5.418352127075195 
7.50660514831543 
6.18694543838501 
5.331270217895508 
5.331270217895508 
5.331270217895508 
5.119368076324463 
5.331270217895508 
5.788550853729248 
5.331270217895508 
5.331270217895508 
5.14076042175293 
5.331270217895508 
4.938802242279053 
5.331270217895508 
5.117750644683838 
6.280296802520752 
5.331270217895508 
5.331270217895508 
5.331270217895508 
5.331270217895508 
5.331270217895508 
6.261996269226074 
5.127913951873779 
5.331270217895508 
5.331270217895508 
5.331270217895508 
6.819560527801514 
5.331270217895508 
5.331270217895508 
5.118144512176514 
5.331270217895508 
5.331270217895508 
5.924978733062744 
5.331270217895508 
5.110217571258545 
5.331270217895508 
5.331270217895508 
5.331270217895508 
5.331270217895508 
5.10906457901001 
5.331270217895508 
5.679173946380615 
5.331270217895508 
5.331270217895508 
5.723184108734131 
5.109408855438232 
5.331270217895508 
5.150393009185791 
5.331270217895508 
6.355464458465576 
5.331270217895508 
5.124520301818848 
5.679173946380615 
5.114125728607178 
5.331270217895508 
5.331270217895508 
5.169743061065674 
5.331270217895508 
5.189841270446777 
5.331270217895508 
5.09241247177124 
5.331270217895508 
5.1444411277771 
5.059150218963623 
5.158587455749512 
5.136538505554199 
5.331270217895508 
5.331270217895508 
5.200211048126221 
5.331270217895508 
5.119977951049805 
5.331270217895508 
5.6508564949035645 
5.331270217895508 
5.060611248016357 
4.942044734954834 
5.331270217895508 
5.331270217895508 
5.331270217895508 
5.331270217895508 
5.331270217895508 
5.331270217895508 
5.135800838470459 
5.331270217895508 
5.124520301818848 
5.1401686668396 
5.331270217895508 
5.117237567901611 
5.331270217895508 
5.331270217895508 
5.120498180389404 
5.331270217895508 
5.331270217895508 
5.331270217895508 
5.331270217895508 
6.330445766448975 
7.034224987030029 
5.142026424407959 
5.183234214782715 
5.331270217895508 
5.745779991149902 
5.331270217895508 
5.127005100250244 
5.331270217895508 
5.286262035369873 
5.145233631134033 
5.331270217895508 
5.331270217895508 
5.331270217895508 
5.331270217895508 
5.157104969024658 
5.331270217895508 
5.331270217895508 
5.331270217895508 
5.331270217895508 
5.627539157867432 
5.331270217895508 
6.793628692626953 
5.331270217895508 
5.143930435180664 
5.331270217895508 
5.331270217895508 
5.7154951095581055 
5.331270217895508 
5.331270217895508 
5.331270217895508 
5.331270217895508 
5.331270217895508 
6.459826469421387 
5.7061896324157715 
5.14921236038208 
5.331270217895508 
5.331270217895508 
5.331270217895508 
5.130649089813232 
5.331270217895508 
5.708004474639893 
5.331270217895508 
5.331270217895508 
5.718387603759766 
5.331270217895508 
6.128690719604492 
7.546828746795654 
5.331270217895508 
6.398556232452393 
5.141315937042236 
5.331270217895508 
5.83603572845459 
5.145233631134033 
5.169358253479004 
5.331270217895508 
5.331270217895508 
5.331270217895508 
6.00545597076416 
5.444278717041016 
5.125573635101318 
5.331270217895508 
5.331270217895508 
5.331270217895508 
5.331270217895508 
5.331270217895508 
5.764397621154785 
5.173573017120361 
5.331270217895508 
5.331270217895508 
5.331270217895508 
5.160297870635986 
5.331270217895508 
5.331270217895508 
5.129628658294678 
5.7408528327941895 
5.81097936630249 
5.331270217895508 
5.331270217895508 
5.331270217895508 
5.1318135261535645 
6.470511436462402 
5.135800838470459 
5.127081871032715 
5.331270217895508 
5.331270217895508 
5.331270217895508 
5.331270217895508 
5.331270217895508 
5.331270217895508 
5.140166759490967 
5.331270217895508 
5.331270217895508 
6.059865951538086 
5.331270217895508 
5.331270217895508 
5.1499481201171875 
5.235800266265869 
5.331270217895508 
5.159991264343262 
5.713427543640137 
5.331270217895508 
5.766169548034668 
5.877212047576904 
6.068753719329834 
5.331270217895508 
5.124612808227539 
5.331270217895508 
5.331270217895508 
5.331270217895508 
5.122701168060303 
5.132882118225098 
5.331270217895508 
5.331270217895508 
5.331270217895508 
5.331270217895508 
5.331270217895508 
5.136171817779541 
5.116738796234131 
5.331270217895508 
5.140352725982666 
5.331270217895508 
5.331270217895508 
5.331270217895508 
7.364214897155762 
5.331270217895508 
5.331270217895508 
5.331270217895508 
5.331270217895508 
5.331270217895508 
5.331270217895508 
5.132047176361084 
5.331270217895508 
5.331270217895508 
5.331270217895508 
5.331270217895508 
5.741624355316162 
5.331270217895508 
5.331270217895508 
5.331270217895508 
5.331270217895508 
6.959997177124023 
5.704135417938232 
5.331270217895508 
6.337924003601074 
5.704135417938232 
5.15019416809082 
5.331270217895508 
6.756414890289307 
5.331270217895508 
5.331270217895508 
5.155903339385986 
5.331270217895508 
5.331270217895508 
5.1434502601623535 
5.331270217895508 
5.331270217895508 
5.331270217895508 
5.331270217895508 
5.146294116973877 
5.331270217895508 
5.331270217895508 
5.331270217895508 
6.737721920013428 
6.138701438903809 
5.331270217895508 
6.653167247772217 
5.331270217895508 
5.331270217895508 
5.1322855949401855 
5.111386775970459 
4.96555757522583 
7.557852268218994 
5.331270217895508 
5.488504886627197 
5.331270217895508 
5.331270217895508 
5.331270217895508 
5.847655773162842 
4.981460094451904 
7.332608699798584 
5.1436896324157715 
5.331270217895508 
5.140499114990234 
5.331270217895508 
7.364214897155762 
5.331270217895508 
5.331270217895508 
5.185708045959473 
5.997045040130615 
6.605838775634766 
5.331270217895508 
5.679173946380615 
6.225936412811279 
5.127745151519775 
4.938497066497803 
5.331270217895508 
5.162115573883057 
5.150822162628174 
5.331270217895508 
5.435855865478516 
5.331270217895508 
5.331270217895508 
5.331270217895508 
5.706418037414551 
5.1743855476379395 
5.331270217895508 
5.331270217895508 
5.140692234039307 
5.143673419952393 
5.169743061065674 
5.331270217895508 
5.331270217895508 
5.331270217895508 
6.131773948669434 
5.130452632904053 
5.331270217895508 
5.331270217895508 
7.364214897155762 
5.331270217895508 
5.331270217895508 
5.331270217895508 
6.020643711090088 
5.297359466552734 
5.088907718658447 
5.331270217895508 
5.911257266998291 
5.331270217895508 
5.331270217895508 
5.331270217895508 
5.728817462921143 
5.331270217895508 
5.9978508949279785 
5.869372844696045 
5.331270217895508 
5.331270217895508 
5.331270217895508 
5.331270217895508 
5.444278717041016 
5.805677890777588 
5.331270217895508 
5.331270217895508 
5.331270217895508 
5.331270217895508 
5.124764442443848 
6.108938217163086 
5.331270217895508 
5.331270217895508 
5.331270217895508 
5.331270217895508 
6.175144672393799 
5.154694080352783 
5.331270217895508 
5.331270217895508 
5.331270217895508 
5.331270217895508 
5.677016258239746 
5.331270217895508 
5.331270217895508 
5.331270217895508 
6.020643711090088 
5.137743949890137 
5.331270217895508 
5.648745059967041 
5.331270217895508 
4.96555757522583 
5.16085958480835 
5.331270217895508 
5.156829357147217 
5.624292850494385 
5.331270217895508 
5.826542854309082 
5.331270217895508 
5.133813858032227 
5.331270217895508 
5.331270217895508 
5.331270217895508 
5.997045040130615 
5.331270217895508 
5.331270217895508 
5.149517059326172 
5.40064811706543 
6.108938217163086 
5.692561149597168 
5.958786964416504 
5.132047176361084 
5.331270217895508 
5.331270217895508 
5.744216442108154 
5.679173946380615 
5.331270217895508 
5.331270217895508 
5.331270217895508 
5.331270217895508 
5.149756908416748 
5.331270217895508 
5.331270217895508 
6.097437381744385 
5.331270217895508 
5.331270217895508 
4.9501495361328125 
5.331270217895508 
5.331270217895508 
5.331270217895508 
5.7245049476623535 
5.331270217895508 
5.331270217895508 
5.331270217895508 
5.587840557098389 
5.149499893188477 
5.331270217895508 
5.331270217895508 
5.128326416015625 
5.15480375289917 
7.105549335479736 
5.331270217895508 
5.331270217895508 
5.331270217895508 
5.331270217895508 
5.331270217895508 
6.389313220977783 
5.123092174530029 
5.331270217895508 
5.331270217895508 
5.331270217895508 
5.331270217895508 
5.331270217895508 
5.1567182540893555 
5.331270217895508 
5.331270217895508 
5.139901161193848 
5.331270217895508 
5.331270217895508 
5.331270217895508 
5.331270217895508 
6.18862771987915 
5.331270217895508 
5.132058620452881 
5.1708221435546875 
5.331270217895508 
5.65271520614624 
5.331270217895508 
5.331270217895508 
6.986572265625 
5.331270217895508 
5.331270217895508 
5.132058620452881 
7.5433268547058105 
5.331270217895508 
5.679173946380615 
5.331270217895508 
5.331270217895508 
5.07205057144165 
5.7408528327941895 
5.331270217895508 
5.331270217895508 
5.052563190460205 
5.331270217895508 
5.331270217895508 
5.331270217895508 
5.922703266143799 
5.331270217895508 
5.331270217895508 
5.331270217895508 
5.737335205078125 
5.993969917297363 
4.938802242279053 
5.331270217895508 
5.331270217895508 
5.331270217895508 
5.331270217895508 
5.723992824554443 
5.331270217895508 
5.331270217895508 
5.1416239738464355 
5.124004364013672 
4.96555757522583 
6.047752380371094 
5.126648426055908 
5.331270217895508 
5.331270217895508 
5.331270217895508 
5.331270217895508 
5.679173946380615 
5.331270217895508 
5.331270217895508 
7.152716159820557 
5.151334285736084 
5.128994941711426 
5.331270217895508 
5.132917881011963 
5.331270217895508 
5.331270217895508 
5.1391754150390625 
5.652835369110107 
5.0964226722717285 
5.151491165161133 
4.975076198577881 
5.080277919769287 
5.331270217895508 
5.331270217895508 
5.331270217895508 
5.331270217895508 
8.298999786376953 
5.331270217895508 
5.089378356933594 
7.354531764984131 
5.331270217895508 
5.331270217895508 
5.331270217895508 
5.138103485107422 
5.331270217895508 
5.331270217895508 
5.331270217895508 
5.945932388305664 
5.626463413238525 
5.331270217895508 
5.679173946380615 
5.331270217895508 
5.331270217895508 
5.331270217895508 
5.331270217895508 
5.331270217895508 
5.331270217895508 
4.938497066497803 
5.331270217895508 
5.149111270904541 
4.936023235321045 
5.331270217895508 
6.760679244995117 
5.331270217895508 
5.331270217895508 
5.331270217895508 
5.331270217895508 
5.331270217895508 
8.310404777526855 
5.331270217895508 
5.997045040130615 
4.9501495361328125 
5.331270217895508 
5.331270217895508 
5.331270217895508 
5.255470275878906 
5.725597381591797 
5.331270217895508 
5.331270217895508 
6.269514560699463 
5.997045040130615 
5.331270217895508 
5.129802227020264 
5.331270217895508 
5.122642517089844 
5.331270217895508 
5.331270217895508 
5.331270217895508 
5.331270217895508 
5.331270217895508 
5.331270217895508 
5.331270217895508 
5.154694080352783 
5.121697902679443 
5.119078159332275 
5.331270217895508 
5.140692234039307 
5.331270217895508 
5.331270217895508 
5.331270217895508 
5.152332305908203 
5.331270217895508 
5.901485443115234 
5.331270217895508 
5.331270217895508 
5.331270217895508 
5.331270217895508 
5.331270217895508 
6.027121543884277 
5.91001558303833 
5.704135417938232 
6.330482006072998 
5.331270217895508 
5.122701168060303 
5.331270217895508 
5.331270217895508 
6.580444812774658 
5.148746967315674 
5.331270217895508 
5.331270217895508 
5.331270217895508 
5.331270217895508 
5.331270217895508 
5.331270217895508 
5.331270217895508 
5.331270217895508 
7.346786975860596 
5.331270217895508 
5.130250453948975 
5.124858856201172 
5.679173946380615 
5.331270217895508 
5.444278717041016 
5.331270217895508 
5.331270217895508 
5.679173946380615 
5.331270217895508 
5.132047176361084 
5.331270217895508 
5.331270217895508 
5.123001575469971 
5.095696926116943 
5.331270217895508 
5.331270217895508 
5.6808247566223145 
5.331270217895508 
7.729879856109619 
5.331270217895508 
5.331270217895508 
5.331270217895508 
5.331270217895508 
5.145233631134033 
5.651532173156738 
5.331270217895508 
5.331270217895508 
5.331270217895508 
5.331270217895508 
6.60230827331543 
5.331270217895508 
5.113673210144043 
5.119636058807373 
4.9557695388793945 
4.938497066497803 
6.0383453369140625 
5.331270217895508 
5.331270217895508 
5.331270217895508 
5.6859211921691895 
5.136414051055908 
5.331270217895508 
5.331270217895508 
5.331270217895508 
5.143671035766602 
5.184010028839111 
5.7084641456604 
5.331270217895508 
5.331270217895508 
5.143810272216797 
6.456294536590576 
5.331270217895508 
4.984879493713379 
5.331270217895508 
5.331270217895508 
5.163599491119385 
5.331270217895508 
7.016068935394287 
5.331270217895508 
5.679173946380615 
5.331270217895508 
5.331270217895508 
5.145430564880371 
5.331270217895508 
5.331270217895508 
5.145233631134033 
8.175029754638672 
5.331270217895508 
5.331270217895508 
5.331270217895508 
5.331270217895508 
6.175144672393799 
5.331270217895508 
5.331270217895508 
5.331270217895508 
5.136370658874512 
5.331270217895508 
5.681807041168213 
5.331270217895508 
7.5890278816223145 
5.141773700714111 
5.331270217895508 
7.3461480140686035 
5.331270217895508 
5.331270217895508 
5.428374767303467 
5.331270217895508 
5.331270217895508 
6.760028839111328 
5.092129707336426 
5.331270217895508 
5.331270217895508 
5.331270217895508 
5.331270217895508 
7.755788326263428 
5.331270217895508 
5.331270217895508 
6.108938217163086 
6.34144926071167 
5.331270217895508 
5.331270217895508 
5.331270217895508 
5.331270217895508 
5.331270217895508 
5.331270217895508 
5.154694080352783 
5.159963130950928 
5.331270217895508 
5.331270217895508 
5.7408528327941895 
5.169743061065674 
5.331270217895508 
5.331270217895508 
5.331270217895508 
5.173615455627441 
5.331270217895508 
5.331270217895508 
5.331270217895508 
5.331270217895508 
5.331270217895508 
5.1345109939575195 
5.624292850494385 
5.331270217895508 
5.331270217895508 
5.331270217895508 
5.331270217895508 
5.984750747680664 
5.331270217895508 
5.331270217895508 
6.091226577758789 
5.331270217895508 
5.145504951477051 
5.65271520614624 
5.331270217895508 
5.331270217895508 
5.331270217895508 
5.331270217895508 
5.331270217895508 
5.142856121063232 
5.331270217895508 
5.331270217895508 
5.331270217895508 
5.331270217895508 
5.167821407318115 
5.331270217895508 
5.331270217895508 
4.9951043128967285 
5.331270217895508 
5.7362236976623535 
5.331270217895508 
5.331270217895508 
8.207868576049805 
5.331270217895508 
5.331270217895508 
5.331270217895508 
5.136772632598877 
5.331270217895508 
5.331270217895508 
5.331270217895508 
5.331270217895508 
5.331270217895508 
5.331270217895508 
5.12009334564209 
5.139280796051025 
5.331270217895508 
5.331270217895508 
5.331270217895508 
5.331270217895508 
5.331270217895508 
5.331270217895508 
6.108938217163086 
5.331270217895508 
5.864643573760986 
5.331270217895508 
5.331270217895508 
7.364981174468994 
5.331270217895508 
5.331270217895508 
5.331270217895508 
5.757840156555176 
5.111522674560547 
7.07496976852417 
5.331270217895508 
5.154694080352783 
5.331270217895508 
5.331270217895508 
5.331270217895508 
5.331270217895508 
5.331270217895508 
5.679173946380615 
5.331270217895508 
5.18459939956665 
5.331270217895508 
6.218333721160889 
5.331270217895508 
5.331270217895508 
5.331270217895508 
5.169743061065674 
5.173573017120361 
5.2914862632751465 
5.331270217895508 
5.331270217895508 
5.331270217895508 
5.331270217895508 
5.331270217895508 
5.331270217895508 
5.331270217895508 
5.331270217895508 
5.331270217895508 
5.331270217895508 
5.331270217895508 
5.331270217895508 
5.750766754150391 
7.402374744415283 
5.154580593109131 
5.331270217895508 
5.331270217895508 
7.364214897155762 
5.550879955291748 
7.364214897155762 
5.679173946380615 
5.331270217895508 
5.142761707305908 
6.059051513671875 
5.331270217895508 
5.982405185699463 
5.154853820800781 
5.331270217895508 
5.997045040130615 
5.331270217895508 
5.331270217895508 
5.331270217895508 
5.145233631134033 
5.331270217895508 
5.331270217895508 
4.96555757522583 
5.331270217895508 
5.331270217895508 
5.331270217895508 
5.331270217895508 
5.331270217895508 
5.331270217895508 
5.151235103607178 
5.331270217895508 
6.258220672607422 
5.331270217895508 
5.331270217895508 
5.331270217895508 
5.331270217895508 
5.997045040130615 
5.331270217895508 
6.908224582672119 
4.964241027832031 
6.016702175140381 
5.331270217895508 
5.799018383026123 
5.727856159210205 
5.331270217895508 
5.331270217895508 
5.331270217895508 
5.128007411956787 
5.331270217895508 
5.331270217895508 
5.331270217895508 
5.331270217895508 
5.331270217895508 
5.331270217895508 
5.331270217895508 
5.331270217895508 
5.12937593460083 
5.331270217895508 
5.049947261810303 
5.331270217895508 
5.331270217895508 
5.331270217895508 
5.11917781829834 
5.331270217895508 
5.331270217895508 
6.89939546585083 
5.331270217895508 
5.180738925933838 
5.113210678100586 
5.1402812004089355 
6.5881733894348145 
5.331270217895508 
5.1507487297058105 
5.331270217895508 
5.331270217895508 
7.345058441162109 
6.133690357208252 
5.7881999015808105 
5.159991264343262 
5.331270217895508 
5.331270217895508 
5.248657703399658 
5.331270217895508 
5.331270217895508 
5.129088878631592 
5.331270217895508 
5.331270217895508 
5.331270217895508 
5.331270217895508 
5.331270217895508 
5.331270217895508 
5.331270217895508 
6.60811185836792 
5.331270217895508 
5.149499893188477 
5.331270217895508 
5.331270217895508 
5.331270217895508 
6.9441704750061035 
5.331270217895508 
5.124786376953125 
6.335012912750244 
5.331270217895508 
5.121388912200928 
5.717199802398682 
5.331270217895508 
5.331270217895508 
5.170893669128418 
5.331270217895508 
5.331270217895508 
5.331270217895508 
5.145146369934082 
5.331270217895508 
5.331270217895508 
5.444278717041016 
5.754711627960205 
5.331270217895508 
5.331270217895508 
5.140166759490967 
5.331270217895508 
5.331270217895508 
5.331270217895508 
5.331270217895508 
5.331270217895508 
5.132313251495361 
5.251462936401367 
5.155192852020264 
5.331270217895508 
5.331270217895508 
5.331270217895508 
5.7408528327941895 
5.65271520614624 
5.331270217895508 
5.331270217895508 
5.331270217895508 
5.331270217895508 
5.176419734954834 
5.144473075866699 
5.936087131500244 
5.331270217895508 
5.331270217895508 
5.331270217895508 
5.331270217895508 
5.331270217895508 
5.150518894195557 
5.331270217895508 
5.331270217895508 
5.331270217895508 
5.331270217895508 
5.011347770690918 
5.331270217895508 
5.143952369689941 
5.331270217895508 
6.102928161621094 
5.64005708694458 
5.148239612579346 
5.331270217895508 
5.124520301818848 
5.106189250946045 
5.331270217895508 
5.331270217895508 
5.331270217895508 
5.331270217895508 
5.331270217895508 
5.331270217895508 
7.650283336639404 
5.108451843261719 
5.331270217895508 
5.331270217895508 
5.331270217895508 
5.331270217895508 
6.2336225509643555 
5.331270217895508 
5.331270217895508 
5.295160293579102 
5.331270217895508 
5.331270217895508 
5.331270217895508 
5.331270217895508 
5.331270217895508 
4.984669208526611 
5.716822147369385 
4.938802242279053 
5.910949230194092 
5.109426975250244 
6.271921634674072 
5.331270217895508 
5.331270217895508 
5.721799373626709 
5.130214214324951 
5.331270217895508 
5.745779991149902 
5.331270217895508 
5.331270217895508 
5.331270217895508 
5.173573017120361 
5.331270217895508 
5.331270217895508 
4.938497066497803 
5.143930435180664 
5.73998498916626 
5.138158321380615 
5.331270217895508 
6.4867844581604 
6.855026721954346 
5.121579647064209 
7.3439555168151855 
5.331270217895508 
5.331270217895508 
5.331270217895508 
5.331270217895508 
5.150529384613037 
5.331270217895508 
5.331270217895508 
5.149499893188477 
5.331270217895508 
5.126019477844238 
5.331270217895508 
5.331270217895508 
5.331270217895508 
5.331270217895508 
5.922703266143799 
5.679173946380615 
5.152073383331299 
5.331270217895508 
5.331270217895508 
6.745581150054932 
5.331270217895508 
5.331270217895508 
5.331270217895508 
5.648148536682129 
5.331270217895508 
5.331270217895508 
5.331270217895508 
5.331270217895508 
5.331270217895508 
5.155340671539307 
5.331270217895508 
5.331270217895508 
5.132968425750732 
5.233763217926025 
5.121400356292725 
5.723184108734131 
5.331270217895508 
5.331270217895508 
5.331270217895508 
5.331270217895508 
5.331270217895508 
5.331270217895508 
5.749294757843018 
7.980337619781494 
5.823670864105225 
5.331270217895508 
5.151473522186279 
5.098198890686035 
5.331270217895508 
5.331270217895508 
5.169743061065674 
5.037879943847656 
6.108938217163086 
5.7573394775390625 
5.331270217895508 
5.05935001373291 
5.331270217895508 
5.331270217895508 
5.331270217895508 
5.65271520614624 
5.71293830871582 
5.154694080352783 
5.137140274047852 
5.331270217895508 
5.331270217895508 
5.771448135375977 
6.2549567222595215 
5.331270217895508 
5.331270217895508 
5.331270217895508 
5.331270217895508 
5.123260021209717 
6.769113063812256 
5.331270217895508 
5.331270217895508 
5.71978759765625 
5.331270217895508 
5.331270217895508 
5.781559467315674 
5.240033149719238 
5.331270217895508 
5.331270217895508 
5.331270217895508 
5.331270217895508 
5.331270217895508 
5.833326816558838 
5.331270217895508 
5.7084641456604 
6.249783992767334 
6.92135763168335 
5.331270217895508 
5.331270217895508 
5.331270217895508 
5.331270217895508 
5.901871204376221 
6.018957138061523 
5.331270217895508 
5.331270217895508 
5.331270217895508 
7.256340503692627 
5.137539863586426 
5.723184108734131 
4.912173271179199 
5.331270217895508 
5.331270217895508 
5.331270217895508 
5.331270217895508 
5.130452632904053 
5.331270217895508 
5.331270217895508 
5.111160755157471 
5.331270217895508 
5.331270217895508 
6.414112091064453 
6.687626361846924 
5.246620178222656 
5.331270217895508 
5.745779991149902 
5.331270217895508 
5.331270217895508 
5.331270217895508 
5.331270217895508 
5.331270217895508 
5.154694080352783 
5.331270217895508 
5.331270217895508 
4.96555757522583 
4.959445476531982 
5.331270217895508 
5.331270217895508 
5.331270217895508 
5.331270217895508 
5.331270217895508 
5.13726282119751 
5.331270217895508 
5.331270217895508 
5.01115083694458 
5.331270217895508 
5.331270217895508 
5.118775844573975 
5.145280361175537 
5.331270217895508 
5.719462871551514 
5.331270217895508 
5.331270217895508 
5.444278717041016 
5.331270217895508 
5.331270217895508 
5.331270217895508 
5.734086513519287 
5.331270217895508 
5.169743061065674 
5.331270217895508 
5.099087238311768 
5.723184108734131 
5.1200690269470215 
5.331270217895508 
5.331270217895508 
5.331270217895508 
5.331270217895508 
5.1214118003845215 
5.124520301818848 
5.128735542297363 
5.65271520614624 
5.679173946380615 
5.1421685218811035 
5.331270217895508 
5.331270217895508 
5.331270217895508 
5.331270217895508 
4.988685131072998 
5.331270217895508 
5.154694080352783 
5.331270217895508 
6.793628692626953 
5.093608379364014 
5.331270217895508 
5.331270217895508 
5.331270217895508 
4.993865013122559 
5.331270217895508 
5.331270217895508 
5.331270217895508 
5.331270217895508 
5.444278717041016 
8.585123062133789 
5.692561149597168 
5.331270217895508 
5.331270217895508 
5.331270217895508 
5.331270217895508 
5.704135417938232 
5.143232345581055 
5.331270217895508 
5.331270217895508 
5.331270217895508 
5.331270217895508 
5.331270217895508 
5.331270217895508 
5.124520301818848 
5.73438024520874 
6.09315824508667 
5.444278717041016 
6.6161789894104 
5.286553859710693 
6.167512893676758 
5.331270217895508 
5.331270217895508 
5.331270217895508 
5.945932388305664 
5.331270217895508 
5.650378704071045 
5.331270217895508 
5.331270217895508 
5.856104373931885 
5.331270217895508 
5.739761829376221 
5.728699207305908 
5.331270217895508 
5.331270217895508 
5.331270217895508 
5.679173946380615 
5.331270217895508 
5.885746479034424 
5.331270217895508 
7.957132816314697 
5.723184108734131 
5.164427280426025 
5.331270217895508 
5.723184108734131 
5.331270217895508 
5.728300094604492 
5.331270217895508 
4.990702152252197 
6.382591247558594 
5.331270217895508 
5.331270217895508 
7.901255130767822 
5.048892021179199 
5.331270217895508 
5.331270217895508 
5.815190315246582 
5.331270217895508 
5.331270217895508 
5.331270217895508 
5.331270217895508 
5.331270217895508 
5.331270217895508 
5.331270217895508 
5.331270217895508 
5.331270217895508 
5.921184062957764 
5.331270217895508 
5.331270217895508 
6.149747848510742 
5.140597820281982 
5.154694080352783 
5.331270217895508 
5.331270217895508 
7.176138401031494 
5.156965255737305 
5.162559986114502 
5.143314838409424 
5.736629009246826 
5.79514741897583 
5.331270217895508 
5.1241583824157715 
5.14957332611084 
5.331270217895508 
5.331270217895508 
7.364214897155762 
5.331270217895508 
5.113139629364014 
5.153868198394775 
5.331270217895508 
5.331270217895508 
5.331270217895508 
5.331270217895508 
5.590102195739746 
5.331270217895508 
5.331270217895508 
5.331270217895508 
5.331270217895508 
5.704135417938232 
5.331270217895508 
5.331270217895508 
5.331270217895508 
5.331270217895508 
5.331270217895508 
5.331270217895508 
5.275996685028076 
5.331270217895508 
6.9441704750061035 
5.121697902679443 
5.122257709503174 
5.331270217895508 
5.331270217895508 
7.364214897155762 
5.13545560836792 
5.331270217895508 
5.331270217895508 
5.331270217895508 
5.331270217895508 
5.331270217895508 
5.331270217895508 
6.861043453216553 
5.8065619468688965 
5.331270217895508 
5.331270217895508 
5.331270217895508 
5.331270217895508 
5.331270217895508 
5.331270217895508 
5.331270217895508 
5.331270217895508 
5.331270217895508 
5.7469401359558105 
5.129615306854248 
5.331270217895508 
5.331270217895508 
5.331270217895508 
6.108938217163086 
5.331270217895508 
5.331270217895508 
5.331270217895508 
5.331270217895508 
5.015147686004639 
5.331270217895508 
5.331270217895508 
6.375268459320068 
5.257437229156494 
5.331270217895508 
5.7408528327941895 
5.331270217895508 
5.142026424407959 
5.331270217895508 
5.331270217895508 
5.1310319900512695 
5.331270217895508 
5.331270217895508 
5.704135417938232 
5.331270217895508 
5.946566104888916 
5.331270217895508 
6.108938217163086 
5.061580657958984 
5.331270217895508 
5.331270217895508 
5.143894195556641 
5.331270217895508 
5.331270217895508 
8.148412704467773 
5.331270217895508 
5.331270217895508 
5.331270217895508 
5.331270217895508 
5.331270217895508 
5.65271520614624 
5.331270217895508 
5.149558067321777 
6.9441704750061035 
5.331270217895508 
5.331270217895508 
5.331270217895508 
5.331270217895508 
5.331270217895508 
5.331270217895508 
6.195920467376709 
6.556750297546387 
5.145280361175537 
5.331270217895508 
7.364214897155762 
6.022371768951416 
5.259695529937744 
5.331270217895508 
5.331270217895508 
5.7408528327941895 
6.737721920013428 
5.331270217895508 
5.18459939956665 
5.331270217895508 
5.331270217895508 
5.173572540283203 
5.331270217895508 
5.331270217895508 
5.134430885314941 
5.331270217895508 
4.998363018035889 
5.331270217895508 
5.1661200523376465 
5.124073028564453 
5.679173946380615 
4.975887298583984 
4.976965427398682 
6.14215087890625 
6.0966315269470215 
5.121393203735352 
5.331270217895508 
5.331270217895508 
5.331270217895508 
5.331270217895508 
7.0676045417785645 
5.331270217895508 
5.331270217895508 
5.331270217895508 
5.331270217895508 
5.65271520614624 
6.051280498504639 
5.331270217895508 
5.331270217895508 
5.132047176361084 
5.331270217895508 
5.331270217895508 
6.108938217163086 
5.331270217895508 
5.331270217895508 
5.126641750335693 
5.127814292907715 
5.331270217895508 
5.134430885314941 
5.331270217895508 
5.331270217895508 
4.972823619842529 
5.331270217895508 
5.155543804168701 
5.127289295196533 
6.004751205444336 
5.132047176361084 
7.221458911895752 
5.331270217895508 
5.7469000816345215 
5.331270217895508 
5.331270217895508 
5.331270217895508 
5.121021747589111 
5.331270217895508 
5.331270217895508 
5.331270217895508 
5.331270217895508 
5.331270217895508 
5.331270217895508 
5.331270217895508 
5.124520301818848 
5.331270217895508 
5.331270217895508 
5.1539225578308105 
5.331270217895508 
5.331270217895508 
5.331270217895508 
5.331270217895508 
5.331270217895508 
5.331270217895508 
5.331270217895508 
5.813253879547119 
5.413440227508545 
5.1472859382629395 
5.186228275299072 
5.331270217895508 
5.331270217895508 
5.331270217895508 
5.331270217895508 
5.331270217895508 
5.124520301818848 
5.13481330871582 
5.126814365386963 
5.331270217895508 
5.137026309967041 
5.331270217895508 
5.127971649169922 
5.331270217895508 
5.331270217895508 
5.331270217895508 
5.1388678550720215 
5.137743949890137 
5.331270217895508 
5.331270217895508 
5.331270217895508 
5.331270217895508 
5.331270217895508 
5.331270217895508 
6.007082462310791 
4.940340995788574 
6.7775373458862305 
5.331270217895508 
5.335568428039551 
5.921184062957764 
5.331270217895508 
5.331270217895508 
5.331270217895508 
5.723184108734131 
5.331270217895508 
5.331270217895508 
5.331270217895508 
5.331270217895508 
5.331270217895508 
5.126814365386963 
5.331270217895508 
5.331270217895508 
5.331270217895508 
5.749294757843018 
5.7408528327941895 
5.331270217895508 
5.755312919616699 
5.331270217895508 
5.331270217895508 
5.331270217895508 
5.331270217895508 
5.331270217895508 
5.331270217895508 
5.331270217895508 
5.331270217895508 
5.331270217895508 
5.331270217895508 
5.331270217895508 
5.331270217895508 
5.555612564086914 
5.331270217895508 
5.145233631134033 
5.331270217895508 
4.981460094451904 
5.331270217895508 
5.734592437744141 
5.331270217895508 
5.073934078216553 
5.331270217895508 
5.331270217895508 
5.331270217895508 
5.331270217895508 
5.331270217895508 
5.331270217895508 
6.091226577758789 
5.7408528327941895 
5.331270217895508 
5.331270217895508 
5.331270217895508 
5.331270217895508 
5.331270217895508 
5.331270217895508 
5.331270217895508 
5.331270217895508 
5.096851825714111 
5.331270217895508 
5.331270217895508 
5.1375732421875 
5.63274621963501 
5.331270217895508 
5.331270217895508 
5.331270217895508 
5.331270217895508 
5.331270217895508 
5.331270217895508 
5.331270217895508 
5.331270217895508 
5.331270217895508 
5.331270217895508 
5.331270217895508 
5.143673419952393 
5.331270217895508 
5.331270217895508 
5.331270217895508 
5.117448806762695 
5.331270217895508 
5.331270217895508 
5.331270217895508 
5.331270217895508 
5.331270217895508 
5.331270217895508 
5.331270217895508 
5.331270217895508 
6.9441704750061035 
5.331270217895508 
5.638428211212158 
5.331270217895508 
5.331270217895508 
5.331270217895508 
7.364214897155762 
5.331270217895508 
5.120495319366455 
5.331270217895508 
5.331270217895508 
5.331270217895508 
5.1279497146606445 
5.331270217895508 
5.331270217895508 
5.331270217895508 
5.331270217895508 
5.331270217895508 
6.327499866485596 
5.331270217895508 
5.331270217895508 
5.331270217895508 
5.331270217895508 
5.331270217895508 
5.734615802764893 
5.1249308586120605 
5.331270217895508 
5.331270217895508 
5.723184108734131 
5.331270217895508 
5.331270217895508 
5.331270217895508 
5.152655601501465 
5.331270217895508 
4.979300022125244 
6.003929615020752 
5.331270217895508 
5.149499893188477 
5.331270217895508 
5.331270217895508 
5.749361515045166 
5.331270217895508 
6.011724948883057 
5.331270217895508 
5.331270217895508 
5.092203617095947 
5.331270217895508 
5.331270217895508 
5.331270217895508 
6.772367000579834 
5.331270217895508 
5.331270217895508 
5.331270217895508 
5.331270217895508 
5.331270217895508 
5.331270217895508 
5.150877475738525 
5.907461643218994 
5.331270217895508 
5.140166759490967 
5.767544746398926 
5.131423473358154 
5.945932388305664 
5.331270217895508 
5.331270217895508 
5.233763217926025 
5.331270217895508 
5.331270217895508 
5.878815174102783 
4.96555757522583 
5.331270217895508 
5.331270217895508 
5.723184108734131 
5.13810920715332 
5.331270217895508 
5.331270217895508 
5.1423420906066895 
5.331270217895508 
5.331270217895508 
5.740355014801025 
5.331270217895508 
5.139007568359375 
5.331270217895508 
5.331270217895508 
5.331270217895508 
5.331270217895508 
5.136612415313721 
5.124627590179443 
5.677016258239746 
4.9399847984313965 
5.331270217895508 
5.331270217895508 
5.331270217895508 
5.331270217895508 
5.331270217895508 
7.105549335479736 
5.137743949890137 
5.331270217895508 
5.331270217895508 
6.9441704750061035 
6.060570240020752 
5.143673419952393 
5.331270217895508 
5.331270217895508 
5.124520301818848 
5.331270217895508 
5.331270217895508 
5.646064758300781 
5.132047176361084 
8.136354446411133 
5.331270217895508 
5.331270217895508 
5.331270217895508 
5.008851528167725 
5.331270217895508 
5.1204447746276855 
5.331270217895508 
4.938497066497803 
5.331270217895508 
5.331270217895508 
5.331270217895508 
5.723184108734131 
5.331270217895508 
5.7084641456604 
5.267601490020752 
5.331270217895508 
5.331270217895508 
5.331270217895508 
5.331270217895508 
6.782031536102295 
6.810954570770264 
5.7408528327941895 
5.331270217895508 
5.135801315307617 
5.122676372528076 
5.331270217895508 
5.331270217895508 
5.126814365386963 
5.331270217895508 
5.331270217895508 
6.917022228240967 
5.331270217895508 
5.331270217895508 
6.175144672393799 
5.331270217895508 
5.331270217895508 
5.331270217895508 
5.133012294769287 
5.331270217895508 
5.331270217895508 
5.331270217895508 
5.331270217895508 
5.331270217895508 
5.65271520614624 
5.331270217895508 
5.331270217895508 
5.331270217895508 
5.331270217895508 
5.331270217895508 
5.331270217895508 
5.331270217895508 
5.988072395324707 
5.331270217895508 
8.011377334594727 
5.244077205657959 
5.1479620933532715 
5.331270217895508 
5.679173946380615 
5.1322526931762695 
5.331270217895508 
5.169743061065674 
5.679173946380615 
5.331270217895508 
5.331270217895508 
5.7279181480407715 
6.175144672393799 
5.108471393585205 
5.140280246734619 
5.145233631134033 
5.121697902679443 
5.331270217895508 
5.679173946380615 
5.331270217895508 
6.01317024230957 
4.990196704864502 
5.331270217895508 
5.679173946380615 
5.710801124572754 
4.98962926864624 
5.331270217895508 
5.145233631134033 
5.331270217895508 
6.015888214111328 
5.331270217895508 
5.331270217895508 
5.331270217895508 
5.331270217895508 
5.331270217895508 
5.331270217895508 
6.14286470413208 
5.782960891723633 
5.331270217895508 
6.012484073638916 
5.331270217895508 
5.331270217895508 
5.331270217895508 
5.7408528327941895 
5.331270217895508 
5.331270217895508 
5.2635931968688965 
5.331270217895508 
5.331270217895508 
5.331270217895508 
6.020643711090088 
5.331270217895508 
5.132047176361084 
5.331270217895508 
7.381650447845459 
5.331270217895508 
5.149532794952393 
5.331270217895508 
5.331270217895508 
5.331270217895508 
5.1286749839782715 
5.331270217895508 
5.331270217895508 
5.331270217895508 
5.154694080352783 
6.769829750061035 
5.331270217895508 
5.7853007316589355 
5.331270217895508 
4.970271587371826 
5.331270217895508 
5.331270217895508 
5.331270217895508 
5.331270217895508 
5.331270217895508 
5.331270217895508 
5.331270217895508 
5.331270217895508 
4.9951043128967285 
5.675837993621826 
5.331270217895508 
5.127374172210693 
5.331270217895508 
5.331270217895508 
5.638428211212158 
5.704135417938232 
5.331270217895508 
5.725136756896973 
5.331270217895508 
5.155275344848633 
5.956719398498535 
5.331270217895508 
5.138537406921387 
4.97141170501709 
5.331270217895508 
5.331270217895508 
5.154694080352783 
5.331270217895508 
5.331270217895508 
5.331270217895508 
5.127899169921875 
5.331270217895508 
5.331270217895508 
5.130616664886475 
5.331270217895508 
5.1212944984436035 
5.7154951095581055 
5.331270217895508 
5.130295276641846 
5.736283779144287 
5.331270217895508 
5.331270217895508 
5.331270217895508 
5.331270217895508 
5.331270217895508 
6.665455341339111 
5.331270217895508 
5.331270217895508 
5.331270217895508 
5.331270217895508 
4.96555757522583 
5.331270217895508 
5.331270217895508 
5.331270217895508 
5.331270217895508 
4.938497066497803 
5.331270217895508 
5.641841411590576 
6.175144672393799 
5.331270217895508 
5.704135417938232 
5.331270217895508 
5.140640735626221 
5.133899211883545 
5.331270217895508 
5.331270217895508 
5.331270217895508 
5.331270217895508 
5.331270217895508 
5.739782810211182 
5.123587131500244 
7.530716896057129 
5.331270217895508 
4.978401184082031 
5.331270217895508 
5.331270217895508 
5.331270217895508 
5.9564642906188965 
5.331270217895508 
5.331270217895508 
5.331270217895508 
5.331270217895508 
5.711076736450195 
5.331270217895508 
5.331270217895508 
5.715163707733154 
5.331270217895508 
5.331270217895508 
6.238853931427002 
5.331270217895508 
5.331270217895508 
5.331270217895508 
5.331270217895508 
5.331270217895508 
5.331270217895508 
5.331270217895508 
5.113528728485107 
5.331270217895508 
5.331270217895508 
5.331270217895508 
5.331270217895508 
5.142674922943115 
5.331270217895508 
5.331270217895508 
5.444278717041016 
5.154694080352783 
5.331270217895508 
5.331270217895508 
5.331270217895508 
5.331270217895508 
5.331270217895508 
5.331270217895508 
5.153544902801514 
5.331270217895508 
5.704988479614258 
5.331270217895508 
6.165143013000488 
5.331270217895508 
6.712317943572998 
5.331270217895508 
5.331270217895508 
5.488229751586914 
5.138956546783447 
5.331270217895508 
5.331270217895508 
5.331270217895508 
5.331270217895508 
5.331270217895508 
5.155273914337158 
5.331270217895508 
5.331270217895508 
5.331270217895508 
5.331270217895508 
5.331270217895508 
5.331270217895508 
5.331270217895508 
5.13555383682251 
5.331270217895508 
6.99954891204834 
5.173614025115967 
5.331270217895508 
5.331270217895508 
5.331270217895508 
5.331270217895508 
5.997045040130615 
6.175144672393799 
5.331270217895508 
5.331270217895508 
5.331270217895508 
5.331270217895508 
5.295160293579102 
7.42694616317749 
5.331270217895508 
5.331270217895508 
5.020606994628906 
5.331270217895508 
5.331270217895508 
5.331270217895508 
7.333514213562012 
5.331270217895508 
5.331270217895508 
5.331270217895508 
5.71680212020874 
5.331270217895508 
5.391770839691162 
5.331270217895508 
5.723184108734131 
6.114011287689209 
5.055326461791992 
5.331270217895508 
5.331270217895508 
5.331270217895508 
5.331270217895508 
5.331270217895508 
5.331270217895508 
4.995412349700928 
5.331270217895508 
5.331270217895508 
5.331270217895508 
5.587840557098389 
5.125613212585449 
5.331270217895508 
5.331270217895508 
5.331270217895508 
5.331270217895508 
5.331270217895508 
5.331270217895508 
5.737369060516357 
5.331270217895508 
5.7408528327941895 
5.331270217895508 
5.147238254547119 
5.331270217895508 
5.704135417938232 
5.331270217895508 
5.331270217895508 
5.331270217895508 
5.331270217895508 
5.331270217895508 
5.704135417938232 
5.331270217895508 
5.331270217895508 
5.704135417938232 
5.331270217895508 
5.331270217895508 
5.122466564178467 
6.9441704750061035 
5.331270217895508 
5.331270217895508 
5.125024318695068 
6.108938217163086 
5.331270217895508 
5.132058620452881 
7.105549335479736 
5.331270217895508 
5.331270217895508 
5.331270217895508 
5.114125728607178 
5.331270217895508 
5.331270217895508 
5.1388678550720215 
5.331270217895508 
5.783136367797852 
6.181982040405273 
5.157927513122559 
4.949885368347168 
5.331270217895508 
6.08705472946167 
5.331270217895508 
5.331270217895508 
4.938497066497803 
5.153517723083496 
5.132047176361084 
5.331270217895508 
5.331270217895508 
5.331270217895508 
5.331270217895508 
5.130638122558594 
4.984458923339844 
5.331270217895508 
5.331270217895508 
5.331270217895508 
5.331270217895508 
5.078114032745361 
5.331270217895508 
5.146398544311523 
5.331270217895508 
6.468077659606934 
5.331270217895508 
5.331270217895508 
5.774325847625732 
5.154694080352783 
6.30558967590332 
5.331270217895508 
5.331270217895508 
5.31655740737915 
5.942088603973389 
5.1874589920043945 
5.7408528327941895 
5.117285251617432 
5.331270217895508 
5.331270217895508 
5.715600967407227 
5.7280354499816895 
5.120605945587158 
5.977065563201904 
5.331270217895508 
5.647568702697754 
5.331270217895508 
5.331270217895508 
5.331270217895508 
5.444278717041016 
5.331270217895508 
5.331270217895508 
5.331270217895508 
5.331270217895508 
5.331270217895508 
5.331270217895508 
5.331270217895508 
5.331270217895508 
5.735429286956787 
5.331270217895508 
5.331270217895508 
5.145233631134033 
5.331270217895508 
5.331270217895508 
5.331270217895508 
5.331270217895508 
5.444278717041016 
5.331270217895508 
5.331270217895508 
5.331270217895508 
5.331270217895508 
6.175144672393799 
5.331270217895508 
6.9441704750061035 
5.331270217895508 
5.331270217895508 
5.331270217895508 
5.331270217895508 
5.331270217895508 
5.331270217895508 
5.331270217895508 
5.331270217895508 
5.331270217895508 
5.331270217895508 
5.331270217895508 
5.155209064483643 
5.331270217895508 
5.132047176361084 
5.8514862060546875 
5.331270217895508 
5.331270217895508 
5.444278717041016 
5.331270217895508 
5.331270217895508 
5.331270217895508 
5.331270217895508 
5.331270217895508 
5.646377086639404 
5.331270217895508 
5.331270217895508 
5.331270217895508 
5.331270217895508 
5.331270217895508 
5.331270217895508 
5.331270217895508 
5.331270217895508 
5.331270217895508 
5.713427543640137 
5.331270217895508 
5.331270217895508 
5.331270217895508 
5.444278717041016 
5.331270217895508 
5.331270217895508 
5.331270217895508 
5.122758865356445 
5.331270217895508 
5.127944469451904 
5.331270217895508 
5.154694080352783 
5.331270217895508 
6.769113063812256 
5.331270217895508 
5.331270217895508 
5.331270217895508 
5.331270217895508 
5.69876766204834 
5.331270217895508 
5.722896575927734 
5.132047176361084 
5.158290863037109 
5.331270217895508 
5.331270217895508 
5.331270217895508 
5.331270217895508 
5.331270217895508 
5.331270217895508 
5.331270217895508 
5.331270217895508 
5.31655740737915 
5.331270217895508 
5.681807041168213 
5.331270217895508 
5.331270217895508 
5.331270217895508 
5.331270217895508 
5.1028151512146 
5.331270217895508 
5.125801086425781 
5.331270217895508 
5.331270217895508 
5.331270217895508 
6.458001136779785 
5.331270217895508 
5.331270217895508 
5.134430408477783 
5.331270217895508 
5.154694080352783 
5.331270217895508 
5.331270217895508 
5.331270217895508 
5.331270217895508 
5.331270217895508 
6.112335681915283 
4.972888946533203 
5.331270217895508 
5.704135417938232 
5.976213455200195 
6.010961532592773 
5.331270217895508 
5.331270217895508 
5.089046478271484 
5.331270217895508 
5.331270217895508 
5.331270217895508 
5.1307501792907715 
5.331270217895508 
5.331270217895508 
4.983588218688965 
5.331270217895508 
5.331270217895508 
6.280296802520752 
5.331270217895508 
5.331270217895508 
5.682043075561523 
5.331270217895508 
5.732646465301514 
5.331270217895508 
5.331270217895508 
5.331270217895508 
5.331270217895508 
5.331270217895508 
5.331270217895508 
4.835581302642822 
5.424131870269775 
5.331270217895508 
5.331270217895508 
5.331270217895508 
5.331270217895508 
5.331270217895508 
5.331270217895508 
5.331270217895508 
5.331270217895508 
5.331270217895508 
5.331270217895508 
5.218276500701904 
5.331270217895508 
5.915815830230713 
5.149726867675781 
5.131457805633545 
5.126814365386963 
4.963753700256348 
5.754080772399902 
5.331270217895508 
5.331270217895508 
5.026713848114014 
5.331270217895508 
5.331270217895508 
5.202301979064941 
5.1379828453063965 
6.2661919593811035 
6.6797308921813965 
5.331270217895508 
5.331270217895508 
5.699052333831787 
5.331270217895508 
5.331270217895508 
5.331270217895508 
5.331270217895508 
5.331270217895508 
5.331270217895508 
5.331270217895508 
6.730892658233643 
5.331270217895508 
5.331270217895508 
6.9441704750061035 
5.331270217895508 
6.175144672393799 
5.331270217895508 
5.139693737030029 
5.331270217895508 
5.331270217895508 
5.65271520614624 
5.093608379364014 
5.331270217895508 
5.331270217895508 
5.949993133544922 
5.331270217895508 
5.997045040130615 
5.331270217895508 
5.331270217895508 
5.331270217895508 
5.331270217895508 
5.331270217895508 
5.331270217895508 
5.132047176361084 
5.124520301818848 
6.463563442230225 
4.977255344390869 
5.331270217895508 
5.331270217895508 
5.994091510772705 
5.331270217895508 
5.331270217895508 
5.331270217895508 
5.444278717041016 
5.1592793464660645 
5.677016258239746 
5.681807041168213 
5.121341705322266 
5.331270217895508 
5.929146766662598 
6.112521171569824 
5.189841270446777 
5.65271520614624 
5.331270217895508 
6.001920223236084 
5.331270217895508 
5.923869609832764 
5.331270217895508 
5.331270217895508 
5.331270217895508 
7.169206142425537 
5.331270217895508 
5.331270217895508 
6.175144672393799 
5.331270217895508 
4.938497066497803 
5.331270217895508 
5.331270217895508 
6.014300346374512 
5.128683090209961 
4.938497066497803 
5.123465061187744 
5.117285251617432 
5.331270217895508 
5.331270217895508 
5.124520301818848 
5.331270217895508 
5.118981838226318 
6.022907733917236 
5.15480375289917 
5.722896575927734 
6.108938217163086 
5.126516819000244 
5.136672496795654 
5.331270217895508 
5.331270217895508 
5.331270217895508 
5.331270217895508 
5.331270217895508 
5.331270217895508 
5.331270217895508 
5.331270217895508 
6.74441385269165 
5.331270217895508 
5.331270217895508 
5.331270217895508 
5.331270217895508 
5.331270217895508 
5.119725704193115 
5.800622940063477 
5.331270217895508 
5.331270217895508 
5.331270217895508 
5.331270217895508 
5.793941974639893 
5.331270217895508 
5.331270217895508 
5.688939094543457 
5.331270217895508 
5.331270217895508 
5.923407554626465 
7.385152816772461 
5.331270217895508 
5.331270217895508 
5.331270217895508 
5.991760730743408 
5.331270217895508 
5.331270217895508 
5.155096530914307 
5.331270217895508 
5.331270217895508 
5.331270217895508 
5.331270217895508 
5.151795864105225 
5.997045040130615 
5.08774995803833 
5.892059326171875 
5.331270217895508 
5.873770236968994 
6.033840179443359 
5.331270217895508 
5.331270217895508 
5.331270217895508 
5.877212047576904 
5.331270217895508 
5.150343418121338 
5.331270217895508 
5.8439555168151855 
5.856104373931885 
5.331270217895508 
4.96555757522583 
5.331270217895508 
5.145233631134033 
6.822595596313477 
5.7093071937561035 
5.157586097717285 
5.14401912689209 
5.331270217895508 
5.331270217895508 
5.108634948730469 
5.331270217895508 
5.331270217895508 
5.331270217895508 
5.331270217895508 
5.136949062347412 
5.331270217895508 
5.124520301818848 
5.331270217895508 
4.981460094451904 
5.331270217895508 
5.773680210113525 
5.679173946380615 
5.677016258239746 
5.749324321746826 
5.331270217895508 
5.331270217895508 
5.331270217895508 
5.331270217895508 
5.331270217895508 
5.754711627960205 
5.331270217895508 
5.331270217895508 
5.331270217895508 
5.331270217895508 
5.331270217895508 
5.331270217895508 
5.152860164642334 
5.331270217895508 
5.331270217895508 
5.331270217895508 
5.897984981536865 
5.715080738067627 
5.331270217895508 
5.331270217895508 
6.108938217163086 
5.331270217895508 
4.96555757522583 
5.331270217895508 
5.331270217895508 
5.331270217895508 
4.934741497039795 
5.331270217895508 
5.064171314239502 
5.331270217895508 
5.331270217895508 
5.1172966957092285 
5.331270217895508 
5.704135417938232 
5.331270217895508 
5.331270217895508 
5.331270217895508 
5.331270217895508 
5.331270217895508 
5.331270217895508 
5.331270217895508 
5.704135417938232 
5.64005708694458 
6.060030937194824 
5.331270217895508 
5.800532817840576 
7.0189714431762695 
5.331270217895508 
4.8824286460876465 
5.331270217895508 
5.331270217895508 
5.124520301818848 
5.331270217895508 
5.079897880554199 
5.331270217895508 
5.331270217895508 
5.331270217895508 
5.331270217895508 
5.331270217895508 
5.126814365386963 
5.331270217895508 
5.976001262664795 
5.24678897857666 
5.331270217895508 
5.331270217895508 
5.331270217895508 
5.331270217895508 
5.331270217895508 
5.331270217895508 
5.331270217895508 
5.331270217895508 
5.6850056648254395 
6.0738844871521 
5.679173946380615 
5.331270217895508 
5.331270217895508 
5.331270217895508 
5.1440911293029785 
5.331270217895508 
5.331270217895508 
5.331270217895508 
5.563899517059326 
5.737767696380615 
5.794530391693115 
5.7154951095581055 
5.331270217895508 
5.331270217895508 
5.331270217895508 
5.882154941558838 
6.018928050994873 
5.331270217895508 
5.722457408905029 
5.331270217895508 
5.229084491729736 
5.444278717041016 
4.995372295379639 
5.331270217895508 
5.991760730743408 
5.923512935638428 
5.331270217895508 
5.149631977081299 
6.60076379776001 
5.331270217895508 
5.331270217895508 
5.331270217895508 
5.331270217895508 
5.134430885314941 
5.331270217895508 
5.169743061065674 
5.331270217895508 
6.638381481170654 
5.122813701629639 
5.331270217895508 
5.133681297302246 
5.331270217895508 
5.331270217895508 
6.259451389312744 
5.331270217895508 
5.148013114929199 
5.1414594650268555 
5.331270217895508 
5.331270217895508 
5.331270217895508 
5.331270217895508 
5.331270217895508 
5.734592437744141 
5.331270217895508 
5.331270217895508 
6.99174165725708 
5.331270217895508 
5.331270217895508 
5.331270217895508 
4.938497066497803 
5.152655601501465 
5.331270217895508 
5.331270217895508 
5.808212757110596 
5.331270217895508 
5.331270217895508 
5.331270217895508 
6.131773948669434 
5.331270217895508 
5.169743061065674 
5.331270217895508 
5.331270217895508 
5.331270217895508 
6.083661079406738 
7.364214897155762 
5.331270217895508 
5.331270217895508 
5.331270217895508 
5.1307501792907715 
5.149499893188477 
5.331270217895508 
5.331270217895508 
5.331270217895508 
6.910501003265381 
5.331270217895508 
5.378040790557861 
5.331270217895508 
5.331270217895508 
5.110082149505615 
5.854696273803711 
5.806560039520264 
5.444278717041016 
5.137743949890137 
5.152163505554199 
5.331270217895508 
5.331270217895508 
5.331270217895508 
5.331270217895508 
6.131773948669434 
5.331270217895508 
5.532287120819092 
5.331270217895508 
5.331270217895508 
6.353176593780518 
5.331270217895508 
5.331270217895508 
5.14150857925415 
5.1434197425842285 
5.731386661529541 
5.331270217895508 
5.331270217895508 
5.331270217895508 
6.36926794052124 
5.331270217895508 
4.96555757522583 
5.331270217895508 
5.137356758117676 
5.845877170562744 
5.331270217895508 
5.169743061065674 
6.204802989959717 
5.331270217895508 
5.331270217895508 
5.176393032073975 
5.718904495239258 
5.331270217895508 
5.331270217895508 
5.331270217895508 
5.331270217895508 
5.331270217895508 
5.331270217895508 
5.331270217895508 
5.331270217895508 
5.331270217895508 
5.331270217895508 
5.331270217895508 
5.331270217895508 
5.331270217895508 
5.151947021484375 
5.331270217895508 
5.331270217895508 
5.331270217895508 
5.331270217895508 
5.149475574493408 
5.331270217895508 
7.261783599853516 
5.331270217895508 
5.712254524230957 
5.926601886749268 
5.704135417938232 
5.331270217895508 
5.331270217895508 
5.14215087890625 
5.09623384475708 
5.331270217895508 
5.331270217895508 
5.331270217895508 
5.957057952880859 
5.745316028594971 
5.331270217895508 
5.331270217895508 
6.323085308074951 
5.7408528327941895 
5.331270217895508 
5.331270217895508 
5.7408528327941895 
5.331270217895508 
5.131868839263916 
5.331270217895508 
5.331270217895508 
5.116154193878174 
5.125941753387451 
5.331270217895508 
5.098936557769775 
5.331270217895508 
5.331270217895508 
5.331270217895508 
5.140692234039307 
7.503150939941406 
5.331270217895508 
5.037659168243408 
5.331270217895508 
5.331270217895508 
5.331270217895508 
5.331270217895508 
5.331270217895508 
5.1024651527404785 
5.331270217895508 
5.331270217895508 
6.024125099182129 
5.331270217895508 
5.681807041168213 
5.331270217895508 
5.7408528327941895 
5.945932388305664 
5.256178855895996 
4.96555757522583 
5.140692234039307 
5.112170696258545 
4.938802242279053 
6.225936412811279 
5.181258678436279 
5.331270217895508 
5.331270217895508 
5.331270217895508 
6.2363810539245605 
5.331270217895508 
5.331270217895508 
5.331270217895508 
5.331270217895508 
5.444278717041016 
5.331270217895508 
5.997045040130615 
5.331270217895508 
5.124520301818848 
5.331270217895508 
5.331270217895508 
5.171318531036377 
5.331270217895508 
5.331270217895508 
5.331270217895508 
5.885746479034424 
4.981460094451904 
5.735313892364502 
5.331270217895508 
6.754738807678223 
5.331270217895508 
5.331270217895508 
5.331270217895508 
5.331270217895508 
7.364981174468994 
5.331270217895508 
5.331270217895508 
6.95344877243042 
5.331270217895508 
5.331270217895508 
5.918938159942627 
6.175985336303711 
5.331270217895508 
5.140692234039307 
5.90094518661499 
5.331270217895508 
5.73998498916626 
7.743249416351318 
5.158597946166992 
5.331270217895508 
5.331270217895508 
5.159931182861328 
5.1206841468811035 
5.331270217895508 
6.9441704750061035 
5.331270217895508 
5.444278717041016 
5.139090538024902 
5.331270217895508 
5.146425247192383 
5.331270217895508 
5.331270217895508 
5.331270217895508 
5.331270217895508 
5.331270217895508 
5.331270217895508 
5.331270217895508 
6.976950168609619 
5.331270217895508 
5.070632457733154 
5.137921333312988 
5.331270217895508 
5.945932388305664 
6.108938217163086 
5.331270217895508 
5.331270217895508 
5.331270217895508 
5.331270217895508 
5.331270217895508 
5.331270217895508 
6.9441704750061035 
5.331270217895508 
5.331270217895508 
5.331270217895508 
5.331270217895508 
5.331270217895508 
5.331270217895508 
5.331270217895508 
5.331270217895508 
5.331270217895508 
5.331270217895508 
5.331270217895508 
5.331270217895508 
5.545640468597412 
5.958786964416504 
5.331270217895508 
5.127068996429443 
5.169743061065674 
5.150887966156006 
5.775421619415283 
5.295160293579102 
5.672201633453369 
5.331270217895508 
5.331270217895508 
6.55720853805542 
5.133814811706543 
5.331270217895508 
5.331270217895508 
5.093637466430664 
5.331270217895508 
5.331270217895508 
5.331270217895508 
5.331270217895508 
5.331270217895508 
5.331270217895508 
5.331270217895508 
5.704135417938232 
4.938497066497803 
5.331270217895508 
4.938802242279053 
5.331270217895508 
5.331270217895508 
5.331270217895508 
5.137743949890137 
5.331270217895508 
5.132047176361084 
5.331270217895508 
5.331270217895508 
4.9462080001831055 
5.233763217926025 
6.175144672393799 
5.331270217895508 
5.331270217895508 
5.997045040130615 
5.39002799987793 
5.1394877433776855 
5.331270217895508 
5.331270217895508 
5.331270217895508 
5.331270217895508 
5.331270217895508 
5.331270217895508 
5.134430885314941 
5.331270217895508 
5.736381530761719 
5.628798961639404 
5.331270217895508 
5.331270217895508 
5.331270217895508 
5.444278717041016 
5.331270217895508 
5.331270217895508 
5.331270217895508 
5.331270217895508 
5.331270217895508 
5.331270217895508 
5.331270217895508 
5.331270217895508 
5.331270217895508 
5.331270217895508 
5.331270217895508 
5.331270217895508 
5.331270217895508 
5.331270217895508 
5.1353044509887695 
5.331270217895508 
6.091226577758789 
6.716497421264648 
5.331270217895508 
4.938497066497803 
6.083661079406738 
5.331270217895508 
8.013936042785645 
7.195984363555908 
5.331270217895508 
5.682443618774414 
5.331270217895508 
5.331270217895508 
5.331270217895508 
5.331270217895508 
5.331270217895508 
5.444278717041016 
6.157938480377197 
5.331270217895508 
5.331270217895508 
5.331270217895508 
5.331270217895508 
5.331270217895508 
5.92920446395874 
5.331270217895508 
5.331270217895508 
5.331270217895508 
5.331270217895508 
5.729539394378662 
5.331270217895508 
5.331270217895508 
5.7527995109558105 
5.331270217895508 
6.18694543838501 
5.123856067657471 
5.331270217895508 
5.331270217895508 
5.331270217895508 
5.331270217895508 
5.331270217895508 
5.679173946380615 
5.778573989868164 
5.331270217895508 
5.331270217895508 
5.331270217895508 
7.710319995880127 
7.271111011505127 
5.331270217895508 
5.331270217895508 
5.331270217895508 
5.331270217895508 
5.126353740692139 
5.149499893188477 
5.331270217895508 
5.331270217895508 
5.331270217895508 
5.331270217895508 
5.331270217895508 
5.141295909881592 
5.331270217895508 
5.624292850494385 
5.140352725982666 
5.331270217895508 
5.76466703414917 
5.331270217895508 
5.331270217895508 
5.331270217895508 
5.331270217895508 
5.331270217895508 
5.331270217895508 
5.331270217895508 
5.331270217895508 
5.331270217895508 
5.331270217895508 
5.675837993621826 
5.119901657104492 
6.955594062805176 
5.331270217895508 
5.153174877166748 
5.7346415519714355 
5.331270217895508 
5.331270217895508 
5.331270217895508 
5.140558242797852 
5.331270217895508 
5.7408528327941895 
5.331270217895508 
5.09185791015625 
5.331270217895508 
5.331270217895508 
5.118192195892334 
5.331270217895508 
5.331270217895508 
5.679173946380615 
5.331270217895508 
5.30842924118042 
5.124520301818848 
5.331270217895508 
5.331270217895508 
5.331270217895508 
5.331270217895508 
5.331270217895508 
5.140692234039307 
5.003270626068115 
5.331270217895508 
6.900904178619385 
5.157620906829834 
5.137272834777832 
5.331270217895508 
5.734592437744141 
5.331270217895508 
5.331270217895508 
5.331270217895508 
5.331270217895508 
6.671947479248047 
5.331270217895508 
5.7408528327941895 
5.149499893188477 
5.1322526931762695 
5.331270217895508 
5.331270217895508 
6.41282320022583 
5.331270217895508 
5.074665069580078 
5.1261067390441895 
5.331270217895508 
5.331270217895508 
7.18776273727417 
5.153810977935791 
5.723184108734131 
5.331270217895508 
5.331270217895508 
5.690229415893555 
5.675837993621826 
5.331270217895508 
5.152275562286377 
5.331270217895508 
5.331270217895508 
5.331270217895508 
5.907174587249756 
5.331270217895508 
5.331270217895508 
5.444278717041016 
7.393042087554932 
5.331270217895508 
5.331270217895508 
5.331270217895508 
5.331270217895508 
7.214452266693115 
5.714932441711426 
5.331270217895508 
5.513731956481934 
5.331270217895508 
5.331270217895508 
5.331270217895508 
5.148675918579102 
6.542626857757568 
5.6850056648254395 
5.331270217895508 
5.331270217895508 
4.976965427398682 
5.331270217895508 
5.997045040130615 
5.331270217895508 
5.331270217895508 
7.509751796722412 
5.140499114990234 
4.958894729614258 
6.514123439788818 
6.108938217163086 
5.331270217895508 
5.779537677764893 
5.331270217895508 
5.331270217895508 
5.331270217895508 
5.76343297958374 
5.331270217895508 
5.331270217895508 
5.9624552726745605 
5.331270217895508 
5.331270217895508 
5.136968612670898 
5.780500411987305 
5.936648845672607 
5.331270217895508 
5.331270217895508 
5.331270217895508 
5.331270217895508 
5.331270217895508 
5.331270217895508 
5.124368190765381 
4.928089618682861 
5.331270217895508 
5.14060115814209 
6.9441704750061035 
5.622775554656982 
5.251462936401367 
5.331270217895508 
6.108938217163086 
7.681708812713623 
6.111974239349365 
5.331270217895508 
6.175144672393799 
5.331270217895508 
5.123937606811523 
5.152514934539795 
5.717568874359131 
5.331270217895508 
5.331270217895508 
6.728835105895996 
5.331270217895508 
5.331270217895508 
5.331270217895508 
5.331270217895508 
5.331270217895508 
5.331270217895508 
5.331270217895508 
5.116240978240967 
5.65271520614624 
5.331270217895508 
5.331270217895508 
5.331270217895508 
5.331270217895508 
5.331270217895508 
5.331270217895508 
5.331270217895508 
5.114730358123779 
5.331270217895508 
5.331270217895508 
5.130157947540283 
5.331270217895508 
5.140692234039307 
5.331270217895508 
5.331270217895508 
5.331270217895508 
5.331270217895508 
8.594396591186523 
5.134703159332275 
5.331270217895508 
5.331270217895508 
5.152048587799072 
5.331270217895508 
5.331270217895508 
5.748804569244385 
5.111495018005371 
5.331270217895508 
5.331270217895508 
5.331270217895508 
5.169743061065674 
5.331270217895508 
5.124520301818848 
5.331270217895508 
5.331270217895508 
5.331270217895508 
5.331270217895508 
5.124034404754639 
5.331270217895508 
5.851846218109131 
5.331270217895508 
5.331270217895508 
5.331270217895508 
5.331270217895508 
5.331270217895508 
5.331270217895508 
5.331270217895508 
5.130555629730225 
5.331270217895508 
5.331270217895508 
5.331270217895508 
5.331270217895508 
5.145869255065918 
5.331270217895508 
5.331270217895508 
5.704135417938232 
5.331270217895508 
5.331270217895508 
5.331270217895508 
5.136605739593506 
7.364214897155762 
5.331270217895508 
5.331270217895508 
5.057511806488037 
5.147069931030273 
5.331270217895508 
5.331270217895508 
5.367251873016357 
5.122401714324951 
5.126987457275391 
5.787483215332031 
6.202608585357666 
5.331270217895508 
5.331270217895508 
5.331270217895508 
5.149499893188477 
5.331270217895508 
5.331270217895508 
5.331270217895508 
7.152716159820557 
5.14126443862915 
5.064164638519287 
5.331270217895508 
5.331270217895508 
5.331270217895508 
6.558778285980225 
5.331270217895508 
5.148155212402344 
5.331270217895508 
4.938802242279053 
5.331270217895508 
5.331270217895508 
5.014185905456543 
5.652962684631348 
5.331270217895508 
5.331270217895508 
5.331270217895508 
5.444278717041016 
5.331270217895508 
5.331270217895508 
5.331270217895508 
5.331270217895508 
6.175144672393799 
5.331270217895508 
5.331270217895508 
5.167630672454834 
6.769113063812256 
5.021243572235107 
5.331270217895508 
5.127676963806152 
5.140352725982666 
5.331270217895508 
5.1374664306640625 
5.1224141120910645 
5.331270217895508 
5.471629619598389 
5.331270217895508 
5.331270217895508 
5.331270217895508 
5.331270217895508 
5.331270217895508 
5.331270217895508 
5.331270217895508 
5.331270217895508 
6.020643711090088 
5.331270217895508 
5.697646141052246 
5.331270217895508 
5.163120746612549 
5.331270217895508 
5.331270217895508 
5.331270217895508 
4.981460094451904 
5.331270217895508 
5.331270217895508 
5.331270217895508 
5.65271520614624 
6.377744674682617 
6.6595563888549805 
5.132882118225098 
5.331270217895508 
5.331270217895508 
5.1499104499816895 
5.331270217895508 
5.331270217895508 
6.642478942871094 
5.331270217895508 
5.331270217895508 
5.124520301818848 
6.626540660858154 
5.331270217895508 
5.141603469848633 
5.681807041168213 
5.331270217895508 
5.331270217895508 
5.331270217895508 
5.331270217895508 
5.331270217895508 
5.331270217895508 
5.112246513366699 
5.140096187591553 
5.387928009033203 
5.331270217895508 
5.140692234039307 
5.64005708694458 
5.331270217895508 
5.122639179229736 
5.331270217895508 
5.331270217895508 
5.331270217895508 
5.331270217895508 
5.117033958435059 
5.331270217895508 
5.331270217895508 
5.331270217895508 
6.083661079406738 
5.331270217895508 
6.378267765045166 
5.331270217895508 
5.331270217895508 
5.331270217895508 
5.331270217895508 
5.65271520614624 
5.331270217895508 
5.116169452667236 
5.331270217895508 
5.132047176361084 
5.140166759490967 
5.331270217895508 
5.331270217895508 
5.140778064727783 
5.331270217895508 
5.331270217895508 
6.108938217163086 
5.785555362701416 
5.331270217895508 
5.331270217895508 
7.364214897155762 
5.149499893188477 
5.331270217895508 
5.331270217895508 
5.163506031036377 
7.268128395080566 
4.938802242279053 
5.331270217895508 
5.331270217895508 
5.331270217895508 
5.150203227996826 
6.022634029388428 
5.331270217895508 
6.798104763031006 
5.127449989318848 
5.124520301818848 
5.783136367797852 
6.934548854827881 
6.175144672393799 
7.364981174468994 
6.397444248199463 
5.752551078796387 
5.444278717041016 
5.331270217895508 
5.331270217895508 
5.331270217895508 
5.331270217895508 
5.331270217895508 
6.639894008636475 
5.331270217895508 
5.140692234039307 
5.331270217895508 
5.331270217895508 
5.331270217895508 
4.979416847229004 
5.331270217895508 
5.331270217895508 
5.132047176361084 
5.331270217895508 
5.331270217895508 
5.331270217895508 
5.331270217895508 
5.149499893188477 
5.331270217895508 
5.1507887840271 
5.331270217895508 
6.175144672393799 
5.331270217895508 
6.241730690002441 
5.331270217895508 
5.1273722648620605 
5.331270217895508 
5.331270217895508 
5.331270217895508 
5.745058536529541 
5.331270217895508 
4.953329563140869 
5.331270217895508 
5.331270217895508 
5.331270217895508 
6.18862771987915 
5.331270217895508 
6.274555683135986 
5.169743061065674 
5.149499893188477 
5.331270217895508 
5.331270217895508 
5.331270217895508 
5.139591693878174 
5.145280361175537 
5.746927738189697 
5.331270217895508 
5.331270217895508 
5.223273754119873 
5.331270217895508 
5.331270217895508 
6.232364654541016 
5.331270217895508 
5.331270217895508 
5.73765230178833 
5.331270217895508 
5.331270217895508 
5.331270217895508 
5.997045040130615 
5.6383256912231445 
5.331270217895508 
5.331270217895508 
5.331270217895508 
5.410186290740967 
5.331270217895508 
5.185816764831543 
5.331270217895508 
5.295160293579102 
5.331270217895508 
5.331270217895508 
5.331270217895508 
5.331270217895508 
5.331270217895508 
5.747767925262451 
5.331270217895508 
5.331270217895508 
5.331270217895508 
5.99471378326416 
6.285014629364014 
5.331270217895508 
5.113521099090576 
5.331270217895508 
5.885746479034424 
5.331270217895508 
5.331270217895508 
5.189193248748779 
5.331270217895508 
5.331270217895508 
5.185439586639404 
5.331270217895508 
5.141445159912109 
5.331270217895508 
5.331270217895508 
5.543056011199951 
5.919233322143555 
5.8127055168151855 
5.106407642364502 
6.760028839111328 
5.331270217895508 
5.331270217895508 
5.331270217895508 
6.108938217163086 
5.675837993621826 
5.256178855895996 
5.210970401763916 
6.178053379058838 
5.331270217895508 
5.152655601501465 
5.331270217895508 
5.679173946380615 
6.091226577758789 
5.052557945251465 
5.331270217895508 
5.331270217895508 
5.331270217895508 
5.169743061065674 
5.331270217895508 
5.331270217895508 
5.331270217895508 
5.331270217895508 
5.331270217895508 
5.331270217895508 
5.331270217895508 
5.151609420776367 
5.331270217895508 
5.331270217895508 
5.331270217895508 
6.054378986358643 
5.331270217895508 
6.633160591125488 
5.331270217895508 
8.058147430419922 
5.331270217895508 
5.331270217895508 
5.331270217895508 
5.331270217895508 
5.331270217895508 
5.331270217895508 
5.331270217895508 
4.96555757522583 
5.331270217895508 
5.331270217895508 
5.7408528327941895 
5.331270217895508 
5.331270217895508 
5.331270217895508 
5.331270217895508 
6.045780658721924 
5.331270217895508 
5.331270217895508 
5.122441291809082 
5.331270217895508 
5.124520301818848 
5.331270217895508 
6.113455772399902 
5.118310928344727 
5.331270217895508 
5.150173187255859 
5.331270217895508 
5.331270217895508 
5.331270217895508 
5.331270217895508 
6.098373889923096 
5.117320537567139 
5.331270217895508 
5.331270217895508 
5.331270217895508 
5.704135417938232 
5.331270217895508 
5.132047176361084 
7.364214897155762 
5.723184108734131 
6.083661079406738 
5.131930828094482 
5.9278998374938965 
5.639390468597412 
5.331270217895508 
5.734908580780029 
5.331270217895508 
5.331270217895508 
5.1581950187683105 
5.121980667114258 
5.331270217895508 
5.331270217895508 
5.331270217895508 
5.331270217895508 
5.7361741065979 
5.331270217895508 
5.331270217895508 
5.331270217895508 
5.331270217895508 
5.331270217895508 
5.331270217895508 
5.331270217895508 
5.331270217895508 
5.331270217895508 
5.331270217895508 
5.154027938842773 
5.140805721282959 
6.142827033996582 
5.647662162780762 
5.331270217895508 
5.973753452301025 
5.331270217895508 
5.331270217895508 
5.331270217895508 
5.331270217895508 
6.9441704750061035 
5.331270217895508 
5.331270217895508 
5.118311882019043 
7.599924564361572 
5.331270217895508 
5.149697780609131 
5.331270217895508 
5.958786964416504 
5.331270217895508 
5.055269718170166 
5.704135417938232 
5.331270217895508 
6.873675346374512 
5.690229415893555 
6.108938217163086 
5.138071060180664 
5.331270217895508 
5.642524242401123 
5.125980377197266 
5.331270217895508 
5.837711334228516 
5.677016258239746 
5.331270217895508 
7.364214897155762 
5.331270217895508 
5.331270217895508 
5.331270217895508 
5.331270217895508 
5.331270217895508 
5.331270217895508 
6.175144672393799 
6.011565685272217 
5.331270217895508 
7.40354061126709 
5.331270217895508 
5.331270217895508 
5.331270217895508 
5.331270217895508 
5.717199802398682 
5.331270217895508 
5.331270217895508 
5.743793964385986 
5.331270217895508 
5.331270217895508 
5.331270217895508 
5.331270217895508 
5.331270217895508 
5.2557501792907715 
5.6378493309021 
5.331270217895508 
5.331270217895508 
5.256178855895996 
5.331270217895508 
5.756269931793213 
5.331270217895508 
5.140692234039307 
6.083661079406738 
6.047693729400635 
5.331270217895508 
6.409247875213623 
5.13702392578125 
5.331270217895508 
5.331270217895508 
5.65271520614624 
5.698692798614502 
5.331270217895508 
5.331270217895508 
5.331270217895508 
5.331270217895508 
6.1828789710998535 
5.331270217895508 
5.65271520614624 
5.331270217895508 
5.331270217895508 
5.331270217895508 
5.331270217895508 
5.331270217895508 
6.017381191253662 
5.331270217895508 
5.331270217895508 
6.9441704750061035 
5.331270217895508 
5.331270217895508 
5.331270217895508 
5.169743061065674 
5.805845737457275 
5.331270217895508 
5.331270217895508 
4.970271587371826 
5.331270217895508 
5.331270217895508 
5.331270217895508 
5.2557501792907715 
5.888019561767578 
5.677016258239746 
5.331270217895508 
5.331270217895508 
5.331270217895508 
5.331270217895508 
6.175144672393799 
5.331270217895508 
5.238610744476318 
5.331270217895508 
5.164292812347412 
5.331270217895508 
5.154694080352783 
5.256284236907959 
9.828189849853516 
5.331270217895508 
5.331270217895508 
5.331270217895508 
7.364981174468994 
5.331270217895508 
5.331270217895508 
5.331270217895508 
5.331270217895508 
5.411299705505371 
5.331270217895508 
5.331270217895508 
5.331270217895508 
5.444278717041016 
6.003553867340088 
7.546387195587158 
5.331270217895508 
6.038980484008789 
5.331270217895508 
5.154694080352783 
5.0916242599487305 
5.114034175872803 
5.331270217895508 
5.331270217895508 
5.331270217895508 
5.331270217895508 
5.126814365386963 
5.331270217895508 
7.675022602081299 
5.12151575088501 
5.331270217895508 
5.331270217895508 
5.331270217895508 
7.33884334564209 
5.704135417938232 
5.143443584442139 
5.958786964416504 
5.331270217895508 
5.166730880737305 
4.909570217132568 
5.331270217895508 
6.175144672393799 
5.331270217895508 
5.331270217895508 
8.149871826171875 
5.126814365386963 
5.331270217895508 
5.331270217895508 
5.331270217895508 
5.331270217895508 
5.331270217895508 
5.640571117401123 
5.331270217895508 
5.748409748077393 
5.331270217895508 
5.331270217895508 
5.140692234039307 
5.331270217895508 
5.331270217895508 
5.331270217895508 
5.154547214508057 
5.331270217895508 
5.331270217895508 
5.331270217895508 
6.82843542098999 
5.723184108734131 
5.331270217895508 
5.331270217895508 
5.331270217895508 
5.331270217895508 
5.331270217895508 
5.331270217895508 
5.331270217895508 
5.331270217895508 
5.331270217895508 
5.331270217895508 
5.331270217895508 
5.331270217895508 
5.331270217895508 
5.331270217895508 
5.136968612670898 
4.9634013175964355 
5.150755405426025 
5.734592437744141 
5.7408528327941895 
5.331270217895508 
5.331270217895508 
6.060030937194824 
5.331270217895508 
6.175144672393799 
5.331270217895508 
6.319436550140381 
5.331270217895508 
5.331270217895508 
5.331270217895508 
5.331270217895508 
5.331270217895508 
5.331270217895508 
6.175144672393799 
5.331270217895508 
5.331270217895508 
5.154694080352783 
5.331270217895508 
5.331270217895508 
5.331270217895508 
5.331270217895508 
5.331270217895508 
5.331270217895508 
5.331270217895508 
5.723184108734131 
5.331270217895508 
5.954005718231201 
6.108938217163086 
5.749294281005859 
5.739761829376221 
5.120431900024414 
5.331270217895508 
5.149499893188477 
5.677016258239746 
5.331270217895508 
5.331270217895508 
5.331270217895508 
5.232014179229736 
5.331270217895508 
5.331270217895508 
5.444278717041016 
5.331270217895508 
5.149499893188477 
5.331270217895508 
5.331270217895508 
5.163599491119385 
5.331270217895508 
5.331270217895508 
5.129396915435791 
5.331270217895508 
5.331270217895508 
5.331270217895508 
5.331270217895508 
5.331270217895508 
5.331270217895508 
5.331270217895508 
5.138251781463623 
5.132058620452881 
5.255849361419678 
5.331270217895508 
5.331270217895508 
5.331270217895508 
5.331270217895508 
5.331270217895508 
5.331270217895508 
5.331270217895508 
6.2738213539123535 
6.128289699554443 
5.331270217895508 
5.331270217895508 
5.173573017120361 
5.754711627960205 
5.331270217895508 
5.133398056030273 
5.331270217895508 
5.331270217895508 
7.364214897155762 
5.331270217895508 
5.331270217895508 
5.331270217895508 
5.331270217895508 
5.1388678550720215 
5.331270217895508 
5.331270217895508 
5.152655601501465 
5.331270217895508 
5.735804080963135 
5.331270217895508 
5.331270217895508 
4.96555757522583 
5.6508564949035645 
5.331270217895508 
5.145233631134033 
5.1567463874816895 
5.1110615730285645 
6.371978282928467 
5.331270217895508 
5.331270217895508 
5.331270217895508 
5.331270217895508 
5.166513442993164 
5.331270217895508 
5.690229415893555 
5.21893835067749 
5.444278717041016 
5.331270217895508 
7.633642673492432 
5.331270217895508 
6.091226577758789 
5.331270217895508 
5.331270217895508 
5.114459991455078 
5.132047176361084 
5.331270217895508 
5.331270217895508 
6.796751499176025 
4.97141170501709 
5.331270217895508 
5.331270217895508 
5.331270217895508 
5.331270217895508 
5.331270217895508 
5.1423211097717285 
5.331270217895508 
5.331270217895508 
5.331270217895508 
5.070793628692627 
8.159664154052734 
5.331270217895508 
5.331270217895508 
5.295160293579102 
5.331270217895508 
5.7186503410339355 
5.331270217895508 
5.124067783355713 
5.331270217895508 
5.331270217895508 
5.132382869720459 
5.190380096435547 
5.17859411239624 
5.331270217895508 
5.331270217895508 
5.746220588684082 
6.527851581573486 
5.331270217895508 
5.331270217895508 
6.175144672393799 
5.331270217895508 
5.331270217895508 
5.169743061065674 
5.160662651062012 
5.331270217895508 
5.331270217895508 
5.82086706161499 
5.133881568908691 
5.111318111419678 
5.331270217895508 
5.331270217895508 
5.331270217895508 
5.331270217895508 
5.116892337799072 
5.331270217895508 
5.331270217895508 
5.331270217895508 
5.12294340133667 
5.331270217895508 
5.331270217895508 
7.185413360595703 
5.331270217895508 
5.688266277313232 
5.331270217895508 
5.717199802398682 
6.441812038421631 
5.150970935821533 
6.286930084228516 
5.331270217895508 
6.7775373458862305 
5.331270217895508 
5.331270217895508 
5.331270217895508 
5.176255702972412 
7.364214897155762 
5.331270217895508 
5.331270217895508 
5.331270217895508 
6.108938217163086 
5.158396244049072 
5.16089391708374 
5.331270217895508 
5.331270217895508 
5.331270217895508 
5.331270217895508 
5.331270217895508 
5.331270217895508 
5.331270217895508 
5.331270217895508 
5.331270217895508 
5.154694080352783 
5.331270217895508 
5.122932434082031 
5.331270217895508 
5.679173946380615 
5.114231586456299 
5.152655601501465 
5.444278717041016 
5.331270217895508 
5.331270217895508 
5.331270217895508 
5.151340961456299 
5.331270217895508 
5.221632480621338 
5.331270217895508 
5.331270217895508 
5.331270217895508 
5.331270217895508 
5.331270217895508 
5.331270217895508 
5.331270217895508 
4.943960666656494 
5.331270217895508 
7.364214897155762 
5.117930889129639 
6.108938217163086 
5.331270217895508 
5.206543445587158 
6.120968341827393 
5.718200206756592 
5.1240410804748535 
5.119776725769043 
5.13121223449707 
5.134286880493164 
5.331270217895508 
6.500119686126709 
4.964241027832031 
5.331270217895508 
5.331270217895508 
5.121343612670898 
5.326559543609619 
5.331270217895508 
5.331270217895508 
5.331270217895508 
5.331270217895508 
5.142026424407959 
7.034224987030029 
5.65271520614624 
5.134441375732422 
5.331270217895508 
5.331270217895508 
5.331270217895508 
5.331270217895508 
5.331270217895508 
5.14059591293335 
5.331270217895508 
5.331270217895508 
5.019803524017334 
5.331270217895508 
5.331270217895508 
6.0074849128723145 
5.331270217895508 
5.331270217895508 
5.11859655380249 
5.154694080352783 
5.331270217895508 
6.114078521728516 
5.331270217895508 
5.331270217895508 
7.364214897155762 
5.331270217895508 
5.331270217895508 
5.331270217895508 
5.161839485168457 
5.331270217895508 
5.331270217895508 
5.124520301818848 
5.331270217895508 
5.331270217895508 
6.11960506439209 
5.331270217895508 
4.96555757522583 
5.331270217895508 
5.331270217895508 
5.145233631134033 
5.331270217895508 
5.977591037750244 
5.107060432434082 
5.331270217895508 
5.331270217895508 
5.331270217895508 
5.331270217895508 
5.134430885314941 
5.331270217895508 
5.331270217895508 
5.331270217895508 
5.973590850830078 
5.331270217895508 
5.331270217895508 
5.331270217895508 
5.649035930633545 
5.331270217895508 
5.331270217895508 
5.331270217895508 
5.331270217895508 
5.331270217895508 
5.331270217895508 
5.115703105926514 
5.331270217895508 
5.331270217895508 
5.633725643157959 
5.846734523773193 
5.331270217895508 
5.331270217895508 
5.331270217895508 
5.331270217895508 
5.331270217895508 
5.331270217895508 
5.331270217895508 
6.915724277496338 
5.331270217895508 
5.864643573760986 
5.331270217895508 
5.331270217895508 
5.532287120819092 
5.139447212219238 
5.331270217895508 
5.331270217895508 
4.933294773101807 
5.331270217895508 
5.725647449493408 
5.7408528327941895 
5.331270217895508 
5.331270217895508 
4.938497066497803 
5.331270217895508 
5.929388999938965 
5.331270217895508 
5.766980171203613 
5.331270217895508 
5.331270217895508 
7.583863735198975 
5.331270217895508 
5.331270217895508 
5.331270217895508 
5.050598621368408 
5.331270217895508 
5.232014179229736 
5.331270217895508 
5.1532769203186035 
6.3185601234436035 
5.748804569244385 
5.331270217895508 
5.149184703826904 
5.331270217895508 
5.331270217895508 
5.1398539543151855 
5.957849979400635 
5.331270217895508 
5.331270217895508 
6.175144672393799 
5.331270217895508 
5.331270217895508 
5.132047176361084 
5.131856441497803 
5.745779991149902 
5.331270217895508 
5.331270217895508 
5.331270217895508 
5.331270217895508 
5.132047176361084 
5.331270217895508 
6.582413196563721 
5.331270217895508 
5.331270217895508 
6.091461658477783 
7.364214897155762 
5.331270217895508 
5.331270217895508 
5.331270217895508 
5.331270217895508 
5.99471378326416 
5.331270217895508 
6.186238765716553 
5.331270217895508 
5.331270217895508 
5.124528408050537 
5.153868198394775 
5.331270217895508 
5.331270217895508 
5.331270217895508 
5.331270217895508 
5.331270217895508 
5.997045040130615 
5.331270217895508 
5.1560282707214355 
5.331270217895508 
8.506103515625 
5.331270217895508 
5.331270217895508 
5.331270217895508 
5.331270217895508 
5.331270217895508 
6.770914554595947 
5.331270217895508 
5.331270217895508 
5.331270217895508 
5.331270217895508 
5.15480375289917 
5.331270217895508 
5.752492904663086 
5.995987415313721 
5.153170585632324 
5.331270217895508 
5.331270217895508 
5.131009578704834 
5.286262035369873 
5.704135417938232 
5.331270217895508 
5.331270217895508 
5.331270217895508 
5.331270217895508 
5.331270217895508 
5.331270217895508 
5.331270217895508 
5.331270217895508 
5.149499893188477 
5.679173946380615 
5.331270217895508 
5.997045040130615 
5.331270217895508 
6.9441704750061035 
5.117288112640381 
5.331270217895508 
5.331270217895508 
5.331270217895508 
5.331270217895508 
5.331270217895508 
5.331270217895508 
5.331270217895508 
5.145233631134033 
5.331270217895508 
5.8296589851379395 
5.331270217895508 
5.331270217895508 
5.64005708694458 
5.331270217895508 
5.176313877105713 
5.139695644378662 
5.636843204498291 
5.331270217895508 
5.331270217895508 
5.331270217895508 
5.331270217895508 
5.140499114990234 
