5.033320903778076 
5.3660688400268555 
5.1423563957214355 
7.00487756729126 
5.404993057250977 
5.641456127166748 
5.115401268005371 
5.733352184295654 
4.9913811683654785 
5.124232292175293 
5.165345668792725 
5.085011005401611 
6.117096424102783 
7.465432643890381 
5.314321041107178 
5.4434990882873535 
5.329894542694092 
5.343176364898682 
4.796971797943115 
6.000563144683838 
4.812756538391113 
5.081887722015381 
6.1450419425964355 
5.413431644439697 
5.014956951141357 
5.058538913726807 
4.8704142570495605 
7.891164779663086 
5.358794212341309 
4.9620137214660645 
5.540335178375244 
6.230213642120361 
4.67547082901001 
6.244826793670654 
5.091574668884277 
4.918473720550537 
6.101410388946533 
5.03522253036499 
5.530672073364258 
5.425236225128174 
5.27399206161499 
5.531728744506836 
6.598264694213867 
5.540170192718506 
5.146986484527588 
5.238369941711426 
5.4943528175354 
5.06434440612793 
5.062515735626221 
6.332427501678467 
5.360939025878906 
5.078636646270752 
5.117323398590088 
5.892092704772949 
5.046200275421143 
4.812051296234131 
5.025041103363037 
5.2506022453308105 
5.114980220794678 
5.1291937828063965 
5.245782852172852 
6.978216648101807 
6.157942295074463 
5.758720874786377 
5.287024021148682 
5.104659080505371 
5.145078182220459 
8.016162872314453 
5.275850296020508 
4.997496128082275 
4.999170780181885 
4.692488193511963 
5.254112720489502 
4.782959461212158 
5.290236949920654 
5.49633264541626 
5.232131481170654 
4.851567268371582 
5.363705158233643 
5.546607494354248 
6.9317522048950195 
7.218900203704834 
4.819554328918457 
4.917349338531494 
5.0580973625183105 
5.082626819610596 
7.102959632873535 
4.9884772300720215 
5.19052267074585 
5.494884967803955 
4.716611862182617 
5.259668827056885 
5.065909385681152 
5.186326026916504 
4.850719928741455 
5.126718997955322 
6.974030017852783 
5.641360282897949 
8.684557914733887 
5.088435173034668 
6.144373416900635 
5.190795421600342 
4.955499172210693 
5.193845272064209 
5.53381872177124 
6.079741954803467 
5.7850260734558105 
5.033806800842285 
4.855508804321289 
7.325653076171875 
5.124248027801514 
5.063561916351318 
5.903304576873779 
5.555541515350342 
5.158971309661865 
4.971346378326416 
5.099019527435303 
4.715249538421631 
5.0972371101379395 
5.374849796295166 
5.3703436851501465 
5.053981304168701 
4.696897029876709 
5.095064163208008 
4.84278678894043 
5.012365341186523 
5.744394779205322 
5.010538101196289 
5.157247066497803 
5.7376227378845215 
5.316246032714844 
5.1838483810424805 
4.855858325958252 
5.324324131011963 
5.548205852508545 
7.134850978851318 
5.348225116729736 
5.119909286499023 
5.093680381774902 
5.179549694061279 
4.8333821296691895 
5.740424633026123 
5.0964884757995605 
5.165308475494385 
7.008277893066406 
6.632676124572754 
5.079891681671143 
5.172067642211914 
8.730053901672363 
6.581515312194824 
5.126502990722656 
5.0133376121521 
5.4466142654418945 
7.5157976150512695 
5.959255695343018 
4.974951267242432 
4.774823188781738 
6.1952433586120605 
6.252399444580078 
5.113134860992432 
5.003331184387207 
5.511657238006592 
5.456855297088623 
4.833040714263916 
5.065678596496582 
5.142688751220703 
5.408280849456787 
5.607306480407715 
5.149716854095459 
4.928651809692383 
5.066991806030273 
4.8786702156066895 
6.652251720428467 
5.659346103668213 
4.8910231590271 
4.791824817657471 
5.372959136962891 
5.1494927406311035 
5.477036952972412 
5.457967758178711 
5.23846960067749 
5.06539249420166 
5.084743976593018 
6.63397741317749 
7.277506351470947 
5.892238616943359 
5.8505730628967285 
5.2999491691589355 
5.211931228637695 
5.080904483795166 
5.309900283813477 
5.234228134155273 
5.133466720581055 
5.420661449432373 
5.28397274017334 
4.962489604949951 
5.343439102172852 
8.56019115447998 
5.139290809631348 
5.083105564117432 
5.171169281005859 
5.128113269805908 
4.908535480499268 
6.943345546722412 
6.314812183380127 
5.432538032531738 
5.232917308807373 
5.086658954620361 
4.734996318817139 
5.097017765045166 
5.391910076141357 
6.496621608734131 
4.813106060028076 
4.852687835693359 
5.035330295562744 
5.976630210876465 
5.298533916473389 
6.4956746101379395 
5.128238201141357 
5.355600833892822 
5.146040439605713 
5.068040370941162 
4.963184356689453 
7.046000003814697 
5.017971038818359 
5.224420070648193 
5.606187343597412 
5.278548240661621 
5.300163745880127 
5.032972812652588 
5.322119235992432 
6.406923294067383 
4.8983683586120605 
5.039585590362549 
4.972301006317139 
4.988821029663086 
6.048373222351074 
4.991583347320557 
5.143064498901367 
4.888566017150879 
4.926580429077148 
5.327981472015381 
5.044783115386963 
5.943339824676514 
5.062891960144043 
5.025548458099365 
4.718355655670166 
5.309484958648682 
5.164586544036865 
4.771607875823975 
5.017434597015381 
6.453537940979004 
4.903137683868408 
7.2279953956604 
4.711493968963623 
5.8907036781311035 
5.293952465057373 
5.077116012573242 
7.178719997406006 
5.006010055541992 
4.943653583526611 
5.159886837005615 
4.85299825668335 
4.986165523529053 
6.3671488761901855 
5.7768778800964355 
5.201004505157471 
7.078911304473877 
5.033946990966797 
5.355395793914795 
5.057820796966553 
5.123632431030273 
6.391157627105713 
6.088167667388916 
5.109091758728027 
5.007789134979248 
5.288913249969482 
5.348013401031494 
5.311803340911865 
5.026632785797119 
5.603771686553955 
5.144786357879639 
5.297962665557861 
4.735903263092041 
4.832176208496094 
7.2543511390686035 
5.064260482788086 
6.215409278869629 
5.930610179901123 
5.7105488777160645 
5.097024440765381 
5.563913345336914 
4.811574935913086 
5.700679302215576 
5.121913433074951 
4.870706081390381 
5.077680587768555 
5.610379695892334 
5.064232349395752 
5.080002307891846 
5.664254665374756 
6.029425144195557 
4.816340923309326 
6.519998073577881 
4.813662052154541 
5.096434116363525 
5.166502475738525 
4.870458126068115 
5.124602317810059 
5.055746555328369 
5.227095127105713 
5.539109706878662 
5.6053948402404785 
5.066916465759277 
5.354700565338135 
5.643462657928467 
5.494758129119873 
5.1787800788879395 
5.253280162811279 
5.664638996124268 
5.873929023742676 
5.5537567138671875 
5.011209011077881 
6.27701997756958 
5.039706707000732 
5.806191444396973 
5.313949108123779 
5.011115550994873 
5.1604323387146 
5.028212070465088 
4.866593360900879 
5.088045597076416 
5.00031852722168 
4.80634880065918 
4.802026271820068 
6.534724235534668 
5.596032619476318 
4.984999179840088 
5.06450891494751 
5.181421279907227 
4.892255783081055 
5.926177978515625 
5.270236968994141 
5.037005424499512 
5.493095874786377 
5.152573108673096 
6.5603508949279785 
5.162150859832764 
4.92932653427124 
7.190311908721924 
5.300332546234131 
4.996431350708008 
5.033478260040283 
5.142389297485352 
5.2983078956604 
5.247595310211182 
5.591686248779297 
5.987965106964111 
5.10530424118042 
4.932084083557129 
4.976451396942139 
5.213361740112305 
5.14736795425415 
6.760037899017334 
5.123559474945068 
5.132406711578369 
8.025528907775879 
5.790197849273682 
5.123347282409668 
4.973215579986572 
5.1342949867248535 
4.782190799713135 
5.189590930938721 
5.012338638305664 
5.5418620109558105 
5.166374683380127 
5.049733638763428 
5.127115726470947 
5.126939296722412 
4.97307825088501 
5.745947360992432 
4.8101935386657715 
5.059301853179932 
5.822824954986572 
5.044382095336914 
5.20885705947876 
6.838547229766846 
5.008897304534912 
5.183407306671143 
5.642712593078613 
4.945074558258057 
5.665267467498779 
5.049972057342529 
4.895219802856445 
5.2059807777404785 
5.194976806640625 
4.970217227935791 
5.144924640655518 
5.0428338050842285 
4.815728664398193 
6.135891437530518 
7.1020355224609375 
5.387664794921875 
5.167222023010254 
5.013227939605713 
5.140407562255859 
5.270126819610596 
5.3141913414001465 
4.8199944496154785 
5.086557865142822 
5.1396965980529785 
7.690155029296875 
4.969427108764648 
5.142140865325928 
4.879039287567139 
5.23166561126709 
4.944850444793701 
5.869045734405518 
5.210610389709473 
5.1905317306518555 
5.017559051513672 
5.024845600128174 
5.214921951293945 
4.911561489105225 
5.138040065765381 
5.8037333488464355 
5.027682781219482 
5.024603843688965 
4.991672039031982 
5.1414361000061035 
4.903388500213623 
5.138350009918213 
5.075273036956787 
4.841571807861328 
5.152990341186523 
4.919744968414307 
7.568746566772461 
7.710672378540039 
5.066989421844482 
4.907150745391846 
4.939722061157227 
5.1658034324646 
5.672016143798828 
5.102789878845215 
5.45982027053833 
6.412313938140869 
5.097310543060303 
4.743797779083252 
4.9495720863342285 
5.015136241912842 
5.02277135848999 
5.260765552520752 
5.191633701324463 
5.053767681121826 
5.501162052154541 
4.8982415199279785 
5.244335174560547 
4.803228855133057 
5.205363750457764 
4.752564907073975 
4.916361331939697 
5.032005786895752 
7.428532123565674 
4.955390453338623 
5.057873249053955 
5.09503698348999 
5.027474403381348 
4.869381427764893 
5.529240131378174 
4.9809699058532715 
5.315035343170166 
5.548729419708252 
5.248096942901611 
5.1941819190979 
5.126983642578125 
5.113879203796387 
7.87749719619751 
5.050186634063721 
6.113508701324463 
5.099842548370361 
5.226036548614502 
5.314887046813965 
5.885781288146973 
4.9904351234436035 
5.351648807525635 
7.979983329772949 
7.270716190338135 
5.001206398010254 
5.0113205909729 
6.3661580085754395 
5.709421634674072 
6.482015132904053 
4.984166622161865 
4.837167263031006 
5.02108097076416 
4.9264092445373535 
7.029216289520264 
5.15471887588501 
4.991921901702881 
5.130850315093994 
7.8567070960998535 
4.960932731628418 
4.983585357666016 
4.945995807647705 
5.190237522125244 
4.846421718597412 
4.9354729652404785 
5.081641674041748 
5.1068572998046875 
5.561638355255127 
5.069705486297607 
5.023293495178223 
5.309132099151611 
5.4639410972595215 
5.261881351470947 
5.411062717437744 
4.722994327545166 
4.873009204864502 
4.928892612457275 
4.754612922668457 
5.539522647857666 
5.187714099884033 
5.293324947357178 
5.054525852203369 
5.346210956573486 
6.02865743637085 
6.202782154083252 
5.050313472747803 
4.825143814086914 
5.46274995803833 
5.10947847366333 
5.170518398284912 
4.994631290435791 
5.201742649078369 
5.003676891326904 
5.027881145477295 
5.020036220550537 
6.203390121459961 
4.911598205566406 
5.598313808441162 
4.734588146209717 
4.981437683105469 
4.993489742279053 
5.863754749298096 
5.040831089019775 
5.3474860191345215 
4.937727451324463 
4.9561076164245605 
6.243752479553223 
5.091006755828857 
5.600586414337158 
7.0470709800720215 
4.9109392166137695 
4.953979969024658 
5.209962368011475 
5.119873523712158 
5.51125955581665 
4.909190654754639 
7.154453754425049 
8.1544828414917 
4.989065647125244 
5.688835144042969 
5.130701065063477 
4.826897144317627 
5.231404781341553 
5.212100505828857 
5.294821262359619 
5.59131383895874 
5.068035125732422 
4.973726272583008 
7.1114935874938965 
5.329339504241943 
5.105092525482178 
4.963550090789795 
4.880383491516113 
4.872350692749023 
5.1757283210754395 
4.905929088592529 
5.279323101043701 
5.142637729644775 
5.655096054077148 
5.1378254890441895 
5.099617958068848 
5.164560794830322 
5.044118404388428 
5.007721424102783 
4.878297805786133 
4.885035037994385 
4.903181552886963 
6.763542652130127 
5.327656269073486 
5.012261390686035 
5.23365592956543 
5.576437950134277 
5.228269100189209 
5.296939373016357 
8.384005546569824 
4.811242580413818 
5.378403186798096 
4.930052280426025 
4.914816379547119 
5.059997081756592 
4.682579040527344 
9.014030456542969 
5.096489429473877 
6.294718265533447 
5.2318501472473145 
5.144496917724609 
5.103556156158447 
5.316222667694092 
5.4153828620910645 
5.6093573570251465 
5.322889804840088 
4.951379299163818 
5.22334623336792 
5.23413610458374 
6.794454574584961 
5.139391899108887 
4.915421962738037 
6.341974258422852 
4.738921642303467 
6.141286373138428 
5.042875289916992 
4.880486965179443 
7.741547107696533 
4.759385108947754 
4.9555840492248535 
5.3726325035095215 
5.081066608428955 
5.108636379241943 
4.9904890060424805 
5.350022792816162 
5.020242214202881 
5.106733322143555 
5.046756267547607 
5.593413352966309 
5.36642599105835 
5.914412975311279 
5.169151782989502 
5.036159992218018 
5.074720859527588 
4.884202480316162 
4.918650150299072 
5.609755039215088 
5.096789836883545 
5.427412033081055 
5.872487545013428 
5.614968776702881 
6.181939601898193 
5.700488567352295 
4.885414123535156 
5.1535162925720215 
5.213807106018066 
5.345617771148682 
5.092894554138184 
5.09954309463501 
5.146483898162842 
5.731425762176514 
7.211541652679443 
4.793120861053467 
5.235387802124023 
6.744403839111328 
5.396119594573975 
4.943324565887451 
5.113489151000977 
5.196295738220215 
5.042514801025391 
5.768056392669678 
5.054782390594482 
5.143725872039795 
4.914288520812988 
5.2306742668151855 
4.9932122230529785 
4.888858795166016 
5.030330657958984 
5.146629810333252 
5.0759758949279785 
4.847084999084473 
5.207186222076416 
5.101724147796631 
4.914915084838867 
5.091960430145264 
5.021486759185791 
4.9738593101501465 
5.268797397613525 
5.171024322509766 
6.495172023773193 
5.9139485359191895 
5.8529276847839355 
4.931971073150635 
6.045655250549316 
4.984528541564941 
4.824893951416016 
4.61262321472168 
5.5256733894348145 
5.322052955627441 
5.025670051574707 
4.882283687591553 
5.127933979034424 
4.851585388183594 
6.366065979003906 
5.5792412757873535 
5.335812091827393 
6.111325740814209 
5.490860462188721 
4.9483442306518555 
5.998332500457764 
5.130865573883057 
5.144567966461182 
5.120162010192871 
6.67560338973999 
4.88538122177124 
5.321071147918701 
6.96683406829834 
5.1623148918151855 
5.864711284637451 
4.783266067504883 
5.072659492492676 
5.6633620262146 
5.309063911437988 
6.477874279022217 
5.344551086425781 
5.289694309234619 
5.103898525238037 
5.255526065826416 
5.356930255889893 
5.300714015960693 
4.767776966094971 
5.196899890899658 
5.195767879486084 
4.904917240142822 
5.050642967224121 
5.233341693878174 
5.145260334014893 
5.044602870941162 
4.994140148162842 
5.096456050872803 
4.9403977394104 
5.132289409637451 
6.195563793182373 
5.275758266448975 
5.134873867034912 
5.0117573738098145 
5.36690616607666 
5.090215682983398 
5.186460494995117 
6.144821643829346 
5.0395379066467285 
5.276022434234619 
5.5233330726623535 
5.15208625793457 
5.170352935791016 
5.186237335205078 
5.63918924331665 
6.084701061248779 
5.366335868835449 
4.985550403594971 
5.6605377197265625 
4.981863021850586 
5.046295642852783 
5.046334743499756 
5.102179050445557 
5.002095699310303 
5.363734722137451 
5.2106428146362305 
5.171361446380615 
5.587164878845215 
5.1432881355285645 
4.862783432006836 
5.493701457977295 
5.109902858734131 
5.084117889404297 
5.6273064613342285 
5.119584083557129 
5.532155990600586 
4.895864963531494 
5.2471489906311035 
5.2823309898376465 
5.683257579803467 
5.124025821685791 
5.035704135894775 
4.979727268218994 
5.193715572357178 
4.6920318603515625 
4.882485866546631 
5.215392589569092 
5.428525924682617 
5.174354076385498 
7.359782695770264 
4.891719341278076 
5.006133556365967 
5.370372772216797 
4.9556684494018555 
5.3018364906311035 
5.015415668487549 
6.937912464141846 
4.958775043487549 
4.94365930557251 
7.84860372543335 
5.038516521453857 
4.712906360626221 
7.335696697235107 
4.995357513427734 
4.912235736846924 
5.008829593658447 
5.630819797515869 
5.136587619781494 
5.24814510345459 
5.149714946746826 
5.3467183113098145 
5.417140483856201 
5.416724681854248 
5.093051910400391 
5.165511131286621 
4.9324469566345215 
5.120144367218018 
5.374433994293213 
7.141259670257568 
5.210415363311768 
5.015443325042725 
5.025349140167236 
5.313165664672852 
5.095578670501709 
6.784760475158691 
5.3538312911987305 
5.035815238952637 
4.8128342628479 
4.955259799957275 
5.529730319976807 
5.134284973144531 
5.234063625335693 
4.994748592376709 
4.6121673583984375 
7.240597724914551 
6.980442047119141 
5.243967056274414 
6.757206916809082 
5.016634464263916 
5.141435146331787 
5.870489597320557 
5.024514198303223 
5.0767364501953125 
5.0037922859191895 
4.794400691986084 
6.866641044616699 
4.818873882293701 
5.092208385467529 
5.050384044647217 
5.487681865692139 
4.824872970581055 
5.412893772125244 
5.221185207366943 
5.023319721221924 
5.179074287414551 
4.863921642303467 
5.142387866973877 
5.120535373687744 
5.255128383636475 
5.307800769805908 
5.46707010269165 
4.795353412628174 
5.98892068862915 
5.003650665283203 
5.151200771331787 
5.346987247467041 
4.9739532470703125 
5.0480217933654785 
5.209530353546143 
4.976265907287598 
7.756978511810303 
4.97745943069458 
4.851176738739014 
4.857507228851318 
5.569648742675781 
4.9855122566223145 
4.918943405151367 
4.999833583831787 
5.117628574371338 
5.019629955291748 
4.9425859451293945 
5.467400074005127 
5.193696975708008 
4.9141154289245605 
6.256503582000732 
5.112581729888916 
4.898854732513428 
4.954469203948975 
4.992063045501709 
7.797337055206299 
4.825399875640869 
5.387277126312256 
5.0095295906066895 
5.170703411102295 
5.003280162811279 
5.055398464202881 
4.753197193145752 
4.834522724151611 
5.008768558502197 
5.057466983795166 
5.099412441253662 
4.988015651702881 
4.9934821128845215 
4.887788772583008 
7.266753196716309 
5.207580089569092 
5.376004695892334 
5.088446140289307 
4.953925609588623 
5.268568515777588 
4.893531322479248 
6.221831798553467 
5.1191935539245605 
5.141571044921875 
4.9976277351379395 
7.13348388671875 
5.312052249908447 
4.891825199127197 
5.2011027336120605 
5.1347174644470215 
5.115997791290283 
5.0926737785339355 
5.3574042320251465 
5.149807929992676 
5.326877117156982 
5.9093098640441895 
5.424580097198486 
5.012555122375488 
6.772636413574219 
5.075980186462402 
8.510298728942871 
6.7724199295043945 
5.0146708488464355 
4.969971179962158 
5.13360071182251 
4.755716800689697 
4.981437683105469 
6.095716953277588 
5.480922222137451 
4.7676520347595215 
4.968240261077881 
5.029554843902588 
6.06878137588501 
5.818760395050049 
5.345822811126709 
5.075250148773193 
4.873922824859619 
5.193756580352783 
5.023190975189209 
5.961565017700195 
4.848395824432373 
5.072257995605469 
5.131895542144775 
6.065375328063965 
5.079256534576416 
4.840102195739746 
5.507524490356445 
5.249327182769775 
7.207342147827148 
4.875528812408447 
8.014058113098145 
5.707294940948486 
5.156240940093994 
4.8796281814575195 
5.114564418792725 
4.933676242828369 
9.49596118927002 
4.8595709800720215 
6.205017566680908 
5.012695789337158 
4.79975700378418 
5.032041072845459 
5.037637710571289 
4.799670219421387 
5.152997970581055 
4.975721836090088 
5.065775394439697 
5.402302265167236 
6.176371097564697 
4.987259387969971 
5.286739826202393 
5.073970317840576 
6.3919854164123535 
5.675600528717041 
5.93142557144165 
5.007615566253662 
4.803020000457764 
4.954777240753174 
6.961802005767822 
6.059615612030029 
4.913834095001221 
6.2678327560424805 
5.043734073638916 
5.701227188110352 
4.827493190765381 
5.00156831741333 
7.708772659301758 
7.89280366897583 
5.221404552459717 
4.872984886169434 
4.883098125457764 
5.214104175567627 
6.186486721038818 
5.1983771324157715 
4.896778583526611 
5.4160871505737305 
5.236752033233643 
5.3716139793396 
5.133127689361572 
4.852787494659424 
6.755924701690674 
5.17785120010376 
5.062534809112549 
5.168428897857666 
4.964127063751221 
5.0705132484436035 
5.10507869720459 
4.97278356552124 
5.624355792999268 
4.974071979522705 
5.089343547821045 
5.377403736114502 
5.012213706970215 
4.829188823699951 
5.1581807136535645 
5.581800937652588 
4.9912285804748535 
5.1311869621276855 
5.791402339935303 
4.755033016204834 
5.571651935577393 
4.9466962814331055 
5.957237720489502 
5.521667003631592 
5.892223834991455 
5.361301898956299 
5.5425028800964355 
5.331848621368408 
5.099327564239502 
5.188974380493164 
5.167957305908203 
5.379444599151611 
5.227444648742676 
4.978391647338867 
5.1922197341918945 
5.502010345458984 
5.318148136138916 
5.539278984069824 
6.456980228424072 
5.226707935333252 
5.852137565612793 
5.070298671722412 
5.086462497711182 
5.122364521026611 
4.796061992645264 
5.029454708099365 
4.987232208251953 
5.143289566040039 
5.379732131958008 
6.898367404937744 
4.821905612945557 
5.0314860343933105 
4.917701721191406 
4.870690822601318 
5.482211112976074 
4.877983570098877 
5.531126499176025 
8.667576789855957 
6.139225482940674 
4.95665979385376 
7.791765213012695 
5.152858734130859 
5.0577874183654785 
5.077946186065674 
5.117181777954102 
4.840708255767822 
5.081948757171631 
4.968586444854736 
6.276170253753662 
5.0457563400268555 
5.003871440887451 
5.0292582511901855 
5.516336917877197 
4.982323169708252 
5.010392665863037 
5.035552501678467 
5.200414180755615 
5.44023323059082 
5.395646572113037 
5.060532093048096 
4.8379225730896 
4.906253337860107 
5.318573951721191 
5.170622825622559 
5.065422534942627 
5.022807598114014 
5.533236503601074 
5.1351637840271 
8.333881378173828 
4.963548183441162 
5.580174922943115 
5.33363676071167 
5.256509304046631 
6.157845497131348 
5.740066051483154 
4.941495418548584 
4.693100929260254 
5.154210090637207 
4.880591869354248 
4.981851100921631 
5.2022528648376465 
4.848592758178711 
5.191270351409912 
4.899313449859619 
4.894006252288818 
5.836053371429443 
5.013364315032959 
4.994967937469482 
4.9457573890686035 
5.010563850402832 
6.198068618774414 
5.19922399520874 
5.249266147613525 
5.24324369430542 
4.935922622680664 
5.201333522796631 
5.4978156089782715 
5.201515197753906 
5.083362579345703 
4.822998523712158 
5.045254707336426 
5.128983020782471 
5.34316873550415 
5.313008785247803 
5.088923931121826 
5.171310901641846 
5.224416255950928 
5.084566593170166 
6.343397617340088 
5.078567028045654 
5.308753490447998 
8.761711120605469 
8.889966011047363 
5.604465007781982 
5.069835662841797 
5.124928951263428 
5.112662315368652 
4.949844837188721 
5.43335485458374 
4.927879810333252 
5.1722331047058105 
5.068050861358643 
5.010427951812744 
5.860754489898682 
5.179732799530029 
6.700623035430908 
4.941175937652588 
5.018764019012451 
7.87149715423584 
5.029329776763916 
5.046398162841797 
8.031908988952637 
5.083620071411133 
4.895523548126221 
7.531486988067627 
5.29128885269165 
5.178457736968994 
5.913109302520752 
5.0001444816589355 
5.175228595733643 
5.5640645027160645 
4.972284317016602 
6.98066520690918 
5.599947452545166 
5.584116458892822 
5.197988033294678 
5.571078777313232 
5.2830939292907715 
5.909217357635498 
5.166558742523193 
7.804701328277588 
5.238873481750488 
5.568192005157471 
5.381307601928711 
5.026073932647705 
5.38337516784668 
5.701379299163818 
5.270508766174316 
5.463018894195557 
5.513749599456787 
5.088383674621582 
9.687392234802246 
5.171966075897217 
5.400059223175049 
8.504572868347168 
5.504322528839111 
5.045216083526611 
5.203781604766846 
5.236522197723389 
6.081724643707275 
5.191247463226318 
5.21988582611084 
4.861696720123291 
5.2022294998168945 
4.81411600112915 
4.934036731719971 
6.055157661437988 
4.983684062957764 
5.000514507293701 
5.8569536209106445 
5.171262741088867 
5.076178073883057 
5.119962215423584 
4.924876689910889 
5.244122505187988 
5.157095432281494 
4.8606343269348145 
7.280340194702148 
5.1608076095581055 
4.929821491241455 
4.966911792755127 
5.09360933303833 
5.001217365264893 
5.04384183883667 
5.106296062469482 
4.7722296714782715 
7.885796070098877 
6.408886432647705 
4.925822734832764 
6.47062349319458 
5.026895046234131 
4.94146203994751 
7.191312313079834 
5.820984363555908 
6.073136806488037 
5.048356056213379 
5.119837284088135 
5.529712200164795 
5.132009983062744 
4.787266731262207 
5.307827949523926 
5.062138080596924 
8.6671142578125 
5.12157678604126 
5.0561203956604 
6.864088535308838 
6.138171672821045 
4.970223426818848 
4.876952648162842 
5.05487585067749 
4.970053672790527 
8.17508602142334 
5.503420352935791 
5.148863315582275 
5.07242488861084 
5.18388032913208 
5.3460893630981445 
5.5138983726501465 
5.135646820068359 
6.529299736022949 
4.9882893562316895 
5.163268566131592 
4.936760425567627 
5.877176761627197 
5.140368938446045 
5.4656219482421875 
4.771377086639404 
4.912637233734131 
5.403247356414795 
8.017281532287598 
5.314348220825195 
7.68785285949707 
5.201235294342041 
5.107945919036865 
4.949552536010742 
5.252450466156006 
5.504964351654053 
5.3014678955078125 
5.136017799377441 
5.357085704803467 
5.113645076751709 
6.40407133102417 
4.915645122528076 
5.323211193084717 
5.948782444000244 
4.773941516876221 
5.278984546661377 
4.9199371337890625 
4.909575939178467 
4.92172384262085 
5.013563632965088 
5.098764419555664 
5.548405170440674 
5.061076641082764 
6.303504943847656 
5.160280704498291 
4.983020305633545 
4.76635217666626 
6.582204818725586 
6.140492916107178 
5.585962772369385 
4.912545680999756 
5.104764938354492 
4.95201301574707 
4.963438510894775 
5.136903762817383 
5.34239387512207 
7.153946876525879 
5.188626766204834 
4.755414009094238 
4.86324405670166 
4.930606842041016 
6.369015216827393 
5.421335697174072 
4.941466808319092 
5.11311674118042 
6.081245422363281 
4.915434837341309 
4.872935771942139 
5.223172664642334 
5.127579212188721 
5.072704792022705 
7.896997928619385 
7.141226291656494 
5.114404201507568 
4.968234539031982 
4.905372619628906 
6.201565265655518 
5.920176029205322 
4.700223445892334 
4.996896743774414 
6.079441070556641 
5.253410816192627 
4.772990703582764 
5.216119766235352 
5.048867702484131 
5.868005752563477 
5.172970294952393 
7.422679901123047 
5.2024664878845215 
5.860898494720459 
6.431008815765381 
4.865634441375732 
5.090555191040039 
5.765598773956299 
5.475587368011475 
5.08267068862915 
5.0083184242248535 
5.102901458740234 
4.972582817077637 
5.171534538269043 
4.796844959259033 
5.110790252685547 
5.5360236167907715 
4.998615741729736 
5.071946620941162 
5.235039234161377 
5.04392671585083 
5.556898593902588 
5.704498291015625 
5.214073181152344 
6.200930595397949 
4.984248638153076 
5.039636611938477 
4.922930717468262 
4.946728229522705 
5.038057804107666 
5.1426777839660645 
5.2924418449401855 
5.511899471282959 
6.393970012664795 
5.134467124938965 
5.094425678253174 
7.094842433929443 
5.914865016937256 
4.8755879402160645 
5.013575077056885 
6.283843517303467 
6.177154541015625 
4.9544148445129395 
5.2482991218566895 
5.657673358917236 
4.860464572906494 
6.130604267120361 
4.997379779815674 
5.1173882484436035 
6.200747966766357 
5.106738567352295 
5.170119285583496 
4.92429780960083 
5.647676944732666 
5.107823848724365 
6.172959804534912 
5.445106029510498 
6.0281805992126465 
5.490149021148682 
5.214492321014404 
4.988115310668945 
5.044466972351074 
4.914535999298096 
5.011284351348877 
5.346047401428223 
5.083024978637695 
5.5822367668151855 
5.2270188331604 
4.895698070526123 
6.19125509262085 
5.908423900604248 
5.052334785461426 
4.72332763671875 
5.536615371704102 
5.189509868621826 
7.3370537757873535 
4.930933475494385 
5.8870720863342285 
4.9907612800598145 
5.0020270347595215 
5.101112365722656 
6.254100799560547 
5.0492777824401855 
5.698793411254883 
5.133882522583008 
5.118087291717529 
6.064401149749756 
5.108553886413574 
5.088815689086914 
5.12502908706665 
5.129697799682617 
5.662816047668457 
5.303868293762207 
4.98115873336792 
5.561811923980713 
5.434370517730713 
5.1162800788879395 
4.947507858276367 
5.0555949211120605 
6.539112567901611 
5.046802043914795 
5.045711040496826 
5.1599440574646 
5.070409297943115 
5.269599437713623 
5.172975540161133 
7.456271648406982 
4.928940296173096 
4.989563941955566 
6.800205707550049 
4.991572856903076 
5.330743312835693 
5.351191520690918 
6.339357852935791 
5.3766326904296875 
5.8092145919799805 
6.740873336791992 
5.261233806610107 
5.11433219909668 
4.876588344573975 
5.35859489440918 
5.312608242034912 
6.776565074920654 
5.173805236816406 
5.139996528625488 
5.116161823272705 
5.564826965332031 
5.153905391693115 
4.9905619621276855 
4.987196445465088 
4.9948039054870605 
5.019923686981201 
5.289300441741943 
5.046887397766113 
4.954206943511963 
5.589222431182861 
5.905985355377197 
5.064419269561768 
5.086227893829346 
5.087967395782471 
5.3610453605651855 
4.939056873321533 
5.124501705169678 
5.045596599578857 
5.125023365020752 
5.1303205490112305 
5.26480770111084 
5.732754230499268 
6.6407904624938965 
6.128176689147949 
5.449331760406494 
5.00761604309082 
5.886431694030762 
5.701196193695068 
5.05017614364624 
6.244772434234619 
5.680729389190674 
6.777007579803467 
5.274669170379639 
5.244038105010986 
5.023118495941162 
4.8431396484375 
4.801352500915527 
4.980945110321045 
7.421286106109619 
7.275999546051025 
5.017847537994385 
4.920303821563721 
6.289925575256348 
5.029135704040527 
5.288897514343262 
5.04191255569458 
5.0270538330078125 
5.221932888031006 
5.197638034820557 
5.021890163421631 
4.733304500579834 
4.79374361038208 
4.869139194488525 
6.8343329429626465 
4.90969705581665 
5.001133441925049 
4.966174602508545 
4.899466037750244 
5.8814873695373535 
5.542788028717041 
6.857640266418457 
5.238915920257568 
4.77323579788208 
4.893168926239014 
5.007684230804443 
5.322085857391357 
5.135310649871826 
5.513278484344482 
5.350645542144775 
5.063259124755859 
5.234734535217285 
6.243469715118408 
5.106643199920654 
5.004085540771484 
7.5233612060546875 
4.845015048980713 
5.607574939727783 
4.958420753479004 
6.07381010055542 
5.119278430938721 
5.473474979400635 
5.316295623779297 
5.556705951690674 
5.1037983894348145 
5.192351818084717 
7.594016075134277 
5.3778605461120605 
4.772054195404053 
5.130492210388184 
5.393783092498779 
5.235988616943359 
5.200356483459473 
8.870077133178711 
6.447977066040039 
5.256918907165527 
5.097972393035889 
5.629336833953857 
4.9763569831848145 
6.10053825378418 
5.167891979217529 
5.1552252769470215 
5.00634241104126 
5.264770030975342 
5.08976411819458 
5.130031108856201 
4.777968883514404 
5.233105182647705 
5.033661842346191 
8.455313682556152 
4.967094421386719 
5.012654781341553 
5.185609340667725 
4.910694599151611 
5.336828708648682 
7.01893949508667 
5.681756496429443 
5.155158519744873 
5.182064056396484 
6.772420406341553 
5.913003444671631 
4.988029479980469 
5.462437152862549 
4.963836193084717 
5.256197452545166 
5.021510601043701 
6.878769397735596 
5.108801364898682 
6.911909580230713 
4.752000331878662 
5.124300479888916 
5.7668280601501465 
5.432192325592041 
5.324304103851318 
5.527655124664307 
5.1547722816467285 
5.812035083770752 
5.063543319702148 
5.580202102661133 
5.01997184753418 
5.17116117477417 
5.2236785888671875 
5.329009532928467 
5.129305362701416 
4.831730842590332 
5.994873523712158 
6.0562825202941895 
5.260247230529785 
5.150779724121094 
5.053041934967041 
4.931240081787109 
5.1578497886657715 
5.854349613189697 
5.168905258178711 
5.975923538208008 
5.880524158477783 
5.481484889984131 
5.226777076721191 
5.218146800994873 
5.785869598388672 
5.128503322601318 
4.998989582061768 
5.41710901260376 
5.114127159118652 
5.080541610717773 
4.864435195922852 
6.6041340827941895 
4.891598224639893 
5.901367664337158 
4.815107822418213 
4.923588275909424 
5.087192058563232 
5.324434280395508 
5.099937915802002 
5.037917613983154 
5.277723789215088 
5.095869541168213 
5.8644700050354 
7.470860958099365 
5.088465690612793 
8.508098602294922 
6.410698413848877 
5.112729549407959 
6.57521390914917 
4.86914587020874 
5.727388858795166 
5.09457540512085 
6.933232307434082 
6.441355228424072 
6.172425270080566 
5.924414157867432 
5.148196697235107 
5.33144998550415 
4.884850978851318 
5.2015299797058105 
5.183896541595459 
4.972329139709473 
5.186281681060791 
5.092297077178955 
4.887020587921143 
5.72348165512085 
4.966759204864502 
5.004169940948486 
5.099938869476318 
7.289275646209717 
4.917801380157471 
5.057499408721924 
4.998396873474121 
8.41845417022705 
5.74452543258667 
4.984233856201172 
5.158824443817139 
5.128344535827637 
5.1363043785095215 
5.251781940460205 
5.258645534515381 
4.968934535980225 
4.990839958190918 
4.941518306732178 
4.915059566497803 
5.411402225494385 
4.954917907714844 
4.828371524810791 
4.83964204788208 
4.969944953918457 
5.194003582000732 
5.261535167694092 
7.396989822387695 
5.026001453399658 
7.18479061126709 
5.073575496673584 
5.0701470375061035 
5.700860500335693 
4.97228479385376 
4.8947014808654785 
4.896979808807373 
4.873741149902344 
4.9274983406066895 
5.7116546630859375 
5.061188220977783 
5.550951957702637 
5.13589334487915 
4.884096622467041 
5.999782085418701 
5.026512622833252 
5.179260730743408 
5.057372570037842 
5.068878650665283 
5.054542064666748 
6.902096271514893 
4.958907604217529 
4.816002368927002 
4.832254886627197 
5.1899590492248535 
5.080825328826904 
4.820248603820801 
4.844708442687988 
5.088076114654541 
4.996349811553955 
4.846109390258789 
4.996513843536377 
5.058640956878662 
5.194153308868408 
5.12290620803833 
5.006487846374512 
5.12323522567749 
4.927775859832764 
5.100321292877197 
5.015307426452637 
5.221584796905518 
5.433533191680908 
5.056619167327881 
5.204148769378662 
5.382440090179443 
5.22412109375 
5.161785125732422 
6.187458515167236 
7.462414741516113 
5.5929718017578125 
5.156247615814209 
5.46383810043335 
5.563450336456299 
4.938522815704346 
5.285824298858643 
4.8811516761779785 
5.028554439544678 
8.196274757385254 
5.384458541870117 
8.373998641967773 
5.293557643890381 
4.990576267242432 
4.835996150970459 
5.4825968742370605 
5.016427516937256 
4.92450475692749 
5.210669994354248 
5.264085292816162 
5.065229892730713 
5.974539279937744 
5.78178071975708 
5.047056674957275 
6.37531042098999 
5.178781986236572 
5.121592044830322 
5.140425205230713 
4.886434555053711 
5.041811466217041 
5.315871715545654 
6.553699970245361 
5.103140354156494 
4.849921703338623 
5.286684036254883 
4.595372676849365 
5.207273006439209 
5.181301593780518 
4.888831615447998 
4.855655193328857 
4.962188243865967 
5.135430812835693 
5.022843360900879 
4.930127143859863 
4.8877339363098145 
7.083755016326904 
5.384272575378418 
4.928377628326416 
5.3991570472717285 
4.885535717010498 
5.1674652099609375 
4.47489595413208 
5.796570301055908 
4.881715774536133 
4.926095485687256 
5.285148620605469 
7.297939777374268 
6.67487096786499 
5.091890811920166 
5.0220866203308105 
5.5511956214904785 
5.092898368835449 
4.888864994049072 
5.036600589752197 
4.9631733894348145 
5.124571800231934 
4.793376445770264 
4.997832775115967 
5.109607219696045 
5.373193264007568 
5.051665782928467 
5.133779525756836 
7.299580097198486 
5.010647296905518 
5.0812811851501465 
5.92914342880249 
4.993086814880371 
4.87201452255249 
6.166075229644775 
6.156347751617432 
5.255512714385986 
5.456948280334473 
5.131434917449951 
4.913062572479248 
5.528717041015625 
5.255642414093018 
4.947377681732178 
6.030904293060303 
5.810997486114502 
4.894561290740967 
5.109011173248291 
5.065572261810303 
5.467004776000977 
5.975621700286865 
5.660098552703857 
4.927671432495117 
5.832896709442139 
5.406102657318115 
5.4520487785339355 
5.110123157501221 
5.089476108551025 
5.160429954528809 
5.054135799407959 
5.260514736175537 
5.747430801391602 
5.19911527633667 
5.481564044952393 
5.640054225921631 
6.002209186553955 
4.995254993438721 
6.691944599151611 
4.950626850128174 
5.627721786499023 
7.66825532913208 
4.903164386749268 
5.168550968170166 
5.015204906463623 
4.819544315338135 
5.409664154052734 
5.134190559387207 
5.157390117645264 
5.152965068817139 
5.521168231964111 
5.0972723960876465 
6.709085464477539 
5.137880802154541 
5.297491550445557 
5.193784713745117 
4.804195880889893 
5.4880781173706055 
5.248613357543945 
4.903491497039795 
5.358341217041016 
5.045071125030518 
5.535686016082764 
5.161418437957764 
5.045040130615234 
5.047356128692627 
7.326866626739502 
4.768155574798584 
4.875054836273193 
5.185322284698486 
4.840633869171143 
5.104562759399414 
5.177905082702637 
5.563371181488037 
4.67616605758667 
5.416654586791992 
5.138822078704834 
6.855435848236084 
5.1673054695129395 
5.27732515335083 
9.268245697021484 
4.776891231536865 
5.842787265777588 
5.1467976570129395 
4.944039821624756 
5.067206382751465 
5.278618335723877 
4.971035003662109 
5.647998332977295 
8.127707481384277 
5.420847415924072 
5.313830375671387 
5.153762340545654 
4.866081714630127 
5.17758321762085 
5.113775730133057 
5.142518043518066 
5.895760536193848 
5.773377895355225 
4.992777347564697 
7.807936191558838 
4.766244411468506 
4.830089092254639 
8.965792655944824 
5.023012638092041 
6.009667873382568 
5.510383605957031 
4.718843460083008 
5.168382167816162 
4.875795841217041 
5.648954391479492 
4.939415454864502 
5.233623504638672 
5.73563814163208 
5.043280601501465 
5.135761737823486 
5.095410346984863 
5.185267925262451 
6.6226115226745605 
4.788431644439697 
5.074232578277588 
4.979540824890137 
4.86909818649292 
5.096643924713135 
4.944187641143799 
6.589197635650635 
6.8660407066345215 
5.499557018280029 
5.210241794586182 
5.323403358459473 
5.494244575500488 
5.114725589752197 
4.846991062164307 
5.116313457489014 
4.970259189605713 
5.780568599700928 
4.897346019744873 
9.62452220916748 
6.566744327545166 
4.8055739402771 
5.211608409881592 
5.236233234405518 
4.845476150512695 
5.063059329986572 
4.995248317718506 
4.837742328643799 
5.197063446044922 
5.7698540687561035 
5.106597423553467 
6.09402322769165 
4.79071569442749 
4.995285987854004 
5.012368679046631 
4.846761226654053 
4.828578472137451 
5.51428747177124 
4.960904121398926 
5.3271565437316895 
7.024856090545654 
4.900970935821533 
5.119894027709961 
5.314935207366943 
4.76713228225708 
4.868403911590576 
6.328567028045654 
5.1801862716674805 
5.046088218688965 
5.308200359344482 
5.337998867034912 
4.987822532653809 
5.449706554412842 
5.095402240753174 
5.051035404205322 
6.233370780944824 
4.9889631271362305 
4.896890640258789 
5.229048728942871 
5.3724846839904785 
5.222631931304932 
5.113846302032471 
5.0345587730407715 
6.514283657073975 
5.426916599273682 
6.181796550750732 
5.001826763153076 
5.022458553314209 
5.193420886993408 
5.096724033355713 
4.963440418243408 
4.927668571472168 
4.925658702850342 
4.9533843994140625 
5.044424533843994 
5.235925674438477 
5.387974739074707 
5.883391380310059 
5.249885559082031 
5.981631278991699 
4.9304518699646 
5.1773762702941895 
4.910825729370117 
4.901215553283691 
4.880162239074707 
5.0857834815979 
4.888614654541016 
4.985341548919678 
7.234789848327637 
5.27294397354126 
5.130971431732178 
6.470038414001465 
6.9502034187316895 
4.757389545440674 
5.6485514640808105 
5.362390041351318 
6.889442443847656 
6.572572231292725 
5.185576915740967 
5.522132873535156 
5.065897464752197 
5.766507148742676 
5.027804851531982 
5.0772199630737305 
5.058603286743164 
4.764061450958252 
5.678475856781006 
5.798078536987305 
4.8831939697265625 
4.811680316925049 
5.494236469268799 
4.936435699462891 
5.068439483642578 
5.10799503326416 
5.130801200866699 
5.473257541656494 
6.41746711730957 
5.8443121910095215 
8.216456413269043 
5.279860496520996 
4.899771213531494 
5.52261209487915 
4.882068157196045 
5.39382791519165 
5.028105735778809 
5.336987018585205 
5.12339448928833 
5.727447986602783 
5.649186611175537 
7.430074214935303 
5.019941329956055 
5.048399925231934 
5.039412975311279 
5.033371448516846 
5.4664459228515625 
5.039857864379883 
5.014254093170166 
5.064497470855713 
5.247870922088623 
4.994063377380371 
5.01544713973999 
5.056800365447998 
5.034555912017822 
5.279626369476318 
6.912919044494629 
5.026199817657471 
4.915812969207764 
5.441516876220703 
7.834019660949707 
5.5115790367126465 
5.308451175689697 
5.045036315917969 
4.832624435424805 
5.567473888397217 
6.109152793884277 
4.9510650634765625 
4.922412395477295 
4.761149883270264 
5.042954921722412 
7.228404998779297 
6.560203552246094 
5.103410243988037 
5.546994209289551 
4.843236446380615 
6.836785793304443 
5.994907379150391 
5.72497034072876 
4.985573768615723 
5.060999393463135 
5.048264026641846 
5.138500690460205 
5.112093448638916 
5.283092498779297 
5.601933002471924 
4.80531644821167 
5.202423572540283 
5.225870132446289 
5.158146381378174 
5.63755464553833 
5.1495466232299805 
5.718080520629883 
5.089812755584717 
5.5853142738342285 
5.386397838592529 
5.167966365814209 
4.922520637512207 
4.8704352378845215 
5.307308673858643 
5.811177730560303 
6.302906513214111 
5.235286235809326 
5.017131328582764 
5.201599597930908 
5.487494945526123 
5.299715518951416 
5.702250003814697 
5.099743366241455 
5.030688762664795 
5.27649450302124 
6.006998062133789 
4.989192485809326 
5.061566352844238 
4.957259178161621 
5.073896884918213 
5.086324691772461 
6.271529674530029 
7.331682205200195 
4.8785400390625 
4.9724273681640625 
6.670097827911377 
5.144589900970459 
5.845134258270264 
5.693487644195557 
4.992768287658691 
5.280458927154541 
5.269089698791504 
4.872363567352295 
5.657563209533691 
5.166493892669678 
4.947813510894775 
4.844756126403809 
4.711164951324463 
5.225152015686035 
4.751566410064697 
4.955630779266357 
5.103726863861084 
5.0585784912109375 
5.131196975708008 
5.045627117156982 
5.1604814529418945 
5.180038928985596 
4.961938381195068 
5.151437282562256 
5.173416614532471 
5.020237922668457 
5.3141326904296875 
7.189004898071289 
5.274079322814941 
5.330170154571533 
6.162405490875244 
5.4964728355407715 
4.861723899841309 
5.105693340301514 
5.244309902191162 
5.240684509277344 
5.216526508331299 
5.176248073577881 
4.719196319580078 
5.301845073699951 
4.840829372406006 
4.749776840209961 
4.946846008300781 
5.291172504425049 
5.216683387756348 
5.409104824066162 
5.225367546081543 
5.721351623535156 
5.718299865722656 
5.5644707679748535 
5.2827277183532715 
5.267227649688721 
5.026021480560303 
4.784586429595947 
5.1031622886657715 
4.983154773712158 
5.010924816131592 
4.793696880340576 
6.14469575881958 
4.859874248504639 
5.920058727264404 
5.315606594085693 
4.979579925537109 
5.112814426422119 
5.455021381378174 
5.042816638946533 
5.578544616699219 
5.350548267364502 
6.189769744873047 
5.499300956726074 
5.8132524490356445 
6.014374732971191 
4.976974964141846 
5.474696159362793 
4.876206398010254 
4.936793327331543 
5.953309535980225 
5.086715221405029 
4.975531101226807 
5.117539882659912 
4.7980780601501465 
4.99449348449707 
4.8833088874816895 
5.168771266937256 
6.585093975067139 
4.958113670349121 
4.767796993255615 
6.887355327606201 
4.9958672523498535 
5.157834529876709 
5.699192047119141 
5.831390380859375 
4.877647399902344 
5.2232985496521 
5.95166540145874 
6.8879218101501465 
6.100107669830322 
5.255522727966309 
5.369435787200928 
4.905574321746826 
4.959238529205322 
5.235785484313965 
5.326151371002197 
4.919336318969727 
4.944463729858398 
5.253925323486328 
5.193055629730225 
5.104143142700195 
5.202109336853027 
4.938664436340332 
5.055142879486084 
6.786473751068115 
6.683966159820557 
4.997480392456055 
5.225869178771973 
4.838218688964844 
4.722766399383545 
5.513394832611084 
7.414262771606445 
4.917443752288818 
5.402294635772705 
4.960263729095459 
5.2561774253845215 
5.032639980316162 
5.020384311676025 
4.774308681488037 
5.000795841217041 
5.743314743041992 
7.899618625640869 
5.619478702545166 
5.2422194480896 
5.132946491241455 
6.233608722686768 
5.3783183097839355 
5.204460620880127 
5.470358371734619 
5.397340297698975 
6.503860950469971 
5.000686168670654 
6.372011184692383 
4.938170433044434 
5.203193664550781 
5.24815034866333 
5.11740255355835 
5.007826328277588 
5.225046634674072 
5.2356743812561035 
4.9506001472473145 
5.124521732330322 
4.966204643249512 
5.026098728179932 
4.7704081535339355 
5.118377208709717 
4.900339603424072 
5.373267650604248 
5.002527713775635 
4.5857367515563965 
4.986711025238037 
5.137465953826904 
6.940126895904541 
5.124302864074707 
4.989059925079346 
5.2707672119140625 
5.176312446594238 
5.106515407562256 
4.910624980926514 
6.995720863342285 
5.0679545402526855 
5.060886859893799 
5.095093250274658 
5.059929370880127 
5.090321063995361 
4.953556537628174 
5.068385601043701 
5.079982757568359 
4.981034755706787 
5.013191223144531 
7.219942569732666 
4.966243267059326 
4.78970193862915 
5.103079319000244 
6.108587741851807 
5.713305950164795 
5.205103874206543 
4.912911891937256 
5.170477390289307 
5.305381774902344 
4.878188610076904 
5.020379066467285 
6.014342308044434 
5.008052349090576 
5.123198509216309 
6.419788837432861 
6.4485063552856445 
4.9310994148254395 
6.12903356552124 
5.018772125244141 
5.03892183303833 
6.284244060516357 
4.858194828033447 
4.772596836090088 
4.756439685821533 
5.783600807189941 
6.404535293579102 
4.920228481292725 
5.327877521514893 
7.119801044464111 
4.9366254806518555 
4.827765464782715 
4.6801958084106445 
7.801143646240234 
5.007871150970459 
4.844724178314209 
7.843822002410889 
5.015935897827148 
5.017732620239258 
5.432682514190674 
6.311028003692627 
4.890678882598877 
5.811160564422607 
8.497690200805664 
5.86435604095459 
5.083597183227539 
5.013105392456055 
4.953871726989746 
4.933077335357666 
5.3037238121032715 
5.077789783477783 
5.5230793952941895 
4.771679401397705 
5.919191837310791 
6.40197229385376 
5.363381862640381 
6.790762424468994 
4.89148473739624 
5.351099491119385 
5.320046901702881 
5.193705081939697 
6.404650688171387 
5.829208850860596 
5.931774616241455 
5.186830997467041 
5.419581413269043 
5.459589004516602 
4.909294128417969 
5.712386608123779 
5.7902913093566895 
6.689815998077393 
7.506191730499268 
4.962854862213135 
5.221251964569092 
4.9775004386901855 
5.018535137176514 
5.25229024887085 
5.507808208465576 
4.8567280769348145 
5.496439456939697 
4.936718463897705 
5.104294300079346 
5.710184574127197 
5.0454535484313965 
5.123966693878174 
5.222425937652588 
5.315256118774414 
6.761173725128174 
5.066619396209717 
5.034849643707275 
5.084672927856445 
5.677272319793701 
5.272465229034424 
4.875580310821533 
5.050770282745361 
5.5335917472839355 
5.144662380218506 
5.24530553817749 
4.939424991607666 
7.6776533126831055 
4.978180408477783 
5.088543891906738 
4.886358737945557 
5.46214485168457 
5.046983242034912 
5.178369045257568 
5.182135105133057 
4.987410068511963 
5.770768642425537 
4.840076446533203 
5.119696617126465 
5.4887166023254395 
4.7897186279296875 
4.884950637817383 
5.906540393829346 
5.039586544036865 
5.1660943031311035 
5.4933905601501465 
5.341853618621826 
4.914309501647949 
6.141100883483887 
4.884765148162842 
5.162967205047607 
4.899031162261963 
4.978329181671143 
5.431406497955322 
4.95536470413208 
5.810186862945557 
6.4922308921813965 
5.1969475746154785 
5.270931720733643 
5.523622989654541 
5.661723613739014 
5.089969158172607 
4.803097248077393 
7.043702125549316 
5.003252983093262 
4.997950553894043 
4.960438251495361 
5.394932270050049 
4.949746608734131 
4.912072658538818 
5.060802936553955 
4.980262279510498 
5.5677385330200195 
5.198319911956787 
5.078883647918701 
4.776546955108643 
5.131682395935059 
4.933996677398682 
5.019867420196533 
4.977893352508545 
5.164418697357178 
5.100046634674072 
5.096119403839111 
8.707874298095703 
4.874914646148682 
4.9534831047058105 
5.628276824951172 
5.3442912101745605 
5.03822660446167 
5.0795464515686035 
4.912491321563721 
4.8650994300842285 
5.220164775848389 
4.774389743804932 
5.516424655914307 
5.01686429977417 
5.191141605377197 
5.201191425323486 
5.324594974517822 
5.080918788909912 
7.0982890129089355 
6.333314418792725 
5.337728977203369 
5.97570276260376 
5.0838942527771 
5.449490547180176 
5.150853633880615 
5.0943169593811035 
4.948254108428955 
5.2889018058776855 
5.168562889099121 
5.1594061851501465 
5.462952136993408 
5.162543773651123 
5.242079257965088 
7.726260662078857 
5.5861992835998535 
5.893823146820068 
5.248322010040283 
5.009742259979248 
5.070811748504639 
4.830559730529785 
4.7766900062561035 
5.408222675323486 
5.105428218841553 
6.818177700042725 
5.026417255401611 
4.998630046844482 
4.773890018463135 
5.027912616729736 
5.203383922576904 
4.883596897125244 
5.01431941986084 
5.35159969329834 
4.993741035461426 
4.759066581726074 
4.942850589752197 
5.206900119781494 
5.882625579833984 
5.792518138885498 
5.621239185333252 
5.244608402252197 
4.964385509490967 
6.187821865081787 
4.975705623626709 
5.714114189147949 
5.155730247497559 
5.029282569885254 
5.2005743980407715 
4.975890636444092 
5.206620693206787 
5.279475688934326 
6.127708911895752 
5.376657009124756 
4.995138645172119 
5.117934703826904 
4.917753219604492 
5.376327037811279 
8.34783935546875 
5.5776143074035645 
4.9235615730285645 
6.666243553161621 
5.216681957244873 
5.081695079803467 
4.840446949005127 
4.901871204376221 
5.276561260223389 
6.32036828994751 
5.511659145355225 
5.4786295890808105 
4.769169330596924 
4.7747416496276855 
4.928808689117432 
5.435700416564941 
5.050784587860107 
5.103707790374756 
5.206728458404541 
5.32924747467041 
4.693411350250244 
5.177337169647217 
5.2417755126953125 
5.0381340980529785 
5.001750469207764 
5.8321452140808105 
5.186435699462891 
5.248359680175781 
5.854569911956787 
5.11414909362793 
5.065550327301025 
5.05836296081543 
5.3026442527771 
4.7380690574646 
5.316917419433594 
4.940845012664795 
5.119116306304932 
5.11613130569458 
5.161339282989502 
5.0585761070251465 
5.459539890289307 
5.91284704208374 
5.516540050506592 
5.338551044464111 
5.150890827178955 
5.039004802703857 
5.17185640335083 
4.877390384674072 
6.309449672698975 
4.836850643157959 
5.59534215927124 
5.17233943939209 
4.6979169845581055 
5.858184814453125 
4.926339626312256 
5.139744281768799 
5.58599328994751 
5.090545177459717 
5.498929977416992 
5.540778160095215 
5.078073024749756 
4.853468894958496 
6.347296714782715 
4.882317066192627 
5.203119277954102 
5.020670413970947 
5.096367359161377 
4.9705023765563965 
4.753986835479736 
4.928377628326416 
5.081812381744385 
4.809292793273926 
5.268678665161133 
5.1792778968811035 
4.950743675231934 
5.143540859222412 
5.152520656585693 
5.443355083465576 
4.956411838531494 
5.081576824188232 
4.946633815765381 
5.244025707244873 
5.72799825668335 
4.965245723724365 
4.927834510803223 
5.539103984832764 
5.152102947235107 
5.15950345993042 
5.104982376098633 
4.941247463226318 
6.196076393127441 
5.5597100257873535 
5.295729637145996 
5.075947284698486 
5.16147518157959 
4.811522960662842 
5.0453715324401855 
6.579059600830078 
5.474863529205322 
4.999151706695557 
5.013446807861328 
4.8660478591918945 
5.3850507736206055 
4.90283727645874 
5.051355838775635 
5.484374523162842 
5.063324451446533 
4.865007400512695 
5.869787693023682 
4.696696758270264 
5.027390003204346 
4.939311504364014 
5.379136562347412 
5.43530797958374 
5.061446666717529 
7.400620460510254 
5.3805832862854 
5.118859767913818 
5.613006114959717 
5.073824882507324 
5.602539539337158 
6.2800068855285645 
5.071746826171875 
4.803986549377441 
5.141889572143555 
5.313934803009033 
4.930183410644531 
5.263622760772705 
4.884957790374756 
5.133552074432373 
4.819447994232178 
6.1965765953063965 
6.220275402069092 
5.086680889129639 
4.785817623138428 
4.959956645965576 
4.912658214569092 
7.6072163581848145 
5.15817928314209 
5.811159610748291 
4.97854471206665 
5.030848026275635 
5.017492771148682 
5.116692066192627 
4.984650135040283 
5.508169651031494 
5.615452289581299 
6.454955101013184 
5.152505874633789 
4.88710355758667 
5.26540994644165 
5.132674694061279 
4.975833415985107 
5.422949314117432 
4.990942478179932 
5.245739459991455 
5.002162456512451 
4.950895309448242 
6.455916881561279 
5.287669658660889 
4.922863483428955 
5.081461429595947 
5.720074653625488 
5.01470947265625 
5.114063739776611 
4.834543704986572 
5.670596599578857 
5.330569744110107 
4.967072010040283 
5.135349750518799 
5.0562920570373535 
5.2818121910095215 
5.077328205108643 
5.10568904876709 
5.212282180786133 
6.52517557144165 
4.8432230949401855 
5.021359920501709 
5.082661151885986 
5.05337381362915 
5.093392372131348 
5.0250244140625 
4.845756530761719 
5.898766040802002 
4.8447747230529785 
6.979018688201904 
5.052892208099365 
5.066148281097412 
5.006707668304443 
4.584197998046875 
6.1914591789245605 
5.4659881591796875 
5.166435718536377 
5.795327663421631 
5.688905239105225 
5.195694923400879 
4.910938739776611 
5.88828182220459 
4.964818954467773 
5.455658435821533 
5.840983867645264 
5.313197612762451 
5.0242109298706055 
5.145730018615723 
4.98343563079834 
5.444037914276123 
5.860625267028809 
4.915539264678955 
5.280751705169678 
4.833433151245117 
5.159800052642822 
5.125362873077393 
4.958943843841553 
4.868099689483643 
5.193506717681885 
4.953111171722412 
4.8152241706848145 
5.2587714195251465 
7.536242961883545 
5.712330341339111 
5.43766450881958 
4.942965984344482 
5.029035568237305 
5.565721035003662 
5.1239094734191895 
5.125439167022705 
5.046666622161865 
5.057560443878174 
5.215362071990967 
5.343144416809082 
5.5791497230529785 
4.82916784286499 
4.9716925621032715 
4.856924533843994 
5.0362958908081055 
5.231276988983154 
5.638885021209717 
5.624817371368408 
5.0263848304748535 
4.8650007247924805 
5.033769130706787 
5.073821544647217 
4.992058753967285 
4.753062725067139 
5.0297465324401855 
5.373197555541992 
5.092249393463135 
4.8194804191589355 
4.9715657234191895 
5.308603763580322 
5.298434734344482 
5.842935562133789 
5.3906707763671875 
5.700866222381592 
5.0672993659973145 
6.08890962600708 
5.362581253051758 
4.8171610832214355 
6.189101696014404 
4.8905720710754395 
5.031941890716553 
5.449108600616455 
5.064076900482178 
5.3647918701171875 
5.7968831062316895 
6.01947021484375 
4.929504871368408 
6.250085830688477 
4.89333963394165 
5.081023693084717 
5.049168109893799 
5.036204814910889 
5.08121919631958 
5.161832332611084 
5.3011155128479 
7.096398830413818 
5.416453838348389 
5.363178730010986 
5.8143439292907715 
4.768892288208008 
6.26242733001709 
5.14631986618042 
5.265594959259033 
5.174332618713379 
5.219557285308838 
5.185790538787842 
5.102898120880127 
5.194680690765381 
4.824029445648193 
5.102921485900879 
6.092657566070557 
5.070560455322266 
5.520171642303467 
5.177697658538818 
5.132383346557617 
4.772294998168945 
5.128770351409912 
5.3237433433532715 
5.480595111846924 
5.09706449508667 
4.955560207366943 
5.4875168800354 
4.900193214416504 
4.869678974151611 
5.5092291831970215 
5.345727920532227 
5.022898197174072 
5.280782222747803 
5.49838399887085 
5.084024906158447 
4.815067768096924 
5.032302379608154 
5.80288553237915 
5.001293659210205 
6.7422614097595215 
4.902916431427002 
4.952447414398193 
5.1748223304748535 
5.037509441375732 
4.892995834350586 
5.042539119720459 
6.752610683441162 
5.005086421966553 
7.151052951812744 
5.228145122528076 
6.784829616546631 
5.911799907684326 
4.994815349578857 
5.1019368171691895 
5.973390102386475 
4.996553897857666 
5.37190580368042 
5.136955738067627 
5.029231071472168 
5.284255027770996 
6.586345672607422 
5.032846927642822 
5.211268901824951 
5.157052516937256 
5.297889232635498 
6.631628036499023 
5.750461578369141 
5.101721286773682 
4.936142444610596 
7.023233890533447 
6.3529534339904785 
5.359584331512451 
5.053640842437744 
5.377064228057861 
6.6463236808776855 
5.292688846588135 
6.172282695770264 
5.141418933868408 
7.660582542419434 
5.0499138832092285 
6.33066987991333 
5.397609233856201 
5.185678005218506 
5.280871391296387 
6.1995110511779785 
5.358666896820068 
5.400912761688232 
4.730809211730957 
4.78831672668457 
6.834720134735107 
5.741334438323975 
5.0880913734436035 
4.854856014251709 
5.989267349243164 
4.98024320602417 
5.098757266998291 
4.867883205413818 
6.107199192047119 
5.345663547515869 
5.188567638397217 
5.086658954620361 
5.267480373382568 
6.359213352203369 
6.6934943199157715 
4.99168586730957 
5.242062091827393 
5.125100612640381 
4.830373287200928 
4.9602885246276855 
4.782355308532715 
5.103956699371338 
6.693151473999023 
6.383581161499023 
4.869910717010498 
5.171345233917236 
5.010530471801758 
5.130006790161133 
5.182477951049805 
5.291177272796631 
4.871909141540527 
5.001949787139893 
5.256561756134033 
5.102635860443115 
4.990665435791016 
6.2146897315979 
5.093443870544434 
4.8868536949157715 
7.145971775054932 
5.065164566040039 
6.92004919052124 
4.852842807769775 
6.215227127075195 
5.320271968841553 
5.088657855987549 
5.11553430557251 
4.8504204750061035 
5.132881164550781 
4.918385982513428 
5.300568580627441 
5.120532989501953 
6.267467975616455 
6.46945858001709 
5.231730937957764 
5.8685736656188965 
5.251663684844971 
5.402152061462402 
5.8028883934021 
5.20270299911499 
9.310498237609863 
5.000540256500244 
5.200469493865967 
5.0783467292785645 
4.937476634979248 
4.976876735687256 
5.696020603179932 
5.3918256759643555 
6.3260674476623535 
6.013506889343262 
7.1862616539001465 
5.4017510414123535 
5.1356024742126465 
4.612850666046143 
5.623884677886963 
4.942966938018799 
5.3205485343933105 
5.639416217803955 
5.1055216789245605 
6.877892017364502 
5.2178425788879395 
5.4937520027160645 
5.065368175506592 
6.5444769859313965 
4.874103546142578 
5.161547660827637 
5.332138538360596 
4.946208477020264 
4.992961406707764 
4.9461188316345215 
5.1483473777771 
5.059247970581055 
6.37709379196167 
5.471909999847412 
5.163859844207764 
5.414473056793213 
5.4442315101623535 
4.975046157836914 
4.909545421600342 
5.004277229309082 
6.659392356872559 
5.052171230316162 
5.036423206329346 
4.953675746917725 
5.218879222869873 
5.540920734405518 
4.8767900466918945 
5.119256973266602 
5.634839057922363 
4.949105739593506 
5.5300774574279785 
5.007440090179443 
7.6378302574157715 
5.2804436683654785 
5.18935489654541 
5.043250560760498 
6.772670269012451 
4.957740306854248 
5.02987813949585 
5.477965831756592 
5.019559860229492 
5.140932559967041 
6.0864105224609375 
4.78977632522583 
5.121949195861816 
6.4107561111450195 
6.003848552703857 
4.906012058258057 
5.032958984375 
4.9221062660217285 
5.0970258712768555 
5.167338848114014 
5.177314281463623 
5.049987316131592 
5.193859100341797 
5.644855976104736 
4.951256275177002 
6.137330532073975 
4.969682216644287 
5.149933338165283 
5.296691417694092 
5.038793087005615 
6.7074809074401855 
5.0065999031066895 
5.96576452255249 
4.7790398597717285 
5.420533657073975 
5.154080867767334 
5.21160364151001 
6.8487420082092285 
4.9775590896606445 
5.2632856369018555 
5.081184387207031 
5.773341655731201 
5.899069309234619 
5.148229122161865 
6.688198566436768 
5.870225429534912 
5.3659443855285645 
5.287195682525635 
4.854799270629883 
5.212022304534912 
4.777403354644775 
5.09553861618042 
5.146035194396973 
6.567097187042236 
5.145354747772217 
5.033126354217529 
4.730401039123535 
5.260199069976807 
6.580653667449951 
5.24040412902832 
5.075552940368652 
5.0750555992126465 
6.009063720703125 
5.211786270141602 
5.3556132316589355 
5.041799068450928 
4.9196906089782715 
5.249665260314941 
5.074912071228027 
5.826448917388916 
4.914010524749756 
5.614928722381592 
5.020164966583252 
5.091490745544434 
5.240360260009766 
5.116883754730225 
5.05081844329834 
5.187228679656982 
5.200588703155518 
4.930775165557861 
4.9720234870910645 
4.859950542449951 
5.144176483154297 
5.217727184295654 
5.66748571395874 
5.569674015045166 
5.402188777923584 
5.185976505279541 
6.058892250061035 
4.728390216827393 
5.019251346588135 
5.826140880584717 
4.972342014312744 
4.918126583099365 
5.016716480255127 
5.899581432342529 
5.310543060302734 
6.274960994720459 
5.23594856262207 
4.867549896240234 
5.055744171142578 
5.178847789764404 
7.430412769317627 
5.131556034088135 
4.983189582824707 
5.1682047843933105 
5.081271648406982 
5.414895534515381 
5.349776744842529 
5.354390621185303 
5.670788288116455 
4.9785566329956055 
5.001509189605713 
7.359217166900635 
5.061485290527344 
5.123633861541748 
4.916807174682617 
5.130517482757568 
5.0500664710998535 
5.359609127044678 
4.824041366577148 
7.764175891876221 
5.214972019195557 
4.984631061553955 
5.063579082489014 
5.743006229400635 
5.846954822540283 
5.357141494750977 
5.021345138549805 
5.348147869110107 
4.772623538970947 
5.25493860244751 
5.499419689178467 
5.157708168029785 
4.978841781616211 
4.966118335723877 
6.515064716339111 
5.355877876281738 
5.14014196395874 
5.26525354385376 
5.529416084289551 
4.968184947967529 
5.035374641418457 
5.205625534057617 
4.88940954208374 
5.352184772491455 
4.945936679840088 
5.681539058685303 
5.007200717926025 
5.141183376312256 
5.53344202041626 
5.999502658843994 
4.811873912811279 
5.23452615737915 
4.825127601623535 
5.985996246337891 
5.151025295257568 
5.473297595977783 
5.2869696617126465 
6.5565690994262695 
5.5404863357543945 
4.996838092803955 
5.142863750457764 
10.181194305419922 
4.996318340301514 
5.042699337005615 
5.0758490562438965 
5.172558307647705 
4.932030200958252 
5.040185451507568 
4.9820637702941895 
4.943751811981201 
5.84893798828125 
4.955395698547363 
5.088878631591797 
5.29431676864624 
6.522581100463867 
4.932137966156006 
5.0902791023254395 
5.407164573669434 
6.162469387054443 
4.968747615814209 
5.097737789154053 
4.932153701782227 
6.890196323394775 
6.271180629730225 
4.967234134674072 
5.18258810043335 
4.911791801452637 
5.247918605804443 
5.210204601287842 
4.788975238800049 
5.676549434661865 
5.128044605255127 
6.3347649574279785 
5.112793445587158 
5.403042793273926 
5.715674877166748 
5.077098369598389 
4.858692646026611 
5.071206092834473 
5.050205230712891 
6.133718967437744 
5.846289157867432 
7.154501438140869 
4.93568754196167 
5.067978382110596 
5.035556316375732 
7.7860283851623535 
6.973609924316406 
5.180963516235352 
4.973524570465088 
5.098825454711914 
5.073089122772217 
8.342906951904297 
6.096099853515625 
4.994563579559326 
4.943079471588135 
4.97254753112793 
6.240904331207275 
9.157958030700684 
4.751550197601318 
4.873736381530762 
5.1140265464782715 
5.2802019119262695 
5.3591179847717285 
5.535306453704834 
5.020289897918701 
5.153173923492432 
5.496713638305664 
4.892081260681152 
6.124799728393555 
4.963189601898193 
5.646327972412109 
5.731331825256348 
4.956470489501953 
5.271256923675537 
4.994792461395264 
5.120095252990723 
5.549314975738525 
5.14614725112915 
5.310976505279541 
5.118710041046143 
5.178729057312012 
6.66909646987915 
5.200735092163086 
5.184841632843018 
5.847408771514893 
5.30767297744751 
5.481461524963379 
6.040438652038574 
5.63753604888916 
5.8645782470703125 
4.890131950378418 
4.8368682861328125 
5.135909557342529 
4.876428127288818 
5.0045623779296875 
7.858272075653076 
5.354206562042236 
5.108267784118652 
5.5738844871521 
5.333627223968506 
4.983987331390381 
5.034738540649414 
5.558475971221924 
5.142942905426025 
4.999660015106201 
4.938858509063721 
4.825554370880127 
6.60863733291626 
5.1405181884765625 
5.117347240447998 
4.919813632965088 
5.90271520614624 
4.793768405914307 
5.180412769317627 
5.61881685256958 
5.403435230255127 
5.698367595672607 
4.963064670562744 
4.909679412841797 
5.5674004554748535 
5.666350841522217 
5.099681377410889 
4.810790538787842 
8.730725288391113 
5.1252760887146 
5.012814044952393 
5.168354034423828 
5.043252468109131 
5.503054618835449 
5.251547813415527 
5.311646938323975 
7.039684295654297 
4.9490647315979 
5.338664531707764 
4.764252185821533 
5.121821403503418 
4.941258907318115 
5.031487941741943 
5.185754776000977 
6.919480800628662 
5.158005714416504 
5.340872287750244 
5.3029351234436035 
5.389941692352295 
4.937881946563721 
4.894200801849365 
5.149991035461426 
5.268451690673828 
5.460483074188232 
5.162642002105713 
5.159364223480225 
5.394840717315674 
7.532818794250488 
5.076770782470703 
4.9642205238342285 
4.989074230194092 
5.55525016784668 
5.19340181350708 
4.961742877960205 
6.315324306488037 
5.414968013763428 
5.283835411071777 
4.927417278289795 
4.925909996032715 
4.855606555938721 
5.3007988929748535 
5.02185583114624 
5.052487373352051 
6.28529691696167 
5.6019206047058105 
5.1352620124816895 
5.171342372894287 
4.863546371459961 
5.422821521759033 
4.857119083404541 
7.646407604217529 
5.054408550262451 
8.45270824432373 
5.123048305511475 
4.894534587860107 
4.778859615325928 
5.88681173324585 
4.95720911026001 
4.855098247528076 
5.689056873321533 
4.9175567626953125 
5.230206489562988 
8.646705627441406 
5.232537746429443 
5.955018997192383 
5.52950382232666 
5.120641708374023 
5.216282844543457 
5.100845813751221 
5.153328895568848 
4.9852423667907715 
5.41685676574707 
7.888080596923828 
7.363791465759277 
6.963395595550537 
5.203552722930908 
5.011096000671387 
5.250487804412842 
5.011026859283447 
5.372284412384033 
5.208472728729248 
4.952661037445068 
5.687750339508057 
7.6798930168151855 
4.950984477996826 
5.146847248077393 
8.54308795928955 
4.90850305557251 
4.85819673538208 
5.114765167236328 
5.7876410484313965 
4.817814350128174 
5.3030686378479 
4.750637531280518 
4.819505214691162 
5.33450174331665 
5.147416591644287 
6.220485210418701 
5.388365745544434 
5.09417200088501 
5.685910701751709 
5.480563640594482 
5.0526885986328125 
7.0462646484375 
6.381683826446533 
5.697933673858643 
5.237058639526367 
4.961538791656494 
7.6750593185424805 
6.498954772949219 
5.243285179138184 
5.992000102996826 
6.038309097290039 
5.17622709274292 
5.536690711975098 
6.303473472595215 
6.074166774749756 
5.498314380645752 
5.99658727645874 
5.185195446014404 
4.725287914276123 
5.240903377532959 
4.922726154327393 
5.051511287689209 
5.290796756744385 
5.664028167724609 
5.248137950897217 
4.861996173858643 
4.944164752960205 
5.2082037925720215 
5.030296325683594 
7.757280349731445 
5.214860439300537 
6.1176886558532715 
4.900257587432861 
5.102639675140381 
5.597317218780518 
5.72857666015625 
5.099178314208984 
4.965897083282471 
5.058037757873535 
5.607555866241455 
5.048876762390137 
5.162969589233398 
7.7018327713012695 
4.856635570526123 
7.137600421905518 
5.049154758453369 
5.001447677612305 
5.179162502288818 
5.087247371673584 
6.057794094085693 
5.156613826751709 
4.898229598999023 
6.419368267059326 
4.9176249504089355 
5.8370161056518555 
4.91642427444458 
5.634178638458252 
5.068614959716797 
4.808990001678467 
5.0104498863220215 
6.611431121826172 
8.105484962463379 
5.254173755645752 
5.066247463226318 
6.685009479522705 
5.323018550872803 
5.181477069854736 
6.235757350921631 
4.986928939819336 
6.716082572937012 
5.558516502380371 
5.594979763031006 
6.3200578689575195 
5.217422008514404 
5.324764728546143 
5.052083969116211 
5.575616359710693 
5.230673313140869 
5.206223011016846 
6.122006893157959 
4.982815265655518 
6.819213390350342 
5.350531101226807 
5.1166815757751465 
4.946807861328125 
5.341626167297363 
4.900867462158203 
4.854755401611328 
4.96527099609375 
4.9447760581970215 
4.809751510620117 
5.827733993530273 
5.427110195159912 
5.0973663330078125 
5.202137470245361 
4.820491313934326 
4.980405807495117 
5.0662455558776855 
5.3587446212768555 
5.068567752838135 
5.818816184997559 
5.1757636070251465 
5.703293323516846 
5.263545989990234 
4.9184722900390625 
7.73983907699585 
4.815342426300049 
8.409655570983887 
5.501258373260498 
5.015346050262451 
5.37393045425415 
5.320725917816162 
5.427511692047119 
5.319739818572998 
5.7639336585998535 
4.742860317230225 
4.882750988006592 
5.3327412605285645 
5.3601789474487305 
6.906159400939941 
5.152833461761475 
5.2786688804626465 
5.229691028594971 
5.115171909332275 
4.916759490966797 
4.87132453918457 
5.302816867828369 
4.9849114418029785 
5.614872932434082 
6.42311429977417 
5.231490612030029 
5.23119592666626 
5.713782787322998 
5.14779806137085 
5.265036106109619 
5.080047130584717 
5.115191459655762 
5.0987229347229 
6.1241021156311035 
4.987241744995117 
4.978045463562012 
4.837132453918457 
4.995025634765625 
5.917935371398926 
5.167112827301025 
5.368943691253662 
5.022460460662842 
4.920649528503418 
4.866785526275635 
5.141886234283447 
4.950240612030029 
5.326962947845459 
5.043490409851074 
6.140000820159912 
5.143435001373291 
5.120147705078125 
5.109999179840088 
5.876976013183594 
5.051779270172119 
5.194059371948242 
5.0532755851745605 
4.94094181060791 
5.095682144165039 
4.9862518310546875 
4.973982334136963 
5.041146755218506 
5.766955852508545 
5.9500813484191895 
5.01237154006958 
6.782106399536133 
4.939433574676514 
7.588106632232666 
5.005940914154053 
5.3004045486450195 
5.241126537322998 
5.332481861114502 
5.775210380554199 
4.713759899139404 
5.0734124183654785 
5.079697132110596 
5.186502933502197 
5.1932692527771 
5.3391313552856445 
5.270669460296631 
5.130977153778076 
5.4189863204956055 
6.414846897125244 
4.893068313598633 
4.865644931793213 
5.700435161590576 
5.266369342803955 
5.103744029998779 
4.974334239959717 
8.135953903198242 
5.473394393920898 
4.944369792938232 
6.603063106536865 
4.79380464553833 
6.3057074546813965 
5.217719078063965 
5.405466556549072 
5.055064678192139 
5.504663944244385 
5.306969165802002 
4.9530158042907715 
6.7495341300964355 
5.776808738708496 
5.205285549163818 
4.943522930145264 
5.099839687347412 
6.472707271575928 
5.336946964263916 
5.098487377166748 
5.50348424911499 
5.1084818840026855 
5.0756611824035645 
5.4033284187316895 
4.971105098724365 
5.409090518951416 
5.062692642211914 
5.029117107391357 
5.060700416564941 
6.13854455947876 
4.91684103012085 
5.1392388343811035 
5.435145378112793 
5.095994472503662 
5.5501179695129395 
5.078995704650879 
4.874326229095459 
5.662641525268555 
5.2791266441345215 
5.524102687835693 
4.819303035736084 
5.002106666564941 
6.458797931671143 
5.199577808380127 
4.987279415130615 
5.362212181091309 
4.893794059753418 
4.860723972320557 
5.4546380043029785 
5.994689464569092 
4.8307929039001465 
4.986851215362549 
5.131906032562256 
5.217339038848877 
4.903503894805908 
5.0492329597473145 
5.809713840484619 
5.304903507232666 
5.042478084564209 
5.3110737800598145 
5.098953723907471 
7.633793830871582 
5.056203365325928 
4.890987873077393 
4.907583713531494 
5.060343265533447 
5.188904762268066 
5.056128025054932 
5.04296875 
5.526161193847656 
4.924041271209717 
4.848278999328613 
4.782327651977539 
7.562788009643555 
4.932124614715576 
6.172068119049072 
5.02397346496582 
5.387637615203857 
8.230439186096191 
5.599701881408691 
4.961874485015869 
6.257477760314941 
5.543452739715576 
4.921432971954346 
5.192699909210205 
5.35520601272583 
4.830627918243408 
5.1571807861328125 
5.257114887237549 
4.9426398277282715 
4.946343898773193 
4.99337911605835 
5.884120464324951 
5.060276985168457 
4.809925556182861 
5.138727188110352 
5.243659496307373 
5.317871570587158 
4.981101989746094 
4.980564594268799 
6.557109355926514 
5.005011081695557 
4.872666835784912 
5.212165355682373 
5.434469223022461 
6.985588550567627 
5.245370864868164 
5.095670223236084 
4.9929938316345215 
4.980862140655518 
5.158310890197754 
4.928106307983398 
5.110537052154541 
6.148800849914551 
6.448071479797363 
4.964107990264893 
5.643326282501221 
5.363126277923584 
5.135529518127441 
5.15476131439209 
4.862364292144775 
4.911586761474609 
5.109335422515869 
5.155388355255127 
7.073836326599121 
5.097611904144287 
4.965603351593018 
5.2326507568359375 
5.074515342712402 
4.94640588760376 
5.179471492767334 
4.965142250061035 
4.755681037902832 
5.006692886352539 
5.406802654266357 
5.185964107513428 
8.647507667541504 
5.294819355010986 
5.256306171417236 
5.469620227813721 
5.182352066040039 
4.998653411865234 
5.206800937652588 
4.9889302253723145 
5.0524001121521 
5.0491204261779785 
7.006114482879639 
5.001054286956787 
6.149380683898926 
5.801033020019531 
5.442160129547119 
4.757422924041748 
5.058038711547852 
4.9783034324646 
5.2007622718811035 
4.994969844818115 
5.288019180297852 
4.956185340881348 
5.073465824127197 
4.978844165802002 
