4.990133285522461 
5.359997749328613 
5.301604747772217 
5.041613578796387 
5.075277328491211 
5.113944053649902 
5.070937156677246 
4.882349014282227 
5.569365501403809 
5.820168972015381 
6.420868396759033 
8.160493850708008 
5.140350341796875 
5.0507588386535645 
6.539366722106934 
5.087180137634277 
5.208466053009033 
6.138193130493164 
4.974618434906006 
5.080878257751465 
5.071505546569824 
5.589088439941406 
6.062681198120117 
5.119423866271973 
5.008086681365967 
5.095970153808594 
5.123340129852295 
5.032713413238525 
5.075958251953125 
5.149957180023193 
5.133532524108887 
6.996459007263184 
5.004145622253418 
5.072377681732178 
6.34156608581543 
6.965689659118652 
5.20549201965332 
5.676992893218994 
5.200016975402832 
5.034595489501953 
5.335007190704346 
4.919077396392822 
5.1631269454956055 
5.059300422668457 
5.00123405456543 
5.373560905456543 
5.46527099609375 
5.149021625518799 
4.996850967407227 
6.674920558929443 
5.657224178314209 
7.976108074188232 
5.371420860290527 
5.040921211242676 
5.33506441116333 
6.4777326583862305 
5.050322532653809 
5.302605628967285 
4.8963141441345215 
5.068807125091553 
5.117971420288086 
4.920961856842041 
5.684014320373535 
5.04504919052124 
4.982610702514648 
5.080307960510254 
5.132377624511719 
4.9663920402526855 
5.890254974365234 
5.021562099456787 
5.161825180053711 
4.857404708862305 
5.239416599273682 
5.089836120605469 
4.997074127197266 
7.827548503875732 
5.058884143829346 
5.069356918334961 
5.010143280029297 
5.491105556488037 
5.092105865478516 
5.397109508514404 
5.1114888191223145 
6.005439281463623 
5.250123977661133 
4.856473445892334 
6.069864273071289 
4.927962303161621 
4.985220909118652 
4.9933319091796875 
5.351647853851318 
5.126686096191406 
7.11679744720459 
5.387967109680176 
5.060849189758301 
4.942137718200684 
5.075505256652832 
4.941980361938477 
5.171219825744629 
5.474568843841553 
5.3323974609375 
5.023460865020752 
5.043001174926758 
5.056248664855957 
5.268263816833496 
6.994668960571289 
5.44344425201416 
5.0625739097595215 
7.147019386291504 
4.954986095428467 
4.954754829406738 
7.185122966766357 
5.002202033996582 
5.166302680969238 
5.0815887451171875 
5.216888427734375 
5.055991172790527 
4.975091934204102 
5.027472496032715 
5.0548553466796875 
5.010436058044434 
4.959380149841309 
4.953415870666504 
6.866958141326904 
5.113920211791992 
5.034829616546631 
5.048646926879883 
6.461038112640381 
5.010374069213867 
5.320033550262451 
5.0217084884643555 
5.619848251342773 
5.742666244506836 
6.83886194229126 
5.203630447387695 
5.060757160186768 
8.450756072998047 
5.1232500076293945 
5.11183500289917 
5.121697902679443 
5.3038225173950195 
4.973237991333008 
6.632035255432129 
7.208479404449463 
5.542067527770996 
5.038346290588379 
5.164153099060059 
5.171217441558838 
4.871312141418457 
5.22994327545166 
5.227872848510742 
4.921759605407715 
5.246716022491455 
5.295746803283691 
5.533601760864258 
5.552835464477539 
5.063996315002441 
7.6972761154174805 
5.093749523162842 
5.172008991241455 
5.218973636627197 
6.765780448913574 
5.091778755187988 
6.313169002532959 
5.066906929016113 
5.165236473083496 
5.212488174438477 
6.240924835205078 
5.023947238922119 
5.235559463500977 
5.030138969421387 
5.089642524719238 
5.105624198913574 
5.288726806640625 
5.198402404785156 
5.388271331787109 
5.59272575378418 
5.176331520080566 
5.1755547523498535 
5.615556716918945 
5.041633129119873 
6.630370140075684 
5.490955829620361 
5.096510887145996 
5.176074981689453 
5.269365310668945 
6.890193939208984 
5.147885799407959 
4.918949127197266 
5.00046443939209 
5.087925910949707 
5.718785285949707 
4.9380292892456055 
5.406975746154785 
5.264986515045166 
6.139613151550293 
4.98393440246582 
5.063220500946045 
5.118414878845215 
7.7247467041015625 
5.106830596923828 
5.209000110626221 
5.947067737579346 
5.0450520515441895 
4.923757553100586 
4.938072204589844 
5.197003364562988 
5.01594352722168 
5.081284523010254 
7.434244155883789 
5.113803863525391 
5.3299360275268555 
6.19680118560791 
6.082016944885254 
7.296550750732422 
5.086185932159424 
4.959015846252441 
5.04317569732666 
5.035104751586914 
5.019641399383545 
5.042680740356445 
5.792201995849609 
6.293867111206055 
8.320538520812988 
5.114226818084717 
5.037417411804199 
4.944391250610352 
5.188459396362305 
5.006828308105469 
7.131505966186523 
4.821206092834473 
5.107089519500732 
5.1317057609558105 
5.167745590209961 
5.158111572265625 
5.856245994567871 
5.794319152832031 
4.965278148651123 
5.078520774841309 
8.652928352355957 
5.146978855133057 
5.160937309265137 
5.264531135559082 
5.440185546875 
5.00629186630249 
6.381955623626709 
5.289714336395264 
5.025515079498291 
5.059170722961426 
5.076289653778076 
5.226594924926758 
4.9358415603637695 
5.083524703979492 
5.179306983947754 
5.029565334320068 
5.165442943572998 
5.034787654876709 
5.693994522094727 
5.310641288757324 
5.40988826751709 
5.022215366363525 
5.072108268737793 
5.04404354095459 
5.286308765411377 
5.098674297332764 
4.973147869110107 
5.458332061767578 
5.061797618865967 
5.247462749481201 
5.10897970199585 
5.120044708251953 
5.137157440185547 
8.72508716583252 
5.1157121658325195 
5.357731819152832 
5.089616775512695 
4.962837219238281 
5.808785438537598 
8.30989933013916 
5.145893573760986 
7.382877349853516 
5.005532264709473 
5.0949835777282715 
5.000382423400879 
5.252396583557129 
5.090734004974365 
5.0457682609558105 
4.971095085144043 
5.004034996032715 
5.113779067993164 
5.333625793457031 
5.800912857055664 
5.0242509841918945 
5.036262512207031 
5.037901401519775 
9.215250968933105 
5.102914810180664 
5.060419082641602 
6.176326751708984 
5.216468811035156 
5.100205421447754 
5.061724662780762 
5.080584526062012 
5.009085178375244 
5.063217639923096 
5.163790702819824 
5.599385738372803 
5.159825325012207 
5.262867450714111 
5.096567153930664 
5.358588218688965 
7.6972761154174805 
8.32436466217041 
7.2641682624816895 
4.998151779174805 
5.130771636962891 
5.5154948234558105 
4.943351745605469 
5.150216579437256 
4.905205249786377 
6.718430995941162 
5.401279449462891 
8.381814956665039 
5.055027484893799 
5.23799991607666 
6.979814529418945 
5.042431354522705 
5.067010879516602 
5.197044372558594 
5.048111915588379 
5.1928935050964355 
5.083083152770996 
4.865629196166992 
5.109922885894775 
5.733121395111084 
5.5804667472839355 
5.021534442901611 
5.164862155914307 
5.103124618530273 
6.309880256652832 
5.029381275177002 
5.153103828430176 
4.989314556121826 
5.193564414978027 
5.063218593597412 
5.059776306152344 
5.020000457763672 
7.800337791442871 
5.105146408081055 
6.087038040161133 
5.98873233795166 
5.070132732391357 
5.190435409545898 
5.286210536956787 
5.234767436981201 
5.736879825592041 
5.288087368011475 
5.042009353637695 
5.354280471801758 
5.108440399169922 
5.025948524475098 
5.16706657409668 
4.898641586303711 
5.162296295166016 
5.466599464416504 
5.283219337463379 
5.159739017486572 
5.151114463806152 
5.252537727355957 
6.626229286193848 
4.994775295257568 
5.074223518371582 
5.094897270202637 
5.490781784057617 
7.066632270812988 
5.1676764488220215 
5.013051986694336 
5.204374313354492 
7.034114360809326 
4.9776153564453125 
5.5098066329956055 
5.620719909667969 
5.1427412033081055 
5.106687545776367 
4.9775190353393555 
5.052011966705322 
5.129569053649902 
6.9682536125183105 
5.028029441833496 
5.164401054382324 
5.256590843200684 
4.999096870422363 
5.804785251617432 
5.212607383728027 
5.822315692901611 
5.188445091247559 
5.1841325759887695 
4.983817100524902 
5.328413486480713 
6.6283464431762695 
5.044990539550781 
5.169757843017578 
5.212379455566406 
5.111867904663086 
5.32133674621582 
6.658732891082764 
6.129438877105713 
5.059485912322998 
5.04403018951416 
7.727514743804932 
5.08098030090332 
5.406459808349609 
5.469041347503662 
4.95830774307251 
5.115509033203125 
5.620959281921387 
5.197978973388672 
5.054672718048096 
4.967298984527588 
5.18628454208374 
6.408130645751953 
5.05828857421875 
4.956482887268066 
5.10604190826416 
8.803044319152832 
5.978568077087402 
5.0306572914123535 
5.022226810455322 
5.020021438598633 
5.136469841003418 
5.27150821685791 
5.2047600746154785 
5.071284770965576 
5.095212936401367 
5.0114030838012695 
5.6414313316345215 
5.007522106170654 
5.007906913757324 
5.179953098297119 
5.048692226409912 
4.980459213256836 
8.412351608276367 
5.092309951782227 
5.15889310836792 
6.020029067993164 
5.036147594451904 
5.2194108963012695 
5.169548511505127 
5.842639923095703 
5.559086799621582 
5.044098854064941 
5.96837043762207 
5.091686248779297 
5.58536434173584 
5.237776756286621 
5.041926383972168 
5.182301998138428 
5.283572196960449 
5.197528839111328 
6.367053508758545 
4.9951171875 
5.1601457595825195 
5.129883289337158 
5.5049028396606445 
4.936075687408447 
5.922950744628906 
5.309484481811523 
5.138413429260254 
5.01922607421875 
5.027001857757568 
5.442951202392578 
5.849088191986084 
5.424833297729492 
6.220020294189453 
5.150199890136719 
5.351327419281006 
5.199207305908203 
5.556816577911377 
5.179759502410889 
7.224451541900635 
7.705538749694824 
5.068417549133301 
4.939308166503906 
4.911653518676758 
5.189675331115723 
5.646695137023926 
5.238401412963867 
5.159269332885742 
5.059554576873779 
4.996848106384277 
5.00740909576416 
5.2642645835876465 
5.262477874755859 
5.547751426696777 
5.466944694519043 
4.967634201049805 
5.072437286376953 
5.423559188842773 
4.963266372680664 
5.608476638793945 
5.002694606781006 
8.22176742553711 
4.914243698120117 
5.263314723968506 
5.73404598236084 
5.079036235809326 
5.651874542236328 
5.043813705444336 
5.340513229370117 
5.094633102416992 
5.20074462890625 
4.965827941894531 
5.495502948760986 
5.045323371887207 
5.7113447189331055 
8.369607925415039 
5.690882682800293 
5.039149284362793 
5.347696304321289 
5.018952369689941 
6.896172523498535 
4.830153465270996 
5.00098991394043 
5.126861572265625 
5.20118522644043 
5.166163444519043 
5.892055034637451 
5.40650749206543 
5.00947904586792 
5.350347518920898 
5.076290130615234 
5.121101379394531 
4.8339152336120605 
5.208265781402588 
5.034038066864014 
6.901457786560059 
8.058436393737793 
5.10557746887207 
6.005908966064453 
7.474407196044922 
5.1588263511657715 
4.892375946044922 
4.954946994781494 
5.0627031326293945 
6.518738746643066 
5.735600471496582 
4.993739128112793 
8.035761833190918 
5.027782917022705 
4.973491668701172 
5.052520751953125 
5.047800064086914 
5.0173139572143555 
5.004430770874023 
5.052032470703125 
5.072354316711426 
4.930535316467285 
5.147861003875732 
7.647114276885986 
5.3433685302734375 
5.11549186706543 
5.0377655029296875 
5.098476886749268 
5.209784507751465 
5.0198211669921875 
5.293221473693848 
5.108355522155762 
6.373918056488037 
4.9964704513549805 
5.170419692993164 
5.076760768890381 
5.2233171463012695 
7.866466045379639 
5.157479763031006 
5.0797553062438965 
5.706333160400391 
7.175233840942383 
5.106626510620117 
5.09721040725708 
5.332771301269531 
5.825528144836426 
4.887950897216797 
5.19162130355835 
5.21566915512085 
6.156455039978027 
5.294256210327148 
5.304396629333496 
5.662604808807373 
5.3530168533325195 
5.218188285827637 
6.7892255783081055 
8.76027774810791 
5.029379367828369 
5.014308929443359 
4.911525726318359 
5.882747650146484 
8.817649841308594 
5.076947212219238 
5.409244537353516 
5.0577850341796875 
4.95929479598999 
5.621123313903809 
5.132184028625488 
4.981157302856445 
5.065959930419922 
5.111232757568359 
5.204800605773926 
9.121305465698242 
5.336640357971191 
5.070761680603027 
4.9232916831970215 
5.201228141784668 
5.369519233703613 
6.081648826599121 
5.014613151550293 
5.107575416564941 
5.376107215881348 
5.055169105529785 
5.313772678375244 
5.166446685791016 
4.76017951965332 
5.333090782165527 
5.033432483673096 
5.209361553192139 
5.071272850036621 
5.067732334136963 
5.233564376831055 
4.918419361114502 
4.966337203979492 
5.252391815185547 
6.192809104919434 
5.189550876617432 
5.189975738525391 
5.578586578369141 
5.1727495193481445 
6.002931118011475 
5.04848051071167 
5.197379112243652 
5.4893693923950195 
7.587957382202148 
5.516840934753418 
6.317996025085449 
4.994650363922119 
4.993448257446289 
6.152794361114502 
4.924339771270752 
6.7474141120910645 
4.997671604156494 
5.088095188140869 
5.148447036743164 
5.413525581359863 
5.007441520690918 
5.147296905517578 
5.157692909240723 
5.023027420043945 
5.110119819641113 
5.2248125076293945 
4.9552693367004395 
4.994753837585449 
5.1388397216796875 
5.131470680236816 
5.2801618576049805 
9.051858901977539 
4.88156795501709 
5.25230598449707 
5.520183563232422 
5.094905853271484 
5.035806179046631 
7.8550214767456055 
5.0452680587768555 
5.086878776550293 
5.0889177322387695 
6.1106276512146 
5.052424430847168 
5.137954235076904 
7.585350036621094 
5.219809532165527 
5.047425270080566 
5.117248058319092 
5.056338310241699 
5.1013078689575195 
5.270444869995117 
5.103853702545166 
5.042798042297363 
5.121377468109131 
4.9724321365356445 
5.4692606925964355 
5.042021751403809 
6.1993088722229 
5.158849716186523 
5.231321334838867 
5.091907501220703 
6.346431732177734 
4.996681213378906 
5.090597629547119 
5.050534248352051 
7.805723190307617 
5.097617149353027 
5.010714530944824 
5.139888286590576 
5.082000255584717 
5.054522514343262 
5.104111194610596 
4.931302070617676 
4.977043151855469 
5.240753173828125 
5.325442790985107 
5.839457988739014 
5.386296272277832 
4.949086666107178 
5.029862403869629 
5.347982883453369 
5.0173797607421875 
8.542176246643066 
5.338992595672607 
5.538195610046387 
5.950960159301758 
5.405479431152344 
4.936746597290039 
5.096187591552734 
4.988441467285156 
6.808040618896484 
6.4391961097717285 
5.212834358215332 
5.095496654510498 
5.097477436065674 
5.168395519256592 
5.54874324798584 
8.208113670349121 
5.062677383422852 
5.416478157043457 
5.123736381530762 
4.985291957855225 
5.419713973999023 
5.07192325592041 
5.076033115386963 
5.067213535308838 
5.161751747131348 
5.124723434448242 
5.076033592224121 
5.248446464538574 
5.561467170715332 
5.177999496459961 
5.39304256439209 
5.149039268493652 
7.31276273727417 
5.0529680252075195 
5.09755277633667 
4.908890724182129 
5.023815155029297 
5.073424339294434 
6.7427778244018555 
6.5709028244018555 
5.265585899353027 
5.121924877166748 
5.317713737487793 
5.073197364807129 
6.649114608764648 
5.136315822601318 
8.93652057647705 
5.12193489074707 
5.019342422485352 
5.094293594360352 
4.979029655456543 
5.013951301574707 
5.011570453643799 
6.422075271606445 
5.568080902099609 
4.939558982849121 
5.08681583404541 
5.008769512176514 
5.076636791229248 
5.335637092590332 
5.846045017242432 
4.996840000152588 
5.047863483428955 
4.962657451629639 
6.003242492675781 
6.700125694274902 
5.202816009521484 
5.311218738555908 
6.933900356292725 
5.944187164306641 
5.135340213775635 
5.025724411010742 
5.029600143432617 
5.58428955078125 
5.687409400939941 
7.966696739196777 
5.199564456939697 
5.056328296661377 
5.024322509765625 
4.959468841552734 
5.094843864440918 
5.93332576751709 
5.041132926940918 
5.110409736633301 
5.091533660888672 
4.9987101554870605 
7.278424263000488 
5.145969867706299 
7.921217918395996 
5.086134433746338 
9.97684097290039 
5.122834205627441 
4.94072151184082 
5.386925220489502 
5.139982223510742 
5.097341060638428 
5.09320068359375 
5.068475246429443 
5.584144592285156 
5.538232803344727 
5.098033905029297 
5.819671630859375 
5.090012073516846 
6.255543231964111 
7.898319244384766 
5.359777450561523 
5.209786891937256 
6.051058769226074 
5.1769118309021 
5.187526226043701 
5.8117170333862305 
7.2660980224609375 
5.112303256988525 
5.137654781341553 
5.1840105056762695 
5.089476585388184 
5.301658630371094 
5.0711140632629395 
5.212882995605469 
4.974157810211182 
5.277392387390137 
8.666213989257812 
5.063165187835693 
4.917480945587158 
5.562880039215088 
5.139669418334961 
5.519670486450195 
5.257572174072266 
5.039261817932129 
5.094458103179932 
5.178030014038086 
5.494351387023926 
5.0742597579956055 
5.05994176864624 
5.035021781921387 
5.029202461242676 
7.477263450622559 
5.402617454528809 
4.98040771484375 
5.580348014831543 
5.427612781524658 
5.086325645446777 
5.512413501739502 
5.128302574157715 
5.082829475402832 
5.081719398498535 
5.177619934082031 
5.088979721069336 
6.41359806060791 
5.413666248321533 
5.213071346282959 
5.046475410461426 
5.188516616821289 
5.327497482299805 
6.288386821746826 
7.737839698791504 
5.081464767456055 
5.005589485168457 
5.133716583251953 
4.970582008361816 
5.087524890899658 
4.904343128204346 
6.04373836517334 
7.392241477966309 
5.148893356323242 
5.041228294372559 
6.510929107666016 
5.368258476257324 
4.995292663574219 
5.215119361877441 
5.060320854187012 
5.159076690673828 
6.39009428024292 
5.423362731933594 
9.266934394836426 
5.60152530670166 
5.087141990661621 
5.031302452087402 
4.96690559387207 
5.26664924621582 
5.1447577476501465 
5.162754058837891 
5.025430679321289 
4.940165042877197 
5.302151679992676 
5.2448835372924805 
5.236048698425293 
4.984489440917969 
5.452250957489014 
7.360254764556885 
4.926913738250732 
8.858450889587402 
5.0272722244262695 
5.133932590484619 
5.187479019165039 
5.004508972167969 
7.20177698135376 
5.161402225494385 
5.014110565185547 
5.044013977050781 
5.077676773071289 
4.990396499633789 
5.201448440551758 
5.1610636711120605 
5.084475517272949 
4.958386421203613 
6.7517781257629395 
8.698921203613281 
7.88094425201416 
5.167348384857178 
5.170530319213867 
5.445042610168457 
5.105434417724609 
5.060361862182617 
5.113156318664551 
5.158205032348633 
6.151890277862549 
5.12990665435791 
5.4035444259643555 
5.1076154708862305 
5.312918663024902 
5.090303897857666 
5.090578556060791 
5.021126747131348 
5.311744689941406 
5.0432233810424805 
5.079831123352051 
5.069126129150391 
5.402729511260986 
5.155873775482178 
4.952855110168457 
5.030088424682617 
4.877444267272949 
5.934247016906738 
5.14219856262207 
7.421521186828613 
5.047940254211426 
5.137859344482422 
5.200531959533691 
9.160317420959473 
5.044838905334473 
5.4160237312316895 
4.860735893249512 
5.165839195251465 
5.560201168060303 
5.443470001220703 
8.982749938964844 
5.12939977645874 
5.068566799163818 
5.012479782104492 
5.151240348815918 
5.239989757537842 
6.201820373535156 
5.142153739929199 
5.127925395965576 
5.094639778137207 
5.154158115386963 
5.083504676818848 
5.049651145935059 
4.948444366455078 
5.226663112640381 
4.976983070373535 
6.779916763305664 
5.0248613357543945 
5.528653144836426 
8.195761680603027 
5.28018856048584 
5.0929107666015625 
5.786240577697754 
5.078988075256348 
5.102471351623535 
5.095273971557617 
5.112780570983887 
6.071356296539307 
5.496506690979004 
5.1275434494018555 
5.1867218017578125 
5.019115447998047 
5.0930399894714355 
5.189731597900391 
5.139007568359375 
5.021920204162598 
5.04739236831665 
5.1661787033081055 
5.489095687866211 
5.088887691497803 
4.884881973266602 
5.054337501525879 
5.12130880355835 
5.078252792358398 
5.465238571166992 
5.207439422607422 
5.431602478027344 
5.072337627410889 
5.094407081604004 
5.047287940979004 
5.0351433753967285 
7.053493022918701 
5.150143623352051 
7.241567611694336 
5.091102600097656 
7.293246746063232 
5.1683807373046875 
5.101263046264648 
8.8087739944458 
5.099330425262451 
5.007937431335449 
5.050024509429932 
5.114950180053711 
5.07661247253418 
5.161999702453613 
5.0500640869140625 
6.634227752685547 
5.100612640380859 
5.134674072265625 
5.226222991943359 
5.158116340637207 
5.213079452514648 
5.250887870788574 
5.030909538269043 
5.495257377624512 
5.837446689605713 
5.1370344161987305 
5.119577884674072 
5.022148132324219 
5.114114761352539 
5.443005561828613 
5.31317138671875 
5.109955310821533 
5.013491630554199 
7.022106647491455 
5.030241966247559 
5.874645233154297 
7.70482873916626 
5.203486919403076 
5.024621486663818 
5.0785017013549805 
5.00627326965332 
5.22088623046875 
4.9875311851501465 
5.459335803985596 
5.161381721496582 
5.091455936431885 
5.08625602722168 
5.332783222198486 
5.193388938903809 
5.519709587097168 
5.146514892578125 
5.26475191116333 
5.060776233673096 
5.300680160522461 
5.2991509437561035 
5.073105812072754 
5.040494441986084 
5.222227096557617 
5.732181549072266 
5.143102645874023 
5.3785858154296875 
4.999337673187256 
5.013669013977051 
5.298927307128906 
7.665750026702881 
4.83828067779541 
5.5038862228393555 
5.2770233154296875 
5.001298904418945 
10.266051292419434 
5.081260681152344 
5.181253433227539 
9.280616760253906 
5.076766490936279 
5.269051551818848 
5.107860565185547 
5.4231414794921875 
5.1026811599731445 
5.036833763122559 
5.0935468673706055 
5.211366653442383 
5.240638256072998 
5.160566806793213 
5.080913066864014 
6.006440162658691 
5.197102069854736 
5.167267799377441 
5.1465911865234375 
5.233572006225586 
5.492470741271973 
4.887904167175293 
4.954217910766602 
5.225451469421387 
5.083730220794678 
6.0437822341918945 
5.039118766784668 
5.780061721801758 
5.357588768005371 
5.1259870529174805 
5.018874168395996 
5.190740585327148 
5.076262950897217 
4.987013339996338 
4.967533588409424 
5.252514839172363 
5.715456008911133 
6.475485801696777 
5.922992706298828 
5.091099739074707 
5.025725364685059 
5.710936546325684 
5.117290496826172 
5.4616289138793945 
4.996032238006592 
5.223576545715332 
5.772350311279297 
6.499685764312744 
5.442606449127197 
6.134239673614502 
5.1704583168029785 
6.662755012512207 
6.272007942199707 
5.305102825164795 
5.3600664138793945 
5.836908340454102 
5.364866256713867 
7.341241836547852 
5.199479579925537 
5.116114616394043 
5.73694372177124 
7.009836196899414 
5.172543048858643 
5.320302963256836 
5.507503986358643 
5.023388385772705 
5.105199337005615 
5.437115669250488 
4.9844794273376465 
5.757457733154297 
6.590378761291504 
4.974363327026367 
5.717070579528809 
5.02234411239624 
4.980052471160889 
4.954885005950928 
5.271093368530273 
6.392309188842773 
5.066867828369141 
5.074347972869873 
5.036005020141602 
5.371036529541016 
5.144330024719238 
5.058619022369385 
5.101884365081787 
5.133210182189941 
5.155282974243164 
4.966867446899414 
5.088040828704834 
5.037652969360352 
4.970437049865723 
5.243380069732666 
6.145214080810547 
5.2346086502075195 
4.995112419128418 
8.397422790527344 
5.176044940948486 
5.347689628601074 
5.5281171798706055 
7.449727535247803 
5.040428638458252 
7.50901985168457 
5.001283645629883 
4.9450178146362305 
5.40742826461792 
5.047156810760498 
5.030881881713867 
5.128201484680176 
5.175856590270996 
5.004582405090332 
4.991353988647461 
5.020806312561035 
8.332589149475098 
5.074307918548584 
5.392792224884033 
4.9768218994140625 
5.188636302947998 
5.44373893737793 
5.249621391296387 
5.210456371307373 
5.029997825622559 
6.085906982421875 
5.195337295532227 
6.939464092254639 
5.0048980712890625 
5.197901725769043 
5.118871688842773 
5.077591419219971 
5.56429386138916 
4.95131778717041 
6.350031852722168 
5.09817361831665 
5.850041389465332 
5.363819599151611 
4.999259948730469 
4.922693252563477 
5.002653121948242 
5.175614356994629 
6.349420547485352 
5.016990661621094 
5.443697929382324 
5.299612998962402 
4.998079299926758 
5.040745735168457 
5.109698295593262 
5.014768600463867 
5.17420768737793 
4.973430156707764 
4.872113227844238 
5.201501846313477 
7.197587490081787 
5.029240608215332 
5.285901069641113 
5.0579376220703125 
5.085957050323486 
5.100533485412598 
4.885852813720703 
5.216552257537842 
5.170942306518555 
5.128706932067871 
5.117666244506836 
8.534939765930176 
5.218236923217773 
6.459196090698242 
4.992846488952637 
5.033895492553711 
5.476797580718994 
8.582921028137207 
4.988009452819824 
4.823898792266846 
7.611748695373535 
5.1466498374938965 
5.445526123046875 
4.955626487731934 
5.038967132568359 
5.100439071655273 
5.040245056152344 
5.981801509857178 
8.820117950439453 
4.981232643127441 
5.137454032897949 
5.179752349853516 
5.99725341796875 
5.132480144500732 
4.984134674072266 
5.019712448120117 
5.241511821746826 
5.209514617919922 
7.523409843444824 
4.961029529571533 
4.922948360443115 
5.098447799682617 
5.918609619140625 
5.462050437927246 
5.058667182922363 
4.944512367248535 
7.13917875289917 
5.005710124969482 
6.865080833435059 
5.056809425354004 
5.2760009765625 
5.0245184898376465 
4.928849220275879 
6.107384204864502 
4.960620880126953 
5.613945960998535 
5.17375373840332 
7.0009636878967285 
5.63671350479126 
7.225559234619141 
4.946450233459473 
4.97041130065918 
5.20890998840332 
5.129750728607178 
5.156504154205322 
5.6121439933776855 
5.131045341491699 
5.587158203125 
5.174742221832275 
6.016235828399658 
4.992337703704834 
5.139209747314453 
5.392431259155273 
6.202921390533447 
5.291668891906738 
7.32530403137207 
8.409174919128418 
5.031063079833984 
5.867588520050049 
5.308697700500488 
5.094799041748047 
4.964838027954102 
5.097203254699707 
5.070434093475342 
5.200323104858398 
6.425246715545654 
5.050614833831787 
4.965251445770264 
4.959477424621582 
5.215953826904297 
4.921059608459473 
5.652488708496094 
4.900323867797852 
5.045399188995361 
5.0702409744262695 
5.7105326652526855 
5.417934417724609 
5.133491039276123 
4.777782917022705 
5.142460823059082 
5.430448532104492 
4.897093772888184 
5.020546913146973 
4.911890029907227 
5.85552978515625 
4.886072158813477 
4.952935218811035 
5.924107551574707 
4.744697570800781 
5.072196006774902 
5.001594543457031 
5.271079063415527 
5.484289169311523 
5.147790908813477 
5.0412797927856445 
5.13545036315918 
5.8237199783325195 
5.02699089050293 
4.976167678833008 
5.008722305297852 
5.211604118347168 
5.168248176574707 
5.0036468505859375 
4.967331886291504 
5.091355800628662 
9.20666217803955 
5.19830846786499 
5.50076961517334 
5.140777587890625 
4.991089344024658 
5.105895042419434 
4.8992414474487305 
5.4053120613098145 
4.931646347045898 
5.105620384216309 
4.899949073791504 
5.115440845489502 
5.0032196044921875 
5.259629249572754 
5.077329635620117 
5.076018333435059 
4.974853515625 
5.528611660003662 
5.040316581726074 
7.92448091506958 
8.312039375305176 
5.045417785644531 
5.118555068969727 
5.194447040557861 
5.0537004470825195 
5.068404674530029 
8.284899711608887 
5.223156452178955 
5.082408905029297 
4.946647644042969 
5.192237854003906 
5.150937080383301 
5.121712684631348 
5.121790409088135 
5.09389591217041 
5.025631427764893 
5.023345947265625 
5.106666564941406 
5.155017852783203 
5.323916912078857 
5.166716575622559 
5.100855827331543 
5.048986434936523 
4.99268913269043 
5.067991256713867 
4.98974084854126 
5.303929328918457 
5.245039939880371 
4.837701320648193 
5.045641899108887 
4.96532678604126 
5.483088970184326 
5.156462669372559 
5.126594543457031 
9.394875526428223 
5.045366287231445 
7.379638671875 
5.364947319030762 
7.955469608306885 
5.111000061035156 
4.9535627365112305 
5.194545269012451 
4.8966779708862305 
6.732962131500244 
5.381613731384277 
5.117866516113281 
5.203094482421875 
5.0164384841918945 
6.758813858032227 
5.898433208465576 
6.354715824127197 
4.980956077575684 
5.526138782501221 
5.4510040283203125 
5.115472316741943 
9.414870262145996 
7.525031089782715 
5.143056392669678 
5.147621154785156 
5.025182723999023 
5.146965980529785 
5.576583385467529 
5.0220184326171875 
5.08607816696167 
5.385139465332031 
8.5032958984375 
5.660768508911133 
5.102572441101074 
5.055815696716309 
8.928186416625977 
5.0172882080078125 
5.008914947509766 
5.23226261138916 
5.144261360168457 
5.187838554382324 
5.044886589050293 
5.083564758300781 
5.202315330505371 
5.2314863204956055 
5.297652244567871 
5.039355278015137 
7.602217674255371 
5.038039207458496 
5.171405792236328 
4.963596820831299 
5.15386438369751 
5.353830814361572 
5.041286945343018 
5.182855606079102 
4.991082191467285 
5.067539691925049 
4.994215488433838 
5.7350382804870605 
5.117076873779297 
5.065341949462891 
4.958771705627441 
5.127068042755127 
5.027977466583252 
5.1468963623046875 
5.113839626312256 
5.096155166625977 
4.988642692565918 
5.062501907348633 
8.042566299438477 
5.066967010498047 
5.119169235229492 
5.292529582977295 
5.045601844787598 
5.105157375335693 
4.981167793273926 
6.343541622161865 
5.385815620422363 
5.193774223327637 
5.087868690490723 
5.87578010559082 
5.1444854736328125 
4.904304027557373 
5.143774032592773 
7.714661598205566 
5.241476058959961 
5.577263832092285 
5.068583011627197 
5.086997985839844 
5.489696025848389 
5.411405086517334 
5.004287242889404 
5.301321983337402 
7.317705154418945 
7.967610836029053 
5.516848087310791 
5.101510047912598 
5.222061634063721 
6.778870582580566 
6.546578407287598 
5.039698123931885 
5.18472957611084 
5.871833324432373 
5.041766166687012 
5.152682781219482 
5.015519618988037 
5.369192123413086 
5.5075554847717285 
4.974123477935791 
5.0555524826049805 
7.3340888023376465 
5.021888732910156 
5.2581071853637695 
5.000020980834961 
5.110054016113281 
5.177349090576172 
6.020199775695801 
5.1881208419799805 
6.578216075897217 
6.788825511932373 
5.0638556480407715 
4.869872570037842 
4.809780120849609 
5.277198314666748 
5.18963098526001 
4.984907150268555 
4.949698448181152 
8.887677192687988 
5.29268217086792 
5.349842071533203 
7.728937149047852 
5.05061149597168 
5.107361793518066 
5.041083335876465 
6.282981872558594 
5.2576446533203125 
5.295610427856445 
5.813448905944824 
4.922751426696777 
5.725249290466309 
7.21304988861084 
5.132012367248535 
5.100552558898926 
7.422520160675049 
5.050453186035156 
5.2495622634887695 
5.323807716369629 
4.943934440612793 
5.152531147003174 
5.284707546234131 
5.1001739501953125 
7.13478946685791 
6.8591837882995605 
5.265938758850098 
4.9045023918151855 
5.1271233558654785 
5.093045711517334 
5.084271430969238 
4.991019248962402 
5.116013050079346 
5.101595878601074 
5.044058799743652 
4.97661018371582 
5.698323726654053 
5.902068138122559 
5.190447807312012 
4.998500347137451 
5.325013637542725 
5.133946418762207 
5.181661605834961 
5.063310623168945 
5.052105903625488 
5.723540306091309 
5.065216064453125 
4.971817493438721 
8.206674575805664 
6.426836967468262 
7.555813789367676 
5.002813339233398 
6.656668663024902 
5.4093451499938965 
6.837695121765137 
7.727797985076904 
5.138686656951904 
4.946630477905273 
5.147588729858398 
7.977717399597168 
5.102851867675781 
5.101226806640625 
5.146884918212891 
5.050966262817383 
5.650962829589844 
5.639923095703125 
5.105234146118164 
5.911311149597168 
5.0218706130981445 
5.259688854217529 
5.099480152130127 
5.024036407470703 
5.219865798950195 
5.574994087219238 
5.042757034301758 
5.173962593078613 
5.411870002746582 
5.234166145324707 
5.044122695922852 
5.089483261108398 
5.08024787902832 
5.321953773498535 
5.080290794372559 
5.0634965896606445 
6.5774712562561035 
5.057537078857422 
4.95941686630249 
5.1070404052734375 
7.49296760559082 
7.627306938171387 
5.033661842346191 
4.994293212890625 
5.490356922149658 
5.063321113586426 
5.756608963012695 
6.476080894470215 
4.878368854522705 
5.015007972717285 
5.260871887207031 
7.304737091064453 
5.031418800354004 
4.949524879455566 
5.190046787261963 
6.1306843757629395 
5.171065330505371 
5.343331336975098 
5.3177995681762695 
5.114377021789551 
5.21466064453125 
5.101930618286133 
5.07316780090332 
5.889909267425537 
5.251806259155273 
5.250847816467285 
7.720418930053711 
5.437735557556152 
4.949501037597656 
5.63370943069458 
4.891683578491211 
5.102270126342773 
5.200747489929199 
5.523538112640381 
5.375423431396484 
4.968389987945557 
5.07421875 
8.053936958312988 
5.2027506828308105 
5.066795349121094 
5.023053169250488 
8.039266586303711 
5.084235668182373 
5.237303256988525 
5.178230285644531 
5.130978107452393 
5.065892696380615 
5.15510368347168 
5.1386494636535645 
5.8879852294921875 
5.2333526611328125 
5.051983833312988 
5.257518768310547 
5.303975582122803 
5.064496994018555 
7.964942932128906 
4.996524810791016 
5.306035041809082 
4.928339958190918 
7.068458080291748 
5.1274871826171875 
5.194122791290283 
5.758369445800781 
5.123327255249023 
5.160438537597656 
5.095803260803223 
5.0829291343688965 
5.152787685394287 
5.091910362243652 
5.117615222930908 
5.092351913452148 
4.969447135925293 
5.058708667755127 
5.140235424041748 
5.2382354736328125 
4.932191371917725 
5.077021598815918 
5.068418502807617 
5.075044631958008 
5.145986557006836 
8.497367858886719 
5.001705169677734 
4.989779472351074 
5.023839950561523 
5.086668968200684 
4.942451477050781 
5.3614702224731445 
4.9493865966796875 
5.110744476318359 
7.241689682006836 
5.271609783172607 
5.175400733947754 
5.688928604125977 
5.125213146209717 
5.10849666595459 
5.09372615814209 
5.13059139251709 
6.584500312805176 
5.2256574630737305 
5.029993057250977 
4.930721282958984 
5.008305549621582 
4.912106513977051 
4.917817115783691 
5.068929672241211 
5.535128116607666 
5.370494842529297 
5.125002861022949 
6.489140033721924 
4.941911220550537 
5.092279434204102 
5.034758567810059 
7.150089263916016 
5.035241603851318 
4.981393337249756 
5.42924165725708 
5.199154376983643 
5.165716171264648 
4.952042579650879 
5.6212334632873535 
8.671258926391602 
5.172347068786621 
4.958484649658203 
5.170981407165527 
5.1947526931762695 
6.118587493896484 
5.129891395568848 
5.278617858886719 
5.081172466278076 
7.085445880889893 
5.154558181762695 
4.914686679840088 
4.852994918823242 
5.021078109741211 
5.055896759033203 
5.981328010559082 
5.098006248474121 
5.2518157958984375 
5.12925910949707 
4.947327613830566 
5.137050628662109 
4.99578857421875 
5.366649627685547 
5.053365707397461 
5.176026344299316 
5.086801528930664 
5.064995288848877 
5.157784461975098 
5.669304847717285 
4.932321548461914 
5.307519912719727 
5.131396293640137 
5.309182643890381 
5.000309944152832 
5.124787330627441 
5.237887382507324 
5.171446323394775 
5.171482086181641 
6.570801734924316 
7.1104230880737305 
5.157955169677734 
5.085276126861572 
5.769983291625977 
5.062203407287598 
5.01942253112793 
5.25614595413208 
7.344830513000488 
5.294525623321533 
5.181217193603516 
4.9990386962890625 
5.240437984466553 
5.055695056915283 
5.011707305908203 
5.110757827758789 
5.152944564819336 
5.535858631134033 
5.083155155181885 
5.387045860290527 
8.75607967376709 
5.501737594604492 
4.89406156539917 
5.085713863372803 
5.0013041496276855 
5.211390972137451 
5.017169952392578 
5.389123916625977 
5.028749942779541 
5.836286544799805 
5.1409478187561035 
6.1299543380737305 
4.927545547485352 
5.297489166259766 
5.272494316101074 
4.978066444396973 
5.1306376457214355 
5.160951137542725 
5.061161994934082 
5.205709934234619 
4.989797115325928 
6.4151811599731445 
5.228106498718262 
5.119267463684082 
5.094877243041992 
4.946978569030762 
5.00644063949585 
5.0606465339660645 
5.155925273895264 
5.6046552658081055 
4.891781806945801 
5.3889360427856445 
6.18735408782959 
6.888932228088379 
5.190665245056152 
5.063894748687744 
5.112928867340088 
8.117379188537598 
5.578360557556152 
5.833512306213379 
4.953489780426025 
5.467970371246338 
5.027555465698242 
4.957363605499268 
5.216598033905029 
5.727175712585449 
7.130955696105957 
6.467464923858643 
5.171365737915039 
5.022400856018066 
5.03028678894043 
5.0755767822265625 
5.031060218811035 
5.210318088531494 
7.251193046569824 
4.963634490966797 
5.059848785400391 
5.063760280609131 
5.035833358764648 
5.075976371765137 
7.711794853210449 
5.029176712036133 
5.136757850646973 
8.728529930114746 
4.910050868988037 
5.2691850662231445 
5.399447917938232 
5.117203712463379 
5.134693622589111 
5.576082229614258 
8.828923225402832 
5.9798994064331055 
5.074935436248779 
6.372354984283447 
5.235007286071777 
4.909499168395996 
5.001211643218994 
5.524624824523926 
5.202540397644043 
4.994229793548584 
5.232853889465332 
5.064444541931152 
5.231019020080566 
5.222210884094238 
5.052092552185059 
4.9759321212768555 
5.093843460083008 
5.11315393447876 
5.563179016113281 
8.55129337310791 
4.917793273925781 
6.5252838134765625 
5.083540916442871 
4.9314069747924805 
4.974841117858887 
5.037576198577881 
5.052783966064453 
4.9359354972839355 
5.153595924377441 
4.9422407150268555 
5.03524112701416 
6.246232986450195 
5.086694240570068 
5.179020881652832 
4.903569221496582 
5.153536796569824 
5.702315330505371 
5.0544819831848145 
5.709685802459717 
5.085151195526123 
5.195019721984863 
5.688328742980957 
5.086431503295898 
5.002914905548096 
5.433235168457031 
5.1540141105651855 
5.150091648101807 
5.029779434204102 
4.995078086853027 
5.099491119384766 
5.202272415161133 
6.378824710845947 
7.339162826538086 
4.961556434631348 
4.872720718383789 
5.01024055480957 
5.056136131286621 
6.072583198547363 
5.065878868103027 
7.223377227783203 
5.118006229400635 
6.350456237792969 
5.423580169677734 
5.039739608764648 
5.041918754577637 
5.081246376037598 
5.049430847167969 
5.1224517822265625 
5.837699890136719 
5.1486968994140625 
5.627373695373535 
5.136595249176025 
5.22050142288208 
6.536676406860352 
4.9970245361328125 
5.2255353927612305 
6.999030590057373 
5.033182621002197 
5.233680725097656 
4.999017715454102 
5.219151020050049 
6.558960914611816 
4.89725399017334 
5.015283584594727 
5.060979843139648 
5.06785774230957 
6.332233428955078 
5.087750434875488 
4.855881214141846 
5.128754615783691 
4.985313415527344 
6.143586158752441 
6.789486885070801 
4.790058135986328 
4.907093048095703 
5.008969306945801 
5.381988525390625 
5.2794976234436035 
8.976798057556152 
5.014544486999512 
5.124137878417969 
6.982219696044922 
5.176326274871826 
5.096284866333008 
5.186266899108887 
5.124722003936768 
5.404294967651367 
5.09330415725708 
6.351861953735352 
5.120132923126221 
5.694018363952637 
5.088172912597656 
5.2328643798828125 
5.0705766677856445 
5.1349992752075195 
5.702733039855957 
5.6480021476745605 
5.114165782928467 
5.145511150360107 
8.833003044128418 
6.707923889160156 
6.8709564208984375 
5.106054782867432 
5.206868648529053 
5.157541275024414 
7.303877830505371 
5.00748348236084 
4.931197166442871 
5.340397834777832 
4.980445384979248 
5.341684341430664 
4.972949981689453 
5.1251959800720215 
5.179825782775879 
7.291503429412842 
9.01740550994873 
5.197788715362549 
5.253051280975342 
4.986753463745117 
7.814705848693848 
5.344606399536133 
5.575674057006836 
5.160472869873047 
4.9891767501831055 
5.057897567749023 
5.030459403991699 
6.554429054260254 
5.657624244689941 
5.076567649841309 
5.5435638427734375 
5.123285293579102 
5.036834716796875 
8.641867637634277 
6.026715278625488 
6.381857872009277 
5.1269330978393555 
5.062528610229492 
5.788802146911621 
5.8593010902404785 
5.621127128601074 
5.403652191162109 
5.153068542480469 
5.144193172454834 
5.311490058898926 
5.2003889083862305 
5.665884017944336 
5.059679985046387 
5.108860969543457 
5.1283979415893555 
6.6177520751953125 
6.475668907165527 
5.071661949157715 
5.030582427978516 
5.218653678894043 
5.105053901672363 
7.844666481018066 
5.086306571960449 
5.374330043792725 
5.338298320770264 
5.268754005432129 
7.046623706817627 
4.942819595336914 
5.2306318283081055 
5.328133583068848 
5.0011796951293945 
5.005510330200195 
5.173586368560791 
6.16296911239624 
5.239863395690918 
5.059286117553711 
5.2779765129089355 
5.169962406158447 
5.266535758972168 
8.072490692138672 
4.969205856323242 
5.522916316986084 
6.882263660430908 
4.9248552322387695 
5.29036808013916 
5.003961086273193 
5.2291460037231445 
5.143125057220459 
5.878270626068115 
7.376591682434082 
5.557561874389648 
5.194265365600586 
5.027723789215088 
6.4189348220825195 
7.6011857986450195 
5.124744415283203 
5.236242294311523 
4.984340190887451 
5.640855312347412 
5.547754287719727 
4.967137336730957 
6.487624645233154 
5.066580772399902 
5.14295768737793 
4.9866557121276855 
7.844414710998535 
5.1097187995910645 
5.457490921020508 
5.094279766082764 
5.239279747009277 
6.4346208572387695 
5.256035804748535 
5.280448913574219 
5.27686882019043 
6.974780082702637 
5.165373802185059 
5.101220607757568 
4.90910005569458 
6.578812599182129 
5.1307878494262695 
4.841883659362793 
5.505414962768555 
5.08540678024292 
5.39520788192749 
5.03653621673584 
5.003910064697266 
5.228522300720215 
5.119653224945068 
7.820460319519043 
5.112617492675781 
5.6707000732421875 
5.09040641784668 
5.025448322296143 
5.0895256996154785 
7.003079414367676 
6.0472564697265625 
5.2532148361206055 
7.066229820251465 
7.353421688079834 
5.085844993591309 
6.574841499328613 
5.173629283905029 
5.622331619262695 
5.144975662231445 
5.129506587982178 
5.6942362785339355 
5.020328044891357 
4.860832691192627 
4.9905595779418945 
5.095050811767578 
6.584688663482666 
4.955801486968994 
5.198023796081543 
6.540667533874512 
5.062317848205566 
5.096195220947266 
5.5327534675598145 
5.391351222991943 
7.287593841552734 
4.9863762855529785 
9.281294822692871 
4.957756042480469 
7.83903694152832 
5.178370952606201 
5.161484241485596 
5.2189531326293945 
5.0067548751831055 
7.048362731933594 
4.878344535827637 
5.104674816131592 
5.115248680114746 
8.802669525146484 
5.363821029663086 
6.996543884277344 
5.071394920349121 
5.094167709350586 
4.97683048248291 
5.240813255310059 
5.213373184204102 
5.213949203491211 
5.948019027709961 
5.096734046936035 
4.752150535583496 
5.0480194091796875 
5.155792236328125 
4.925425052642822 
5.169665336608887 
5.072258949279785 
5.153773307800293 
5.185493469238281 
5.090877056121826 
6.5927557945251465 
5.033344268798828 
5.089930534362793 
5.122540473937988 
6.389070510864258 
5.102810382843018 
5.397588729858398 
5.033858299255371 
4.933971405029297 
5.024514675140381 
6.094444274902344 
9.723164558410645 
5.157336235046387 
7.72603702545166 
5.287467002868652 
5.104772567749023 
4.893282890319824 
5.073397636413574 
5.222672462463379 
7.99806022644043 
5.161363124847412 
5.232821464538574 
5.379357814788818 
5.051573753356934 
5.8065032958984375 
5.123435974121094 
4.983395576477051 
5.150500297546387 
6.772235870361328 
5.4045329093933105 
5.135074615478516 
5.175189018249512 
5.094543933868408 
5.848029136657715 
5.053715705871582 
7.112486839294434 
5.071603775024414 
5.032973289489746 
5.008028984069824 
5.0864105224609375 
5.100445747375488 
10.130570411682129 
6.841791152954102 
6.206145286560059 
5.125024795532227 
5.093636512756348 
5.1024556159973145 
5.75747013092041 
5.042731761932373 
4.9206109046936035 
8.138349533081055 
5.121494293212891 
5.254274845123291 
5.160632610321045 
5.0641608238220215 
5.041534900665283 
5.237149238586426 
4.974637985229492 
7.444832801818848 
5.133706092834473 
5.789216041564941 
5.070018291473389 
4.918877124786377 
5.417273044586182 
5.7479963302612305 
5.213371276855469 
5.303530693054199 
6.574108600616455 
5.0420989990234375 
5.036665439605713 
5.120454788208008 
5.020477771759033 
5.726897239685059 
5.111688613891602 
5.117678642272949 
6.620182037353516 
5.595862865447998 
5.350545406341553 
5.845627307891846 
5.017960548400879 
5.105893135070801 
5.049293518066406 
5.057819366455078 
5.097423553466797 
5.091732978820801 
5.089264392852783 
6.90496826171875 
6.298252105712891 
4.99490213394165 
5.09426212310791 
5.208763122558594 
5.062723636627197 
4.930047988891602 
5.3120880126953125 
6.904641628265381 
5.139807224273682 
5.093265533447266 
5.113866329193115 
4.995932102203369 
5.2761030197143555 
5.103121757507324 
5.058871269226074 
4.966474533081055 
4.980981826782227 
5.037618637084961 
5.045112609863281 
6.181720733642578 
5.239939212799072 
5.034878730773926 
5.567990303039551 
8.840450286865234 
5.045285224914551 
5.036891937255859 
5.272892951965332 
7.858503818511963 
8.805286407470703 
4.941683769226074 
5.166835308074951 
5.156198024749756 
5.12592887878418 
5.453063011169434 
5.00440788269043 
5.267157554626465 
5.117437839508057 
5.0737762451171875 
5.382663249969482 
7.105207443237305 
4.932307720184326 
5.493939399719238 
4.960875511169434 
5.173037528991699 
5.46573543548584 
5.093547821044922 
5.125140190124512 
5.135054588317871 
6.664144039154053 
8.306595802307129 
5.264186859130859 
5.043461322784424 
5.943569660186768 
5.036498069763184 
5.159956932067871 
5.260555744171143 
5.1440935134887695 
5.140389442443848 
5.9365763664245605 
5.622462272644043 
5.097494125366211 
5.141080379486084 
4.9841485023498535 
5.11809778213501 
5.023772239685059 
5.121605396270752 
5.014845371246338 
6.3805646896362305 
4.961093425750732 
6.188953876495361 
5.130039691925049 
5.02027702331543 
5.10455846786499 
5.400524139404297 
5.284477710723877 
6.626008033752441 
6.978600978851318 
5.670663356781006 
5.05486536026001 
5.030029773712158 
5.519657135009766 
5.080167770385742 
7.025336742401123 
4.976303577423096 
5.202223777770996 
6.588199615478516 
5.113201141357422 
5.0087738037109375 
5.205637454986572 
5.1852641105651855 
5.064445495605469 
5.070480823516846 
5.792327880859375 
5.209893226623535 
8.175071716308594 
5.197235107421875 
5.767449855804443 
5.058043956756592 
5.059674263000488 
5.006209373474121 
5.074095249176025 
6.067666530609131 
8.028968811035156 
5.0509796142578125 
5.725870609283447 
5.704249382019043 
4.966368198394775 
6.348991394042969 
6.017650127410889 
4.962006568908691 
5.199493408203125 
5.1016316413879395 
5.077654838562012 
7.076096057891846 
5.194520473480225 
7.0147294998168945 
5.3382158279418945 
5.207704544067383 
5.1248579025268555 
5.084135055541992 
4.958414554595947 
5.312648773193359 
5.68853235244751 
5.112030029296875 
5.0615644454956055 
5.70339298248291 
6.083329200744629 
7.889194011688232 
5.254337310791016 
5.170932769775391 
6.389285087585449 
5.179096221923828 
4.95828104019165 
8.467717170715332 
5.045063018798828 
5.041194915771484 
7.6795525550842285 
7.692407608032227 
5.172341346740723 
4.973360061645508 
5.040850639343262 
5.094273567199707 
5.196600914001465 
5.181512832641602 
5.757093906402588 
5.131750106811523 
4.902359962463379 
5.729659080505371 
5.092782974243164 
5.349081039428711 
5.729736804962158 
7.902400970458984 
5.081384658813477 
5.065874099731445 
6.349164009094238 
4.954834461212158 
5.241230010986328 
5.055446624755859 
6.571390151977539 
5.115691184997559 
5.042518615722656 
5.137481689453125 
5.3812360763549805 
4.982629776000977 
5.666778564453125 
5.149718761444092 
5.032946586608887 
5.441539764404297 
5.468224048614502 
5.375795364379883 
5.20957612991333 
4.962871551513672 
5.297750473022461 
5.037010192871094 
5.881244659423828 
7.482016563415527 
5.04096794128418 
4.985073089599609 
5.162263870239258 
4.9930315017700195 
5.30906867980957 
6.829246997833252 
5.448710918426514 
7.760437488555908 
5.888899326324463 
4.983338356018066 
5.559109687805176 
5.101402282714844 
5.213203430175781 
5.807302474975586 
5.109066963195801 
5.02149772644043 
5.146573066711426 
5.0932464599609375 
5.235742092132568 
5.006233215332031 
5.008496284484863 
5.165580749511719 
5.002632141113281 
4.93280029296875 
5.145339012145996 
4.926772117614746 
5.051658630371094 
5.171474933624268 
5.049813747406006 
7.235207557678223 
5.102091312408447 
6.962943077087402 
5.295161724090576 
6.159663677215576 
5.070207118988037 
5.8184003829956055 
5.105317115783691 
6.057971000671387 
5.646170616149902 
5.523431777954102 
5.217500686645508 
5.263830184936523 
5.352747917175293 
5.29107666015625 
5.267714500427246 
4.938870906829834 
8.925480842590332 
6.385845184326172 
5.628282070159912 
5.051843643188477 
5.044666767120361 
5.022683620452881 
5.007048606872559 
6.3202033042907715 
5.074683666229248 
5.379340171813965 
5.076726913452148 
5.185051441192627 
4.9584503173828125 
4.995296478271484 
6.341133117675781 
5.1263427734375 
5.27850341796875 
5.067355155944824 
7.601078033447266 
6.337961196899414 
4.956348419189453 
5.22620964050293 
4.968764781951904 
5.221108436584473 
4.953405857086182 
5.173558235168457 
5.2359466552734375 
8.254720687866211 
6.439032554626465 
5.129554748535156 
5.12234354019165 
7.156591415405273 
5.106912612915039 
6.324779987335205 
5.035591125488281 
5.172881603240967 
5.1358771324157715 
5.11733341217041 
6.950735092163086 
5.105433940887451 
5.118413925170898 
5.218104362487793 
5.981478691101074 
5.306760787963867 
6.126119136810303 
5.10685920715332 
4.994195461273193 
5.267152786254883 
5.117160797119141 
7.4611968994140625 
5.420900344848633 
5.714136123657227 
7.072439193725586 
5.295177459716797 
5.007376670837402 
6.4619669914245605 
5.087229251861572 
8.037643432617188 
5.216602802276611 
5.443358421325684 
5.0486040115356445 
5.192651748657227 
5.074164867401123 
5.011407852172852 
5.0706071853637695 
5.015356063842773 
5.109416961669922 
5.562115669250488 
5.244042873382568 
5.040130138397217 
5.103664398193359 
5.0362935066223145 
5.541853904724121 
5.162571907043457 
5.009963035583496 
5.150961875915527 
5.071311950683594 
5.141919136047363 
8.490395545959473 
5.123800754547119 
7.884341239929199 
5.104440689086914 
5.18533992767334 
4.937956809997559 
5.147996425628662 
6.0293402671813965 
5.061168670654297 
5.028836250305176 
5.990451812744141 
5.103950500488281 
5.011346817016602 
6.726537704467773 
5.305016994476318 
5.438623428344727 
5.775921821594238 
5.094084739685059 
5.232079029083252 
5.083883285522461 
5.60900354385376 
7.13552188873291 
5.071648597717285 
5.026449680328369 
5.243385314941406 
4.984978675842285 
5.094402313232422 
5.063539028167725 
6.0183610916137695 
5.007516384124756 
5.241364479064941 
4.968799591064453 
5.120682716369629 
5.194740295410156 
5.030579090118408 
5.7157883644104 
5.333932399749756 
5.015835762023926 
5.143833160400391 
5.304420471191406 
4.9943342208862305 
5.050161838531494 
7.768056869506836 
5.582250595092773 
5.092092037200928 
5.111860275268555 
4.924649238586426 
5.207232475280762 
5.003086090087891 
5.017643928527832 
5.107379913330078 
5.901068210601807 
9.8854398727417 
5.043377876281738 
5.589896202087402 
5.582696437835693 
5.137897491455078 
4.945371150970459 
5.726121425628662 
5.304033279418945 
7.781387805938721 
4.95994758605957 
4.915605545043945 
5.098001003265381 
5.149253845214844 
4.871091842651367 
5.100378036499023 
5.073301792144775 
4.989680290222168 
5.155708312988281 
5.002438545227051 
5.504890441894531 
5.098515033721924 
7.471332550048828 
7.422855377197266 
5.516231060028076 
5.079992294311523 
5.08173942565918 
5.116166114807129 
5.097513198852539 
5.220644950866699 
5.019329071044922 
5.187005996704102 
5.226820468902588 
5.665899276733398 
5.050776958465576 
5.097663402557373 
5.006806373596191 
5.345912933349609 
5.140466690063477 
5.084120273590088 
5.253917217254639 
5.067069053649902 
6.858273506164551 
4.617907524108887 
5.091233253479004 
4.902507781982422 
5.323379039764404 
5.784749507904053 
5.137940406799316 
5.3114213943481445 
5.635385990142822 
5.182396411895752 
4.9915008544921875 
5.131670951843262 
5.027316093444824 
5.923527717590332 
5.294279098510742 
6.338954925537109 
5.091479301452637 
5.087684631347656 
5.436577796936035 
5.260954856872559 
4.9529619216918945 
7.192627906799316 
6.1616621017456055 
5.188158988952637 
5.105822563171387 
4.966034889221191 
5.014062881469727 
5.08991003036499 
5.934391975402832 
5.159284591674805 
5.233365535736084 
5.151506423950195 
5.243068695068359 
5.093621253967285 
6.281352996826172 
5.1534600257873535 
4.897889137268066 
5.010048866271973 
4.87224817276001 
6.744271278381348 
5.081934928894043 
5.263541221618652 
6.720930099487305 
5.022917747497559 
5.121210098266602 
7.387723922729492 
5.182329177856445 
5.052941799163818 
5.008855819702148 
5.026889324188232 
5.258211135864258 
5.049689292907715 
5.055161476135254 
6.686134338378906 
5.246615409851074 
5.258369445800781 
5.09102201461792 
5.193382263183594 
5.2931365966796875 
6.064206600189209 
5.308543682098389 
5.456786155700684 
5.484590530395508 
5.234709739685059 
5.056718349456787 
5.1878275871276855 
5.528720855712891 
5.352252006530762 
5.340288162231445 
4.993853569030762 
5.044508457183838 
5.137213706970215 
5.022222518920898 
4.980677604675293 
5.0707550048828125 
4.924766540527344 
5.104372978210449 
5.103022575378418 
4.969110488891602 
4.9791259765625 
5.884068489074707 
4.979459762573242 
5.767045021057129 
5.088418483734131 
5.042417049407959 
5.233499526977539 
4.954616546630859 
5.083166122436523 
6.0117082595825195 
7.37777042388916 
5.316723346710205 
5.391624450683594 
5.2809576988220215 
7.356335639953613 
5.033718109130859 
5.774296760559082 
5.173174858093262 
5.113313674926758 
5.095218658447266 
5.175205230712891 
5.104366779327393 
5.155794143676758 
5.0931077003479 
5.203092575073242 
9.961488723754883 
5.018853187561035 
5.310708999633789 
5.651384353637695 
5.008132457733154 
5.091728210449219 
6.933575630187988 
8.554352760314941 
5.010684013366699 
5.124638557434082 
5.107312202453613 
5.246659278869629 
5.71283483505249 
8.471209526062012 
5.479504585266113 
5.1502580642700195 
5.123098373413086 
5.242513656616211 
4.9499711990356445 
5.617314338684082 
5.2405853271484375 
4.930773735046387 
4.995193004608154 
5.6385393142700195 
5.022861480712891 
5.057257652282715 
5.052736282348633 
5.0307698249816895 
5.211606979370117 
5.098246097564697 
7.807934761047363 
5.077147960662842 
5.33159065246582 
4.940298557281494 
4.937335014343262 
7.128993034362793 
5.864146709442139 
5.093013763427734 
5.444095611572266 
4.9734320640563965 
5.06076717376709 
5.455702781677246 
5.196199417114258 
5.155106067657471 
5.123372554779053 
5.19307804107666 
4.978104591369629 
5.139885902404785 
4.989217758178711 
5.1047210693359375 
5.217132568359375 
6.910574913024902 
6.698402404785156 
5.239083290100098 
5.518014907836914 
5.109199523925781 
5.027586936950684 
5.098337650299072 
5.046587944030762 
5.435184955596924 
5.166518211364746 
5.470698356628418 
6.5762786865234375 
5.272221565246582 
5.060771942138672 
5.077075958251953 
4.997683525085449 
5.134514331817627 
5.03055477142334 
5.544389724731445 
5.090421676635742 
5.118748664855957 
5.644214630126953 
5.267824172973633 
6.964273929595947 
5.179539203643799 
5.093527793884277 
5.129034042358398 
5.138422966003418 
5.084063529968262 
5.005248546600342 
5.287616729736328 
5.565183639526367 
5.1024603843688965 
4.99176549911499 
5.043271064758301 
4.931910514831543 
4.992007732391357 
7.355618476867676 
5.107948303222656 
5.14976167678833 
5.190569877624512 
5.2463765144348145 
5.087120056152344 
4.983930587768555 
5.259573459625244 
4.924976825714111 
5.002499103546143 
5.170604705810547 
5.183958053588867 
5.263197422027588 
5.096042633056641 
6.171530723571777 
5.018947124481201 
5.103147983551025 
5.820181846618652 
5.402227401733398 
5.20576286315918 
5.01038932800293 
6.51981782913208 
5.122971534729004 
5.274913787841797 
4.982674598693848 
4.974320411682129 
5.11760950088501 
5.110323905944824 
8.16104507446289 
5.124429225921631 
5.121029853820801 
5.097186088562012 
5.116486549377441 
5.200733184814453 
5.283012866973877 
6.376072883605957 
8.543183326721191 
6.137681007385254 
4.918700218200684 
5.327833652496338 
5.17649507522583 
7.689502716064453 
5.246706962585449 
8.680665016174316 
5.370102405548096 
7.961374759674072 
5.458826065063477 
7.089634895324707 
5.682300567626953 
6.26377010345459 
5.05270528793335 
5.16229248046875 
4.909740924835205 
7.419205665588379 
5.552525997161865 
5.000641345977783 
5.065508842468262 
8.523831367492676 
6.156689643859863 
5.198058605194092 
5.1184258460998535 
5.03611946105957 
4.912992477416992 
4.753344535827637 
5.097700595855713 
5.492617607116699 
5.2845587730407715 
5.2301812171936035 
5.57191276550293 
5.442096710205078 
5.102214813232422 
5.324429035186768 
5.17708683013916 
5.517087936401367 
5.303111553192139 
5.052465438842773 
6.855484962463379 
6.9949493408203125 
5.231752872467041 
5.4992570877075195 
9.659347534179688 
5.156593322753906 
5.1366167068481445 
5.587840557098389 
6.047628879547119 
6.436189651489258 
5.048164367675781 
5.322991371154785 
5.022272109985352 
4.909136772155762 
6.144628047943115 
5.246584892272949 
5.0666375160217285 
9.162896156311035 
5.058218955993652 
5.839615821838379 
5.18117094039917 
5.938953876495361 
5.048757553100586 
4.989001274108887 
6.830360412597656 
5.179736137390137 
5.0203962326049805 
5.0571441650390625 
7.346467971801758 
6.374149799346924 
4.952130317687988 
5.028943061828613 
5.041389465332031 
5.209167957305908 
5.7570295333862305 
5.308318138122559 
5.415073871612549 
5.200921058654785 
5.0736236572265625 
5.189911842346191 
4.821259498596191 
5.023272514343262 
5.292245864868164 
5.433167934417725 
5.008022308349609 
5.07185173034668 
5.553465843200684 
5.307860851287842 
6.401609897613525 
5.196807861328125 
5.3406476974487305 
4.8465576171875 
5.157880783081055 
5.249683380126953 
5.018482208251953 
5.054133415222168 
5.1158552169799805 
7.992649555206299 
5.093679428100586 
5.16208028793335 
6.5397210121154785 
7.6381635665893555 
5.181650161743164 
5.287956237792969 
5.0279035568237305 
6.319824695587158 
5.0519022941589355 
5.205089569091797 
5.328605651855469 
5.012569427490234 
5.156792640686035 
5.377462863922119 
7.690273761749268 
5.140340805053711 
8.231389045715332 
5.222903728485107 
5.144521236419678 
5.41818904876709 
4.970133304595947 
5.261890411376953 
5.01250696182251 
4.962453365325928 
6.376838207244873 
5.3313493728637695 
5.008111953735352 
4.966350078582764 
4.987862586975098 
4.953769207000732 
5.259697914123535 
5.19895076751709 
5.178546905517578 
5.052216529846191 
7.243082046508789 
5.041049957275391 
5.327664375305176 
5.165306091308594 
5.039450645446777 
5.259278297424316 
4.982778549194336 
5.078272819519043 
5.2847208976745605 
5.245575904846191 
5.032270431518555 
5.065014362335205 
5.001462936401367 
7.0660319328308105 
5.046242713928223 
5.145922660827637 
4.978067398071289 
5.072253704071045 
5.65976095199585 
5.007350444793701 
8.140070915222168 
5.640445709228516 
5.128279685974121 
5.051323413848877 
5.125914096832275 
4.992337703704834 
4.988475322723389 
5.611875534057617 
6.676831245422363 
5.186051845550537 
5.24693489074707 
5.570498466491699 
5.214447975158691 
5.212292671203613 
5.120799541473389 
5.557456016540527 
5.137096405029297 
5.229013442993164 
5.15580940246582 
5.032366752624512 
5.511244773864746 
5.172447681427002 
5.213709831237793 
5.839790344238281 
5.471489906311035 
5.382220268249512 
5.155156135559082 
4.971978187561035 
5.751524448394775 
4.986263275146484 
5.448803901672363 
5.575268268585205 
5.209319114685059 
7.058403968811035 
4.963889122009277 
5.093997001647949 
5.979118347167969 
5.09245491027832 
5.341452598571777 
5.16051721572876 
5.409754753112793 
5.302122116088867 
7.09637975692749 
5.626338958740234 
5.1338653564453125 
5.021492958068848 
5.548117160797119 
5.106586456298828 
5.259667873382568 
5.139527320861816 
5.304510116577148 
4.9552812576293945 
5.264747142791748 
5.020900726318359 
5.115079879760742 
6.5873308181762695 
5.152413368225098 
7.189094543457031 
4.9529876708984375 
4.929819583892822 
5.076641082763672 
5.833817481994629 
5.014872074127197 
6.761900424957275 
5.247475624084473 
5.879865646362305 
5.070006847381592 
5.162711143493652 
5.719289779663086 
5.081366539001465 
8.958098411560059 
5.407264232635498 
5.036885738372803 
8.7005033493042 
5.7294464111328125 
5.143150329589844 
5.02707576751709 
5.109629154205322 
5.083199501037598 
5.541970252990723 
5.384788513183594 
6.173956871032715 
4.9499969482421875 
6.2369794845581055 
5.333315849304199 
5.076411724090576 
5.054447174072266 
6.300634860992432 
5.174139022827148 
7.399362087249756 
5.339486122131348 
5.243904113769531 
4.885012149810791 
4.9622483253479 
5.035224914550781 
5.086169242858887 
5.184233665466309 
5.732583999633789 
4.983402252197266 
5.115880012512207 
5.142022609710693 
7.976140975952148 
5.166653156280518 
5.456294059753418 
4.934638023376465 
5.020660400390625 
6.117274284362793 
4.912025451660156 
5.128960609436035 
5.306452751159668 
5.139287948608398 
5.044831275939941 
8.559744834899902 
5.1770477294921875 
5.105136871337891 
5.121365547180176 
5.085390090942383 
5.031763553619385 
5.2949538230896 
7.840868949890137 
6.099574089050293 
5.115081310272217 
4.96544075012207 
5.000126838684082 
4.965002059936523 
5.202775478363037 
4.9819536209106445 
4.950341701507568 
5.166013240814209 
5.096517086029053 
4.956516742706299 
5.486795902252197 
5.008763313293457 
5.1524763107299805 
5.249372482299805 
5.261501789093018 
5.093265533447266 
5.0670037269592285 
5.113292694091797 
5.131248950958252 
5.017800331115723 
5.136097431182861 
4.895517826080322 
5.047823905944824 
4.976949691772461 
5.177875518798828 
6.155616760253906 
5.149806499481201 
5.111217498779297 
6.770478248596191 
5.003893852233887 
5.000737190246582 
5.093693733215332 
5.672269344329834 
5.018331527709961 
5.0662994384765625 
5.163979530334473 
5.8095197677612305 
5.089804649353027 
5.161068916320801 
5.165510177612305 
4.959344863891602 
7.902749061584473 
5.0938496589660645 
4.901865005493164 
5.174556732177734 
5.634469985961914 
5.151209831237793 
4.984574317932129 
8.705721855163574 
4.961919784545898 
6.161960601806641 
5.916737079620361 
5.053277015686035 
7.093711853027344 
5.229218482971191 
5.122334957122803 
5.010207176208496 
5.300361633300781 
5.327486038208008 
5.253190994262695 
5.456493377685547 
5.315525054931641 
5.001717567443848 
5.041877746582031 
5.042873859405518 
5.204517364501953 
5.127188682556152 
5.024397850036621 
5.088645935058594 
5.0474629402160645 
5.09307861328125 
6.998287200927734 
4.963832855224609 
4.980434894561768 
5.041299819946289 
5.609399795532227 
5.145723819732666 
5.114900588989258 
5.373424530029297 
5.235444068908691 
5.006594657897949 
5.073712348937988 
5.888566970825195 
5.025215148925781 
4.970822334289551 
5.009771823883057 
5.004436492919922 
6.805521011352539 
7.466408729553223 
5.355968475341797 
5.024831295013428 
5.1196112632751465 
5.0311126708984375 
5.185007095336914 
5.273284912109375 
5.178792953491211 
5.1766862869262695 
5.061460018157959 
7.784570693969727 
5.992929458618164 
5.460546493530273 
5.248101711273193 
5.074074745178223 
5.1425580978393555 
4.9367194175720215 
5.029253959655762 
6.295452117919922 
5.2531538009643555 
5.053967475891113 
5.956360816955566 
5.030184268951416 
8.6625394821167 
5.057466506958008 
5.7377119064331055 
4.9853925704956055 
8.012150764465332 
5.617897987365723 
5.912450790405273 
5.134139060974121 
5.266452312469482 
5.38308048248291 
6.106764793395996 
5.413357257843018 
5.237870216369629 
5.0990376472473145 
4.920619964599609 
7.876419544219971 
5.213508129119873 
6.430044174194336 
5.087045192718506 
5.187564849853516 
5.9925007820129395 
5.088453769683838 
4.922151565551758 
7.988741397857666 
5.296738624572754 
5.081298828125 
4.952310562133789 
5.020988941192627 
5.202165603637695 
6.836468696594238 
5.047915935516357 
6.254871845245361 
5.078250885009766 
5.08901834487915 
6.353399753570557 
5.063739776611328 
5.061480522155762 
6.328020095825195 
5.63092565536499 
5.071871280670166 
6.059248924255371 
5.0303192138671875 
5.312967777252197 
5.298884391784668 
5.409418106079102 
6.459338665008545 
5.018013954162598 
4.964566707611084 
5.2094950675964355 
5.152234077453613 
4.979989051818848 
8.024296760559082 
5.170058250427246 
5.237358570098877 
5.034117221832275 
5.059884071350098 
5.11384916305542 
6.131287097930908 
5.079219818115234 
5.328838348388672 
4.961404800415039 
5.264837265014648 
6.24052095413208 
5.423398017883301 
5.316619873046875 
4.987122058868408 
5.474430084228516 
5.267161846160889 
5.321057319641113 
5.119641304016113 
5.388669490814209 
4.958222389221191 
5.051813125610352 
4.971826553344727 
5.080488204956055 
5.033537864685059 
6.378084182739258 
5.738221168518066 
6.473706245422363 
4.993631362915039 
5.452325344085693 
5.4602861404418945 
5.11625862121582 
4.969583511352539 
5.0121846199035645 
5.065927028656006 
5.075588703155518 
6.379461765289307 
5.511960983276367 
5.058597564697266 
5.105157852172852 
5.77610445022583 
5.163313865661621 
5.19170618057251 
5.49307918548584 
5.069415092468262 
6.870852947235107 
5.2064666748046875 
5.059156894683838 
5.419122695922852 
5.264919281005859 
5.047388076782227 
8.33790111541748 
5.274794578552246 
5.435086250305176 
5.204014301300049 
5.152521133422852 
5.2050580978393555 
7.430415153503418 
5.092360496520996 
5.670994281768799 
5.035099983215332 
5.572035789489746 
7.354652404785156 
5.059554576873779 
5.131464004516602 
4.978936195373535 
7.7014641761779785 
4.958786964416504 
6.54315185546875 
5.143772125244141 
5.421450614929199 
5.672024726867676 
5.058004379272461 
5.278796195983887 
5.070954322814941 
5.202352046966553 
5.193760871887207 
5.140275001525879 
5.10795259475708 
4.861651420593262 
5.006252765655518 
5.070919990539551 
6.105260848999023 
5.015866756439209 
5.117117881774902 
5.026789665222168 
8.519427299499512 
5.919690132141113 
5.155291557312012 
5.089074611663818 
5.163208484649658 
5.002856254577637 
5.031032562255859 
4.867982864379883 
5.11745548248291 
4.9731245040893555 
5.057196617126465 
5.2353081703186035 
5.106789588928223 
6.642823219299316 
5.221337795257568 
6.843234539031982 
5.025155544281006 
10.002710342407227 
5.125373840332031 
5.135644912719727 
4.928633689880371 
7.9797892570495605 
4.995567321777344 
5.135804176330566 
5.148695945739746 
5.07175350189209 
9.352713584899902 
5.101101398468018 
5.026034355163574 
5.05356502532959 
4.9809417724609375 
4.990359306335449 
9.826813697814941 
5.110124588012695 
5.073081970214844 
5.972085475921631 
5.083512783050537 
4.918936729431152 
5.09488582611084 
5.073848247528076 
5.938017845153809 
5.497316837310791 
4.940988063812256 
5.0591840744018555 
5.064788818359375 
5.325801849365234 
6.641040325164795 
7.436691761016846 
5.447222709655762 
5.016627788543701 
5.883051872253418 
5.069864273071289 
5.762510299682617 
5.115139484405518 
5.730964660644531 
5.050991058349609 
5.189693927764893 
5.217238426208496 
6.122660160064697 
5.836407661437988 
4.919883728027344 
5.169901371002197 
5.069225788116455 
5.118596076965332 
6.64790153503418 
4.967824935913086 
5.126229286193848 
5.134578227996826 
5.670294761657715 
5.217325210571289 
5.779719352722168 
5.281292915344238 
5.821920871734619 
5.193975448608398 
5.131704330444336 
8.406920433044434 
6.632791519165039 
4.995369911193848 
5.188032150268555 
6.320196628570557 
5.018031120300293 
5.80417537689209 
4.972479820251465 
5.110444068908691 
5.082152366638184 
5.033958435058594 
5.630122661590576 
5.065718650817871 
5.015166282653809 
5.171792984008789 
5.036618232727051 
5.923756122589111 
5.132529258728027 
5.678411483764648 
7.826417922973633 
5.7183709144592285 
5.081934928894043 
5.0265021324157715 
5.139404296875 
5.403633117675781 
4.956582069396973 
5.2404279708862305 
5.12110710144043 
5.007994651794434 
5.177093982696533 
5.826689720153809 
5.356771469116211 
5.1471147537231445 
5.065389156341553 
5.292379379272461 
5.299509048461914 
5.457420349121094 
4.930203914642334 
5.049866199493408 
5.0119948387146 
5.080173969268799 
5.168447017669678 
4.961578369140625 
7.370284080505371 
5.1334333419799805 
5.082075119018555 
5.1091203689575195 
6.383744239807129 
7.086826324462891 
5.083165168762207 
4.979861259460449 
5.037741661071777 
5.850492477416992 
7.09826135635376 
5.066836833953857 
5.149697303771973 
5.124337196350098 
5.081879615783691 
5.149241924285889 
4.982578754425049 
4.9365763664245605 
5.125296592712402 
4.964542388916016 
7.161316394805908 
5.695852279663086 
4.8921332359313965 
5.091933250427246 
5.028655052185059 
5.518278121948242 
5.16122579574585 
5.093642234802246 
5.36982536315918 
5.150667190551758 
4.924818992614746 
5.01201057434082 
4.959133148193359 
5.249503135681152 
5.122922897338867 
5.018868446350098 
4.984799385070801 
5.220922946929932 
5.085275650024414 
5.119021415710449 
5.029843330383301 
4.935435771942139 
5.004993438720703 
5.174856662750244 
5.043086051940918 
5.071339130401611 
5.127113342285156 
4.9785919189453125 
5.080541610717773 
5.849605083465576 
5.20046329498291 
6.227876663208008 
5.138928413391113 
5.121304512023926 
5.387279987335205 
5.125260829925537 
5.620364189147949 
6.126262664794922 
5.099430561065674 
4.997463703155518 
5.074529647827148 
5.114598274230957 
4.993215560913086 
5.021080017089844 
6.942126750946045 
5.117048740386963 
5.964656829833984 
5.031910419464111 
5.22664213180542 
4.853085517883301 
5.052692890167236 
5.113116264343262 
5.249059200286865 
6.147500038146973 
4.899263858795166 
9.011966705322266 
6.807267189025879 
5.132000923156738 
5.480777263641357 
5.093881130218506 
5.18850040435791 
6.584194660186768 
5.691102981567383 
5.052219390869141 
5.265621185302734 
7.799420356750488 
7.395404815673828 
5.043956756591797 
5.261232376098633 
5.08299446105957 
9.780624389648438 
5.151043891906738 
4.940773010253906 
4.98614501953125 
5.020804405212402 
8.288334846496582 
5.640763282775879 
5.158557891845703 
4.952924728393555 
5.068645477294922 
4.660204887390137 
5.242325305938721 
5.064675807952881 
4.941059589385986 
5.1298675537109375 
5.2617082595825195 
5.128866195678711 
5.012991428375244 
5.092130184173584 
5.150603294372559 
4.993695259094238 
5.315066337585449 
8.820006370544434 
5.036621570587158 
5.167402744293213 
4.917726516723633 
5.167000770568848 
5.150052070617676 
8.419645309448242 
4.971917152404785 
4.9120402336120605 
5.0022382736206055 
5.612679481506348 
5.290237903594971 
5.66195011138916 
5.122602462768555 
5.1119184494018555 
4.969928741455078 
5.336589813232422 
4.951203346252441 
5.196208477020264 
5.126555442810059 
5.062405109405518 
4.934812545776367 
6.6726579666137695 
4.9508466720581055 
5.112339973449707 
4.97641658782959 
5.092504501342773 
5.200235843658447 
5.075695991516113 
5.061746597290039 
5.734072685241699 
5.130290985107422 
5.184293270111084 
5.136408805847168 
6.299382209777832 
5.227732181549072 
7.052488327026367 
6.716706275939941 
4.997455596923828 
5.231684684753418 
5.046313762664795 
5.255166053771973 
5.221376895904541 
8.130438804626465 
7.779803276062012 
5.230207443237305 
4.960291862487793 
5.141676425933838 
8.727810859680176 
8.77404499053955 
5.6034040451049805 
5.178657054901123 
7.810417175292969 
5.126104354858398 
5.093324184417725 
7.913193702697754 
8.700103759765625 
5.166927814483643 
5.438181400299072 
5.151641845703125 
5.138682842254639 
8.719138145446777 
5.065842628479004 
5.0430402755737305 
5.050591468811035 
8.731080055236816 
5.691262722015381 
5.073668003082275 
5.086244106292725 
5.348127365112305 
5.084264278411865 
5.440683364868164 
6.4414167404174805 
5.066470146179199 
5.117853164672852 
5.174245357513428 
5.68107795715332 
5.650052547454834 
6.257656097412109 
5.980749607086182 
5.050353050231934 
6.839155197143555 
4.99570894241333 
5.133939743041992 
5.089259147644043 
5.604056358337402 
5.080733299255371 
4.99345064163208 
6.609857082366943 
5.523921489715576 
5.405656814575195 
5.250922203063965 
5.744537353515625 
5.24317741394043 
4.881997108459473 
5.511198043823242 
7.091422080993652 
5.11658239364624 
4.9480767250061035 
5.094869613647461 
5.424347877502441 
6.382987022399902 
7.240020751953125 
4.992438316345215 
7.928093433380127 
6.298648357391357 
5.10224723815918 
4.9765520095825195 
5.309063911437988 
4.974013328552246 
5.2983717918396 
4.97039270401001 
5.184168338775635 
5.165803909301758 
5.545348644256592 
5.242028713226318 
7.46036434173584 
5.4136247634887695 
5.225593566894531 
5.338006019592285 
6.083685398101807 
5.115749359130859 
5.371354579925537 
5.055644989013672 
6.718944549560547 
5.417544841766357 
5.259923934936523 
4.861427307128906 
5.175161838531494 
5.066433429718018 
7.680246353149414 
4.940188407897949 
5.178460597991943 
5.042057514190674 
5.0169830322265625 
5.217075824737549 
5.231986045837402 
5.107770919799805 
5.3927483558654785 
5.082098484039307 
5.027395248413086 
5.1316986083984375 
5.096354961395264 
5.061250686645508 
5.709820747375488 
4.809151649475098 
5.168889999389648 
4.9958624839782715 
5.130193710327148 
5.326594352722168 
6.634188652038574 
5.2610087394714355 
5.015974044799805 
5.042876720428467 
5.1303935050964355 
5.218617916107178 
5.100574493408203 
5.790660858154297 
5.005136966705322 
5.404121398925781 
7.220931053161621 
5.221047401428223 
5.094058990478516 
5.0330891609191895 
5.306157112121582 
4.765704154968262 
4.978414058685303 
5.015724182128906 
5.046012878417969 
5.219673156738281 
4.9182281494140625 
5.034577369689941 
8.400092124938965 
7.130957126617432 
5.265909671783447 
5.331308364868164 
5.100101470947266 
5.1097564697265625 
5.059741497039795 
5.593621253967285 
4.97690486907959 
5.339993000030518 
5.100954532623291 
4.999367713928223 
5.508597373962402 
7.161080837249756 
6.886475563049316 
5.092846870422363 
6.0095534324646 
5.055327892303467 
5.0880842208862305 
5.057365417480469 
5.025041580200195 
5.168560028076172 
5.167791366577148 
5.278912544250488 
5.142801284790039 
4.93030309677124 
5.231983184814453 
7.524754524230957 
5.392934799194336 
5.045462608337402 
5.232027053833008 
5.156749248504639 
5.085144996643066 
8.237581253051758 
5.025873184204102 
5.025705814361572 
5.237386226654053 
6.510865688323975 
4.976990699768066 
5.380040168762207 
5.18043327331543 
7.878757476806641 
5.158286094665527 
4.987361907958984 
5.060650825500488 
5.039886474609375 
5.119723320007324 
5.17331600189209 
4.994069576263428 
5.048273086547852 
5.444663047790527 
6.190211772918701 
5.138241767883301 
4.90056037902832 
5.042819499969482 
5.788271903991699 
5.065888404846191 
5.265824317932129 
5.02183198928833 
5.025464057922363 
5.12928581237793 
5.211052894592285 
5.450331211090088 
5.083490371704102 
4.9481611251831055 
5.164071083068848 
5.054348945617676 
5.265448093414307 
5.4437971115112305 
5.327966690063477 
4.979165554046631 
6.870050430297852 
5.371133327484131 
5.950469493865967 
5.06873893737793 
5.192143440246582 
5.474268436431885 
7.823409080505371 
4.942800521850586 
5.081130027770996 
5.12929105758667 
4.8590593338012695 
6.767232894897461 
5.077080249786377 
5.127527236938477 
5.005777359008789 
7.707964897155762 
5.130775451660156 
4.975817680358887 
5.0172882080078125 
5.642727375030518 
6.921061992645264 
5.734399795532227 
5.168320655822754 
5.179404258728027 
5.095618724822998 
5.051490783691406 
6.273345947265625 
5.060386657714844 
5.169528484344482 
7.34512186050415 
5.362384796142578 
5.092015266418457 
6.812122344970703 
5.55627965927124 
6.727876663208008 
5.177635192871094 
5.157464504241943 
6.699461936950684 
5.209345817565918 
5.34315299987793 
5.044290542602539 
5.171022415161133 
5.632075309753418 
5.351114273071289 
5.171932697296143 
5.102922439575195 
5.143455505371094 
4.925755500793457 
5.25491189956665 
5.028573036193848 
5.025911808013916 
5.017506122589111 
5.8438029289245605 
5.119548320770264 
5.022222995758057 
4.966179847717285 
5.228094577789307 
5.070313930511475 
5.16042423248291 
5.7263712882995605 
5.071659088134766 
6.10483455657959 
5.083539962768555 
5.051792144775391 
5.096368312835693 
4.986739635467529 
7.674363136291504 
6.316061496734619 
5.189858913421631 
4.978192329406738 
4.92233943939209 
5.093663692474365 
5.157140731811523 
5.099797248840332 
5.064705848693848 
5.165853977203369 
5.089348316192627 
5.991534233093262 
7.779402732849121 
5.287628173828125 
5.165933609008789 
5.049750328063965 
5.068610191345215 
5.004055023193359 
5.701570510864258 
5.1673784255981445 
5.0272064208984375 
4.964084625244141 
5.541759014129639 
5.030008316040039 
5.149160385131836 
5.006200790405273 
5.108419418334961 
5.4253435134887695 
4.988035202026367 
5.109945297241211 
5.150908946990967 
5.032479286193848 
5.001440525054932 
5.121641635894775 
5.102453708648682 
5.864101409912109 
5.697813987731934 
6.078174114227295 
7.786690711975098 
5.033773422241211 
5.438255310058594 
5.171703338623047 
5.249781608581543 
5.199405670166016 
5.3348164558410645 
6.376960754394531 
5.101627349853516 
7.514995574951172 
5.029641151428223 
5.218798637390137 
5.094505310058594 
5.577470779418945 
5.142510414123535 
5.150119781494141 
5.10905647277832 
5.237159729003906 
4.927678108215332 
5.570522785186768 
5.698325157165527 
5.144448280334473 
5.115303039550781 
7.600726127624512 
5.215765953063965 
5.0939435958862305 
8.107478141784668 
4.997441291809082 
5.072720527648926 
5.003814697265625 
5.096470355987549 
5.255794048309326 
5.424330711364746 
5.007803916931152 
4.953465461730957 
5.154143333435059 
5.65767765045166 
5.179418087005615 
6.0781450271606445 
5.015083312988281 
5.111110687255859 
5.005126953125 
5.0128493309021 
5.048685073852539 
5.091087341308594 
5.029898166656494 
7.71171760559082 
5.088714122772217 
5.833301544189453 
5.055388450622559 
6.482858180999756 
5.096713066101074 
6.8628082275390625 
5.11970329284668 
4.997879505157471 
5.0403642654418945 
5.322264671325684 
5.2653727531433105 
5.077591419219971 
5.010430335998535 
4.952996253967285 
5.168233871459961 
5.8153204917907715 
5.9858808517456055 
6.513389587402344 
5.009066581726074 
5.231505870819092 
5.023620128631592 
5.175579071044922 
6.035140037536621 
4.9915924072265625 
4.933451175689697 
4.984325408935547 
5.099749565124512 
5.148542881011963 
5.118374824523926 
5.118736267089844 
4.9923272132873535 
5.837431907653809 
5.070438385009766 
6.742574214935303 
5.233957767486572 
5.412250518798828 
5.002396106719971 
5.119277477264404 
4.962303638458252 
5.041982650756836 
5.145378589630127 
5.041994571685791 
5.011829376220703 
8.723543167114258 
5.0854997634887695 
5.07146692276001 
5.101557731628418 
5.191535949707031 
5.057560920715332 
5.187925338745117 
5.0761284828186035 
5.114713191986084 
5.155950546264648 
5.046723365783691 
4.958208084106445 
5.107867240905762 
8.206799507141113 
5.091855049133301 
4.9791154861450195 
5.41054630279541 
5.015137672424316 
5.008451461791992 
5.037223815917969 
9.154705047607422 
5.370058059692383 
5.103283882141113 
5.198787689208984 
5.074206829071045 
5.072092056274414 
5.529808044433594 
5.594976425170898 
8.114829063415527 
5.114274978637695 
5.018746376037598 
5.110119819641113 
5.1581130027771 
5.373757839202881 
8.04279613494873 
5.017683982849121 
5.041203022003174 
5.118121147155762 
6.351544380187988 
5.175385475158691 
4.972342491149902 
5.383020877838135 
5.1139044761657715 
5.06374454498291 
5.200723171234131 
5.023985862731934 
4.993391036987305 
4.899226188659668 
5.55307149887085 
5.6906890869140625 
5.03092622756958 
5.220279216766357 
7.0998358726501465 
6.791016578674316 
5.044099807739258 
8.01842975616455 
5.015802383422852 
5.581254482269287 
5.062643527984619 
5.04420280456543 
6.254927635192871 
5.137000560760498 
7.313288688659668 
5.086246490478516 
5.43087911605835 
6.483445167541504 
5.410482883453369 
4.938333034515381 
5.2241034507751465 
6.118905067443848 
4.9690728187561035 
5.942235469818115 
5.121953964233398 
5.069242000579834 
4.924957752227783 
5.200183868408203 
5.062170505523682 
5.236744403839111 
4.987997531890869 
4.94897985458374 
7.738759994506836 
5.017766952514648 
7.323261737823486 
4.928946495056152 
5.003447532653809 
5.207383155822754 
5.042263984680176 
5.105274200439453 
7.447741508483887 
4.97376823425293 
4.987504959106445 
5.330720901489258 
5.115962982177734 
6.481294631958008 
5.056366920471191 
5.373828411102295 
4.932864189147949 
5.901833534240723 
6.659453392028809 
5.271258354187012 
5.0362324714660645 
5.861929893493652 
5.0307745933532715 
4.9265289306640625 
5.438531875610352 
6.315818786621094 
5.02827262878418 
5.30830192565918 
4.9993577003479 
6.569917678833008 
5.238204002380371 
5.63249397277832 
5.089674472808838 
8.04672622680664 
5.200818061828613 
5.03458833694458 
5.109286308288574 
5.137816905975342 
5.027168273925781 
6.687500953674316 
4.9319963455200195 
5.2369585037231445 
7.430474281311035 
5.049661636352539 
5.124327659606934 
5.045564651489258 
5.172760963439941 
5.154001712799072 
6.541416168212891 
4.797763347625732 
7.326377868652344 
5.207559585571289 
4.970721244812012 
5.050286293029785 
5.3730669021606445 
5.138617038726807 
4.993009090423584 
4.922252655029297 
6.749749183654785 
5.048489570617676 
5.037293434143066 
5.8121418952941895 
5.005202293395996 
5.067567825317383 
4.953930854797363 
5.18052339553833 
5.476147174835205 
5.24957275390625 
9.776665687561035 
5.374851703643799 
5.427678108215332 
6.382115364074707 
5.005176544189453 
5.094217777252197 
5.155780792236328 
5.759172439575195 
5.13854455947876 
5.191047668457031 
5.0866289138793945 
5.136236190795898 
7.433797836303711 
6.570834636688232 
6.142618179321289 
6.28724479675293 
5.0944929122924805 
5.18746280670166 
5.073245525360107 
5.96179723739624 
5.218228340148926 
5.146522521972656 
5.415494918823242 
5.7581963539123535 
5.136070251464844 
4.965587615966797 
5.252617835998535 
5.136961936950684 
5.26590633392334 
5.234495162963867 
6.022336006164551 
5.07653284072876 
4.897315979003906 
5.027383804321289 
6.5554585456848145 
5.135534286499023 
5.972783088684082 
5.395132064819336 
5.126106262207031 
7.009024143218994 
7.623165130615234 
5.075680732727051 
5.422328948974609 
5.256224632263184 
5.106041431427002 
6.104449272155762 
5.0410051345825195 
5.012354850769043 
5.010799407958984 
5.060433387756348 
5.245181083679199 
5.049665451049805 
5.06915283203125 
5.609124183654785 
5.266109466552734 
5.2305755615234375 
5.154841423034668 
5.050968170166016 
5.040370941162109 
5.1773457527160645 
5.360184669494629 
5.640527725219727 
6.0263671875 
5.34535026550293 
5.617354393005371 
5.045772552490234 
6.952847480773926 
5.143006801605225 
5.788060188293457 
5.128484725952148 
5.0034003257751465 
5.123581886291504 
6.265082359313965 
5.013867378234863 
5.342201232910156 
5.095211505889893 
5.066980361938477 
5.032114028930664 
4.956225872039795 
5.759369373321533 
5.038958549499512 
5.794335842132568 
4.95674467086792 
5.186060905456543 
5.107099533081055 
5.175069808959961 
5.130057334899902 
5.084674835205078 
5.711185455322266 
6.276824474334717 
5.083301067352295 
5.041952610015869 
5.021308422088623 
6.614605903625488 
4.997330188751221 
6.227315902709961 
4.974435329437256 
5.50604248046875 
5.025290489196777 
5.205056190490723 
4.940591335296631 
4.997337818145752 
5.762847423553467 
5.101433753967285 
5.104610443115234 
5.103702545166016 
5.102116107940674 
5.138296127319336 
5.1391377449035645 
6.070150852203369 
5.184296607971191 
6.245779037475586 
5.228763103485107 
5.106662273406982 
4.9101338386535645 
5.485804080963135 
4.958520889282227 
5.672618865966797 
5.118886947631836 
7.6060686111450195 
5.093880653381348 
5.131620407104492 
4.982483863830566 
6.054595947265625 
5.381873607635498 
5.356311321258545 
5.050357818603516 
5.3371171951293945 
4.852248191833496 
4.989115238189697 
5.175621509552002 
5.11624813079834 
4.931096076965332 
5.021417617797852 
5.144811630249023 
4.999111652374268 
5.355900287628174 
5.030805587768555 
5.206273555755615 
5.089163780212402 
5.2193217277526855 
5.426734924316406 
5.023013114929199 
5.112668991088867 
5.014945030212402 
5.306684494018555 
7.284045219421387 
5.150786876678467 
5.006507873535156 
5.533486366271973 
5.702635765075684 
5.2172346115112305 
4.966550350189209 
4.900866985321045 
5.023595809936523 
5.018501281738281 
4.968506336212158 
6.165386199951172 
5.271968364715576 
5.107583999633789 
5.059716701507568 
5.161930084228516 
5.099884033203125 
5.150515556335449 
5.192386150360107 
9.212794303894043 
5.140275955200195 
6.137850761413574 
7.1689066886901855 
5.903886795043945 
7.237112522125244 
5.164737701416016 
5.014934539794922 
6.360470294952393 
5.0953779220581055 
6.444777488708496 
6.93214225769043 
6.786067962646484 
9.006558418273926 
8.791609764099121 
5.1832594871521 
6.090951919555664 
6.167562484741211 
5.199881076812744 
8.986083030700684 
5.181529998779297 
4.907790660858154 
5.438258171081543 
5.212520122528076 
4.978243827819824 
8.805480003356934 
5.034096717834473 
5.102365016937256 
5.056644439697266 
5.06979513168335 
5.138308048248291 
4.959249019622803 
4.9780168533325195 
5.0759687423706055 
5.429878234863281 
4.991528034210205 
4.978021144866943 
5.0289812088012695 
5.575922966003418 
5.127193450927734 
5.065265655517578 
5.143373012542725 
5.034468650817871 
5.09799861907959 
5.072278022766113 
5.188109397888184 
5.540362358093262 
5.064971446990967 
5.069759845733643 
5.285843849182129 
5.092798233032227 
5.105777740478516 
5.364481449127197 
5.147739410400391 
6.876747131347656 
5.326597213745117 
5.048890590667725 
5.220925331115723 
5.037070274353027 
5.097699165344238 
7.149953842163086 
5.659650802612305 
5.108942031860352 
5.12922477722168 
6.847001075744629 
5.167004585266113 
6.830893516540527 
5.0452775955200195 
5.029275894165039 
5.108688831329346 
5.187649250030518 
5.103854656219482 
5.385925769805908 
5.027989864349365 
5.232885360717773 
5.160640716552734 
4.907136917114258 
6.249006271362305 
5.080920219421387 
5.267271995544434 
6.059307098388672 
5.3900861740112305 
5.317190170288086 
5.3223772048950195 
6.817694664001465 
5.075476169586182 
5.168071746826172 
5.615558624267578 
5.6903510093688965 
5.0168938636779785 
5.421318054199219 
5.113093376159668 
5.220582962036133 
8.172520637512207 
5.150018692016602 
6.289658546447754 
6.481977462768555 
7.8175482749938965 
4.990484237670898 
5.28728723526001 
5.057126998901367 
4.995734691619873 
5.176823616027832 
6.049131393432617 
5.3229522705078125 
5.207688331604004 
4.932849884033203 
5.0763068199157715 
5.063252925872803 
5.451980113983154 
5.046771049499512 
5.123684883117676 
4.976040840148926 
5.660878658294678 
5.710951805114746 
5.282651901245117 
5.449972152709961 
5.282352924346924 
5.351505756378174 
7.029359817504883 
5.105128765106201 
5.16402530670166 
5.099794387817383 
5.067749977111816 
5.011672496795654 
5.495233535766602 
8.86837100982666 
5.218955039978027 
5.15831995010376 
4.999783992767334 
5.157125949859619 
5.447185516357422 
5.4745988845825195 
8.100032806396484 
5.023904800415039 
6.649582862854004 
5.632591247558594 
4.953944206237793 
5.111639976501465 
5.426705360412598 
5.1011247634887695 
5.95698356628418 
5.059665203094482 
5.057934761047363 
4.967987060546875 
7.60057258605957 
4.986647605895996 
5.036969184875488 
4.983219623565674 
5.015754222869873 
5.0240678787231445 
5.063732147216797 
7.010022163391113 
4.960297584533691 
5.3376665115356445 
8.828058242797852 
5.10249137878418 
5.1588263511657715 
5.018774509429932 
8.182415008544922 
5.154574394226074 
5.096710681915283 
5.081007480621338 
5.646450996398926 
5.042092323303223 
5.205716133117676 
5.240452766418457 
5.407986640930176 
4.998659133911133 
5.15092134475708 
5.169332504272461 
6.0725860595703125 
5.370395660400391 
4.950192451477051 
5.071066856384277 
5.209948539733887 
5.1293745040893555 
5.179757118225098 
5.191205978393555 
4.95267391204834 
4.991973876953125 
5.057189464569092 
4.90568733215332 
