5.405890464782715 
6.885169506072998 
5.348300933837891 
7.537869453430176 
6.067591190338135 
8.049765586853027 
6.203427314758301 
7.308008670806885 
7.30023717880249 
6.529492378234863 
5.927440643310547 
7.9151177406311035 
6.522680282592773 
5.908708095550537 
8.369521141052246 
8.0032377243042 
7.30901575088501 
6.737340927124023 
6.145587921142578 
6.821499347686768 
5.579823970794678 
8.770699501037598 
6.4671454429626465 
6.77787971496582 
10.612203598022461 
7.550917625427246 
7.385462760925293 
5.7397332191467285 
6.678167819976807 
5.25699520111084 
8.33995532989502 
6.031393527984619 
6.267219543457031 
5.505865573883057 
5.973247528076172 
8.671514511108398 
6.00170373916626 
5.462151050567627 
8.119258880615234 
7.138926029205322 
6.974507808685303 
6.677489280700684 
5.371479034423828 
6.399628639221191 
4.381102561950684 
5.25768518447876 
5.5576491355896 
6.694295406341553 
8.434972763061523 
6.111332893371582 
6.597611904144287 
6.097131729125977 
11.011734008789062 
7.9393157958984375 
5.8148932456970215 
6.219074249267578 
6.943674564361572 
5.570312976837158 
8.03480339050293 
7.485541820526123 
5.437119483947754 
6.224481582641602 
5.894970417022705 
4.977445125579834 
8.801108360290527 
4.600292682647705 
6.545405387878418 
6.290777206420898 
8.370012283325195 
5.4587249755859375 
8.075862884521484 
7.270343780517578 
7.508231163024902 
6.165855884552002 
7.692745685577393 
5.319861888885498 
6.189990997314453 
6.830344200134277 
5.981829643249512 
4.936464309692383 
6.942495822906494 
6.084635257720947 
5.073461055755615 
6.027805805206299 
6.417961597442627 
8.197916984558105 
7.069476127624512 
6.681655406951904 
4.975092887878418 
7.254646301269531 
5.819343090057373 
8.170117378234863 
7.248562335968018 
5.152299880981445 
6.689006805419922 
7.90663480758667 
5.667303562164307 
5.774890899658203 
5.926129341125488 
6.27707052230835 
7.337081432342529 
7.723979473114014 
5.816721439361572 
6.210690975189209 
6.537717342376709 
8.63750171661377 
6.377640247344971 
5.627220630645752 
6.530653476715088 
5.571073055267334 
7.476609230041504 
7.789669036865234 
7.596494197845459 
7.870945930480957 
6.21575927734375 
6.860866546630859 
5.834605693817139 
5.344470500946045 
5.826794147491455 
6.061166763305664 
4.986159801483154 
5.205090522766113 
5.712833404541016 
6.63873815536499 
8.357820510864258 
6.555774211883545 
6.154222011566162 
8.383410453796387 
6.245962619781494 
7.625631809234619 
6.444587707519531 
5.407483100891113 
6.9168925285339355 
7.138063907623291 
4.925598621368408 
6.192168235778809 
5.127836227416992 
4.996082782745361 
7.493175983428955 
7.70393180847168 
7.669824600219727 
5.152225971221924 
5.726846694946289 
5.682006359100342 
5.401085376739502 
7.717276573181152 
6.961422920227051 
6.855614185333252 
5.584747314453125 
5.590552806854248 
7.191679954528809 
5.581183910369873 
8.782272338867188 
5.8012166023254395 
5.502919673919678 
6.982086181640625 
6.489767074584961 
7.138115882873535 
8.895844459533691 
8.171891212463379 
6.3439741134643555 
6.640386581420898 
5.707249164581299 
5.873127460479736 
5.765496730804443 
7.725968360900879 
5.908528804779053 
8.108152389526367 
8.750425338745117 
7.142305374145508 
6.895905017852783 
7.792736053466797 
7.461547374725342 
7.900090217590332 
8.509662628173828 
6.454944133758545 
6.376072883605957 
7.384839057922363 
6.215167999267578 
6.550732135772705 
5.0215606689453125 
5.852676868438721 
6.525988578796387 
7.065130710601807 
4.835493564605713 
5.368661403656006 
7.0670695304870605 
5.4344635009765625 
7.1542205810546875 
5.386089324951172 
6.3704729080200195 
6.090218544006348 
6.384511947631836 
5.386687278747559 
8.109833717346191 
6.100644111633301 
6.0178141593933105 
6.2999444007873535 
7.7645649909973145 
6.229811191558838 
6.0991339683532715 
5.883392333984375 
6.749035835266113 
6.2947163581848145 
5.461921691894531 
7.715573787689209 
6.818509101867676 
5.653883934020996 
7.4421000480651855 
6.543333530426025 
5.935572147369385 
6.099470138549805 
7.533650875091553 
4.700925350189209 
6.383028030395508 
8.197488784790039 
6.961747646331787 
5.000881671905518 
6.286157131195068 
7.515895843505859 
6.520139217376709 
6.448600769042969 
8.705903053283691 
7.348215103149414 
5.6859211921691895 
6.377994060516357 
6.975341796875 
5.046781063079834 
5.945026397705078 
7.067928791046143 
5.3860931396484375 
6.1526336669921875 
7.503408432006836 
7.252424240112305 
5.92089319229126 
6.037473201751709 
7.705597877502441 
7.452969551086426 
5.027661323547363 
6.860532283782959 
6.5426788330078125 
7.1078033447265625 
7.0055084228515625 
7.145136833190918 
6.055261611938477 
6.743547439575195 
5.5785231590271 
5.5113325119018555 
6.177170276641846 
9.053902626037598 
6.016937255859375 
5.327877044677734 
5.327903747558594 
5.372079849243164 
10.742500305175781 
6.238210678100586 
5.832452774047852 
5.468963146209717 
6.317495346069336 
6.953954219818115 
7.574318885803223 
5.986931800842285 
6.187060356140137 
7.677671432495117 
7.16361141204834 
7.935117244720459 
7.540431499481201 
5.562892913818359 
4.5656867027282715 
7.0456671714782715 
7.7541961669921875 
6.7099127769470215 
5.741652011871338 
8.275440216064453 
5.245600700378418 
5.991665840148926 
4.859976768493652 
6.576385974884033 
6.100858688354492 
7.230945110321045 
7.336860656738281 
6.69624662399292 
6.872272491455078 
6.525007724761963 
6.819581031799316 
5.216861724853516 
6.1151862144470215 
7.158962249755859 
7.394672393798828 
5.758026123046875 
7.299330711364746 
6.158057689666748 
6.713974475860596 
5.645514011383057 
6.346789836883545 
5.8414812088012695 
6.593367576599121 
5.466358184814453 
5.846005439758301 
7.310274124145508 
8.23914623260498 
5.858817100524902 
5.469787120819092 
5.0766777992248535 
6.896928310394287 
5.088874340057373 
6.298040866851807 
6.370351314544678 
6.950155258178711 
6.703834056854248 
6.047979354858398 
5.232000350952148 
6.080814361572266 
8.348021507263184 
8.063335418701172 
6.65621280670166 
9.528297424316406 
8.806536674499512 
6.938869953155518 
8.242725372314453 
5.5722270011901855 
6.411476135253906 
5.367817401885986 
5.771900177001953 
5.834146499633789 
4.806878089904785 
6.1899614334106445 
6.659233093261719 
5.536121845245361 
6.194113731384277 
6.781551361083984 
6.859222888946533 
5.520662307739258 
5.47544527053833 
4.9205851554870605 
8.562187194824219 
5.732691287994385 
7.4258599281311035 
5.956714153289795 
5.778439998626709 
6.686549186706543 
7.367420673370361 
6.1077985763549805 
6.315122604370117 
9.416426658630371 
6.137901306152344 
6.149019241333008 
6.289621353149414 
5.905223369598389 
7.652074813842773 
5.8304009437561035 
8.873006820678711 
5.017648220062256 
5.286534786224365 
6.094923973083496 
9.371941566467285 
6.235581874847412 
6.095438480377197 
6.1609416007995605 
5.673250198364258 
6.303971767425537 
7.11442756652832 
8.20523452758789 
5.951552391052246 
6.345912933349609 
7.437692165374756 
6.281529426574707 
6.104975700378418 
7.5716471672058105 
5.3576250076293945 
7.388624668121338 
6.065755367279053 
4.678675651550293 
7.673304080963135 
5.212338447570801 
6.243414402008057 
5.912907123565674 
6.062891960144043 
4.376307487487793 
6.58937931060791 
7.570464134216309 
5.742785930633545 
4.890178203582764 
5.717482566833496 
7.367997646331787 
5.961124897003174 
5.845563888549805 
5.901791095733643 
7.247106075286865 
5.9980645179748535 
5.590170383453369 
5.620717525482178 
5.969649791717529 
7.31684684753418 
5.42597770690918 
7.130838871002197 
7.705324649810791 
7.521609783172607 
7.278956413269043 
6.573666095733643 
7.213210582733154 
7.083600044250488 
5.422827243804932 
6.578959941864014 
8.16299057006836 
6.109102725982666 
7.914011001586914 
5.683896064758301 
8.694299697875977 
6.243028163909912 
9.555538177490234 
7.274044036865234 
8.427436828613281 
8.056252479553223 
6.923478126525879 
7.65170431137085 
6.699719429016113 
7.5345048904418945 
6.136017322540283 
6.246217250823975 
5.3359055519104 
6.280549049377441 
6.111217498779297 
8.867799758911133 
7.0883026123046875 
6.268402099609375 
7.9316911697387695 
7.691849231719971 
6.5531086921691895 
6.368743419647217 
7.044509410858154 
8.478041648864746 
5.700372695922852 
5.502459526062012 
8.81019115447998 
7.4947710037231445 
6.774334907531738 
5.854757785797119 
5.766490936279297 
5.8352952003479 
6.276500701904297 
7.389914035797119 
6.501596450805664 
7.1226725578308105 
5.5493693351745605 
6.662855625152588 
6.160376071929932 
8.132933616638184 
6.460221767425537 
4.8466339111328125 
7.926229476928711 
6.734106540679932 
5.831631660461426 
6.939716815948486 
5.222171783447266 
8.960553169250488 
5.508801460266113 
8.393594741821289 
5.9623517990112305 
5.50759220123291 
5.429238319396973 
6.699743747711182 
5.555515289306641 
5.932374954223633 
5.679162502288818 
5.991819858551025 
5.636984348297119 
6.334783554077148 
6.865640640258789 
8.239164352416992 
6.1230387687683105 
7.134449005126953 
8.47269058227539 
6.749236106872559 
6.744555473327637 
8.01025676727295 
6.667111873626709 
5.264626979827881 
6.794341087341309 
5.623643398284912 
5.773620128631592 
5.602451801300049 
5.814255714416504 
5.8201470375061035 
7.999251365661621 
6.581762313842773 
6.421532154083252 
5.798047065734863 
7.447018146514893 
6.689107418060303 
9.079516410827637 
5.76240348815918 
6.167998790740967 
6.998157501220703 
5.041808128356934 
7.6710286140441895 
5.715433597564697 
10.234274864196777 
8.383459091186523 
8.06577205657959 
5.775891304016113 
6.324342250823975 
6.9070963859558105 
7.156274318695068 
5.907663822174072 
5.6676716804504395 
6.159322261810303 
6.312103748321533 
6.302623271942139 
5.424810409545898 
6.780123710632324 
6.946427345275879 
7.181855201721191 
7.538248538970947 
6.163875102996826 
5.492495059967041 
5.75272274017334 
9.902771949768066 
7.557326316833496 
5.54481315612793 
6.435931205749512 
4.530919551849365 
5.466884613037109 
8.092166900634766 
6.596672534942627 
5.833889961242676 
5.943645000457764 
5.641824722290039 
5.509570121765137 
9.451407432556152 
6.0724687576293945 
7.076052188873291 
5.5822248458862305 
5.564980983734131 
7.196609973907471 
8.842097282409668 
6.297389030456543 
7.365972995758057 
5.745127201080322 
5.210629940032959 
7.174288272857666 
5.7112860679626465 
6.00840950012207 
8.389949798583984 
5.761056423187256 
5.457321643829346 
5.3623366355896 
6.018776893615723 
5.927818775177002 
6.171833038330078 
7.252353668212891 
6.692234516143799 
5.177957534790039 
6.01353645324707 
5.60096549987793 
7.1695356369018555 
8.2833833694458 
6.8661580085754395 
4.962615966796875 
7.089944362640381 
6.336516380310059 
6.849292278289795 
7.9501471519470215 
5.78486967086792 
5.956450462341309 
5.644256114959717 
7.875240802764893 
6.116092681884766 
5.530771255493164 
5.838340759277344 
6.190939903259277 
4.991515159606934 
7.7140326499938965 
6.698009967803955 
5.61326265335083 
6.6793437004089355 
7.771557807922363 
7.203469276428223 
5.987231254577637 
5.785459518432617 
6.120662689208984 
5.787477970123291 
4.881174564361572 
4.9555559158325195 
6.291088104248047 
7.782634735107422 
5.544226169586182 
8.79079818725586 
7.226655006408691 
9.731046676635742 
6.589349269866943 
6.267117977142334 
10.046393394470215 
6.31641960144043 
5.431354522705078 
5.0120086669921875 
5.431931972503662 
6.397416114807129 
6.394588470458984 
6.543453693389893 
5.900026798248291 
6.415593147277832 
7.772545337677002 
6.5280561447143555 
6.370309352874756 
6.689909934997559 
9.280989646911621 
8.0392484664917 
8.166099548339844 
7.6298933029174805 
6.780277252197266 
5.158331394195557 
7.100379467010498 
4.955542087554932 
5.982600688934326 
6.166040897369385 
6.975704669952393 
6.061306953430176 
8.18466854095459 
6.527956485748291 
6.32396936416626 
6.113274097442627 
4.799344062805176 
4.917600154876709 
5.626230716705322 
5.549149513244629 
5.5678324699401855 
5.544581413269043 
7.768100738525391 
8.8721342086792 
7.850042819976807 
6.490747928619385 
8.525774002075195 
7.464522361755371 
5.328315258026123 
8.713162422180176 
8.163064956665039 
5.561461448669434 
5.720019340515137 
6.5046210289001465 
5.569774627685547 
5.349065780639648 
6.538721561431885 
7.475493907928467 
5.585448265075684 
7.089982509613037 
6.0143537521362305 
9.411371231079102 
7.353797912597656 
4.525210857391357 
6.4688334465026855 
6.166357517242432 
5.544536113739014 
6.308612823486328 
6.364157199859619 
5.735698223114014 
7.787087917327881 
6.388307571411133 
6.375387191772461 
6.633437633514404 
6.675057888031006 
8.293861389160156 
5.126584053039551 
8.078907012939453 
6.313968181610107 
5.608785152435303 
6.010795593261719 
7.264361381530762 
7.39141321182251 
7.549827575683594 
5.348087787628174 
8.107028007507324 
5.489616870880127 
6.800795078277588 
5.876679420471191 
5.329021453857422 
5.367478370666504 
5.093752861022949 
6.962419033050537 
9.200611114501953 
5.687217712402344 
8.141547203063965 
5.477385520935059 
5.974787712097168 
6.912422180175781 
10.938813209533691 
7.775488376617432 
4.411905288696289 
6.225669860839844 
5.049583911895752 
5.710382461547852 
7.843576431274414 
7.7966108322143555 
5.291313171386719 
10.101970672607422 
7.550415515899658 
5.686651229858398 
5.668229103088379 
5.958829879760742 
6.7164812088012695 
6.9924798011779785 
9.078380584716797 
6.413537502288818 
7.961491107940674 
5.714685440063477 
6.284123420715332 
6.768272876739502 
6.609633922576904 
7.165326118469238 
4.692592620849609 
7.205610275268555 
6.009572505950928 
6.001044273376465 
7.331578731536865 
8.567805290222168 
6.533195495605469 
7.058893203735352 
5.173232555389404 
5.00547456741333 
6.722066879272461 
5.899084568023682 
6.721627712249756 
6.941758155822754 
6.126138687133789 
5.382143974304199 
6.2914137840271 
5.167446136474609 
5.048266887664795 
5.806179046630859 
7.817649841308594 
4.8123779296875 
7.127137184143066 
6.759949207305908 
5.074533462524414 
4.400485515594482 
9.64710521697998 
7.239018440246582 
7.802097797393799 
4.70977258682251 
4.850562572479248 
6.3086371421813965 
5.696627140045166 
5.871448993682861 
8.256661415100098 
6.78645658493042 
8.2025146484375 
8.178899765014648 
7.33724308013916 
6.117663860321045 
5.482207298278809 
4.666788578033447 
6.08344841003418 
5.31552791595459 
9.60891056060791 
6.360313415527344 
8.125057220458984 
6.14436149597168 
5.795588970184326 
5.8870744705200195 
7.772843837738037 
8.677571296691895 
6.906072616577148 
6.462093830108643 
6.836552619934082 
7.071063041687012 
5.366098403930664 
5.672385215759277 
6.771612644195557 
8.445809364318848 
5.110632419586182 
6.298401832580566 
6.919743537902832 
9.419912338256836 
5.594160079956055 
6.726292610168457 
5.977308750152588 
5.851293087005615 
6.010682582855225 
6.1582465171813965 
7.715773582458496 
6.377603054046631 
6.553934574127197 
7.295689105987549 
7.060815811157227 
6.22388219833374 
5.960179328918457 
5.950752258300781 
7.8066534996032715 
4.64780855178833 
5.816434860229492 
8.23470401763916 
7.198310375213623 
8.716462135314941 
6.661581039428711 
4.344049453735352 
9.21048641204834 
6.2635498046875 
6.400390625 
7.068841457366943 
6.467906951904297 
7.1925272941589355 
8.82130241394043 
5.936283588409424 
6.091832160949707 
5.557841777801514 
7.578702926635742 
5.946532726287842 
6.17251443862915 
8.549459457397461 
6.86238431930542 
7.029276371002197 
6.4591498374938965 
8.276291847229004 
6.884265899658203 
6.402471542358398 
6.3215813636779785 
5.688531875610352 
6.52988862991333 
5.144752502441406 
6.235911846160889 
6.37200927734375 
5.665403366088867 
5.962702751159668 
7.60637092590332 
6.144649505615234 
6.522934913635254 
7.132351398468018 
6.6592864990234375 
6.993120193481445 
6.257519245147705 
6.958955764770508 
6.813759803771973 
5.406347274780273 
5.555568695068359 
7.690122604370117 
7.473672389984131 
6.826459884643555 
7.125707149505615 
5.792885780334473 
5.759853839874268 
6.932102203369141 
8.727498054504395 
7.046384811401367 
6.778047561645508 
7.3557586669921875 
5.972687721252441 
6.021503448486328 
6.274173259735107 
7.2842278480529785 
6.281046390533447 
6.55761194229126 
5.563361167907715 
5.773038864135742 
6.752267360687256 
5.70691442489624 
6.109170436859131 
7.7426066398620605 
5.63175106048584 
5.333640098571777 
6.293266296386719 
6.475307941436768 
5.455089092254639 
6.199419975280762 
6.251943111419678 
5.533562660217285 
8.729951858520508 
5.465704917907715 
5.052891731262207 
6.484577655792236 
4.924765586853027 
7.596643447875977 
6.460705280303955 
8.245723724365234 
7.834565162658691 
6.8643670082092285 
5.9972944259643555 
4.714908123016357 
8.005924224853516 
5.662541389465332 
6.9327850341796875 
6.040270805358887 
6.1221418380737305 
6.501619338989258 
7.258474349975586 
5.914040565490723 
6.377011299133301 
6.573492527008057 
6.171027660369873 
6.327249526977539 
5.699099063873291 
7.1318678855896 
4.619893550872803 
7.1070075035095215 
6.4442620277404785 
6.345409393310547 
6.305294513702393 
6.1015496253967285 
7.093834400177002 
7.582339286804199 
6.742674350738525 
7.5057373046875 
6.3485493659973145 
5.435915470123291 
6.076328277587891 
6.357857704162598 
4.299752235412598 
8.175361633300781 
5.9512248039245605 
5.604071617126465 
5.25560998916626 
5.054803371429443 
6.265466690063477 
6.149960517883301 
6.0114874839782715 
5.965628623962402 
6.987060070037842 
5.522454738616943 
6.828381061553955 
4.977809429168701 
5.773533821105957 
8.08180046081543 
4.47137451171875 
6.436570167541504 
6.3715715408325195 
10.250882148742676 
6.04462194442749 
6.242669582366943 
6.949299335479736 
6.73299503326416 
5.586960792541504 
6.701593399047852 
6.642219066619873 
7.356562614440918 
7.622146129608154 
6.538868427276611 
6.7657976150512695 
5.468098163604736 
5.278573036193848 
6.05783748626709 
8.560355186462402 
5.284122467041016 
6.749334335327148 
6.584064483642578 
5.272639274597168 
5.914359092712402 
8.94566535949707 
9.264053344726562 
5.376465320587158 
4.543273448944092 
6.132577896118164 
6.4241461753845215 
8.053600311279297 
6.207197666168213 
6.593245506286621 
6.767691135406494 
8.576398849487305 
6.324437141418457 
8.816920280456543 
5.555762767791748 
5.448399543762207 
6.820685863494873 
7.340087413787842 
5.546871185302734 
5.315758228302002 
6.426072597503662 
6.7559733390808105 
7.930529594421387 
7.723840713500977 
5.8366804122924805 
4.500378131866455 
7.8891730308532715 
5.519520282745361 
5.580842018127441 
7.094380855560303 
6.912775993347168 
7.835152626037598 
7.5713982582092285 
7.491498947143555 
6.478906631469727 
7.4878363609313965 
7.329137325286865 
6.40472412109375 
7.285977840423584 
6.292006969451904 
6.568170070648193 
5.143066883087158 
6.21445894241333 
6.076504707336426 
7.128973484039307 
6.200618743896484 
9.156359672546387 
7.606543064117432 
7.337207317352295 
7.70849084854126 
6.294806480407715 
6.385826587677002 
7.555522918701172 
6.053873538970947 
5.75014066696167 
6.748649597167969 
5.29368782043457 
7.158580303192139 
7.291743755340576 
6.8599982261657715 
7.984710693359375 
7.683473110198975 
5.476375579833984 
6.127690315246582 
6.566545486450195 
7.385309219360352 
5.2909016609191895 
6.88009786605835 
5.161477088928223 
6.1648335456848145 
8.45690631866455 
5.426093101501465 
5.2681074142456055 
5.676168441772461 
7.4941558837890625 
7.422203063964844 
6.461013317108154 
6.561896800994873 
6.405910968780518 
7.24440336227417 
9.548378944396973 
5.186670303344727 
8.592633247375488 
6.192140579223633 
8.266202926635742 
5.602731704711914 
5.343994617462158 
5.194391250610352 
7.519754409790039 
6.612236022949219 
6.376172065734863 
6.036573886871338 
7.703953742980957 
6.7577033042907715 
6.15018892288208 
7.586335182189941 
6.48531436920166 
8.300260543823242 
6.439919948577881 
8.11818790435791 
6.402329444885254 
6.766551494598389 
8.751646995544434 
5.86209774017334 
5.392687797546387 
6.791433811187744 
7.546394348144531 
6.252077102661133 
5.484170913696289 
5.925983905792236 
6.956309795379639 
7.718316555023193 
5.452410697937012 
4.748831272125244 
7.345646858215332 
7.60719633102417 
5.629802227020264 
6.198291301727295 
5.818754196166992 
5.72324275970459 
7.155554294586182 
6.516296863555908 
8.129372596740723 
6.121268272399902 
4.867602348327637 
7.142076015472412 
7.3564348220825195 
6.041942596435547 
7.313526630401611 
5.120055198669434 
7.681058883666992 
6.004245758056641 
6.225615501403809 
6.424262523651123 
6.892302989959717 
6.196623802185059 
7.243398666381836 
8.698366165161133 
4.958242416381836 
9.746474266052246 
5.16152811050415 
7.099165916442871 
6.550708293914795 
5.750448226928711 
6.229190349578857 
5.151263236999512 
7.343865871429443 
7.176204681396484 
6.0108113288879395 
7.413558006286621 
6.618088245391846 
8.143863677978516 
5.9309868812561035 
5.1012654304504395 
5.5234832763671875 
7.667159080505371 
4.649982929229736 
5.868964672088623 
7.289953708648682 
6.437668323516846 
9.508959770202637 
5.413238525390625 
6.23426628112793 
7.627558708190918 
5.810722351074219 
4.895861625671387 
6.549220561981201 
7.390432357788086 
6.625096797943115 
6.489927291870117 
5.114023208618164 
4.975461006164551 
4.480526447296143 
6.361636161804199 
5.687775611877441 
4.757526874542236 
6.791044235229492 
6.411614894866943 
4.913697242736816 
7.6929802894592285 
5.664347171783447 
7.524524688720703 
7.293826580047607 
6.808183670043945 
8.457235336303711 
6.236766815185547 
5.43670129776001 
8.231940269470215 
6.891099452972412 
6.256191730499268 
6.636529922485352 
6.358854293823242 
6.423481464385986 
7.565419673919678 
5.762133598327637 
9.040226936340332 
5.851717472076416 
6.766611576080322 
7.199578762054443 
6.696866512298584 
5.923111915588379 
6.221538543701172 
6.245546340942383 
6.22658109664917 
7.150054454803467 
6.809825420379639 
6.127598762512207 
7.596904277801514 
6.467933177947998 
6.336645603179932 
6.806291103363037 
6.204697132110596 
4.993045330047607 
7.003290176391602 
7.377781867980957 
8.303342819213867 
5.5406107902526855 
6.305222511291504 
8.806941032409668 
9.15188980102539 
4.710178375244141 
5.500359535217285 
7.988722801208496 
4.924173355102539 
6.460338115692139 
5.380756855010986 
6.5080389976501465 
7.846736907958984 
4.909872055053711 
5.736932754516602 
6.292072772979736 
5.804582118988037 
5.127187252044678 
6.483105659484863 
6.570900917053223 
5.91405725479126 
5.904112815856934 
6.507382392883301 
6.12076997756958 
7.168839931488037 
5.463613510131836 
5.757370948791504 
6.222755432128906 
7.907804012298584 
5.234071254730225 
6.361048698425293 
4.900462627410889 
6.929167747497559 
5.8707685470581055 
10.003883361816406 
6.100986003875732 
8.050146102905273 
7.488528251647949 
6.118897914886475 
5.183906555175781 
6.0853118896484375 
6.266802787780762 
5.994681358337402 
6.022388935089111 
6.354726314544678 
6.17018985748291 
5.533658027648926 
5.7947001457214355 
6.130433082580566 
5.743589401245117 
10.181249618530273 
6.858051300048828 
7.885872840881348 
6.624663829803467 
6.801314830780029 
5.823794364929199 
5.193491458892822 
6.553379058837891 
6.894384860992432 
6.052448749542236 
5.93002986907959 
4.099523544311523 
5.038120269775391 
6.9566121101379395 
6.513616561889648 
6.188251495361328 
7.891319751739502 
6.34108829498291 
5.531525135040283 
5.30055046081543 
8.181103706359863 
6.03126335144043 
6.742359161376953 
6.207670211791992 
5.926617622375488 
5.89925479888916 
6.47074031829834 
5.954678535461426 
5.563529014587402 
6.485964775085449 
7.2061920166015625 
9.877429962158203 
6.147085666656494 
5.8036980628967285 
7.604723930358887 
7.716777801513672 
6.05543327331543 
6.707995891571045 
5.650605201721191 
5.4224395751953125 
5.360554218292236 
6.41109037399292 
5.72844123840332 
6.568429470062256 
5.318060874938965 
5.809983253479004 
6.196506023406982 
7.267462253570557 
8.198662757873535 
7.746088027954102 
6.2419281005859375 
6.816166400909424 
6.337596416473389 
6.472748279571533 
5.277381420135498 
6.9045729637146 
4.924498081207275 
6.304964065551758 
6.72423791885376 
9.789634704589844 
6.719468116760254 
6.456005096435547 
5.982096195220947 
6.072677135467529 
7.541657447814941 
5.609721660614014 
5.962490558624268 
5.382697105407715 
6.522141456604004 
6.308358192443848 
5.847591876983643 
4.428050518035889 
7.10824728012085 
6.100391864776611 
5.663093566894531 
6.803730010986328 
8.116891860961914 
5.855971813201904 
6.000978469848633 
6.780350208282471 
6.504509925842285 
6.517861366271973 
9.815079689025879 
5.37581729888916 
6.096770286560059 
8.307677268981934 
6.701661109924316 
6.631115436553955 
7.772710800170898 
7.508591651916504 
7.925731658935547 
7.329858303070068 
9.21622085571289 
6.128092288970947 
6.548881530761719 
6.261997699737549 
7.6662726402282715 
6.708118438720703 
6.345458507537842 
6.313259601593018 
7.290173053741455 
7.959441184997559 
5.593739986419678 
7.704647064208984 
6.850541114807129 
7.436946868896484 
5.7388014793396 
6.995919227600098 
7.987726211547852 
10.508386611938477 
8.192645072937012 
5.674545764923096 
6.043414115905762 
5.729002952575684 
5.221029758453369 
5.699886798858643 
8.137594223022461 
6.879873275756836 
6.579369068145752 
9.739619255065918 
6.675475597381592 
8.904210090637207 
5.529065132141113 
5.277538299560547 
5.515221118927002 
7.750457286834717 
5.2601542472839355 
8.377545356750488 
8.248612403869629 
5.491072654724121 
7.3033857345581055 
6.880317687988281 
8.004490852355957 
8.529960632324219 
8.678647994995117 
9.850040435791016 
6.724626064300537 
5.4582343101501465 
5.898937702178955 
5.655879974365234 
6.048656940460205 
5.4471435546875 
5.707375526428223 
4.927435874938965 
6.5418572425842285 
6.938406944274902 
6.601354122161865 
7.592292308807373 
5.922606945037842 
7.244241714477539 
5.4519429206848145 
8.622185707092285 
6.730989456176758 
7.468845844268799 
6.440165996551514 
6.314943313598633 
6.13580846786499 
6.196773052215576 
4.745992183685303 
6.4658355712890625 
8.59145450592041 
8.311357498168945 
5.9638447761535645 
6.450493812561035 
6.883565902709961 
5.023516654968262 
6.491715431213379 
6.826894760131836 
5.771894931793213 
5.509695529937744 
6.071047782897949 
6.36196756362915 
5.54434871673584 
5.802794456481934 
5.866905689239502 
5.301227569580078 
6.79526948928833 
6.420496463775635 
5.602923393249512 
4.949026584625244 
7.314627170562744 
5.162752628326416 
8.799250602722168 
9.63650131225586 
5.443665504455566 
7.4798583984375 
6.7490129470825195 
6.001180171966553 
5.706264495849609 
6.313296318054199 
6.990086555480957 
6.882498741149902 
6.473333358764648 
7.231482982635498 
7.786163806915283 
5.71429443359375 
7.238389492034912 
6.978381156921387 
6.785121440887451 
5.485986709594727 
5.747359752655029 
7.552632808685303 
4.863554954528809 
5.745231628417969 
6.069547653198242 
5.856229782104492 
6.949502944946289 
6.667886734008789 
7.7523698806762695 
7.1848978996276855 
6.716962814331055 
5.981210708618164 
6.059311866760254 
4.677988529205322 
6.815634727478027 
6.575039386749268 
7.002017021179199 
4.858031272888184 
5.529138565063477 
4.517599105834961 
6.5137128829956055 
6.763792037963867 
8.272791862487793 
5.732291221618652 
9.226293563842773 
5.297325134277344 
5.345832824707031 
7.1645002365112305 
6.064470291137695 
7.878749370574951 
5.277924537658691 
5.770804405212402 
8.31453800201416 
5.962231636047363 
5.992945671081543 
5.854612350463867 
7.830084323883057 
8.09947395324707 
5.3561320304870605 
7.243988037109375 
6.784578323364258 
6.283262729644775 
6.6933913230896 
5.569523811340332 
5.690994739532471 
7.272926330566406 
6.187137126922607 
6.164711952209473 
6.834139347076416 
8.596022605895996 
5.65474796295166 
5.540552139282227 
5.404335021972656 
7.357736587524414 
6.610673427581787 
8.258228302001953 
5.1848320960998535 
5.72567081451416 
7.124505996704102 
4.201455593109131 
6.861622333526611 
6.262898921966553 
5.3388237953186035 
5.200134754180908 
6.867005825042725 
7.212035179138184 
6.230497360229492 
6.065336227416992 
7.120363712310791 
6.01456356048584 
6.678050518035889 
6.109816074371338 
8.21197509765625 
6.498915672302246 
7.557863712310791 
5.412795543670654 
5.971330642700195 
5.603628158569336 
6.2322869300842285 
7.394643783569336 
7.385688304901123 
6.086626052856445 
5.463907241821289 
9.332895278930664 
5.197682857513428 
5.0462327003479 
6.519436836242676 
5.541385650634766 
6.369876861572266 
5.428088188171387 
5.399734973907471 
5.613040447235107 
8.338473320007324 
6.7487030029296875 
5.680534839630127 
6.449775218963623 
5.974872589111328 
5.056589126586914 
7.256833076477051 
6.654752254486084 
6.9948225021362305 
5.7323079109191895 
8.874231338500977 
8.228950500488281 
10.567033767700195 
6.976365089416504 
6.386847972869873 
6.902367115020752 
6.34165096282959 
6.214362144470215 
6.850269794464111 
6.875146865844727 
5.471973896026611 
7.0462188720703125 
5.076948165893555 
5.181675434112549 
6.0862717628479 
7.57418966293335 
6.514983654022217 
5.60485315322876 
5.4236979484558105 
7.820495128631592 
5.659329414367676 
6.460722923278809 
6.642580986022949 
7.073381423950195 
5.991271018981934 
8.5270414352417 
7.009044647216797 
8.633359909057617 
6.8426384925842285 
5.351465225219727 
10.14737606048584 
6.360159873962402 
6.072107315063477 
7.3679351806640625 
6.691890239715576 
6.34912109375 
6.990456581115723 
5.447159290313721 
5.860913276672363 
6.776740074157715 
7.564385414123535 
7.372318744659424 
7.05941915512085 
6.94317102432251 
6.36465311050415 
8.95905590057373 
6.27885627746582 
7.056449890136719 
7.589488983154297 
9.802970886230469 
5.808963298797607 
5.867536544799805 
8.367130279541016 
4.531988143920898 
5.048053741455078 
6.356593132019043 
5.149247169494629 
7.757585048675537 
8.525402069091797 
7.544899940490723 
4.508544445037842 
5.64027214050293 
6.224899768829346 
4.912583351135254 
5.167835235595703 
7.235116958618164 
6.4407057762146 
7.552627086639404 
8.268304824829102 
5.2028985023498535 
5.4432196617126465 
4.86509370803833 
6.083537578582764 
5.0975847244262695 
5.823577880859375 
5.733402252197266 
5.46473503112793 
6.509031295776367 
6.177247524261475 
6.072831630706787 
8.532366752624512 
8.127923011779785 
5.51953125 
7.958889007568359 
7.845832347869873 
6.308281898498535 
6.384209632873535 
7.493418216705322 
5.729703903198242 
8.040228843688965 
6.2249016761779785 
5.8230814933776855 
5.075967788696289 
5.893022537231445 
7.819465637207031 
6.061530113220215 
6.576069355010986 
5.484646797180176 
6.1297173500061035 
7.600445747375488 
6.215058326721191 
4.719772815704346 
6.947410583496094 
7.277533531188965 
5.838287830352783 
6.2953081130981445 
6.344399929046631 
4.862612724304199 
7.678621768951416 
7.76177453994751 
6.26294469833374 
4.364796161651611 
5.415116786956787 
8.090618133544922 
6.15504264831543 
5.6129350662231445 
6.324455738067627 
6.511730670928955 
6.607620716094971 
6.414478302001953 
5.428620338439941 
6.196805477142334 
5.9703369140625 
5.781317710876465 
8.01095962524414 
7.653785228729248 
6.798165321350098 
8.559318542480469 
7.436138153076172 
7.397555351257324 
5.995408058166504 
6.350740432739258 
7.188597202301025 
6.233785152435303 
5.1553874015808105 
6.905294895172119 
4.873513221740723 
5.080895900726318 
5.532491683959961 
5.6930437088012695 
7.275811195373535 
8.705572128295898 
5.393184185028076 
7.650239944458008 
6.885931491851807 
6.705626964569092 
7.161540985107422 
6.2664971351623535 
5.994161128997803 
5.541769027709961 
7.419011116027832 
6.738760471343994 
4.684267997741699 
5.993964195251465 
7.848618030548096 
6.0578694343566895 
5.809467315673828 
5.289493560791016 
5.512311935424805 
6.361769199371338 
7.547703266143799 
7.617266654968262 
7.167117595672607 
5.683044910430908 
7.294160842895508 
5.974138259887695 
6.032465934753418 
5.851517200469971 
5.330545902252197 
6.344136714935303 
7.360443115234375 
7.210813045501709 
5.567105770111084 
7.166848182678223 
6.0961713790893555 
8.199677467346191 
5.911770343780518 
5.455054759979248 
6.274970531463623 
7.6304216384887695 
8.406147956848145 
6.150340557098389 
5.879477024078369 
5.850121974945068 
7.134004592895508 
5.808064937591553 
6.09036922454834 
8.774062156677246 
6.451714992523193 
6.455894947052002 
6.435020923614502 
5.750365734100342 
7.695930004119873 
5.699642181396484 
9.258033752441406 
5.763243198394775 
5.4362382888793945 
8.649663925170898 
6.738605976104736 
6.81198787689209 
6.779082298278809 
6.967743396759033 
7.384485244750977 
8.516397476196289 
5.064621925354004 
7.991697311401367 
5.59041166305542 
5.338806629180908 
6.111611366271973 
7.041562557220459 
7.159156799316406 
4.479077339172363 
6.333588123321533 
5.673909664154053 
7.032865524291992 
6.165399074554443 
10.009751319885254 
4.957040786743164 
5.553702354431152 
6.644521713256836 
5.4369001388549805 
6.645258903503418 
5.680440425872803 
8.023170471191406 
5.634886264801025 
5.879607200622559 
5.565351486206055 
6.394631862640381 
5.631421089172363 
8.685626983642578 
6.716841697692871 
6.919651031494141 
6.3428874015808105 
6.588740825653076 
6.1055169105529785 
9.154308319091797 
6.698051452636719 
6.7391676902771 
8.338263511657715 
9.823253631591797 
5.8500776290893555 
6.469005107879639 
6.240735054016113 
5.683618068695068 
7.548069477081299 
5.593353748321533 
7.125512599945068 
6.903029918670654 
6.169297695159912 
6.566384315490723 
6.493452072143555 
5.947265148162842 
6.982630729675293 
7.934964179992676 
7.0528411865234375 
6.549131870269775 
8.34329891204834 
8.44002628326416 
6.607767105102539 
4.750553607940674 
5.152631759643555 
4.839463710784912 
6.320083141326904 
5.479299068450928 
5.505273342132568 
7.3576226234436035 
6.907224655151367 
6.153616428375244 
7.113285541534424 
5.914444923400879 
6.969352722167969 
7.034361362457275 
6.8119964599609375 
8.393275260925293 
6.957921504974365 
6.020739555358887 
7.761346817016602 
6.5265793800354 
5.5796918869018555 
7.039073944091797 
5.263388633728027 
6.272268772125244 
7.05017614364624 
5.829990386962891 
8.555912971496582 
5.673245906829834 
7.077208042144775 
5.507220268249512 
5.321655750274658 
5.641090393066406 
4.72675895690918 
6.329425811767578 
4.944151401519775 
5.405264377593994 
5.282149314880371 
7.2780938148498535 
6.604917526245117 
7.45645809173584 
5.51489782333374 
6.502370834350586 
6.02467155456543 
5.866265296936035 
6.839150905609131 
6.166999340057373 
6.891533374786377 
6.055293560028076 
6.324435710906982 
5.798525333404541 
6.619076728820801 
6.1273274421691895 
6.843255519866943 
4.922945022583008 
4.636655807495117 
5.473993301391602 
7.024765491485596 
5.757333755493164 
8.890625953674316 
5.747426509857178 
6.2729268074035645 
5.916484832763672 
7.446916103363037 
8.044379234313965 
6.689540863037109 
5.15244197845459 
8.05148696899414 
6.048344612121582 
6.907907009124756 
9.130199432373047 
7.484286308288574 
5.325852394104004 
5.3086347579956055 
7.986153602600098 
5.7736053466796875 
4.926825523376465 
6.925095081329346 
4.947636604309082 
6.470452308654785 
6.595945358276367 
6.897834777832031 
7.627836227416992 
6.408619403839111 
6.563044548034668 
6.6753458976745605 
5.600869178771973 
4.828099727630615 
6.668291091918945 
6.528733730316162 
7.027561187744141 
5.830430030822754 
5.81581974029541 
5.089440822601318 
6.375688076019287 
4.831153392791748 
5.817703723907471 
5.129451274871826 
5.293639659881592 
7.024293899536133 
5.719892501831055 
4.9743428230285645 
5.808903217315674 
5.767292022705078 
5.6449713706970215 
7.766745090484619 
7.528474807739258 
6.2566938400268555 
7.521914958953857 
8.189398765563965 
6.990872859954834 
6.8618268966674805 
6.025504112243652 
5.711195945739746 
6.1538286209106445 
5.573317050933838 
6.1223273277282715 
5.931835651397705 
6.488269805908203 
5.78849983215332 
6.560828685760498 
8.746830940246582 
6.302244663238525 
5.915368556976318 
6.355768203735352 
8.825226783752441 
7.25773286819458 
7.897641658782959 
6.863024711608887 
8.539326667785645 
8.952383995056152 
8.177937507629395 
5.287082672119141 
7.409749507904053 
8.753676414489746 
6.618447780609131 
6.242595672607422 
5.2421488761901855 
4.9861650466918945 
5.2889533042907715 
7.348967552185059 
6.305624961853027 
6.474032878875732 
8.43747329711914 
6.073710918426514 
6.056987285614014 
7.411596298217773 
7.78397274017334 
5.872518062591553 
4.902095317840576 
8.021039009094238 
6.494605541229248 
6.582395076751709 
6.031089782714844 
9.296637535095215 
7.1356987953186035 
5.997097015380859 
7.626730442047119 
5.968775749206543 
7.376321315765381 
5.149031162261963 
6.628831386566162 
4.476465225219727 
5.990671157836914 
8.282626152038574 
5.461191654205322 
5.837064266204834 
6.042032241821289 
8.087706565856934 
6.125507354736328 
6.192870616912842 
7.609543800354004 
6.1129045486450195 
5.346808433532715 
6.3740668296813965 
6.07008171081543 
5.9883270263671875 
6.837498188018799 
5.970773696899414 
7.512881755828857 
6.470814228057861 
5.31574010848999 
5.66873025894165 
6.147064685821533 
8.456276893615723 
6.005093574523926 
6.209890365600586 
5.932363510131836 
7.287355899810791 
7.007868766784668 
9.6798095703125 
7.92825984954834 
9.457112312316895 
6.112198352813721 
5.7238616943359375 
7.181379318237305 
7.257733345031738 
6.278627872467041 
7.0233330726623535 
6.316643714904785 
5.281439304351807 
5.497462272644043 
5.4544830322265625 
5.806764602661133 
8.176176071166992 
7.324374675750732 
6.005307197570801 
5.2285284996032715 
4.987361907958984 
6.627993106842041 
4.830807685852051 
7.022225856781006 
5.394166946411133 
6.782769680023193 
5.124970436096191 
5.625216960906982 
6.631445407867432 
10.243523597717285 
8.91146469116211 
9.548133850097656 
9.17088508605957 
7.1147589683532715 
6.5623779296875 
8.426913261413574 
5.25025749206543 
6.3231940269470215 
7.7810235023498535 
6.4041948318481445 
5.215152740478516 
5.195988178253174 
6.688656806945801 
5.855200290679932 
6.139070510864258 
7.258222579956055 
5.471469879150391 
5.182746887207031 
6.6335272789001465 
7.635522842407227 
5.204495429992676 
7.283644199371338 
5.471190452575684 
6.530842304229736 
7.109973430633545 
6.472616195678711 
10.178647994995117 
8.198454856872559 
6.675112724304199 
7.621456146240234 
8.880096435546875 
7.9479594230651855 
5.996242046356201 
6.6596856117248535 
8.192506790161133 
5.692920684814453 
6.975872039794922 
7.461830139160156 
6.649148464202881 
5.771884441375732 
5.868460655212402 
7.018162727355957 
6.314420700073242 
5.460841655731201 
4.902625560760498 
6.596113204956055 
6.137555122375488 
6.268052577972412 
6.778402805328369 
6.113523006439209 
6.193875789642334 
6.966821193695068 
6.473742485046387 
8.122614860534668 
5.262589454650879 
7.023583889007568 
9.909088134765625 
6.257160663604736 
6.950854301452637 
5.11064338684082 
6.164768218994141 
8.01771068572998 
6.186157703399658 
8.318046569824219 
6.024000644683838 
7.416360855102539 
9.41364860534668 
6.6150617599487305 
5.472874164581299 
5.201821804046631 
5.869452953338623 
6.983170986175537 
5.784872531890869 
5.620713233947754 
5.154958724975586 
7.9235453605651855 
8.199856758117676 
6.201700687408447 
5.1379523277282715 
7.196014404296875 
9.132893562316895 
8.721027374267578 
4.264659881591797 
5.445700168609619 
5.6521430015563965 
5.8698344230651855 
7.028810977935791 
7.601363658905029 
5.363193035125732 
6.869041919708252 
8.089744567871094 
6.140589714050293 
5.0247883796691895 
4.96367073059082 
8.486299514770508 
6.28823709487915 
5.337932109832764 
7.253929138183594 
6.494911193847656 
5.063446998596191 
6.154286861419678 
5.696930408477783 
7.56618070602417 
4.399070739746094 
6.17772102355957 
6.823092937469482 
6.723624229431152 
5.9731879234313965 
6.383027076721191 
5.630321502685547 
6.506572723388672 
6.496965408325195 
7.355411529541016 
6.008912563323975 
7.217487335205078 
6.215023040771484 
5.865571975708008 
5.618484973907471 
5.040099143981934 
5.551060676574707 
9.662849426269531 
8.034229278564453 
7.605325222015381 
5.995325088500977 
6.54122257232666 
6.663205623626709 
7.223750114440918 
7.3616790771484375 
5.143197059631348 
6.01836633682251 
6.572494983673096 
6.0631022453308105 
5.027289867401123 
5.757705211639404 
5.600203990936279 
5.64118766784668 
5.9837775230407715 
5.187752723693848 
6.461989879608154 
8.971144676208496 
5.689157485961914 
9.01211166381836 
8.009492874145508 
5.872611045837402 
5.7150559425354 
5.7293925285339355 
5.300713062286377 
7.486608505249023 
5.27057409286499 
5.484508514404297 
5.571660041809082 
8.14713191986084 
5.518631458282471 
5.922849655151367 
7.708371162414551 
4.84090518951416 
7.986706733703613 
4.9112701416015625 
7.921248912811279 
6.348994255065918 
6.379839897155762 
6.408694744110107 
6.5154314041137695 
5.349717140197754 
5.684179306030273 
6.2913126945495605 
7.285749435424805 
6.472397327423096 
5.624790668487549 
6.748865604400635 
5.859096527099609 
6.144167900085449 
7.268443584442139 
5.722843170166016 
5.363185882568359 
7.3546528816223145 
6.994397163391113 
6.236789226531982 
6.2156877517700195 
7.682009696960449 
7.269589424133301 
7.410898685455322 
8.765233039855957 
6.279169082641602 
6.129513740539551 
6.187724590301514 
9.312911033630371 
5.967813014984131 
6.289276123046875 
6.149639129638672 
8.626906394958496 
6.603232383728027 
6.243575096130371 
8.204474449157715 
6.862688064575195 
5.908298015594482 
5.8409271240234375 
5.44205904006958 
6.413483619689941 
6.170820713043213 
6.7235612869262695 
6.484346389770508 
7.057984352111816 
6.472277641296387 
5.4185380935668945 
7.291603088378906 
4.664535045623779 
5.800138473510742 
5.864374160766602 
6.44249153137207 
6.216089725494385 
6.679440975189209 
7.722666263580322 
5.757206439971924 
5.61102819442749 
6.15535306930542 
5.432692527770996 
8.928102493286133 
6.181331157684326 
6.086615562438965 
7.502681732177734 
5.470402717590332 
7.248960971832275 
6.008114814758301 
6.709282875061035 
5.00524377822876 
6.131844997406006 
6.2337212562561035 
8.692770004272461 
6.324154376983643 
5.854747295379639 
6.779366970062256 
6.319815635681152 
6.101990222930908 
6.497082233428955 
5.654531002044678 
4.796160697937012 
5.850682258605957 
6.799625396728516 
6.1047797203063965 
4.999176025390625 
5.615275859832764 
4.732828140258789 
6.501280784606934 
7.1721086502075195 
5.564624786376953 
7.208802700042725 
9.806353569030762 
7.0536789894104 
5.173778057098389 
6.196432590484619 
5.555458068847656 
6.284985065460205 
8.06507396697998 
6.139856815338135 
5.258825302124023 
5.360403060913086 
4.936446666717529 
8.34853744506836 
7.867160797119141 
5.1255340576171875 
8.017770767211914 
6.273628234863281 
8.730352401733398 
6.723555088043213 
7.639870643615723 
7.060822486877441 
6.540250301361084 
6.088290214538574 
5.9537553787231445 
5.554537296295166 
7.213583946228027 
4.984839916229248 
6.799774169921875 
6.877727508544922 
7.221683025360107 
6.073585033416748 
7.903763771057129 
6.925021648406982 
6.592473030090332 
5.9253435134887695 
6.528330326080322 
7.590236663818359 
9.655471801757812 
6.072506427764893 
5.970308303833008 
6.6407599449157715 
5.569027423858643 
5.029306411743164 
6.457479953765869 
4.6905837059021 
5.1540207862854 
6.787723541259766 
7.954349040985107 
6.096609115600586 
7.354024887084961 
6.150306224822998 
5.827728748321533 
6.146985054016113 
5.492645263671875 
6.9155964851379395 
6.474510669708252 
5.7992658615112305 
5.9419846534729 
6.0705366134643555 
5.879780292510986 
6.9161248207092285 
6.10134220123291 
7.501178741455078 
5.849417686462402 
5.712141513824463 
8.732866287231445 
5.782382965087891 
8.602728843688965 
5.907270431518555 
7.028563022613525 
5.832096099853516 
7.193599224090576 
7.055240631103516 
4.9015984535217285 
6.292383670806885 
7.270217418670654 
8.734397888183594 
5.851219654083252 
6.220292568206787 
7.368580341339111 
6.5033721923828125 
5.705770015716553 
6.913891792297363 
8.122109413146973 
5.781354904174805 
6.348719596862793 
7.240931510925293 
6.395749568939209 
6.675704002380371 
7.714438438415527 
6.049589157104492 
6.173129081726074 
4.725125789642334 
5.383804798126221 
6.886590957641602 
6.004003524780273 
6.783702373504639 
6.956132888793945 
5.745949745178223 
6.211406707763672 
7.90872859954834 
5.889281749725342 
4.895418167114258 
9.225362777709961 
6.465526103973389 
6.009052753448486 
6.180048942565918 
6.911386489868164 
7.719318866729736 
6.957455158233643 
8.344597816467285 
5.2039475440979 
6.8085832595825195 
8.27389907836914 
5.253151893615723 
7.826967239379883 
5.1836113929748535 
9.056023597717285 
7.046947002410889 
6.012248992919922 
6.018158912658691 
6.76560640335083 
7.008045196533203 
6.290139675140381 
8.431547164916992 
6.307923316955566 
6.215341567993164 
8.244967460632324 
5.976807117462158 
6.980584621429443 
7.42801570892334 
6.121180057525635 
6.3113017082214355 
8.756234169006348 
6.20925760269165 
5.689031600952148 
5.862545967102051 
6.2829999923706055 
7.439725875854492 
6.461225986480713 
6.307220935821533 
7.509390830993652 
7.072047710418701 
6.679297924041748 
7.829162120819092 
6.428543567657471 
5.785839080810547 
5.239174842834473 
6.279538631439209 
5.0784735679626465 
7.872998237609863 
6.872649192810059 
5.5230536460876465 
5.544902324676514 
4.99706506729126 
5.12148380279541 
6.063004970550537 
6.143019676208496 
5.8952155113220215 
6.723613262176514 
6.022446155548096 
6.195122718811035 
6.367750644683838 
5.642690658569336 
6.933762550354004 
6.269254207611084 
7.441500186920166 
5.789925575256348 
6.457733154296875 
7.988674163818359 
6.1301751136779785 
5.350340843200684 
6.010180473327637 
4.728313446044922 
4.901413440704346 
6.103027820587158 
6.706964492797852 
5.6686692237854 
6.457101821899414 
6.237940788269043 
5.607036113739014 
5.563607692718506 
8.296101570129395 
5.269128799438477 
4.963804721832275 
7.666484832763672 
6.821329116821289 
5.588794708251953 
6.7699809074401855 
6.001639366149902 
5.77198600769043 
6.535340785980225 
8.052994728088379 
5.99727201461792 
7.474108695983887 
8.185922622680664 
7.67536735534668 
6.688710689544678 
5.041068077087402 
7.078064918518066 
6.715843200683594 
5.141321659088135 
7.45435094833374 
5.85044527053833 
6.184175491333008 
10.380997657775879 
5.818262100219727 
5.777914047241211 
5.744718551635742 
6.1321587562561035 
8.453670501708984 
7.432416915893555 
6.8859734535217285 
5.217451572418213 
7.01428747177124 
5.77325963973999 
7.440010070800781 
6.799455165863037 
5.72171688079834 
6.1868181228637695 
6.243777751922607 
7.295019626617432 
5.096773624420166 
8.288360595703125 
7.423073768615723 
6.1577935218811035 
6.220043659210205 
7.947602272033691 
5.822246551513672 
8.676806449890137 
7.116698741912842 
7.2924675941467285 
6.491889953613281 
7.015355587005615 
8.281180381774902 
7.559429168701172 
5.917810916900635 
7.523080348968506 
5.0626444816589355 
5.894026756286621 
9.012853622436523 
6.872866630554199 
6.3683671951293945 
7.368678092956543 
6.837189674377441 
5.4345383644104 
7.4191670417785645 
6.613483428955078 
4.83833646774292 
7.013679504394531 
5.149730205535889 
5.321124076843262 
8.284327507019043 
5.511568546295166 
6.960992336273193 
5.859511375427246 
6.580519199371338 
5.431865692138672 
5.428821563720703 
5.391335487365723 
5.8111467361450195 
5.474226951599121 
5.981434345245361 
7.264199733734131 
8.228541374206543 
8.78681755065918 
8.783467292785645 
7.43329381942749 
6.920186996459961 
6.6659626960754395 
6.0385613441467285 
6.100888252258301 
6.2403154373168945 
6.214922904968262 
7.055262565612793 
5.982621192932129 
8.546232223510742 
7.048316478729248 
5.700229167938232 
4.365994453430176 
5.022273063659668 
7.658629417419434 
5.161163806915283 
6.612451553344727 
5.628787040710449 
6.176226615905762 
5.877473831176758 
7.186103343963623 
6.416048526763916 
6.63806676864624 
5.419879913330078 
7.205684661865234 
7.712062835693359 
7.962202548980713 
6.477947235107422 
8.682300567626953 
7.917659759521484 
8.315415382385254 
5.0595526695251465 
8.102194786071777 
7.67529821395874 
5.968113422393799 
7.390106678009033 
6.109924793243408 
10.1193265914917 
6.284237384796143 
5.357673168182373 
5.522312641143799 
7.419729232788086 
6.291351318359375 
5.970775604248047 
5.1717705726623535 
6.681509017944336 
7.048086166381836 
5.763806343078613 
6.270916938781738 
6.315550804138184 
6.429324150085449 
5.876789569854736 
6.253037929534912 
5.985932350158691 
6.551440715789795 
7.723231315612793 
7.350480556488037 
4.850846290588379 
6.042044162750244 
6.515032768249512 
8.446050643920898 
5.59386682510376 
7.064936637878418 
6.03444242477417 
5.940947532653809 
8.989179611206055 
6.335629940032959 
5.558099746704102 
5.265008449554443 
6.294691562652588 
5.196941375732422 
5.860699653625488 
6.145837783813477 
7.0286149978637695 
6.203897476196289 
5.9822797775268555 
7.243777751922607 
6.320648193359375 
6.073178768157959 
7.196802139282227 
5.517266273498535 
6.563262462615967 
7.553267955780029 
5.900401592254639 
8.367791175842285 
7.356328964233398 
6.463080406188965 
6.583553791046143 
5.89108943939209 
7.219203948974609 
6.072416305541992 
6.518775463104248 
6.031432151794434 
5.849027633666992 
6.529637813568115 
6.204432964324951 
8.716341018676758 
6.68765115737915 
5.986059665679932 
5.984452724456787 
8.859320640563965 
7.779234409332275 
8.8645658493042 
6.095669746398926 
7.112123966217041 
6.5448479652404785 
6.736723899841309 
6.700397968292236 
6.582143783569336 
6.392697334289551 
7.33926248550415 
6.435631275177002 
5.702937602996826 
7.172726631164551 
5.812213897705078 
5.562429904937744 
7.33152437210083 
6.597083568572998 
8.038544654846191 
5.892355442047119 
5.622418403625488 
8.703837394714355 
5.874252796173096 
7.048913478851318 
6.377729415893555 
8.165785789489746 
6.174506187438965 
9.650686264038086 
5.242066860198975 
5.239220142364502 
6.437003135681152 
6.71973991394043 
9.84379768371582 
5.908163547515869 
8.083118438720703 
5.14040994644165 
8.054835319519043 
7.9035444259643555 
5.374724388122559 
4.750655174255371 
6.802428245544434 
6.759912014007568 
6.087182521820068 
5.11757755279541 
7.561875820159912 
8.000727653503418 
6.179781436920166 
7.2567243576049805 
5.393977642059326 
8.244511604309082 
6.047812461853027 
5.63939094543457 
7.3007283210754395 
8.49724006652832 
5.488151550292969 
5.688564300537109 
5.651289463043213 
5.572820663452148 
5.808065414428711 
6.017810821533203 
6.434159755706787 
6.533638954162598 
8.925067901611328 
8.331133842468262 
7.020550727844238 
8.050469398498535 
8.039758682250977 
5.604735851287842 
6.699173927307129 
6.298173427581787 
6.940915584564209 
6.908703804016113 
5.4454264640808105 
5.791491985321045 
6.570524215698242 
6.594101905822754 
6.302514553070068 
7.408580780029297 
7.156135559082031 
7.941483020782471 
5.9044084548950195 
4.955312252044678 
6.0586442947387695 
5.878140449523926 
5.691099166870117 
6.301413536071777 
5.246833324432373 
6.504751205444336 
7.891174793243408 
8.162102699279785 
7.0142974853515625 
5.667140960693359 
6.388962268829346 
4.761565208435059 
5.232029914855957 
6.860637187957764 
8.591545104980469 
7.529077053070068 
4.690240859985352 
7.270840644836426 
7.904351711273193 
7.287633419036865 
7.008168697357178 
7.438204288482666 
6.494456768035889 
5.370577812194824 
5.978121280670166 
8.49411392211914 
6.954552173614502 
7.529148578643799 
5.7219014167785645 
5.59175443649292 
5.824733734130859 
6.4267683029174805 
8.070329666137695 
7.994358062744141 
6.762938022613525 
6.101928234100342 
7.444851398468018 
5.8405537605285645 
6.124963760375977 
6.713219165802002 
7.430607318878174 
6.425815105438232 
7.069323539733887 
6.442093849182129 
7.2138285636901855 
6.036096096038818 
6.983222484588623 
5.992591381072998 
5.4475789070129395 
6.229349136352539 
7.430318832397461 
7.668410778045654 
6.8562235832214355 
5.569385051727295 
5.7893757820129395 
6.992213726043701 
5.498630046844482 
5.578333377838135 
6.778692722320557 
6.280083179473877 
8.46287727355957 
7.200862407684326 
6.668010711669922 
7.516434669494629 
5.84689998626709 
5.561136722564697 
7.183661937713623 
6.257091999053955 
5.691578388214111 
5.81799840927124 
6.402699947357178 
5.810657978057861 
7.451328277587891 
6.423425197601318 
6.844234943389893 
6.438636302947998 
5.406311511993408 
5.908936500549316 
6.060583114624023 
6.339935302734375 
5.437033176422119 
5.385538578033447 
6.403294563293457 
7.75446891784668 
5.982302665710449 
6.32003927230835 
8.958593368530273 
7.17937707901001 
5.385719299316406 
5.848779201507568 
6.731148719787598 
6.489865303039551 
5.665663242340088 
6.93096399307251 
5.860154628753662 
6.292477607727051 
6.810492992401123 
9.067959785461426 
6.432429790496826 
7.65641975402832 
8.084858894348145 
7.574326038360596 
6.424808025360107 
4.710085391998291 
5.820115566253662 
5.641469478607178 
8.613801956176758 
4.9832305908203125 
8.191132545471191 
5.976484775543213 
6.350445747375488 
6.394522666931152 
7.191718101501465 
6.4073309898376465 
10.591408729553223 
6.12945556640625 
6.561564922332764 
6.439869403839111 
6.024510383605957 
5.778268337249756 
4.444978713989258 
7.979479789733887 
5.22011661529541 
7.494192600250244 
6.063619136810303 
5.352954864501953 
5.676502227783203 
6.685826778411865 
9.41734504699707 
6.490975379943848 
8.999676704406738 
6.065676212310791 
6.456451416015625 
6.895066738128662 
9.152990341186523 
5.868696212768555 
6.666456699371338 
5.4861321449279785 
6.036452770233154 
7.44943380355835 
5.108370780944824 
8.750431060791016 
6.523837566375732 
9.253802299499512 
5.720904350280762 
7.345223426818848 
5.731285095214844 
7.0318603515625 
8.471879005432129 
6.201136589050293 
6.911586761474609 
8.132494926452637 
6.945708274841309 
6.462703704833984 
6.582075119018555 
6.547177314758301 
5.562344551086426 
6.051623821258545 
7.177964687347412 
7.41901969909668 
8.787435531616211 
5.868869304656982 
7.210068225860596 
6.651560306549072 
8.065010070800781 
6.008333206176758 
6.774905681610107 
6.59242057800293 
6.235882759094238 
5.420489311218262 
6.893771171569824 
5.37196683883667 
6.4026780128479 
6.111128330230713 
5.899542331695557 
6.602960586547852 
8.513361930847168 
5.980329513549805 
6.23145055770874 
4.965494155883789 
6.176146507263184 
5.302071571350098 
6.312527656555176 
6.289515495300293 
8.700945854187012 
5.489867210388184 
6.891362190246582 
6.27672004699707 
7.03040885925293 
6.203410625457764 
6.038664817810059 
5.956405162811279 
7.352902889251709 
6.736987113952637 
7.900708198547363 
8.085570335388184 
5.561081886291504 
7.258792877197266 
6.385101795196533 
5.010592937469482 
5.351184368133545 
9.256742477416992 
7.633735656738281 
5.928484916687012 
7.5239033699035645 
7.37691593170166 
8.044506072998047 
6.188543319702148 
6.624835968017578 
5.083789348602295 
8.602910995483398 
6.290760517120361 
5.8268327713012695 
6.331624507904053 
5.462320327758789 
7.37166690826416 
6.312582015991211 
7.130402088165283 
6.412319183349609 
7.720781326293945 
7.020577907562256 
5.861839294433594 
6.082645893096924 
6.05133581161499 
4.7119317054748535 
6.093801975250244 
5.46481990814209 
7.868383884429932 
9.078524589538574 
5.204056739807129 
6.031397819519043 
5.950183391571045 
6.70029354095459 
6.326943874359131 
5.290544033050537 
5.8782172203063965 
6.7572760581970215 
7.050399303436279 
6.874541282653809 
8.212088584899902 
5.53181266784668 
5.971593856811523 
5.164839267730713 
5.240575790405273 
6.432144641876221 
7.802608966827393 
5.828968048095703 
7.312191486358643 
6.315485954284668 
8.198121070861816 
7.230967044830322 
5.594067573547363 
4.760786056518555 
7.923157691955566 
5.009578227996826 
6.227688789367676 
7.4702677726745605 
7.665276050567627 
5.237382888793945 
6.1886515617370605 
8.18871784210205 
5.754586696624756 
8.45136547088623 
7.421992301940918 
5.840705394744873 
5.06156587600708 
6.545440673828125 
4.713799476623535 
6.995102405548096 
5.295295238494873 
4.730175971984863 
7.263906955718994 
4.768718719482422 
7.718508243560791 
5.81334114074707 
7.81020450592041 
5.716312408447266 
5.372727394104004 
4.875831604003906 
6.323225021362305 
5.648291110992432 
6.9275712966918945 
5.619553565979004 
6.719559669494629 
5.99068546295166 
7.009449005126953 
5.811611175537109 
5.760258674621582 
8.683780670166016 
6.138818740844727 
6.557428359985352 
6.574996471405029 
6.823439121246338 
6.291401386260986 
6.02605676651001 
6.485707759857178 
8.065171241760254 
5.267806529998779 
6.783384323120117 
7.043333530426025 
6.365792751312256 
6.075459003448486 
6.207036972045898 
5.9466094970703125 
6.738403797149658 
7.556607246398926 
5.848698616027832 
6.312858581542969 
5.786180019378662 
7.085591793060303 
6.987075328826904 
6.024379253387451 
7.705818176269531 
7.161073207855225 
6.239167213439941 
5.0097808837890625 
6.237703800201416 
7.306220054626465 
5.094070911407471 
5.8051958084106445 
6.752883434295654 
8.193690299987793 
5.945950031280518 
8.723770141601562 
6.330790996551514 
7.516141414642334 
5.225446701049805 
6.880634784698486 
6.3415937423706055 
5.704512596130371 
5.7711310386657715 
7.143038749694824 
7.214244365692139 
6.053730487823486 
8.603723526000977 
6.528294563293457 
5.217023849487305 
6.040704250335693 
9.35394287109375 
7.275825023651123 
5.017566680908203 
9.995861053466797 
7.533445358276367 
5.696957111358643 
6.259685516357422 
7.583217620849609 
7.685356140136719 
5.6189141273498535 
6.3493781089782715 
6.464377403259277 
5.2345075607299805 
6.182170391082764 
6.006972312927246 
5.731068134307861 
4.210069179534912 
8.301399230957031 
6.263915061950684 
4.833600997924805 
5.8017578125 
6.82192325592041 
5.241488933563232 
6.043377876281738 
5.479722023010254 
5.8378987312316895 
6.742033004760742 
6.227325439453125 
6.054806709289551 
6.543361186981201 
6.958134651184082 
6.234406471252441 
7.536020278930664 
5.831332206726074 
6.475925922393799 
5.35435676574707 
6.342234134674072 
7.229128837585449 
4.725681304931641 
5.799317836761475 
5.771903991699219 
5.527060508728027 
5.379093647003174 
8.367504119873047 
6.451659679412842 
6.143382549285889 
5.767067909240723 
6.731720924377441 
5.50550651550293 
10.015713691711426 
4.908193111419678 
4.8699212074279785 
6.373088359832764 
6.369157314300537 
7.055008411407471 
8.11374568939209 
5.481879711151123 
4.878074645996094 
6.407852649688721 
5.780678749084473 
7.02396297454834 
5.303164482116699 
6.270609378814697 
5.153871536254883 
6.1859636306762695 
6.122542381286621 
7.031731128692627 
6.889210224151611 
7.698791980743408 
7.119304180145264 
4.983766078948975 
5.321010112762451 
5.553234577178955 
6.032223701477051 
8.965429306030273 
6.532353401184082 
8.747429847717285 
5.49842643737793 
4.62034797668457 
7.902708053588867 
7.597418308258057 
5.998980522155762 
7.490700721740723 
5.80918025970459 
5.875216960906982 
8.119848251342773 
7.104942798614502 
5.2423624992370605 
6.745517253875732 
5.653449058532715 
8.23449993133545 
5.744105339050293 
5.785823345184326 
7.763214111328125 
5.058913707733154 
6.243459224700928 
8.533096313476562 
6.574641227722168 
8.255023002624512 
10.518662452697754 
5.679872989654541 
6.191466331481934 
5.664956092834473 
7.889145851135254 
6.627004623413086 
8.569310188293457 
5.539721965789795 
8.354593276977539 
4.588298320770264 
5.132935047149658 
6.658473968505859 
7.769686698913574 
7.540231704711914 
5.989321231842041 
8.19075870513916 
5.353297233581543 
6.856823921203613 
6.218618869781494 
6.158642768859863 
7.951550006866455 
6.223794937133789 
7.6371235847473145 
6.712597846984863 
6.2057294845581055 
5.332570552825928 
10.244465827941895 
6.836231231689453 
6.463431358337402 
6.198613166809082 
9.060057640075684 
6.959369659423828 
5.812540054321289 
8.958532333374023 
5.152386665344238 
7.823814868927002 
7.895912170410156 
8.34898567199707 
6.9013848304748535 
5.495018005371094 
5.721174716949463 
6.24379825592041 
6.354513645172119 
7.515386581420898 
9.582107543945312 
5.2699785232543945 
6.976191520690918 
6.076996803283691 
5.701251983642578 
6.353150844573975 
5.770016670227051 
5.3520708084106445 
6.645516872406006 
7.349808216094971 
10.465095520019531 
6.2133259773254395 
7.752542972564697 
6.073753356933594 
5.711369037628174 
4.815601348876953 
7.482625484466553 
7.91256856918335 
6.129670143127441 
7.284703731536865 
6.978038787841797 
6.473572731018066 
7.286313056945801 
6.00169038772583 
6.2113261222839355 
5.83409309387207 
8.032289505004883 
7.380429267883301 
7.11503267288208 
7.730915546417236 
6.372035026550293 
6.784760475158691 
7.240338325500488 
6.823700428009033 
6.559770107269287 
5.395360946655273 
4.950580596923828 
5.49778938293457 
5.711313247680664 
6.5144219398498535 
5.990495204925537 
5.770256519317627 
5.386861801147461 
5.215346336364746 
8.192184448242188 
6.015308856964111 
5.838362216949463 
7.207904815673828 
6.065452575683594 
7.8276848793029785 
6.266434669494629 
4.989917755126953 
6.735778331756592 
7.1419172286987305 
6.638963222503662 
7.317200183868408 
9.419636726379395 
7.149679183959961 
6.344579219818115 
7.606273174285889 
6.901041030883789 
6.32297420501709 
7.312906265258789 
7.569258213043213 
6.144388675689697 
6.977013111114502 
6.690140724182129 
6.390740871429443 
5.79052734375 
7.774247646331787 
7.779943466186523 
5.373133659362793 
4.984634876251221 
5.131608486175537 
5.327148914337158 
5.439680576324463 
5.899752140045166 
5.128866195678711 
4.939351558685303 
4.193953037261963 
5.476495265960693 
6.871577262878418 
7.764284610748291 
5.363874912261963 
6.4441680908203125 
6.6667070388793945 
5.221165180206299 
6.537382125854492 
7.6482133865356445 
5.626843452453613 
6.903013229370117 
8.255661964416504 
5.770387649536133 
6.113554954528809 
5.9311842918396 
7.924417018890381 
5.806057929992676 
7.407806396484375 
6.639488697052002 
6.049932956695557 
6.9995036125183105 
7.445536136627197 
6.853296756744385 
8.312349319458008 
7.106204509735107 
6.435965538024902 
6.700982570648193 
7.856875419616699 
8.504935264587402 
6.39885139465332 
7.8255815505981445 
6.222622871398926 
6.359282493591309 
5.318657875061035 
7.742880344390869 
5.825266361236572 
6.501151084899902 
5.828001499176025 
7.395758152008057 
6.045248508453369 
6.231566429138184 
6.778285503387451 
6.759666442871094 
7.34868049621582 
9.302691459655762 
5.673898220062256 
6.601284027099609 
6.235080242156982 
6.901999473571777 
4.833846569061279 
6.557125568389893 
7.038790225982666 
7.070413589477539 
6.465256214141846 
7.911838054656982 
7.533663272857666 
6.129505634307861 
6.148855686187744 
5.867264747619629 
6.46700382232666 
6.301577091217041 
6.586331367492676 
5.495623588562012 
6.576864719390869 
7.421323299407959 
7.031837463378906 
4.734035491943359 
6.411186695098877 
5.333382606506348 
6.6450581550598145 
5.735297203063965 
6.514472007751465 
6.633989334106445 
7.9316253662109375 
4.98553991317749 
7.054388999938965 
5.632554531097412 
6.708281993865967 
6.932292461395264 
6.792208671569824 
5.5296502113342285 
5.724987983703613 
6.538971900939941 
6.548891544342041 
7.367608070373535 
7.4372711181640625 
5.414551734924316 
6.78996467590332 
6.575372219085693 
5.267390251159668 
6.9652581214904785 
4.485763072967529 
5.7215094566345215 
5.9010796546936035 
9.028670310974121 
8.577047348022461 
6.382210731506348 
6.30699348449707 
5.795517921447754 
7.116316318511963 
7.112125873565674 
6.586000442504883 
5.162132263183594 
7.0576348304748535 
5.752126216888428 
6.263833045959473 
6.066468238830566 
5.86659574508667 
6.200489044189453 
7.772110462188721 
4.657271385192871 
6.191865921020508 
6.839590072631836 
7.4128007888793945 
5.296807765960693 
9.07245922088623 
6.354531764984131 
7.796545505523682 
7.956209659576416 
10.832104682922363 
8.295615196228027 
7.203084468841553 
5.806789875030518 
8.413384437561035 
6.368711948394775 
6.193682670593262 
5.4183573722839355 
7.6569061279296875 
5.534362316131592 
6.9638214111328125 
7.82400369644165 
8.184357643127441 
8.186863899230957 
7.166158199310303 
7.118494987487793 
4.902194023132324 
7.591712474822998 
5.585555076599121 
5.601219177246094 
7.637553691864014 
6.132495403289795 
5.909539699554443 
7.328952789306641 
5.494973182678223 
5.505307197570801 
7.420019626617432 
5.931857585906982 
7.478425025939941 
7.396286487579346 
6.261857032775879 
5.8505048751831055 
7.209386348724365 
5.795376777648926 
