5.4340338706970215 
6.2038068771362305 
5.18604850769043 
7.601625442504883 
6.265416622161865 
8.09373950958252 
6.079703330993652 
7.90750789642334 
8.085158348083496 
7.310823440551758 
5.689925670623779 
8.292397499084473 
6.487216472625732 
6.095056533813477 
8.637198448181152 
8.205761909484863 
7.404094696044922 
6.92201566696167 
5.7409772872924805 
7.244234085083008 
5.910158157348633 
8.799592018127441 
7.403038024902344 
7.104374885559082 
9.716584205627441 
6.89798641204834 
6.8470635414123535 
5.769964218139648 
6.879399299621582 
5.15963077545166 
8.160882949829102 
5.715337753295898 
6.416502952575684 
5.610417366027832 
6.820065975189209 
8.107742309570312 
5.790287017822266 
5.557487487792969 
7.971686363220215 
7.446967601776123 
6.276968479156494 
6.910086631774902 
5.093339443206787 
6.670681476593018 
4.786080360412598 
4.728904724121094 
5.896059036254883 
6.271494388580322 
8.716355323791504 
7.077088356018066 
6.420219421386719 
6.076441764831543 
10.079071044921875 
8.596734046936035 
5.686474800109863 
6.454991817474365 
6.588251113891602 
5.29023551940918 
7.907214164733887 
7.911099433898926 
5.833819389343262 
7.309518337249756 
6.156987190246582 
4.892240047454834 
7.534174919128418 
4.638482570648193 
6.909138202667236 
6.360085487365723 
7.660077095031738 
5.7244086265563965 
7.168565273284912 
7.192200660705566 
6.045090198516846 
6.043699264526367 
8.151000022888184 
6.399383544921875 
6.095097064971924 
7.307882308959961 
6.2397050857543945 
4.414979934692383 
7.973822593688965 
6.475783348083496 
5.19508171081543 
6.229402542114258 
7.246669769287109 
7.665143966674805 
6.932184219360352 
6.632128715515137 
4.9267706871032715 
6.914494514465332 
5.957754135131836 
8.28450870513916 
6.908066272735596 
5.381056785583496 
6.8675031661987305 
8.521754264831543 
5.798563480377197 
6.0406060218811035 
5.439098358154297 
6.577456474304199 
6.673683166503906 
7.014113426208496 
5.607929706573486 
8.58397388458252 
6.5916547775268555 
9.167672157287598 
5.872834205627441 
5.632207870483398 
6.71348762512207 
6.183664321899414 
7.870415210723877 
7.740475654602051 
8.520190238952637 
7.569921016693115 
6.577428817749023 
6.898008346557617 
5.593268871307373 
5.580224514007568 
5.1782732009887695 
6.019467353820801 
5.127179145812988 
5.381937503814697 
4.913603782653809 
6.4934821128845215 
7.768688678741455 
6.447760581970215 
6.339664936065674 
8.524575233459473 
6.000600814819336 
6.908730506896973 
6.686511993408203 
5.324857711791992 
6.608382225036621 
7.574341773986816 
4.750247001647949 
6.178622722625732 
4.905759334564209 
4.580040454864502 
8.071468353271484 
7.597965717315674 
7.627204895019531 
5.393466949462891 
5.44636869430542 
5.351655006408691 
5.4655351638793945 
7.552606105804443 
6.970478057861328 
7.129326820373535 
5.474212646484375 
6.06325626373291 
7.064228057861328 
5.413007736206055 
9.866315841674805 
5.65112829208374 
5.356572151184082 
7.203557968139648 
5.839569091796875 
7.796202659606934 
8.273909568786621 
7.975249767303467 
6.378988742828369 
6.824847221374512 
5.994356155395508 
5.813640594482422 
5.77381706237793 
8.441840171813965 
5.829307556152344 
8.658141136169434 
7.375273704528809 
7.257106781005859 
6.633018970489502 
7.446502208709717 
8.093592643737793 
7.145251750946045 
7.819509983062744 
6.732516288757324 
6.675478935241699 
6.903878211975098 
5.715688705444336 
6.5730791091918945 
5.361964702606201 
5.83536434173584 
6.37860107421875 
6.144876480102539 
5.190305709838867 
5.2224249839782715 
6.722580909729004 
6.113184452056885 
7.37101936340332 
5.903522491455078 
6.224799156188965 
6.0538458824157715 
5.9270758628845215 
5.373828411102295 
7.773144721984863 
6.158784866333008 
6.425487995147705 
5.8100738525390625 
7.937242031097412 
5.571381568908691 
5.997551441192627 
5.886833190917969 
6.690247535705566 
5.6200127601623535 
4.888791084289551 
7.572298049926758 
6.578774452209473 
6.00589656829834 
6.802390098571777 
6.349647521972656 
6.193102836608887 
6.370681285858154 
7.880100727081299 
5.193522930145264 
6.393580436706543 
8.335892677307129 
7.253942012786865 
4.900533676147461 
6.1886444091796875 
7.555110931396484 
7.370240211486816 
6.680872917175293 
8.811570167541504 
7.414517402648926 
5.384817123413086 
6.414026737213135 
6.885980606079102 
5.169379234313965 
5.880868911743164 
6.642215728759766 
5.5001726150512695 
5.942538261413574 
8.474669456481934 
7.44325065612793 
6.454563617706299 
6.018045425415039 
8.126813888549805 
8.053584098815918 
5.50579833984375 
6.604244232177734 
6.386099815368652 
6.641946792602539 
6.6348443031311035 
7.2064361572265625 
5.876229286193848 
6.560873985290527 
5.75502347946167 
5.395791053771973 
6.241969108581543 
8.675787925720215 
5.834517002105713 
4.996340751647949 
6.165240287780762 
5.983956336975098 
9.86307430267334 
6.2028303146362305 
5.902392864227295 
5.566088676452637 
6.134407997131348 
7.484105110168457 
7.905518054962158 
5.934540748596191 
5.9108123779296875 
7.482702255249023 
7.392274379730225 
7.795379161834717 
7.8362274169921875 
5.825259208679199 
4.923279762268066 
6.8028035163879395 
7.364109992980957 
6.540607452392578 
6.13118314743042 
7.907386302947998 
4.867412567138672 
5.932842254638672 
4.725447654724121 
5.989969730377197 
5.678249835968018 
7.073238849639893 
6.477178573608398 
6.2155046463012695 
6.27301025390625 
6.747829914093018 
6.191141128540039 
4.928699493408203 
6.113127708435059 
6.961352348327637 
7.162326812744141 
5.448709964752197 
7.5048112869262695 
6.879637718200684 
6.302445411682129 
6.316479206085205 
6.602146625518799 
5.876420974731445 
6.78770637512207 
5.362726211547852 
5.8845438957214355 
7.695500373840332 
8.664229393005371 
5.863944053649902 
6.078794479370117 
5.294703483581543 
7.824416160583496 
5.419403076171875 
6.063724517822266 
7.317188262939453 
7.03222131729126 
6.517355918884277 
6.2375993728637695 
5.447360515594482 
5.7193121910095215 
6.672752380371094 
8.178654670715332 
6.097686767578125 
8.15516185760498 
8.365429878234863 
6.206606864929199 
7.805903434753418 
6.432723045349121 
6.574152946472168 
5.397721767425537 
5.777593612670898 
5.862372398376465 
5.610245704650879 
6.162696838378906 
6.6425628662109375 
4.957953929901123 
5.619790077209473 
7.2566375732421875 
6.2532758712768555 
6.00607967376709 
5.338351249694824 
5.250328063964844 
9.04493236541748 
6.0031938552856445 
7.236212730407715 
6.24521541595459 
5.943828582763672 
7.00642204284668 
7.711847305297852 
6.460223197937012 
6.545943737030029 
9.894246101379395 
5.910553932189941 
5.814507484436035 
6.19865608215332 
5.79806661605835 
7.312831878662109 
5.889701843261719 
8.3443603515625 
5.097962379455566 
5.1780595779418945 
5.908298492431641 
9.056557655334473 
6.418175220489502 
5.678250789642334 
5.569789886474609 
5.816693305969238 
6.551600456237793 
7.318375587463379 
8.310948371887207 
5.860108375549316 
6.450345039367676 
6.935213565826416 
5.956125736236572 
6.1976518630981445 
8.05494499206543 
5.446565628051758 
7.165571212768555 
6.263613700866699 
5.4806389808654785 
7.543932914733887 
4.814157485961914 
6.419809341430664 
6.2715606689453125 
6.659594535827637 
4.624330997467041 
7.373285293579102 
7.942121505737305 
6.108098983764648 
4.684266090393066 
5.261046409606934 
7.28560733795166 
5.917413711547852 
5.517892837524414 
6.3763532638549805 
6.799023628234863 
6.196840763092041 
5.478006362915039 
5.739506721496582 
6.024104118347168 
7.790259838104248 
5.509006977081299 
8.053055763244629 
6.855135917663574 
7.367292404174805 
7.25560998916626 
6.816043853759766 
7.896169662475586 
7.627054691314697 
5.766600608825684 
6.94572639465332 
7.97389554977417 
5.728560447692871 
6.892422676086426 
5.6725897789001465 
9.502320289611816 
6.576294898986816 
10.541597366333008 
6.92943000793457 
8.68131160736084 
9.03044319152832 
7.378500461578369 
7.2695722579956055 
7.327485084533691 
7.587815284729004 
5.499355316162109 
6.864456653594971 
5.991491317749023 
6.136379241943359 
5.6507391929626465 
8.74722957611084 
7.138577461242676 
6.023627281188965 
8.091084480285645 
7.848289489746094 
7.074953079223633 
6.560235500335693 
7.022347450256348 
8.843486785888672 
5.735600471496582 
5.445337295532227 
8.652125358581543 
7.1909074783325195 
6.664698600769043 
6.040148735046387 
5.489078521728516 
5.453393936157227 
6.237100601196289 
7.027612686157227 
6.5877461433410645 
7.5486955642700195 
5.416691780090332 
6.694247245788574 
6.4602370262146 
8.395894050598145 
6.839536666870117 
5.153216361999512 
8.01645278930664 
6.0471391677856445 
6.134213924407959 
7.038596153259277 
5.632213115692139 
9.681950569152832 
5.945417404174805 
8.42273998260498 
6.026699066162109 
6.573660850524902 
5.439923286437988 
6.873271942138672 
5.275590896606445 
5.455765724182129 
5.419765472412109 
5.773386478424072 
5.714536190032959 
6.474575042724609 
6.955840587615967 
8.01097583770752 
6.718196392059326 
7.007022857666016 
6.917712211608887 
6.101893424987793 
7.579143047332764 
7.981413841247559 
6.845458030700684 
5.13497257232666 
7.100099563598633 
5.591183662414551 
5.512916564941406 
5.838244915008545 
5.792540550231934 
5.532068252563477 
9.903307914733887 
5.7822771072387695 
6.381053924560547 
6.145102024078369 
7.2891621589660645 
6.2185869216918945 
9.009021759033203 
5.551645755767822 
6.602484226226807 
6.701022148132324 
5.050171375274658 
7.9614362716674805 
6.189248085021973 
9.9868745803833 
7.907854080200195 
8.47348690032959 
5.223054885864258 
6.986746788024902 
6.891331672668457 
7.2353057861328125 
5.559488296508789 
5.803711891174316 
6.197622776031494 
6.220252990722656 
6.346722602844238 
4.801610946655273 
6.594350814819336 
7.868450164794922 
7.3408355712890625 
9.114195823669434 
5.89259147644043 
5.776082992553711 
5.891895294189453 
7.958268165588379 
7.849555015563965 
5.225367546081543 
6.6718549728393555 
5.733074188232422 
5.792178630828857 
8.082256317138672 
6.32529354095459 
5.869936466217041 
6.104593276977539 
5.6025590896606445 
5.621943473815918 
8.860907554626465 
6.119616508483887 
5.5052571296691895 
5.394351959228516 
5.877237319946289 
6.572978973388672 
8.011266708374023 
6.423739433288574 
6.8765411376953125 
5.529120922088623 
5.3028059005737305 
6.53986120223999 
5.981415748596191 
6.113908767700195 
8.386225700378418 
5.899513244628906 
5.574324607849121 
5.786966323852539 
6.093570709228516 
5.778061866760254 
6.661128044128418 
6.6138105392456055 
6.718942642211914 
5.462706565856934 
5.947298049926758 
5.398098945617676 
6.860011577606201 
7.307967185974121 
8.066645622253418 
5.602503776550293 
7.190628528594971 
6.005110740661621 
6.520177841186523 
7.346842288970947 
6.574118614196777 
7.121561050415039 
5.648288726806641 
6.643662452697754 
6.412479877471924 
5.423726558685303 
5.892436504364014 
6.181583404541016 
4.709712028503418 
7.9635844230651855 
6.496262550354004 
5.711444854736328 
7.005703449249268 
7.381654739379883 
7.196183204650879 
6.2997026443481445 
6.277863502502441 
6.052270889282227 
6.093677520751953 
5.5580854415893555 
4.807279109954834 
5.515221118927002 
7.594390392303467 
5.267234802246094 
8.3815336227417 
7.652475357055664 
8.313278198242188 
6.262522220611572 
6.6237473487854 
10.001357078552246 
6.69057035446167 
5.457003116607666 
4.902691841125488 
5.4650774002075195 
6.294538974761963 
6.595607280731201 
7.240148544311523 
5.952166557312012 
6.458333969116211 
7.318785667419434 
6.45850944519043 
6.212553024291992 
6.483656883239746 
9.808014869689941 
8.357024192810059 
8.768596649169922 
7.596134185791016 
6.688992500305176 
6.335653781890869 
6.618926048278809 
5.1378278732299805 
5.985727787017822 
6.309821128845215 
7.559704780578613 
5.400162696838379 
7.844269275665283 
6.220187187194824 
5.936864852905273 
6.162957191467285 
4.776981353759766 
4.941309452056885 
5.183887958526611 
5.744753360748291 
5.827080726623535 
6.044213771820068 
7.075798034667969 
8.918547630310059 
7.488644599914551 
6.747530460357666 
8.393359184265137 
7.944726943969727 
5.501152992248535 
6.768453121185303 
9.897279739379883 
5.115662574768066 
5.888485908508301 
6.091585159301758 
5.621789932250977 
4.928865909576416 
6.501718521118164 
7.801543235778809 
5.582030773162842 
6.693732261657715 
5.900771141052246 
9.932406425476074 
7.184661865234375 
4.749866485595703 
6.004133224487305 
5.616903305053711 
5.558371543884277 
6.031341552734375 
6.103880882263184 
5.339946746826172 
7.903540134429932 
6.252599716186523 
6.894270896911621 
6.976224422454834 
6.761557102203369 
7.395561218261719 
5.350295066833496 
7.252557754516602 
6.135537624359131 
5.10540246963501 
6.273502826690674 
7.988936424255371 
7.512518882751465 
7.479548454284668 
5.155916213989258 
7.800901889801025 
5.714541912078857 
6.667243480682373 
5.868663311004639 
5.188281059265137 
5.4140167236328125 
4.987909317016602 
6.759732246398926 
9.194026947021484 
6.153771877288818 
7.748741149902344 
5.593153476715088 
5.798074245452881 
6.736848831176758 
10.120794296264648 
8.485047340393066 
4.610286712646484 
6.096041202545166 
4.86713981628418 
5.571244239807129 
8.218955039978027 
6.513606071472168 
5.308099269866943 
9.211064338684082 
6.539299964904785 
6.294963836669922 
5.987490653991699 
5.793861389160156 
6.850482940673828 
6.81640100479126 
7.833051681518555 
6.469462871551514 
9.192588806152344 
5.552104949951172 
6.139649391174316 
6.403811454772949 
6.6572160720825195 
6.492438316345215 
4.684467315673828 
7.4901838302612305 
6.411071300506592 
6.371906280517578 
7.624074935913086 
8.24999713897705 
7.062372207641602 
7.03759765625 
5.063925743103027 
5.687314033508301 
6.731919765472412 
6.34691047668457 
7.214334487915039 
6.8328399658203125 
6.2441864013671875 
5.4099249839782715 
6.026078224182129 
5.443778991699219 
4.864629745483398 
6.125134468078613 
6.850823402404785 
5.024535179138184 
7.794624328613281 
5.916478633880615 
5.073036193847656 
4.016748905181885 
9.178807258605957 
7.327466011047363 
8.306492805480957 
5.455089569091797 
4.915020942687988 
6.079523086547852 
5.561081886291504 
5.479787826538086 
7.774418354034424 
6.687828063964844 
8.435839653015137 
7.720877170562744 
6.558403015136719 
6.310373306274414 
5.122066974639893 
5.0820159912109375 
5.957839012145996 
5.483707427978516 
9.714982986450195 
6.4141082763671875 
8.18602466583252 
5.905205726623535 
5.884079456329346 
5.518868446350098 
7.387120246887207 
8.498231887817383 
7.135464191436768 
6.961209774017334 
6.69926643371582 
7.381872653961182 
5.380748271942139 
5.6607513427734375 
6.331147193908691 
8.756349563598633 
5.605156898498535 
6.88132381439209 
7.26481819152832 
9.399944305419922 
6.292568206787109 
6.993829727172852 
5.899026870727539 
6.169377326965332 
6.456997871398926 
5.945137977600098 
7.364276885986328 
6.146615505218506 
6.257282257080078 
6.943027496337891 
6.798966407775879 
6.178147315979004 
5.957416534423828 
5.950250625610352 
7.488780975341797 
4.974729537963867 
5.778287887573242 
8.200763702392578 
7.291647434234619 
8.737536430358887 
5.9011359214782715 
4.714447975158691 
8.61272144317627 
6.024702548980713 
6.854069709777832 
6.2780022621154785 
6.679967880249023 
6.823261260986328 
9.410490036010742 
6.146456718444824 
5.926689147949219 
5.905040740966797 
7.868083477020264 
5.891257286071777 
6.669898986816406 
7.231125354766846 
7.033007621765137 
7.835024833679199 
6.439639568328857 
8.262112617492676 
6.343076705932617 
6.31832218170166 
5.818133354187012 
7.267733573913574 
5.990111351013184 
5.271594524383545 
6.605123519897461 
5.460432052612305 
5.809162139892578 
6.0532989501953125 
7.096990585327148 
6.171570777893066 
6.898553848266602 
6.958244323730469 
6.5323028564453125 
7.170083999633789 
5.9922003746032715 
6.503562927246094 
6.578898906707764 
5.577449798583984 
5.4877777099609375 
7.501919746398926 
7.631509780883789 
6.805269241333008 
6.569239616394043 
5.344264030456543 
5.689655780792236 
7.24038028717041 
8.467567443847656 
7.112809181213379 
6.8855485916137695 
6.948729038238525 
5.551333427429199 
6.28309440612793 
6.182710647583008 
6.360103607177734 
6.361827850341797 
6.912014961242676 
5.9686784744262695 
6.034215927124023 
6.74525260925293 
5.75092887878418 
6.000492095947266 
7.8918914794921875 
5.365713119506836 
5.157771110534668 
5.947208404541016 
6.189786911010742 
5.4788126945495605 
6.157802104949951 
6.526729106903076 
5.3714776039123535 
8.215238571166992 
5.4263105392456055 
4.942664623260498 
5.838083744049072 
5.401547431945801 
7.805046081542969 
6.20042085647583 
8.160357475280762 
8.257048606872559 
7.926103591918945 
5.722670078277588 
4.681621551513672 
8.012967109680176 
5.330943584442139 
6.343142032623291 
6.200098991394043 
5.728157997131348 
6.462213039398193 
6.954127788543701 
6.592645168304443 
6.483950614929199 
6.581238269805908 
5.939918041229248 
6.1380510330200195 
5.933829307556152 
6.463003158569336 
5.3434224128723145 
6.826026439666748 
6.255534648895264 
6.026613235473633 
6.212887763977051 
5.839191913604736 
7.211760997772217 
8.501900672912598 
7.394868850708008 
6.74390983581543 
6.124910831451416 
5.175677299499512 
6.063591480255127 
6.125144958496094 
4.67075777053833 
8.637659072875977 
5.604663372039795 
5.862574577331543 
5.169142723083496 
5.9191999435424805 
5.983821868896484 
6.192312240600586 
5.891998291015625 
6.023756980895996 
6.616310119628906 
5.528705596923828 
6.421376705169678 
5.432227611541748 
5.6551995277404785 
9.674495697021484 
5.346034049987793 
6.033756256103516 
6.864205837249756 
8.693282127380371 
6.038171291351318 
6.254090309143066 
7.250916481018066 
6.533236503601074 
5.318443298339844 
6.159207344055176 
6.632715225219727 
7.261749267578125 
7.227970600128174 
6.465368270874023 
7.166219234466553 
5.350834846496582 
4.625690937042236 
6.158792018890381 
7.999516487121582 
5.555258750915527 
6.515992164611816 
6.381889343261719 
6.3332648277282715 
5.61103630065918 
9.867705345153809 
8.980690956115723 
5.29441499710083 
4.284459114074707 
5.941678524017334 
7.169095516204834 
8.156262397766113 
5.807460784912109 
6.581170082092285 
6.747546195983887 
8.857019424438477 
5.8565521240234375 
8.345320701599121 
5.490593910217285 
5.393171310424805 
7.647233009338379 
7.671731472015381 
5.287317752838135 
5.6752142906188965 
6.28839635848999 
6.240940093994141 
8.374131202697754 
7.843832492828369 
6.280172824859619 
5.113918304443359 
7.4493865966796875 
6.2840118408203125 
5.709141731262207 
7.7241740226745605 
6.463916778564453 
7.287942886352539 
8.21336841583252 
7.659531593322754 
6.371617317199707 
7.605230331420898 
7.44728946685791 
5.973324775695801 
7.979833602905273 
6.542366027832031 
6.200356960296631 
5.283397197723389 
6.4540815353393555 
6.125007629394531 
5.9385151863098145 
6.574413299560547 
7.543990135192871 
7.128642559051514 
7.265463352203369 
8.503965377807617 
6.009160041809082 
6.838837146759033 
7.020266532897949 
6.234865665435791 
5.63636589050293 
6.9063029289245605 
5.181139945983887 
6.082589149475098 
6.7565178871154785 
6.8653388023376465 
7.466494560241699 
7.738528251647949 
5.557573318481445 
6.293341636657715 
6.584506988525391 
6.979658603668213 
5.167438507080078 
6.786937236785889 
5.109902381896973 
6.372537136077881 
7.6796064376831055 
5.6830549240112305 
5.378826141357422 
6.112856864929199 
7.153380870819092 
7.487118721008301 
5.744121551513672 
6.317061424255371 
6.002669334411621 
6.674877166748047 
9.969674110412598 
4.919177055358887 
7.816637992858887 
6.170523643493652 
7.809449195861816 
6.13616943359375 
5.333155632019043 
5.729440689086914 
7.92020845413208 
5.900327682495117 
7.728823184967041 
5.865142822265625 
8.103384971618652 
6.976422309875488 
6.103734970092773 
7.793577194213867 
6.240339279174805 
9.171065330505371 
7.009658336639404 
7.226049423217773 
6.915231704711914 
7.041926860809326 
8.840176582336426 
6.111801624298096 
5.455300331115723 
6.815906047821045 
7.599553108215332 
6.6290178298950195 
5.552090167999268 
6.0274882316589355 
6.950919151306152 
7.60147762298584 
5.384881019592285 
4.963327407836914 
7.828729152679443 
6.939992904663086 
5.670502662658691 
7.232877731323242 
5.4075140953063965 
5.780927658081055 
6.819029331207275 
6.4538493156433105 
7.850849151611328 
6.46425199508667 
5.076625823974609 
6.6715312004089355 
7.304764270782471 
5.861748695373535 
7.394798755645752 
5.537311553955078 
8.009757041931152 
5.931848526000977 
6.127142429351807 
6.328085422515869 
6.684726238250732 
6.251299858093262 
6.945572376251221 
8.127144813537598 
5.028408527374268 
8.993535041809082 
5.310820579528809 
5.910671234130859 
6.444814682006836 
5.7729363441467285 
5.9957780838012695 
5.517119407653809 
6.908501625061035 
7.553771018981934 
6.10529899597168 
7.8348588943481445 
6.433225154876709 
7.211822986602783 
6.2856035232543945 
5.28677225112915 
5.6219587326049805 
8.64702033996582 
4.997336387634277 
6.394627571105957 
7.0800676345825195 
6.638175010681152 
9.923819541931152 
5.192387580871582 
6.2017998695373535 
8.118559837341309 
6.211846351623535 
5.264543056488037 
6.227956771850586 
7.480764389038086 
6.52838134765625 
6.172109127044678 
5.602684497833252 
5.13428258895874 
5.07192850112915 
6.3234405517578125 
5.7331743240356445 
4.784114837646484 
6.667962551116943 
6.173882961273193 
5.217639923095703 
8.40369701385498 
5.193695545196533 
7.861655235290527 
7.508899211883545 
7.257133483886719 
7.902167320251465 
6.743673324584961 
4.579514026641846 
7.82236909866333 
6.760524749755859 
6.256097793579102 
6.116758346557617 
6.770971298217773 
6.025603294372559 
6.402978897094727 
5.388335704803467 
8.919185638427734 
5.831393241882324 
7.190990447998047 
7.166621208190918 
6.461936950683594 
6.315349578857422 
6.271329402923584 
6.688128471374512 
6.192913055419922 
6.518815517425537 
8.034489631652832 
5.978033065795898 
7.118945598602295 
6.22246789932251 
6.441099166870117 
6.552172660827637 
6.7295942306518555 
5.086554527282715 
6.644474506378174 
7.04910945892334 
8.04469108581543 
5.700638771057129 
6.238117218017578 
8.152411460876465 
8.903568267822266 
5.083408355712891 
5.114232063293457 
7.5017499923706055 
5.435991287231445 
6.007347106933594 
5.391111850738525 
6.256191253662109 
7.396207332611084 
4.789477348327637 
5.606355667114258 
6.284636497497559 
5.930868148803711 
5.324708461761475 
6.064939975738525 
6.152881145477295 
5.529995918273926 
5.878683090209961 
6.100589752197266 
6.1021037101745605 
5.79904842376709 
5.323423385620117 
6.049154281616211 
5.99532413482666 
7.979792594909668 
5.315138816833496 
6.11967658996582 
4.658265590667725 
6.722414493560791 
5.460631847381592 
8.88587760925293 
6.0348310470581055 
7.6153411865234375 
7.16322660446167 
6.569255828857422 
4.753260612487793 
5.471426486968994 
6.448037147521973 
5.775653839111328 
5.3362531661987305 
5.933469295501709 
5.882976531982422 
5.857423782348633 
6.111967086791992 
6.216568470001221 
6.249852657318115 
8.818940162658691 
7.290544033050537 
6.832808494567871 
6.088809013366699 
7.144890785217285 
5.802379608154297 
5.572019577026367 
7.012835502624512 
6.671868324279785 
5.387631416320801 
6.219017505645752 
4.889781951904297 
5.760534286499023 
6.979846000671387 
7.304793357849121 
6.755239009857178 
7.440557479858398 
7.026555061340332 
5.403666019439697 
6.044234275817871 
8.780915260314941 
6.431494235992432 
6.0385284423828125 
6.05747652053833 
5.936633110046387 
5.193729400634766 
7.18424129486084 
6.342159748077393 
5.283973693847656 
5.758778095245361 
6.837884902954102 
8.56212329864502 
5.835569381713867 
5.710677146911621 
8.382309913635254 
7.7737884521484375 
6.623449325561523 
6.801700592041016 
5.602353096008301 
5.372857093811035 
5.483236789703369 
6.024571895599365 
5.691046714782715 
6.631789207458496 
6.230617523193359 
5.866084098815918 
6.904645919799805 
7.371428489685059 
7.775478363037109 
8.163060188293457 
6.183584213256836 
6.681900978088379 
7.569667816162109 
6.132859706878662 
5.546938896179199 
6.85627555847168 
5.1953558921813965 
6.050809383392334 
5.517173767089844 
8.029948234558105 
7.0314435958862305 
7.02504825592041 
5.4543280601501465 
5.960741996765137 
7.1140031814575195 
5.620238304138184 
5.468221187591553 
6.0279436111450195 
5.790456295013428 
6.545500755310059 
6.099959373474121 
5.393877983093262 
6.858948230743408 
5.632589817047119 
5.609272003173828 
6.123089790344238 
8.004188537597656 
6.093715667724609 
6.12225341796875 
6.34712028503418 
6.005329132080078 
5.907495021820068 
10.008910179138184 
6.195471286773682 
6.400331497192383 
7.128846168518066 
6.604970455169678 
6.407382011413574 
7.784659385681152 
6.4802961349487305 
8.404792785644531 
7.014364242553711 
8.607718467712402 
5.592133522033691 
6.4618048667907715 
5.995218753814697 
9.057195663452148 
5.921422004699707 
6.556603908538818 
6.813547134399414 
7.073103904724121 
7.572018623352051 
6.125400543212891 
7.92606782913208 
6.780642986297607 
7.383878231048584 
5.794976234436035 
7.379034042358398 
7.846983909606934 
9.829140663146973 
6.834782600402832 
5.570046901702881 
5.985873699188232 
5.429213523864746 
4.551016807556152 
6.235011100769043 
7.028863906860352 
6.9742751121521 
6.652554988861084 
9.592556953430176 
5.431007385253906 
8.842957496643066 
5.27396297454834 
4.847423076629639 
6.353508949279785 
7.484457492828369 
5.1631646156311035 
8.527562141418457 
8.481711387634277 
5.173914909362793 
6.162409782409668 
6.399372100830078 
7.773795127868652 
8.38149642944336 
7.6810784339904785 
10.409092903137207 
6.162074089050293 
5.438232421875 
6.1189775466918945 
5.906546592712402 
6.340432167053223 
5.337353706359863 
5.542232513427734 
4.921494483947754 
6.789384365081787 
6.749188423156738 
6.324073314666748 
7.329259395599365 
6.289209365844727 
6.571072578430176 
5.704769611358643 
8.009846687316895 
6.581478118896484 
7.344908714294434 
6.400213241577148 
6.25984001159668 
6.386983871459961 
6.078060150146484 
4.684637069702148 
6.203536033630371 
8.073225975036621 
7.929806709289551 
5.986374855041504 
6.4837141036987305 
7.007449150085449 
5.830644607543945 
6.400979995727539 
6.847035884857178 
5.5258469581604 
5.089718818664551 
6.072491645812988 
6.649017333984375 
5.4027838706970215 
6.000936508178711 
6.873857498168945 
4.938756465911865 
6.7691192626953125 
6.043298721313477 
5.679570198059082 
5.162502288818359 
7.443877220153809 
5.229673385620117 
8.443253517150879 
9.099350929260254 
5.180229187011719 
7.910038948059082 
6.236034870147705 
5.961256980895996 
5.324571132659912 
6.5661702156066895 
7.258230686187744 
6.595176696777344 
6.9074296951293945 
7.430105209350586 
7.570725917816162 
5.967501163482666 
6.931080341339111 
6.4889607429504395 
6.804237365722656 
5.133223533630371 
6.042261600494385 
7.8046112060546875 
5.438640594482422 
6.259417533874512 
6.061959266662598 
5.36658239364624 
6.950793743133545 
6.924406051635742 
7.887619495391846 
6.972865104675293 
8.386359214782715 
5.764479637145996 
5.465223789215088 
4.85986852645874 
6.92881441116333 
6.683347702026367 
6.946691513061523 
5.198736667633057 
5.203200340270996 
5.230252265930176 
6.726712226867676 
6.342442989349365 
8.78174114227295 
6.126553535461426 
9.01049518585205 
5.998763084411621 
5.725287914276123 
7.078489303588867 
5.741074562072754 
7.423672676086426 
5.50353479385376 
5.685013294219971 
8.6590576171875 
5.978944778442383 
5.818320274353027 
5.901086807250977 
7.467416763305664 
7.689472198486328 
5.198468208312988 
6.294099807739258 
7.009690761566162 
5.881793975830078 
6.145674705505371 
5.673800468444824 
5.72125244140625 
6.408697128295898 
6.221498489379883 
5.39427375793457 
6.282632827758789 
8.880928993225098 
5.795648574829102 
5.304013252258301 
5.7961835861206055 
7.445550918579102 
6.305960655212402 
8.389111518859863 
4.355177879333496 
5.7537384033203125 
7.475198268890381 
4.495021343231201 
6.620565891265869 
6.224539756774902 
5.773632049560547 
4.948857307434082 
5.530450344085693 
7.121119022369385 
6.813568115234375 
5.9952712059021 
7.171509742736816 
5.409466743469238 
7.344008922576904 
6.11161994934082 
8.864643096923828 
8.155531883239746 
7.497625350952148 
5.541664123535156 
6.103632926940918 
5.631255149841309 
6.2753753662109375 
7.505002021789551 
6.645459175109863 
6.317704677581787 
5.840008735656738 
8.836725234985352 
5.23430061340332 
4.820378303527832 
6.754891872406006 
5.266146183013916 
7.073975563049316 
5.7708234786987305 
5.442641258239746 
5.210813522338867 
8.324145317077637 
6.846828460693359 
5.904099464416504 
7.211577415466309 
5.932199001312256 
5.458698272705078 
7.406226634979248 
5.9641547203063965 
6.9218831062316895 
6.457892417907715 
8.28538990020752 
8.86734676361084 
9.47700023651123 
6.88392448425293 
6.3113603591918945 
6.030956745147705 
6.044693470001221 
6.482815265655518 
7.056948661804199 
6.333758354187012 
5.736767768859863 
6.456460475921631 
5.065518379211426 
4.936734199523926 
6.199557304382324 
7.693172931671143 
6.654445648193359 
6.205504417419434 
4.938826560974121 
8.260064125061035 
5.502432823181152 
6.536680698394775 
6.732875823974609 
6.876108169555664 
6.105752944946289 
9.51737117767334 
6.815954685211182 
7.603440284729004 
6.340653419494629 
4.997674942016602 
9.06905746459961 
6.347185134887695 
5.710238456726074 
7.281877517700195 
5.976659774780273 
6.553664684295654 
7.453577518463135 
5.195013523101807 
6.9860100746154785 
8.24105167388916 
7.550197601318359 
7.192953586578369 
6.586033821105957 
7.192800045013428 
5.380156517028809 
8.783753395080566 
5.534265041351318 
6.899641513824463 
8.278067588806152 
8.604220390319824 
5.998534679412842 
5.791528701782227 
8.145081520080566 
4.442661285400391 
4.648711204528809 
5.705893516540527 
5.000667572021484 
6.826343059539795 
9.696352005004883 
6.336688041687012 
4.848033428192139 
5.7230730056762695 
6.321874618530273 
4.802213668823242 
5.194110870361328 
6.849413871765137 
6.62401819229126 
7.847336769104004 
7.457131862640381 
4.957338333129883 
5.619640350341797 
4.912252426147461 
5.947170257568359 
5.200466632843018 
6.229997634887695 
5.609365940093994 
5.493958473205566 
6.152289390563965 
6.226011753082275 
5.3290019035339355 
8.72796630859375 
7.706599235534668 
5.373861312866211 
8.075106620788574 
8.169487953186035 
6.459715843200684 
6.255840301513672 
7.557817459106445 
6.168109893798828 
8.409871101379395 
6.300061225891113 
5.234391689300537 
5.153826713562012 
5.375813007354736 
7.11690092086792 
6.146096229553223 
6.660386085510254 
5.392364978790283 
6.212846755981445 
7.931857585906982 
5.789834976196289 
4.2892303466796875 
6.496331214904785 
7.280135154724121 
5.114492893218994 
6.646168231964111 
6.627773284912109 
4.404721260070801 
7.514269828796387 
8.170170783996582 
6.120761871337891 
4.987410545349121 
5.435083389282227 
7.501964092254639 
5.809493541717529 
5.603583335876465 
6.3897809982299805 
7.085707664489746 
6.379838943481445 
6.11720609664917 
6.049252510070801 
6.3264570236206055 
6.244625568389893 
5.7700886726379395 
8.253707885742188 
7.156652450561523 
6.704771995544434 
7.367714881896973 
7.08144474029541 
7.881165504455566 
6.507168769836426 
5.906031131744385 
7.622018814086914 
5.3902482986450195 
5.054686546325684 
6.669307708740234 
4.686823844909668 
5.4221272468566895 
5.359152793884277 
5.732761383056641 
6.693925857543945 
8.606273651123047 
5.247211933135986 
6.95808219909668 
7.131840705871582 
6.229531288146973 
6.805874347686768 
6.425131320953369 
7.135371208190918 
5.721859931945801 
7.496158599853516 
6.249554634094238 
4.40521764755249 
5.966406345367432 
7.8414201736450195 
6.027740001678467 
5.685160160064697 
4.729165077209473 
5.808651447296143 
6.949191570281982 
8.021367073059082 
7.862889766693115 
8.018815040588379 
6.376825332641602 
8.327066421508789 
6.288834571838379 
5.59122371673584 
5.739503860473633 
4.916408538818359 
6.782085418701172 
7.25415563583374 
6.462009906768799 
5.754810333251953 
7.443547248840332 
5.541687965393066 
8.253315925598145 
4.767542362213135 
5.149600982666016 
6.871382236480713 
7.551374435424805 
8.092816352844238 
6.080611228942871 
6.3235182762146 
6.184669494628906 
6.849797248840332 
6.534852981567383 
6.249626636505127 
7.227790832519531 
5.787759780883789 
6.482299327850342 
6.587361812591553 
5.712774276733398 
6.872187614440918 
5.4481916427612305 
8.363715171813965 
5.390649795532227 
5.53721284866333 
8.704197883605957 
7.119750022888184 
6.9148430824279785 
5.831488609313965 
7.7602338790893555 
7.627792835235596 
7.860682487487793 
5.109283447265625 
7.296582221984863 
5.327169418334961 
5.309161186218262 
5.330561637878418 
6.969188690185547 
7.258540153503418 
4.503562927246094 
5.498464584350586 
5.440917015075684 
7.182352066040039 
6.911791801452637 
9.794727325439453 
5.703085899353027 
5.566103935241699 
5.9853410720825195 
5.399596214294434 
6.141587734222412 
5.57753849029541 
7.226663112640381 
6.32096529006958 
5.6065826416015625 
5.096206188201904 
6.31480073928833 
5.805866241455078 
8.498425483703613 
6.194149494171143 
6.7640814781188965 
6.173976898193359 
7.296307563781738 
6.223227500915527 
9.77254581451416 
6.782559394836426 
6.7867584228515625 
7.086392402648926 
9.077887535095215 
6.1585822105407715 
6.397442817687988 
5.900135040283203 
5.33018684387207 
7.711761474609375 
5.494894027709961 
8.26744270324707 
7.58956241607666 
6.251214504241943 
6.340784072875977 
6.083690643310547 
6.273614883422852 
7.347385406494141 
7.4353132247924805 
6.899620532989502 
7.101455211639404 
8.22935962677002 
7.809401988983154 
6.399014472961426 
5.257935523986816 
4.998207092285156 
5.0266265869140625 
6.439424991607666 
5.523863792419434 
5.575652599334717 
7.389206886291504 
7.78142786026001 
5.7539520263671875 
6.994540691375732 
6.307016372680664 
6.770918846130371 
7.088501930236816 
7.094578742980957 
9.177718162536621 
6.625977516174316 
6.486734390258789 
7.973801136016846 
6.6576642990112305 
5.963492393493652 
6.927404403686523 
4.628283500671387 
5.903979301452637 
7.7143330574035645 
5.765204429626465 
8.565715789794922 
4.496932029724121 
7.347467422485352 
6.649888515472412 
4.972784042358398 
5.534973621368408 
4.8565473556518555 
6.392958641052246 
4.584166526794434 
5.605015754699707 
4.918414115905762 
7.26992130279541 
7.178915023803711 
8.029062271118164 
5.704631805419922 
6.134554862976074 
5.715061187744141 
5.9962077140808105 
6.926400661468506 
5.767206192016602 
6.734349250793457 
6.08872127532959 
6.5695414543151855 
5.201966285705566 
6.466836929321289 
6.737001895904541 
6.827228546142578 
5.248727798461914 
4.833835124969482 
4.841958045959473 
6.560876369476318 
6.2155070304870605 
8.926039695739746 
5.618595123291016 
6.284689903259277 
6.054271697998047 
6.750027656555176 
7.972812652587891 
6.619562149047852 
4.732809066772461 
7.260613441467285 
5.625310897827148 
7.112617492675781 
8.611616134643555 
7.633699893951416 
5.273155212402344 
5.355195999145508 
7.580278396606445 
5.813136577606201 
5.438234329223633 
7.989127159118652 
4.8737640380859375 
6.711156845092773 
5.98504638671875 
7.182023525238037 
7.544301509857178 
6.1853132247924805 
6.2529191970825195 
6.1547346115112305 
5.550868988037109 
4.975505828857422 
7.2727484703063965 
6.4528608322143555 
6.649116516113281 
5.6594743728637695 
4.625056266784668 
5.347517967224121 
6.196765899658203 
5.108351707458496 
5.894353866577148 
5.121572494506836 
5.976006507873535 
6.354229927062988 
5.685628890991211 
5.094791412353516 
6.255059242248535 
6.112392425537109 
5.799941062927246 
8.206757545471191 
8.495341300964355 
6.268266677856445 
7.896323204040527 
7.71842098236084 
8.117327690124512 
6.6843366622924805 
5.63552188873291 
5.83778190612793 
6.350471019744873 
5.801530838012695 
5.3045148849487305 
5.813117980957031 
6.253262519836426 
5.550707817077637 
7.149763107299805 
9.777668952941895 
6.191946029663086 
5.800265312194824 
6.628444671630859 
9.2290620803833 
6.706032752990723 
8.723419189453125 
6.49367618560791 
6.662826061248779 
7.752293109893799 
8.5388822555542 
5.649017333984375 
6.6641106605529785 
9.69501781463623 
6.009060859680176 
6.213710784912109 
4.729004383087158 
5.295828819274902 
5.664610862731934 
7.697816371917725 
6.203841209411621 
5.735282897949219 
8.136292457580566 
6.050495147705078 
5.755904197692871 
7.156750679016113 
7.442759037017822 
5.883240699768066 
4.876864433288574 
6.796607971191406 
6.245743274688721 
6.458023548126221 
6.149642467498779 
9.075488090515137 
7.1007914543151855 
5.874449729919434 
7.9067158699035645 
5.976426601409912 
6.950972557067871 
4.748743057250977 
7.309988021850586 
4.295483589172363 
5.697215557098389 
7.910900115966797 
5.780855178833008 
6.16300106048584 
6.18202018737793 
7.366001129150391 
6.298628330230713 
6.193875789642334 
6.888850212097168 
5.977608680725098 
6.163965702056885 
6.586526393890381 
6.160175323486328 
5.322470188140869 
6.580955982208252 
5.247298240661621 
7.976311683654785 
6.656375885009766 
5.646150588989258 
5.760897636413574 
6.129355430603027 
8.67439079284668 
5.86864709854126 
6.626455783843994 
5.812221527099609 
6.960634708404541 
6.537441253662109 
9.332499504089355 
7.9423933029174805 
9.216901779174805 
6.125514984130859 
6.110785484313965 
6.9664177894592285 
6.393246650695801 
6.309009075164795 
7.091337203979492 
6.138416290283203 
5.308016300201416 
5.251671314239502 
5.348077774047852 
5.537792205810547 
8.57551097869873 
6.527973175048828 
6.808996200561523 
5.724297523498535 
5.210155487060547 
6.2701802253723145 
4.953525543212891 
6.841731071472168 
5.147866249084473 
6.266486167907715 
4.939698219299316 
5.548223495483398 
5.565054416656494 
8.521101951599121 
8.919085502624512 
9.977269172668457 
10.094975471496582 
7.540219783782959 
7.231347560882568 
9.185680389404297 
5.530715465545654 
5.56458854675293 
7.468478679656982 
6.318490028381348 
5.232429504394531 
5.151849746704102 
6.712085723876953 
5.926241397857666 
6.458243370056152 
7.040847301483154 
5.086462020874023 
5.000129222869873 
6.172499656677246 
8.050162315368652 
4.850290298461914 
6.600976943969727 
5.8070268630981445 
6.164706230163574 
8.207908630371094 
6.541299819946289 
8.702241897583008 
7.8996734619140625 
6.710244178771973 
8.242548942565918 
8.65746021270752 
9.055715560913086 
5.627682685852051 
6.671911239624023 
7.734705924987793 
6.062602996826172 
7.089191913604736 
7.443634510040283 
6.340095520019531 
5.58382511138916 
6.375544548034668 
7.285557270050049 
5.967136383056641 
5.555146217346191 
4.430637359619141 
6.297517776489258 
5.832607269287109 
6.225275039672852 
7.082756519317627 
5.740396022796631 
6.231594562530518 
7.464471817016602 
6.969723701477051 
7.060997009277344 
4.577662944793701 
6.752385139465332 
8.564173698425293 
5.966529846191406 
5.981260776519775 
5.974154472351074 
6.580463886260986 
7.677204132080078 
6.0692291259765625 
9.108084678649902 
6.473701477050781 
8.803458213806152 
10.140223503112793 
6.711062431335449 
5.496431350708008 
5.570268630981445 
5.749420166015625 
6.502602577209473 
5.3414154052734375 
5.070764541625977 
5.054731845855713 
6.844245910644531 
8.818747520446777 
5.265679836273193 
4.516695022583008 
7.594016075134277 
8.941585540771484 
8.282353401184082 
4.870901107788086 
5.32308292388916 
5.756684303283691 
5.643885612487793 
6.943458080291748 
6.8589372634887695 
5.754687309265137 
8.038725852966309 
7.631203651428223 
6.254115581512451 
5.15498685836792 
4.964767932891846 
7.46397590637207 
6.029107570648193 
5.3382768630981445 
6.961740016937256 
6.363735198974609 
5.104735851287842 
5.610837936401367 
6.197989463806152 
7.098098278045654 
4.549337863922119 
6.2391676902771 
6.505492210388184 
6.781002044677734 
6.418137550354004 
6.50930118560791 
5.335429668426514 
6.887804985046387 
6.29103422164917 
5.643758773803711 
5.664965629577637 
8.274581909179688 
6.4294753074646 
6.358452796936035 
5.473292350769043 
5.560555934906006 
5.548511028289795 
9.74930477142334 
7.587162017822266 
8.455618858337402 
5.898191928863525 
6.722748756408691 
7.42219352722168 
6.8475847244262695 
5.698582649230957 
4.862478256225586 
5.534618377685547 
6.428264617919922 
6.468518257141113 
5.147619247436523 
5.895819664001465 
6.806118488311768 
5.6287007331848145 
6.205319404602051 
4.90640926361084 
6.372714042663574 
8.089730262756348 
4.860579967498779 
8.846165657043457 
6.889431953430176 
6.350907325744629 
5.844114303588867 
7.3088178634643555 
5.2495503425598145 
7.324010848999023 
5.116009712219238 
6.24599552154541 
5.627534866333008 
8.022259712219238 
5.521183967590332 
6.109062194824219 
6.945505142211914 
5.253425598144531 
6.817502021789551 
4.941219329833984 
7.540701389312744 
5.9567108154296875 
6.563657760620117 
6.191465377807617 
6.820951461791992 
4.911879539489746 
5.6330485343933105 
6.281228065490723 
7.036277770996094 
6.970981597900391 
5.479702949523926 
6.77178955078125 
6.783169746398926 
6.080376625061035 
6.914887428283691 
6.0689826011657715 
5.403407096862793 
7.153723239898682 
6.738804817199707 
5.825802803039551 
6.393260955810547 
8.195249557495117 
6.848184585571289 
7.347540855407715 
9.387928009033203 
5.585745811462402 
6.240038871765137 
6.071608066558838 
8.473174095153809 
6.012389659881592 
7.0207719802856445 
6.363528251647949 
8.420455932617188 
6.289093017578125 
6.473175525665283 
7.482743263244629 
6.455966949462891 
5.851070880889893 
5.839318752288818 
6.6575093269348145 
5.940791130065918 
6.38773250579834 
6.249791145324707 
6.175929069519043 
7.302939414978027 
6.349085807800293 
4.696884632110596 
6.8749470710754395 
5.212141990661621 
5.835923671722412 
6.042141914367676 
6.090395927429199 
5.85434627532959 
6.610669136047363 
7.553775787353516 
5.425668239593506 
5.890331745147705 
5.246589183807373 
5.3581953048706055 
8.869537353515625 
6.218457221984863 
6.191298007965088 
7.600726127624512 
5.673443794250488 
7.277565956115723 
6.234591484069824 
5.517271041870117 
4.822540283203125 
6.61245584487915 
6.246962547302246 
7.949835777282715 
5.605837821960449 
6.210255146026611 
6.879674911499023 
6.6049675941467285 
5.901392936706543 
6.144513130187988 
5.7828826904296875 
4.846691131591797 
7.120726585388184 
6.583826065063477 
5.925544738769531 
5.433197975158691 
6.404799938201904 
5.183362007141113 
6.395989418029785 
6.463980674743652 
5.516232013702393 
6.9124956130981445 
9.304598808288574 
8.108752250671387 
4.672876834869385 
6.130906105041504 
5.566359519958496 
6.0380473136901855 
7.815075874328613 
6.2191667556762695 
5.404172897338867 
5.928394317626953 
5.619065284729004 
7.962832927703857 
8.268139839172363 
4.800378799438477 
7.096699237823486 
5.803030967712402 
8.349749565124512 
5.972172260284424 
7.042219161987305 
6.751314640045166 
6.944759845733643 
6.186184406280518 
6.178813934326172 
5.433227062225342 
7.191102027893066 
5.057027339935303 
7.344525337219238 
7.2089738845825195 
7.265301704406738 
5.63343620300293 
7.570773124694824 
7.212833404541016 
5.738990783691406 
5.657013893127441 
7.075010299682617 
7.508004188537598 
8.970422744750977 
5.3825907707214355 
5.989975452423096 
7.152327537536621 
6.397241592407227 
5.634710311889648 
6.6054887771606445 
4.750901222229004 
5.265451431274414 
6.466353416442871 
7.989505767822266 
6.552572250366211 
6.309685707092285 
6.085749626159668 
5.9479875564575195 
6.004764556884766 
5.339556694030762 
7.184162616729736 
6.385645866394043 
5.9522809982299805 
5.606843948364258 
6.191398620605469 
5.284477710723877 
6.851066589355469 
5.984983921051025 
7.663847923278809 
5.529117584228516 
6.537508964538574 
8.948956489562988 
4.987149715423584 
8.682785987854004 
6.29307222366333 
6.4491801261901855 
5.165499687194824 
7.635146141052246 
7.89023494720459 
4.694668769836426 
6.021283149719238 
7.544370174407959 
7.3749918937683105 
6.3051557540893555 
6.530378341674805 
7.525063514709473 
6.772256851196289 
6.624886512756348 
6.548887252807617 
7.687376499176025 
5.800707817077637 
6.361569881439209 
6.596695899963379 
6.679670810699463 
6.7767252922058105 
7.283681869506836 
6.0538434982299805 
6.549118995666504 
4.950473785400391 
6.142449378967285 
6.330508232116699 
5.715304374694824 
6.583536148071289 
6.747166633605957 
5.81912899017334 
6.6146650314331055 
8.136796951293945 
6.01255464553833 
5.289109706878662 
8.783945083618164 
6.305490493774414 
6.132538795471191 
5.949308395385742 
6.923730850219727 
8.508688926696777 
7.323958873748779 
8.07024097442627 
4.962642669677734 
6.89781379699707 
8.045469284057617 
4.919981002807617 
6.775685787200928 
4.844136714935303 
8.716872215270996 
6.587488174438477 
5.952691078186035 
7.109814167022705 
6.9582390785217285 
7.510950088500977 
6.358726501464844 
8.346686363220215 
5.976621627807617 
6.082431793212891 
8.324795722961426 
6.32208251953125 
7.576610565185547 
7.319008827209473 
6.311352729797363 
7.23599910736084 
8.5352201461792 
6.409830093383789 
5.678884983062744 
6.777036190032959 
5.802966117858887 
7.610536098480225 
6.011447906494141 
6.240983009338379 
7.3521623611450195 
6.837880611419678 
6.571115493774414 
7.126568794250488 
6.4936723709106445 
6.1133222579956055 
6.2913312911987305 
6.0306715965271 
6.354121208190918 
7.193878650665283 
6.648524284362793 
5.54573917388916 
6.487382888793945 
4.942033767700195 
5.0919318199157715 
6.0055131912231445 
6.332720756530762 
6.200167655944824 
7.086493492126465 
5.726251602172852 
6.014545440673828 
5.968841552734375 
5.30433464050293 
7.160057067871094 
5.821797847747803 
8.11984634399414 
6.004199981689453 
6.0318193435668945 
7.310951232910156 
5.769500255584717 
6.199753284454346 
6.074245929718018 
5.2334136962890625 
5.1070556640625 
6.334360122680664 
6.957923412322998 
5.239675521850586 
6.529987335205078 
5.734262466430664 
5.427824974060059 
6.376832485198975 
8.219977378845215 
5.610655784606934 
5.518009185791016 
6.888700008392334 
6.629868030548096 
5.35835599899292 
5.669064521789551 
6.716726303100586 
5.35550594329834 
7.383890151977539 
8.030749320983887 
5.331040382385254 
7.327417850494385 
7.286477088928223 
8.4041166305542 
7.124290466308594 
5.3052473068237305 
7.0210089683532715 
5.924848556518555 
5.167354583740234 
7.2554731369018555 
6.613775253295898 
6.348256587982178 
10.086980819702148 
6.425284385681152 
6.170309543609619 
5.855690956115723 
5.468675136566162 
7.653738021850586 
7.540075302124023 
6.946892738342285 
5.864536285400391 
6.856206893920898 
5.710031032562256 
8.558137893676758 
6.892609119415283 
5.749878883361816 
6.568621635437012 
6.41671085357666 
7.062599182128906 
5.05052375793457 
8.831485748291016 
8.062125205993652 
5.9532904624938965 
6.888539791107178 
7.75177001953125 
6.522871494293213 
8.480233192443848 
6.5771379470825195 
7.312160491943359 
6.124625205993652 
7.238652229309082 
7.80947208404541 
6.7494611740112305 
6.279136657714844 
6.855859756469727 
4.893313407897949 
5.09507417678833 
10.226527214050293 
6.5004425048828125 
6.152978897094727 
6.860251426696777 
7.189793586730957 
5.418159484863281 
7.87919282913208 
6.776022911071777 
5.464995384216309 
7.282930374145508 
5.418343544006348 
5.407639026641846 
7.608607292175293 
5.793423652648926 
7.177701950073242 
5.232471942901611 
6.627461910247803 
5.491833686828613 
5.437513828277588 
5.596882343292236 
5.877448081970215 
5.773892402648926 
5.91383171081543 
7.429090976715088 
7.810329437255859 
9.37317180633545 
8.434006690979004 
7.455353736877441 
7.136955261230469 
7.212693214416504 
5.856193542480469 
6.1189680099487305 
6.158279895782471 
6.164934158325195 
7.660380840301514 
6.073188781738281 
9.234715461730957 
7.739330291748047 
5.9276018142700195 
3.885648488998413 
5.715190887451172 
6.946296691894531 
4.732708930969238 
6.580362796783447 
5.313121795654297 
5.793944358825684 
7.117658615112305 
8.202362060546875 
6.039558410644531 
6.69556999206543 
5.77349328994751 
7.424849510192871 
7.3915839195251465 
6.657410621643066 
7.188678741455078 
8.047701835632324 
7.507786750793457 
7.394942760467529 
5.8583478927612305 
7.2693891525268555 
9.138838768005371 
5.629354476928711 
7.402663230895996 
5.566254615783691 
10.244446754455566 
6.390754222869873 
5.023359298706055 
5.485675811767578 
6.6914472579956055 
5.6975417137146 
6.567865371704102 
5.403399467468262 
7.056948184967041 
7.469935417175293 
5.3866047859191895 
5.750770568847656 
6.416526794433594 
6.311820983886719 
5.557367324829102 
6.83880090713501 
5.480895519256592 
6.376318454742432 
7.189311981201172 
7.198379993438721 
4.618719100952148 
6.758111953735352 
6.7625861167907715 
8.5173978805542 
5.631465911865234 
7.663710594177246 
6.364422798156738 
6.4370317459106445 
8.37236499786377 
6.156985282897949 
5.108253479003906 
5.470127105712891 
6.298042297363281 
5.677654266357422 
5.961610794067383 
6.443729400634766 
6.792209625244141 
6.423020362854004 
6.075478553771973 
6.919864654541016 
6.922150611877441 
5.869479179382324 
8.178935050964355 
5.6697258949279785 
6.463341236114502 
7.381117343902588 
5.9087958335876465 
8.091675758361816 
7.669180870056152 
6.456271648406982 
6.669892311096191 
6.583309650421143 
7.064726829528809 
6.476870536804199 
6.800488471984863 
5.7028961181640625 
5.910057067871094 
6.368041515350342 
6.1618194580078125 
9.277830123901367 
6.801440238952637 
5.606618404388428 
5.249282360076904 
8.43010139465332 
7.09786319732666 
9.484014511108398 
6.405969619750977 
7.020977973937988 
6.519753932952881 
5.732742786407471 
6.656220436096191 
6.4801554679870605 
6.1334428787231445 
7.156109809875488 
6.198352813720703 
5.559212684631348 
6.7765703201293945 
5.811264514923096 
5.291205883026123 
7.214926719665527 
6.193629264831543 
7.609869480133057 
5.771027565002441 
5.064395427703857 
8.534326553344727 
5.343570709228516 
7.050930023193359 
6.126950263977051 
8.048678398132324 
6.875606536865234 
9.527348518371582 
5.766817092895508 
4.909586429595947 
5.785411834716797 
6.274494171142578 
10.326855659484863 
5.783514499664307 
7.881967544555664 
5.1980743408203125 
9.33175277709961 
7.0739850997924805 
5.244317531585693 
4.713253974914551 
6.457296371459961 
6.3975419998168945 
5.7228851318359375 
4.575035095214844 
7.47831916809082 
8.63788890838623 
5.844464302062988 
8.20464038848877 
5.421816825866699 
7.913302898406982 
6.982858657836914 
5.730269908905029 
6.963437557220459 
8.112059593200684 
5.905386924743652 
5.703808784484863 
5.72518253326416 
5.598310470581055 
6.452003002166748 
5.816840171813965 
6.731213092803955 
6.566951751708984 
8.61633014678955 
8.17162036895752 
6.6394195556640625 
7.285800933837891 
7.754542350769043 
5.87346076965332 
5.405520439147949 
6.320862770080566 
7.1060590744018555 
6.831917762756348 
5.381223201751709 
5.726184368133545 
6.019967555999756 
6.639657974243164 
6.185398578643799 
7.117793083190918 
6.789038181304932 
7.825188636779785 
5.499351501464844 
5.268165111541748 
5.902199745178223 
5.839961051940918 
5.396562576293945 
6.571919918060303 
5.138028621673584 
6.656101226806641 
7.663626670837402 
7.595431327819824 
7.105362892150879 
5.595987319946289 
6.908188819885254 
4.917075157165527 
5.95673942565918 
6.500979900360107 
8.621456146240234 
7.255019664764404 
4.7777252197265625 
7.920804023742676 
6.771553993225098 
7.762941360473633 
6.518836975097656 
6.81829833984375 
6.507168769836426 
4.825127124786377 
6.64522647857666 
8.638830184936523 
7.049298286437988 
6.983647346496582 
5.692281723022461 
6.439610958099365 
6.359617710113525 
6.393857479095459 
7.415838241577148 
7.453911304473877 
6.693032264709473 
5.768787384033203 
7.680250644683838 
5.633538246154785 
6.151691436767578 
6.618396759033203 
6.8502197265625 
6.308601379394531 
7.236721038818359 
6.996349334716797 
7.046388626098633 
6.824487686157227 
6.264963150024414 
5.457999229431152 
5.650063514709473 
5.795388221740723 
7.34865140914917 
6.97762393951416 
6.393835067749023 
5.405224323272705 
5.489112854003906 
6.601789474487305 
5.221413612365723 
5.408550262451172 
6.0733723640441895 
5.713293075561523 
8.151504516601562 
7.317427635192871 
6.997875213623047 
7.214861869812012 
5.45076847076416 
5.686274528503418 
6.820131301879883 
6.529541015625 
5.896317481994629 
5.641866683959961 
6.606509208679199 
5.75397253036499 
7.314157962799072 
6.674437522888184 
8.523701667785645 
6.450745105743408 
5.755332946777344 
6.061739921569824 
5.252479076385498 
6.183049201965332 
5.029455184936523 
5.0450944900512695 
6.431123733520508 
7.838653564453125 
5.922392845153809 
6.289483070373535 
8.001641273498535 
7.198538780212402 
5.579946517944336 
5.405481338500977 
6.891118049621582 
6.206404685974121 
6.437453269958496 
7.052032947540283 
5.469215393066406 
5.815964698791504 
6.862532138824463 
7.629704475402832 
6.6797943115234375 
8.093676567077637 
7.6907758712768555 
7.6279425621032715 
6.258845329284668 
5.176884174346924 
5.69461727142334 
5.236597061157227 
7.968034267425537 
4.995764255523682 
8.261080741882324 
5.811205863952637 
6.400023460388184 
5.775022506713867 
6.571081161499023 
6.496244430541992 
9.423566818237305 
6.405050277709961 
7.016783714294434 
8.013636589050293 
5.702818870544434 
5.6602888107299805 
4.641456604003906 
8.675880432128906 
5.121763229370117 
7.05062198638916 
6.173437595367432 
6.174098968505859 
5.584394454956055 
6.863268852233887 
9.12793254852295 
6.575921058654785 
9.288131713867188 
6.198544502258301 
6.825130939483643 
7.090717792510986 
8.879576683044434 
5.948911666870117 
6.301753044128418 
5.641480445861816 
5.728704452514648 
7.075366497039795 
5.012840747833252 
7.753052711486816 
6.3110198974609375 
8.602818489074707 
5.842703819274902 
6.49464225769043 
5.5427165031433105 
6.290088653564453 
8.390334129333496 
6.853801250457764 
6.933006763458252 
8.036825180053711 
7.094926357269287 
7.30517053604126 
6.059047222137451 
6.869750022888184 
4.890964508056641 
5.90825080871582 
7.014486312866211 
7.785658359527588 
8.745293617248535 
5.874464511871338 
8.291906356811523 
6.454217910766602 
7.344428539276123 
5.809056282043457 
5.807893753051758 
6.596223831176758 
5.723895072937012 
5.884124755859375 
7.110233306884766 
5.677265167236328 
7.5075788497924805 
5.937493801116943 
5.953983306884766 
6.199779033660889 
8.737265586853027 
5.643497943878174 
6.346086502075195 
5.130093097686768 
5.846209526062012 
5.551204681396484 
6.302000045776367 
5.731761932373047 
7.298846244812012 
5.621298313140869 
7.083458423614502 
6.368076324462891 
6.9163618087768555 
6.105428695678711 
5.944699764251709 
6.842409610748291 
8.285731315612793 
6.675141334533691 
8.116436958312988 
7.623785972595215 
5.4864583015441895 
6.111927032470703 
6.507565021514893 
4.543181419372559 
5.508715629577637 
8.597174644470215 
7.1116790771484375 
5.636605739593506 
7.611562252044678 
7.332244873046875 
8.208704948425293 
6.382400035858154 
6.32987117767334 
5.148801803588867 
8.969401359558105 
6.2020263671875 
5.379258155822754 
6.246183395385742 
4.8702473640441895 
6.847579002380371 
6.248542308807373 
7.1448869705200195 
7.1795196533203125 
7.23853874206543 
8.136250495910645 
5.958430290222168 
6.915348052978516 
6.02658748626709 
5.128314018249512 
5.8143110275268555 
4.857640266418457 
8.922707557678223 
9.153433799743652 
4.818957328796387 
5.90039587020874 
5.9074811935424805 
6.2246880531311035 
6.173309326171875 
5.609583377838135 
5.1476359367370605 
6.918666839599609 
6.028879165649414 
6.7599382400512695 
7.7501044273376465 
5.740790367126465 
6.800840854644775 
5.555968284606934 
4.775909900665283 
6.459351539611816 
8.15473461151123 
6.105809211730957 
7.648062705993652 
6.3269147872924805 
7.914473533630371 
6.974623203277588 
5.741952896118164 
5.2171220779418945 
6.330901622772217 
5.122731685638428 
6.087221145629883 
6.769153594970703 
8.431797981262207 
5.525890827178955 
6.309494972229004 
7.0550127029418945 
5.968089580535889 
8.325581550598145 
7.263888835906982 
5.877400875091553 
5.317783355712891 
6.2501091957092285 
4.873303413391113 
6.637175559997559 
4.5976667404174805 
5.670897483825684 
7.422478199005127 
5.124075412750244 
7.194108963012695 
6.467379570007324 
8.712778091430664 
5.850586891174316 
5.424968719482422 
4.965167999267578 
6.220669746398926 
5.1748199462890625 
7.113880157470703 
5.0014543533325195 
7.155681133270264 
5.741851806640625 
6.222137451171875 
6.110442161560059 
5.3756232261657715 
8.919333457946777 
5.94313907623291 
6.203510284423828 
6.312069892883301 
6.411867141723633 
6.340217590332031 
5.6927924156188965 
7.153249263763428 
8.172688484191895 
5.601632118225098 
6.967592239379883 
7.083407878875732 
5.673845291137695 
6.1590399742126465 
6.115177154541016 
6.125485420227051 
7.144458770751953 
8.53331470489502 
5.612051963806152 
6.320544242858887 
6.373870849609375 
6.693669319152832 
6.678783416748047 
6.033753395080566 
7.114228248596191 
6.770122528076172 
6.378152847290039 
4.827378273010254 
6.24040412902832 
7.14357328414917 
4.842423439025879 
6.131499290466309 
6.725596904754639 
7.639753341674805 
6.130303382873535 
8.389301300048828 
6.5450849533081055 
7.181854248046875 
5.277497291564941 
6.695374488830566 
6.000885009765625 
5.69768762588501 
5.8066086769104 
7.014714241027832 
6.924992561340332 
6.332651138305664 
8.858697891235352 
6.502558708190918 
5.208996772766113 
5.886703968048096 
8.983128547668457 
6.869422912597656 
4.482324600219727 
9.683615684509277 
6.97454309463501 
6.273561477661133 
6.818370342254639 
7.867320537567139 
6.553136348724365 
5.502632141113281 
6.347858905792236 
6.240340232849121 
5.392841339111328 
6.072559356689453 
6.030282974243164 
5.864969253540039 
4.647136211395264 
7.619174003601074 
6.22386360168457 
5.135082244873047 
5.47011661529541 
6.4021759033203125 
5.757205009460449 
6.438974380493164 
5.524652481079102 
6.075700283050537 
6.895359039306641 
5.8869757652282715 
6.543920993804932 
6.620298385620117 
6.6984639167785645 
5.749370574951172 
7.066967010498047 
5.690357685089111 
6.125856399536133 
6.350055694580078 
6.327132701873779 
6.870250701904297 
4.944126605987549 
5.515917778015137 
5.871533393859863 
5.313318729400635 
5.111861228942871 
8.175555229187012 
7.985387802124023 
6.480982303619385 
6.030301570892334 
7.005242347717285 
5.88942813873291 
10.478362083435059 
5.767301082611084 
4.628510475158691 
5.416282653808594 
6.28040885925293 
6.981743812561035 
8.283488273620605 
5.551403045654297 
4.909289836883545 
6.4495697021484375 
5.734683990478516 
7.227827072143555 
5.410829544067383 
6.815947532653809 
4.892139434814453 
6.220178127288818 
5.968750953674316 
6.417173385620117 
6.536527633666992 
7.538026809692383 
7.885609149932861 
5.242062568664551 
5.577460289001465 
5.1515421867370605 
6.515758514404297 
9.047163009643555 
6.328708648681641 
8.446584701538086 
5.047589302062988 
4.719862461090088 
8.16988468170166 
6.961156845092773 
6.073783874511719 
6.946639060974121 
5.504146099090576 
5.5466485023498535 
7.381258010864258 
6.514804840087891 
5.611362934112549 
5.96121883392334 
5.143094539642334 
7.634987831115723 
6.7715864181518555 
5.736197471618652 
7.353288173675537 
4.91522216796875 
6.167888641357422 
8.210652351379395 
6.976407051086426 
7.667604446411133 
9.096837043762207 
6.063680648803711 
6.326667308807373 
5.665890693664551 
6.978431701660156 
6.813261032104492 
7.95610237121582 
5.4616241455078125 
7.884532928466797 
4.544976234436035 
5.613720893859863 
6.677953720092773 
7.4379754066467285 
7.510621070861816 
6.368281364440918 
7.39804220199585 
5.155102729797363 
6.848761081695557 
6.650137901306152 
6.3235297203063965 
7.7552490234375 
6.133296012878418 
7.235621452331543 
7.038839340209961 
6.0588297843933105 
5.250088691711426 
9.476085662841797 
6.619002342224121 
6.046307563781738 
5.7152557373046875 
8.731427192687988 
6.565176010131836 
5.989251613616943 
8.598173141479492 
5.332653045654297 
7.804352760314941 
8.619241714477539 
8.693345069885254 
6.394888877868652 
5.49977970123291 
6.477938652038574 
6.606081008911133 
6.517340660095215 
7.13095235824585 
10.784895896911621 
5.509958744049072 
6.6989288330078125 
6.954730033874512 
5.352117538452148 
6.533559322357178 
6.60310697555542 
6.2783427238464355 
6.092573642730713 
6.104567050933838 
9.85213565826416 
5.789610862731934 
8.315993309020996 
6.128090858459473 
5.28046989440918 
5.054862022399902 
7.655508995056152 
7.96173095703125 
6.142343044281006 
6.817080497741699 
6.434602737426758 
6.487075328826904 
6.514471054077148 
6.887245178222656 
5.784976959228516 
6.963972091674805 
6.808358669281006 
8.207951545715332 
7.465709209442139 
8.003118515014648 
5.821069240570068 
6.187130451202393 
7.390969753265381 
7.599271774291992 
6.5976972579956055 
5.96965217590332 
4.878579139709473 
5.701625823974609 
6.44492244720459 
6.607458114624023 
6.342362403869629 
6.505947113037109 
6.322390556335449 
4.325017929077148 
7.36911678314209 
6.263053894042969 
5.564284801483154 
7.380013465881348 
5.6408867835998535 
7.599955081939697 
6.790183067321777 
5.190621376037598 
6.9879937171936035 
6.805619239807129 
6.944060802459717 
7.050617218017578 
7.839879989624023 
7.241248607635498 
6.86833381652832 
7.315585136413574 
6.523347854614258 
6.481070518493652 
6.805851459503174 
7.757291316986084 
6.458216667175293 
6.722125053405762 
5.784724235534668 
5.344745635986328 
5.599127292633057 
7.343189239501953 
8.592392921447754 
6.220595359802246 
4.845644474029541 
4.500070095062256 
5.797792434692383 
5.067623615264893 
5.646796703338623 
5.112287521362305 
5.128739356994629 
4.482258319854736 
6.179887771606445 
6.756577014923096 
9.328051567077637 
5.3277482986450195 
6.075957298278809 
6.198149681091309 
5.249508857727051 
6.035651206970215 
7.447526931762695 
5.436394214630127 
6.952693939208984 
7.827905654907227 
5.870791912078857 
5.992562294006348 
6.124307155609131 
7.460348129272461 
6.7609076499938965 
6.824474334716797 
6.898967742919922 
5.679134368896484 
7.0661940574646 
7.312662124633789 
6.797820091247559 
8.624482154846191 
7.242793083190918 
5.9289021492004395 
6.68961238861084 
7.438154697418213 
8.288447380065918 
6.205594062805176 
6.244481563568115 
6.717940330505371 
6.236252307891846 
5.200868129730225 
8.210530281066895 
6.046909332275391 
7.11408805847168 
6.532685279846191 
7.387961387634277 
6.437286376953125 
6.08310604095459 
6.699445724487305 
6.984953880310059 
6.989961624145508 
9.543570518493652 
5.637904167175293 
6.8777689933776855 
6.1102800369262695 
6.523394584655762 
5.112280368804932 
6.15488338470459 
6.738849639892578 
8.119553565979004 
6.626893043518066 
7.248214244842529 
7.411773681640625 
6.3655195236206055 
5.647982597351074 
5.696706771850586 
6.097153186798096 
6.279322624206543 
6.861638069152832 
6.410372734069824 
6.949495315551758 
7.088986396789551 
7.0694499015808105 
4.974147796630859 
6.153558731079102 
4.653980731964111 
6.380722999572754 
5.894924640655518 
6.215057373046875 
6.013604640960693 
7.933318138122559 
5.41209077835083 
7.32414436340332 
5.907637596130371 
7.608826160430908 
6.227397441864014 
6.67118501663208 
5.189937591552734 
5.93873405456543 
8.097198486328125 
6.067134857177734 
8.315154075622559 
7.13259220123291 
5.088496685028076 
7.096290111541748 
6.3016815185546875 
5.099033832550049 
6.143028259277344 
4.463868141174316 
5.969621658325195 
5.794931888580322 
10.00378131866455 
7.863996505737305 
6.638053894042969 
5.822876930236816 
5.937360763549805 
6.854128360748291 
7.29121732711792 
6.265406608581543 
5.298897743225098 
6.357107162475586 
5.848785877227783 
6.503598213195801 
5.712231159210205 
6.019550323486328 
5.780489921569824 
8.227826118469238 
4.879329204559326 
6.3178510665893555 
6.451908111572266 
7.162834167480469 
5.882177352905273 
9.89612102508545 
6.200425624847412 
7.985597610473633 
7.708141326904297 
8.664854049682617 
7.506933212280273 
7.258234977722168 
6.162552833557129 
9.304755210876465 
6.1629638671875 
6.1685709953308105 
5.250804424285889 
7.220494270324707 
6.704737663269043 
6.203915596008301 
9.612786293029785 
7.888799667358398 
8.820353507995605 
6.544539451599121 
7.674820899963379 
4.735353469848633 
8.212136268615723 
5.101835250854492 
5.631368637084961 
7.06259822845459 
5.660613059997559 
5.861053943634033 
7.5627288818359375 
5.574166297912598 
5.926272392272949 
8.434391975402832 
6.320944786071777 
6.969937324523926 
7.619114875793457 
6.102969646453857 
5.5330352783203125 
6.890174865722656 
6.2132110595703125 
