4.995273590087891 
5.146787643432617 
5.451401710510254 
5.296950340270996 
5.073907375335693 
5.074183464050293 
4.976648330688477 
5.113072395324707 
5.14679479598999 
6.498895645141602 
6.373557090759277 
7.4375152587890625 
5.295348167419434 
5.036879539489746 
6.436473846435547 
5.169421672821045 
5.376063346862793 
6.029268264770508 
5.0176167488098145 
5.23668098449707 
5.16832971572876 
6.044661521911621 
6.785312652587891 
5.486896514892578 
5.159389019012451 
5.0871710777282715 
5.145367622375488 
5.31643009185791 
5.196526050567627 
5.173742294311523 
5.10948371887207 
6.38408088684082 
4.847451210021973 
5.230020523071289 
6.083257675170898 
7.038532257080078 
5.143530368804932 
5.925576210021973 
5.054592609405518 
5.177573204040527 
5.190186500549316 
4.919907569885254 
5.52788782119751 
4.8902387619018555 
5.0083327293396 
5.802713394165039 
5.5718512535095215 
5.154757499694824 
5.043173789978027 
6.713890075683594 
5.9527587890625 
8.178354263305664 
5.172417640686035 
4.950261116027832 
5.500907897949219 
6.260279655456543 
5.168512344360352 
5.290482521057129 
4.982937812805176 
5.276829242706299 
5.068191051483154 
5.073330879211426 
6.341803550720215 
5.037510395050049 
5.151710510253906 
5.008399963378906 
5.030134201049805 
5.093479156494141 
5.946405410766602 
5.060423374176025 
4.987537384033203 
5.045868396759033 
5.38365364074707 
5.0907063484191895 
4.855968475341797 
7.203094482421875 
5.0750041007995605 
5.012729644775391 
5.228500843048096 
5.295245170593262 
5.064914703369141 
5.730904579162598 
4.952692985534668 
5.5667195320129395 
5.289762020111084 
5.065269947052002 
5.852614402770996 
4.966757297515869 
5.236581802368164 
5.021360397338867 
5.531861305236816 
5.0399699211120605 
6.774405479431152 
5.404385566711426 
5.16456937789917 
6.08099889755249 
4.979030132293701 
4.738715648651123 
5.203869819641113 
5.795156955718994 
4.9551849365234375 
4.979625701904297 
5.087830543518066 
5.120353698730469 
5.310091495513916 
7.604470729827881 
5.106898784637451 
4.934788227081299 
6.504981517791748 
4.916964530944824 
4.974673748016357 
6.912912845611572 
4.869226455688477 
5.206218719482422 
5.040968894958496 
5.709571361541748 
5.164588451385498 
4.897801399230957 
5.041463851928711 
5.015933990478516 
5.311678886413574 
5.0516180992126465 
5.0651044845581055 
6.375491142272949 
4.957425594329834 
4.927777290344238 
5.104361534118652 
6.229818344116211 
5.369369029998779 
5.671872138977051 
5.038952350616455 
5.241042137145996 
5.735152244567871 
5.792386054992676 
5.096191883087158 
5.144047737121582 
7.95253324508667 
5.155872344970703 
5.092175483703613 
5.250425338745117 
5.7011284828186035 
5.091602325439453 
6.187384605407715 
6.957034111022949 
5.029034614562988 
5.130514621734619 
5.191311836242676 
4.9303178787231445 
5.116105079650879 
4.8986897468566895 
5.099098205566406 
4.892080783843994 
5.260246276855469 
5.294250011444092 
5.0405144691467285 
5.882133960723877 
5.087100028991699 
7.44654655456543 
5.12254524230957 
4.987646102905273 
5.204611301422119 
6.872620582580566 
5.095027923583984 
6.571315765380859 
5.090082168579102 
5.008708953857422 
5.21829891204834 
7.202853202819824 
4.9848785400390625 
5.228087425231934 
5.057740688323975 
5.0844035148620605 
5.060853958129883 
5.25338077545166 
5.454485893249512 
5.602383136749268 
5.307621002197266 
5.094734191894531 
5.170629024505615 
6.283829212188721 
4.933520317077637 
6.146104335784912 
5.336891174316406 
5.072844505310059 
5.069269180297852 
5.275966644287109 
6.941278457641602 
5.0594096183776855 
5.144016742706299 
5.039475917816162 
5.126706123352051 
6.018073081970215 
5.108405113220215 
5.936717987060547 
5.165772438049316 
6.593581199645996 
5.031887531280518 
5.041699409484863 
5.183480262756348 
7.641701698303223 
5.135297775268555 
5.195054054260254 
5.898534297943115 
5.028775215148926 
5.192685127258301 
5.374085426330566 
5.930838108062744 
5.055624008178711 
5.078419208526611 
7.22308874130249 
5.273537635803223 
5.0988850593566895 
6.272763252258301 
5.617022514343262 
6.696497917175293 
5.202265739440918 
5.01637077331543 
5.025148391723633 
5.022966384887695 
5.115651607513428 
4.917381286621094 
5.430614948272705 
6.004202842712402 
7.726897716522217 
5.22005558013916 
5.333517074584961 
5.020553112030029 
5.421051979064941 
5.049276828765869 
6.746685028076172 
4.960071563720703 
5.051889419555664 
4.92494535446167 
4.929738998413086 
5.182293891906738 
6.208212375640869 
7.064178943634033 
5.212615013122559 
5.160755634307861 
8.910775184631348 
4.999737739562988 
5.061140060424805 
5.152705192565918 
5.510758399963379 
5.238018035888672 
6.651699066162109 
5.34079647064209 
5.5377631187438965 
5.065125465393066 
5.140812873840332 
5.1508402824401855 
5.052458763122559 
5.126919746398926 
5.546130180358887 
4.892410755157471 
4.904587745666504 
5.118244171142578 
5.475506782531738 
5.283331871032715 
5.061033725738525 
5.1206817626953125 
5.002628326416016 
5.0975728034973145 
5.390301704406738 
5.102286338806152 
4.927512168884277 
5.576451301574707 
5.2789835929870605 
5.296408653259277 
5.0652666091918945 
5.075357913970947 
5.179652214050293 
8.708028793334961 
5.298048973083496 
5.192622661590576 
5.217726230621338 
5.224668502807617 
5.122944355010986 
9.778861045837402 
5.054198741912842 
7.47572135925293 
5.20966100692749 
5.123111724853516 
5.307684898376465 
5.229911804199219 
5.2148895263671875 
5.105215549468994 
5.241416931152344 
4.924220561981201 
5.395171165466309 
5.16117000579834 
5.78169059753418 
4.924287796020508 
5.049060821533203 
4.978927135467529 
6.465178966522217 
5.1635823249816895 
5.166245460510254 
5.903058052062988 
5.198180675506592 
5.066022872924805 
5.2932891845703125 
5.090633392333984 
5.129746437072754 
5.148499011993408 
5.259917259216309 
5.224564075469971 
5.357193946838379 
5.405059337615967 
5.097158908843994 
5.6627197265625 
6.756546497344971 
7.919159412384033 
6.302738189697266 
4.952080726623535 
5.091114044189453 
6.162142753601074 
5.351834297180176 
5.222594261169434 
4.871145725250244 
7.1185197830200195 
5.8722381591796875 
8.859646797180176 
5.365056991577148 
5.051401615142822 
6.804078102111816 
5.0866851806640625 
5.044058799743652 
5.096784591674805 
5.0317792892456055 
5.058357238769531 
4.946417331695557 
4.679798126220703 
5.3294358253479 
5.911077499389648 
5.417217254638672 
5.142183780670166 
5.147714138031006 
5.21255350112915 
6.174468994140625 
5.081198692321777 
5.1231184005737305 
5.019704818725586 
5.182614803314209 
5.080854415893555 
5.100769996643066 
5.519932746887207 
7.677324295043945 
5.139163494110107 
6.288280010223389 
6.146825790405273 
5.031224250793457 
5.387280464172363 
5.061787128448486 
6.591065406799316 
6.529777526855469 
5.453472137451172 
5.138548851013184 
5.01609468460083 
4.827447891235352 
4.9657392501831055 
5.111730575561523 
4.983251571655273 
5.196885585784912 
5.41385555267334 
5.053039073944092 
5.1050567626953125 
5.7189741134643555 
5.244930267333984 
7.029901504516602 
5.093049049377441 
4.927535057067871 
4.892426490783691 
5.202815055847168 
7.047880172729492 
5.447118759155273 
5.093840599060059 
5.140874862670898 
7.042268753051758 
5.016475200653076 
5.400495529174805 
5.585946083068848 
5.026124000549316 
5.308202743530273 
5.260849952697754 
4.939316749572754 
4.765693664550781 
7.1883111000061035 
4.981758117675781 
5.009394645690918 
4.995481491088867 
5.075675964355469 
6.182791709899902 
5.31118106842041 
5.299510955810547 
5.311132431030273 
5.2615275382995605 
4.777250289916992 
5.506455898284912 
7.347945213317871 
5.343023300170898 
5.014918804168701 
5.062964916229248 
5.216629981994629 
5.339108467102051 
5.957691192626953 
5.295871734619141 
5.135076522827148 
5.014268398284912 
7.629033088684082 
4.961084842681885 
5.367369651794434 
4.981801509857178 
5.120364189147949 
5.242417335510254 
5.990923881530762 
4.983803749084473 
5.208776473999023 
4.923988342285156 
6.21407413482666 
6.643374443054199 
5.069629669189453 
5.182751655578613 
5.178745746612549 
8.727193832397461 
6.209188461303711 
5.094039440155029 
4.846034049987793 
4.971262454986572 
5.163487434387207 
5.44996452331543 
5.15023946762085 
5.1503705978393555 
5.193451404571533 
4.952345848083496 
5.413654327392578 
5.086740493774414 
5.328529357910156 
5.034801483154297 
5.080832004547119 
5.024604797363281 
7.909368515014648 
5.115167617797852 
5.080483436584473 
5.926405906677246 
4.992762088775635 
5.065038204193115 
5.287715911865234 
5.892525672912598 
5.183863162994385 
4.989350318908691 
6.3609514236450195 
4.993321895599365 
5.494847297668457 
4.745988845825195 
5.2235283851623535 
5.158791542053223 
6.042181968688965 
5.6602935791015625 
5.881752014160156 
4.957115650177002 
5.01939582824707 
5.147483825683594 
5.624602317810059 
5.231271266937256 
6.180189609527588 
5.176994800567627 
4.906300067901611 
5.334036827087402 
5.282556533813477 
5.126691818237305 
6.098824501037598 
5.509990692138672 
5.765655517578125 
5.121126651763916 
5.753174781799316 
5.1218976974487305 
5.897530555725098 
5.373496055603027 
7.031005859375 
7.596463203430176 
5.038835525512695 
5.229165077209473 
5.307464599609375 
5.18214225769043 
6.210419654846191 
5.033635139465332 
5.405746936798096 
5.049501419067383 
5.320870876312256 
5.070235729217529 
5.3551788330078125 
5.22368049621582 
5.860377311706543 
5.549022674560547 
4.887216091156006 
4.963055610656738 
5.393656253814697 
5.173026084899902 
5.632873058319092 
4.937438488006592 
7.871587753295898 
4.913136959075928 
5.06550931930542 
5.49011754989624 
5.099723815917969 
5.622649669647217 
5.076620101928711 
5.277092933654785 
4.980389595031738 
5.0556559562683105 
4.951527118682861 
5.502285003662109 
4.997994422912598 
5.4953179359436035 
8.955723762512207 
5.334010124206543 
5.082324028015137 
5.3984832763671875 
5.008431434631348 
6.955738544464111 
5.270500183105469 
5.14849853515625 
5.151148796081543 
5.360773086547852 
5.023876667022705 
5.887904167175293 
5.3995513916015625 
4.993858814239502 
5.697268486022949 
5.08239221572876 
5.059157371520996 
5.280935287475586 
5.3134026527404785 
4.9823408126831055 
7.849414825439453 
8.268567085266113 
5.007122993469238 
5.440962791442871 
8.005061149597168 
5.085783004760742 
4.894587516784668 
5.108513832092285 
4.958551406860352 
6.921052932739258 
5.40286922454834 
4.945578575134277 
7.553962707519531 
4.932745456695557 
5.034996032714844 
4.964425563812256 
5.255575180053711 
5.2003607749938965 
5.020777702331543 
4.998274803161621 
5.182204246520996 
5.17797327041626 
4.98391580581665 
8.34656810760498 
5.547483921051025 
5.168867588043213 
5.094931602478027 
5.195951461791992 
5.21355676651001 
5.064572334289551 
5.22483491897583 
5.145223140716553 
6.100085258483887 
5.253592491149902 
5.339719772338867 
5.247960090637207 
5.192057132720947 
7.817598342895508 
5.198521614074707 
5.07655143737793 
5.855231761932373 
6.551095962524414 
5.106104850769043 
4.889528274536133 
5.462196350097656 
5.834424018859863 
5.040753364562988 
5.003696441650391 
5.6725239753723145 
6.343707084655762 
5.633817672729492 
5.614699363708496 
5.976873397827148 
5.686138153076172 
5.365533828735352 
7.022963523864746 
8.722655296325684 
4.926715850830078 
5.052766799926758 
5.051113605499268 
6.887126445770264 
8.940056800842285 
4.978416919708252 
5.390651702880859 
5.002448081970215 
4.981044769287109 
5.522706031799316 
5.272305965423584 
4.917119026184082 
5.054693698883057 
5.085714340209961 
5.223188877105713 
9.082913398742676 
5.3649067878723145 
4.963285446166992 
5.19033145904541 
5.275945663452148 
5.454599380493164 
6.431468486785889 
5.145752429962158 
5.103928565979004 
6.080502510070801 
5.206057548522949 
5.401656627655029 
5.015023231506348 
4.988425254821777 
5.510727882385254 
5.307681083679199 
5.2815632820129395 
5.374839782714844 
4.9496049880981445 
5.4960808753967285 
5.099910259246826 
5.183002948760986 
5.265026092529297 
7.011295318603516 
5.171020030975342 
5.068585395812988 
5.327132225036621 
5.528619766235352 
5.369037628173828 
5.07952880859375 
5.182054042816162 
5.3466081619262695 
7.746926784515381 
5.3064985275268555 
5.86024284362793 
5.195391654968262 
5.089672088623047 
6.14061164855957 
5.190728187561035 
7.051966667175293 
5.182360649108887 
5.1904120445251465 
5.170992374420166 
5.161493301391602 
5.172552108764648 
5.01310920715332 
5.107777118682861 
4.900964736938477 
5.076439380645752 
5.224151134490967 
5.032761096954346 
5.127905368804932 
4.912280559539795 
5.3345232009887695 
5.32649040222168 
7.636902809143066 
5.356779098510742 
5.5314531326293945 
5.3867340087890625 
5.23783016204834 
4.845120429992676 
8.85985279083252 
4.896284580230713 
5.100104331970215 
5.353339195251465 
5.647683620452881 
4.9552083015441895 
5.067564487457275 
7.485488414764404 
5.428467273712158 
5.109584808349609 
5.68547248840332 
5.044397830963135 
5.165498733520508 
5.569198131561279 
5.118453502655029 
5.048558712005615 
5.26059103012085 
5.034078598022461 
6.155510902404785 
5.146003723144531 
6.2937164306640625 
6.135872840881348 
5.372274875640869 
5.259128570556641 
6.966767311096191 
4.904430389404297 
5.202192783355713 
5.0998430252075195 
8.562261581420898 
5.030187606811523 
5.097513198852539 
5.449501037597656 
5.056911468505859 
5.028047561645508 
5.105854034423828 
5.053066730499268 
5.073716163635254 
5.804863929748535 
5.189955234527588 
6.182308673858643 
5.622751235961914 
5.09221076965332 
4.891608238220215 
5.531757354736328 
5.161673069000244 
8.346532821655273 
5.051306247711182 
5.366204261779785 
6.301835536956787 
5.446914196014404 
5.085635185241699 
5.220831871032715 
5.0095930099487305 
6.899426460266113 
6.952946662902832 
4.99381160736084 
5.2776031494140625 
5.001067161560059 
5.155930519104004 
5.600374221801758 
7.920633792877197 
5.004493236541748 
5.54591703414917 
5.170677185058594 
4.819174766540527 
5.831564903259277 
5.204165935516357 
5.246813774108887 
4.937880039215088 
5.18731689453125 
4.879612922668457 
5.034833908081055 
5.156055450439453 
6.215747833251953 
5.025648593902588 
5.074141502380371 
5.336432456970215 
6.605806350708008 
5.14577054977417 
4.952325344085693 
5.0654802322387695 
5.3150715827941895 
5.153663158416748 
6.848260879516602 
6.764050483703613 
5.149530410766602 
5.160214424133301 
4.971456527709961 
5.108835697174072 
5.763490676879883 
5.168294906616211 
9.584890365600586 
5.14309024810791 
4.885930061340332 
5.17925500869751 
5.167931079864502 
4.973799228668213 
5.12622594833374 
6.725724220275879 
5.399114608764648 
5.105637550354004 
5.207711219787598 
5.1820831298828125 
5.097259521484375 
5.412862777709961 
5.495283126831055 
4.91831636428833 
5.226785182952881 
5.095040321350098 
5.922750473022461 
6.491580963134766 
4.991215705871582 
5.156163692474365 
6.92972469329834 
5.975674629211426 
4.867629051208496 
5.097814559936523 
4.897806644439697 
5.667130947113037 
5.759942054748535 
7.838334083557129 
5.095943450927734 
4.997407913208008 
4.88316535949707 
4.873206615447998 
5.005379676818848 
5.880495071411133 
5.296213150024414 
5.072359085083008 
5.033531188964844 
5.048133850097656 
6.729190826416016 
5.37264347076416 
8.056533813476562 
5.127683162689209 
9.11759090423584 
5.461755275726318 
4.795450210571289 
5.5581889152526855 
5.121188640594482 
4.966280937194824 
5.1206865310668945 
5.097690105438232 
5.529783725738525 
5.236052513122559 
4.988034248352051 
6.0014967918396 
5.064952850341797 
5.547187328338623 
7.885690689086914 
5.243742942810059 
5.156777381896973 
6.047616004943848 
5.085158348083496 
5.251227378845215 
6.800329208374023 
6.54624605178833 
4.985342025756836 
4.897132873535156 
4.946847915649414 
5.006502151489258 
5.087347984313965 
5.156086444854736 
5.009983062744141 
5.125375747680664 
5.01277494430542 
8.228375434875488 
5.301150321960449 
4.824136734008789 
6.2999267578125 
5.2434916496276855 
5.472907066345215 
5.151083946228027 
5.070361614227295 
5.376830101013184 
5.234753608703613 
5.572817802429199 
5.139191627502441 
5.1368207931518555 
5.014559268951416 
5.010313987731934 
6.941883087158203 
5.5665082931518555 
5.2331719398498535 
5.71290397644043 
5.275713920593262 
5.1554718017578125 
5.391244411468506 
5.090420722961426 
5.386172294616699 
5.108048439025879 
5.068114280700684 
5.166630268096924 
6.1756792068481445 
5.460112571716309 
5.462477684020996 
4.9092559814453125 
5.5410075187683105 
5.394802093505859 
6.458199501037598 
7.731149673461914 
5.962039947509766 
5.046212196350098 
5.410362243652344 
5.48052453994751 
5.13374137878418 
5.056950569152832 
6.4987311363220215 
7.44307279586792 
5.302221298217773 
5.167726516723633 
6.137026786804199 
5.406264305114746 
5.192441463470459 
5.13175630569458 
5.171041965484619 
5.0527849197387695 
5.566076278686523 
5.549633979797363 
9.054238319396973 
5.638976097106934 
5.238426208496094 
5.125799179077148 
4.981688976287842 
5.008256912231445 
5.114542484283447 
5.0428009033203125 
5.000483989715576 
4.831378936767578 
5.306051254272461 
4.961389541625977 
5.080521583557129 
5.040676116943359 
5.370819091796875 
7.089303493499756 
5.204712867736816 
6.250241279602051 
5.041252613067627 
5.446564674377441 
5.264093399047852 
5.063209533691406 
6.935894966125488 
4.941803932189941 
5.2452521324157715 
5.19887638092041 
5.10969352722168 
5.045619964599609 
5.438604354858398 
5.143348217010498 
5.0198750495910645 
4.962403297424316 
6.655001640319824 
8.677788734436035 
7.9402313232421875 
5.028514862060547 
4.921581268310547 
5.627560138702393 
5.0104498863220215 
5.0246782302856445 
5.326653003692627 
4.939037322998047 
6.721617221832275 
5.189441204071045 
5.350921630859375 
5.110264778137207 
5.155614852905273 
4.97683572769165 
5.1654276847839355 
4.963607311248779 
5.5417327880859375 
5.002618312835693 
5.173654556274414 
5.229456901550293 
5.28078556060791 
5.161834239959717 
4.983846187591553 
4.936944961547852 
5.147439956665039 
5.653060436248779 
5.239266395568848 
6.977046966552734 
5.203736305236816 
5.013572692871094 
5.138615608215332 
8.051589012145996 
4.913785934448242 
5.186307430267334 
5.5769500732421875 
5.1415605545043945 
5.125998497009277 
5.665923118591309 
8.098686218261719 
5.224031925201416 
4.862194061279297 
4.985834121704102 
4.745752811431885 
5.199805736541748 
6.197299480438232 
5.202872276306152 
5.176892280578613 
5.179208278656006 
5.150043487548828 
4.923943519592285 
5.104975700378418 
4.995918273925781 
5.379881858825684 
5.060699939727783 
6.7046990394592285 
5.000054836273193 
5.741855621337891 
9.88913631439209 
5.01307487487793 
5.222785949707031 
5.659774303436279 
5.035993576049805 
5.25151252746582 
5.4620771408081055 
5.110104084014893 
5.918149471282959 
5.742784023284912 
5.021439552307129 
4.894916534423828 
5.162994384765625 
4.862792015075684 
5.1582136154174805 
5.0143632888793945 
5.06115198135376 
4.978269577026367 
5.156059265136719 
5.1072821617126465 
5.039862155914307 
5.213441848754883 
5.107149600982666 
4.954843997955322 
5.171337127685547 
5.855869770050049 
4.9054670333862305 
5.003665924072266 
5.033261299133301 
5.100743293762207 
5.318948745727539 
5.033490180969238 
5.695110321044922 
4.951515197753906 
7.209488391876221 
5.146801948547363 
6.786959648132324 
5.24609899520874 
4.9651288986206055 
8.143712997436523 
5.10490608215332 
5.093615531921387 
5.105504989624023 
4.88360595703125 
5.281291484832764 
5.138001441955566 
5.321572303771973 
6.632669448852539 
5.263448715209961 
4.994809150695801 
5.297041416168213 
5.055683612823486 
5.843925476074219 
5.009917259216309 
5.0450568199157715 
5.5809173583984375 
5.585944652557373 
4.940073013305664 
5.044508457183838 
5.147260665893555 
4.987881183624268 
5.045146942138672 
5.182869911193848 
5.063124656677246 
5.182826042175293 
7.129349231719971 
5.1386823654174805 
5.6756157875061035 
6.811465263366699 
5.215484619140625 
5.358684062957764 
4.822767734527588 
5.0604448318481445 
5.081108093261719 
4.890583038330078 
6.073550224304199 
4.9527740478515625 
5.132107734680176 
5.444018840789795 
5.450488090515137 
5.453477382659912 
5.3684587478637695 
5.099867820739746 
5.6287736892700195 
5.06230354309082 
4.819830894470215 
5.343751430511475 
5.389246463775635 
5.032553672790527 
5.178018569946289 
6.19536828994751 
4.94519567489624 
6.044415473937988 
5.338314056396484 
5.0873823165893555 
4.966670036315918 
7.362038612365723 
5.0458784103393555 
5.429764270782471 
5.670588493347168 
5.3047404289245605 
9.287424087524414 
5.1659440994262695 
4.98261833190918 
8.384425163269043 
5.537014961242676 
5.320697784423828 
4.964290618896484 
6.252006530761719 
5.236511707305908 
5.138180732727051 
5.102020263671875 
5.176753997802734 
5.290511608123779 
5.082085609436035 
5.206966400146484 
5.421586513519287 
5.102707386016846 
5.140681743621826 
5.705197334289551 
5.415975570678711 
5.895216941833496 
5.258838653564453 
5.102008819580078 
5.107773780822754 
5.263453483581543 
5.665624618530273 
5.0853800773620605 
6.323744773864746 
5.437619209289551 
5.186226844787598 
5.093618392944336 
5.226058483123779 
5.057507514953613 
4.948940277099609 
5.131162166595459 
5.007200241088867 
5.796320915222168 
6.932610511779785 
5.52609920501709 
4.9941840171813965 
5.297260761260986 
5.681312561035156 
5.111339569091797 
5.714687347412109 
4.9956817626953125 
4.975370407104492 
5.285083293914795 
6.8334503173828125 
5.162553310394287 
6.289130210876465 
4.949350357055664 
5.746997833251953 
5.5084381103515625 
5.231812477111816 
5.346057891845703 
6.2686052322387695 
5.699942588806152 
6.899852752685547 
5.04341983795166 
5.06796932220459 
5.227811813354492 
7.034043312072754 
5.058759689331055 
5.909625053405762 
5.144123077392578 
5.193295001983643 
4.998046398162842 
5.276968002319336 
5.109864711761475 
6.1172027587890625 
6.736513137817383 
5.102945327758789 
5.438808441162109 
5.133296966552734 
5.085460186004639 
5.216114521026611 
5.317957878112793 
5.993865013122559 
4.988733291625977 
4.99502420425415 
5.147817611694336 
5.110479354858398 
5.36013650894165 
4.966004371643066 
5.071084022521973 
5.223101615905762 
5.191639423370361 
5.258542060852051 
5.135854244232178 
5.092313766479492 
4.936952590942383 
5.160798072814941 
6.041910171508789 
5.14668083190918 
5.2376508712768555 
8.247235298156738 
5.256740570068359 
5.29137659072876 
5.6515116691589355 
6.866493225097656 
5.133502960205078 
7.917189598083496 
5.182257652282715 
5.060502052307129 
5.0707292556762695 
5.127305030822754 
5.051412582397461 
5.113017559051514 
5.364270210266113 
5.1239213943481445 
5.063900470733643 
4.916797637939453 
8.77757453918457 
5.026604652404785 
5.32613468170166 
5.169981956481934 
4.971657752990723 
5.765674591064453 
5.14560604095459 
5.0390706062316895 
5.114301681518555 
5.964827060699463 
4.8856425285339355 
7.280638694763184 
5.050433158874512 
5.22590446472168 
5.484554290771484 
5.025848388671875 
5.6725616455078125 
5.1719207763671875 
6.483756065368652 
5.306486129760742 
5.393590927124023 
5.245028495788574 
5.040108680725098 
5.117495059967041 
5.028148651123047 
5.133666038513184 
5.9546709060668945 
5.1276702880859375 
5.25031852722168 
5.818169593811035 
4.939908981323242 
5.098555564880371 
4.958020210266113 
5.014545440673828 
5.029962062835693 
5.435923099517822 
5.065650463104248 
5.095478057861328 
6.87428092956543 
5.168577194213867 
5.255102157592773 
5.217264175415039 
4.992420196533203 
5.141973495483398 
5.334921836853027 
5.780479907989502 
5.580294609069824 
5.361255645751953 
5.40057373046875 
7.772133827209473 
5.805967807769775 
6.770722389221191 
4.963274002075195 
5.035719394683838 
6.106610298156738 
7.7483320236206055 
5.072088718414307 
5.0450263023376465 
7.033468246459961 
5.0323076248168945 
5.577239036560059 
5.027229309082031 
5.078788757324219 
5.159873008728027 
5.11032772064209 
5.875038146972656 
8.163379669189453 
5.073508262634277 
5.312400817871094 
5.173483848571777 
5.579702377319336 
5.332860469818115 
4.967644214630127 
5.082148551940918 
5.050065040588379 
5.589626789093018 
7.7275214195251465 
5.15554141998291 
5.099664688110352 
5.237812042236328 
5.57557487487793 
5.404367446899414 
5.082610130310059 
4.920804977416992 
6.567255973815918 
5.211879730224609 
6.806022644042969 
5.287368297576904 
5.69450569152832 
5.143660068511963 
5.174381256103516 
5.420166015625 
5.095146656036377 
5.213951110839844 
5.2703986167907715 
7.287041664123535 
5.6206817626953125 
6.502564907073975 
5.061575889587402 
5.243536949157715 
5.358750343322754 
5.126123428344727 
5.227880001068115 
5.776767253875732 
5.061431884765625 
5.785405158996582 
5.147917747497559 
6.51641845703125 
5.976811408996582 
5.151734352111816 
5.780393123626709 
5.548264980316162 
5.377882957458496 
8.306917190551758 
8.003841400146484 
5.302689552307129 
5.485025882720947 
5.312618732452393 
4.865476608276367 
4.972341060638428 
5.011024475097656 
5.195051670074463 
5.153321266174316 
6.389309883117676 
5.1779680252075195 
4.903552055358887 
5.181526184082031 
5.038542747497559 
5.02467155456543 
5.991218566894531 
5.329218864440918 
4.9456939697265625 
5.080716133117676 
5.749787330627441 
5.561412811279297 
5.075225353240967 
5.098361492156982 
5.033464431762695 
4.985195159912109 
5.029662132263184 
5.007844924926758 
5.0460309982299805 
5.831574440002441 
4.944065093994141 
5.039482593536377 
6.503170967102051 
4.848666191101074 
5.158712387084961 
5.23785400390625 
5.522340297698975 
5.390430450439453 
5.11751651763916 
5.023849964141846 
5.237383842468262 
5.799564361572266 
5.349246501922607 
5.035898208618164 
4.984790802001953 
5.216555595397949 
5.103009223937988 
5.017388343811035 
5.061596870422363 
4.9914774894714355 
8.712750434875488 
5.050260543823242 
4.743561267852783 
4.876105308532715 
4.939336776733398 
5.090007305145264 
4.814833164215088 
5.351494789123535 
5.102875232696533 
5.039905071258545 
5.069568157196045 
5.036697864532471 
4.867488861083984 
5.562283515930176 
5.252856254577637 
5.0562028884887695 
5.150400161743164 
5.611430644989014 
5.169635772705078 
8.410651206970215 
8.362337112426758 
5.0229034423828125 
5.143523216247559 
5.047985076904297 
4.93623161315918 
5.191781044006348 
7.922736167907715 
5.594845771789551 
5.06975793838501 
5.098935604095459 
5.543489456176758 
5.032459259033203 
5.1360087394714355 
5.203132629394531 
5.235265731811523 
4.8553643226623535 
5.1945061683654785 
5.1298017501831055 
5.575179100036621 
6.039257526397705 
5.03071928024292 
5.078154563903809 
5.187130928039551 
5.054786682128906 
5.411991119384766 
4.868974685668945 
4.895475387573242 
5.633584022521973 
4.616888999938965 
5.151313781738281 
4.91595458984375 
6.739222526550293 
4.98448371887207 
4.775583267211914 
8.72592544555664 
5.23740291595459 
6.201981544494629 
5.523257732391357 
7.733072280883789 
5.290114879608154 
4.864781379699707 
5.129960536956787 
5.066396713256836 
6.666840076446533 
5.6775102615356445 
5.155141830444336 
5.117480278015137 
5.157033920288086 
6.568870544433594 
5.586403846740723 
6.291425704956055 
4.969245910644531 
5.231321334838867 
5.0068488121032715 
5.061779975891113 
8.835103988647461 
7.67409610748291 
5.215359687805176 
5.318207263946533 
4.929738998413086 
5.293631553649902 
5.824692726135254 
5.227498531341553 
5.069000244140625 
5.271721839904785 
8.28424072265625 
5.515806198120117 
5.247345924377441 
5.093009948730469 
8.979421615600586 
4.9629621505737305 
5.149054527282715 
5.2245683670043945 
5.301778793334961 
5.555215835571289 
4.9512553215026855 
4.981675624847412 
5.19130802154541 
5.058277130126953 
5.133803367614746 
5.05703592300415 
7.906328201293945 
5.198657989501953 
5.148287296295166 
5.101282119750977 
5.296181678771973 
5.351962566375732 
5.097869873046875 
4.97512149810791 
5.0361738204956055 
5.062323093414307 
5.202434062957764 
6.825242042541504 
5.094362258911133 
5.0736613273620605 
5.457242012023926 
5.251402378082275 
5.0597076416015625 
5.159135818481445 
5.031346321105957 
5.194689750671387 
5.299327373504639 
4.965827941894531 
8.208788871765137 
5.172021865844727 
5.216015338897705 
5.418476104736328 
5.088373184204102 
5.163609981536865 
5.009716510772705 
6.8026652336120605 
5.684986114501953 
5.174063205718994 
5.075133800506592 
5.981667518615723 
5.074307441711426 
5.159942626953125 
5.044696807861328 
7.615495204925537 
5.072904586791992 
6.061097621917725 
5.059592247009277 
5.431344985961914 
5.470114707946777 
5.8015947341918945 
5.027615547180176 
5.193425178527832 
7.040722846984863 
5.530760288238525 
5.311429023742676 
5.387754440307617 
5.353896617889404 
6.637998580932617 
7.636086463928223 
5.064090728759766 
5.097908973693848 
5.80813455581665 
5.027517318725586 
5.01329231262207 
5.548725128173828 
5.154732704162598 
5.467226505279541 
5.0436906814575195 
5.104785919189453 
7.710209846496582 
5.433619499206543 
4.995567321777344 
4.842780590057373 
5.042546272277832 
4.984837055206299 
6.099129676818848 
4.993422508239746 
6.545588493347168 
6.76084041595459 
5.021211624145508 
5.109744071960449 
4.959770679473877 
5.1670637130737305 
5.169495582580566 
5.277610778808594 
5.036919593811035 
10.247252464294434 
5.157793998718262 
5.098034858703613 
6.566384792327881 
5.116363525390625 
5.001763343811035 
4.962963104248047 
7.763228416442871 
4.9720540046691895 
5.428027153015137 
5.62925910949707 
5.2813215255737305 
5.494167804718018 
7.472886085510254 
5.049018383026123 
5.736522674560547 
7.624176979064941 
5.0867919921875 
5.100191116333008 
5.0923051834106445 
5.063295364379883 
5.119870185852051 
5.115640640258789 
5.1191606521606445 
6.990897178649902 
6.755732536315918 
4.975564002990723 
5.245150566101074 
6.276217460632324 
5.074977874755859 
5.128566265106201 
4.906274795532227 
5.099747657775879 
5.052887439727783 
5.156245708465576 
5.156270503997803 
5.453126907348633 
6.408530235290527 
5.232144355773926 
5.019555568695068 
5.45587158203125 
5.514369010925293 
5.073399066925049 
4.9243083000183105 
6.431483745574951 
5.575022220611572 
4.93273401260376 
5.070972442626953 
8.693329811096191 
6.251079559326172 
7.122193813323975 
5.293642044067383 
6.20748233795166 
6.458245277404785 
6.406943321228027 
8.148897171020508 
5.469921588897705 
5.114405155181885 
5.270503044128418 
7.970803260803223 
5.182501316070557 
5.232905387878418 
5.433681488037109 
5.18248176574707 
6.352825164794922 
5.787952423095703 
4.91156530380249 
5.560767650604248 
5.095310211181641 
5.323470115661621 
5.46977424621582 
5.07771110534668 
5.032259941101074 
5.777655601501465 
5.0532145500183105 
5.4634246826171875 
5.559446811676025 
5.11524772644043 
5.054592132568359 
5.155168056488037 
5.144809722900391 
5.179330825805664 
5.1950483322143555 
5.100894927978516 
6.414612293243408 
5.101995944976807 
6.288691997528076 
5.023706436157227 
6.667861461639404 
6.756745338439941 
5.187006950378418 
5.185237884521484 
5.621853828430176 
5.374205112457275 
5.910891056060791 
7.114357948303223 
4.878517150878906 
4.967187881469727 
5.128891468048096 
6.845367431640625 
5.053215980529785 
5.035961151123047 
5.1182146072387695 
6.598527908325195 
4.9942121505737305 
6.623345375061035 
5.549740314483643 
5.0411834716796875 
5.572610378265381 
5.057456016540527 
5.257637977600098 
5.68973445892334 
5.030691146850586 
5.1911091804504395 
6.076827526092529 
5.613254070281982 
4.9640703201293945 
6.049160480499268 
4.863118648529053 
5.268477439880371 
5.531115531921387 
5.547271728515625 
5.789189338684082 
5.142214775085449 
5.178338527679443 
7.6270952224731445 
5.271897315979004 
5.305721282958984 
5.1941328048706055 
8.245415687561035 
5.2292890548706055 
5.519298553466797 
4.959500312805176 
5.147243499755859 
4.882514953613281 
5.367575645446777 
5.127674102783203 
6.595309257507324 
5.181109428405762 
5.117238998413086 
5.693470001220703 
5.098718643188477 
4.916895866394043 
8.253491401672363 
5.204192161560059 
5.369879722595215 
5.100796222686768 
6.838026523590088 
5.201938152313232 
5.043449401855469 
5.968249320983887 
5.279601097106934 
5.235919952392578 
5.832758903503418 
5.171506881713867 
5.149958610534668 
5.517845153808594 
5.2141594886779785 
5.0151824951171875 
5.171660423278809 
5.181385040283203 
5.118987083435059 
5.178510665893555 
5.048371315002441 
5.0735673904418945 
5.142446041107178 
5.130934715270996 
4.9900221824646 
8.235121726989746 
4.989107131958008 
5.046889305114746 
5.037369251251221 
5.160782337188721 
4.995944023132324 
5.436213493347168 
5.129262447357178 
5.545529365539551 
6.9089741706848145 
5.198275566101074 
5.000485897064209 
5.282289505004883 
5.359513282775879 
5.124485969543457 
5.21636962890625 
4.950778007507324 
6.7829484939575195 
4.991302013397217 
5.136613845825195 
5.08229923248291 
5.167021751403809 
5.083266258239746 
4.890422344207764 
5.044785022735596 
5.151793479919434 
5.280736923217773 
5.161498069763184 
5.656798362731934 
4.884528160095215 
4.956630706787109 
4.993249893188477 
7.034171104431152 
5.024043560028076 
5.18860387802124 
5.526256084442139 
4.806497573852539 
4.978906631469727 
5.400385856628418 
7.355543613433838 
7.122385025024414 
5.437194347381592 
4.879865646362305 
4.987913131713867 
5.077088356018066 
5.956877708435059 
4.9473395347595215 
5.2037553787231445 
5.071613788604736 
7.347293853759766 
5.27128267288208 
4.9525041580200195 
4.876334190368652 
5.474976539611816 
5.148477554321289 
5.607964038848877 
5.188310623168945 
5.463462829589844 
5.104325294494629 
5.229030609130859 
5.049589157104492 
5.123357772827148 
5.180356979370117 
5.065299034118652 
5.803406715393066 
5.6512556076049805 
5.144773483276367 
4.8694071769714355 
5.0995612144470215 
5.046176433563232 
5.198185920715332 
4.887269973754883 
5.352953910827637 
4.930730819702148 
5.100174903869629 
4.9109015464782715 
5.232864856719971 
5.52797794342041 
5.961874485015869 
8.07509994506836 
5.075651168823242 
5.124333381652832 
5.704272270202637 
5.325901985168457 
5.002735137939453 
5.4153547286987305 
5.883825302124023 
5.1937689781188965 
5.286883354187012 
5.037532806396484 
5.319631576538086 
4.972153663635254 
5.030044078826904 
4.943805694580078 
5.405498504638672 
5.691586494445801 
5.122494220733643 
5.256778717041016 
7.942865371704102 
5.703356742858887 
5.0138654708862305 
5.069245338439941 
5.159650802612305 
5.371102333068848 
5.184723377227783 
5.252871513366699 
5.090088844299316 
5.679494857788086 
5.3531036376953125 
6.041913986206055 
5.245241641998291 
5.250457763671875 
5.332021236419678 
4.926632881164551 
5.040639877319336 
5.182439804077148 
5.201327800750732 
5.168649196624756 
5.024862289428711 
6.3695878982543945 
5.351384162902832 
5.060003280639648 
5.084479331970215 
5.195377349853516 
5.10366153717041 
5.5246171951293945 
5.050119400024414 
5.522587776184082 
5.058014392852783 
5.518564224243164 
6.359160423278809 
7.796216011047363 
5.124074935913086 
5.0756988525390625 
5.128458499908447 
7.70551872253418 
5.6691975593566895 
5.913444995880127 
4.929806709289551 
5.401328086853027 
5.520236492156982 
4.997354507446289 
5.401436805725098 
6.1622185707092285 
6.953963279724121 
5.882683277130127 
5.3835039138793945 
5.012017250061035 
5.08786678314209 
5.333972930908203 
5.077282428741455 
5.5479841232299805 
8.141138076782227 
4.814301490783691 
5.101072788238525 
4.9909515380859375 
5.078246116638184 
4.989387512207031 
7.861361026763916 
4.924966812133789 
4.948482513427734 
8.805695533752441 
5.128584861755371 
5.1660943031311035 
5.9772233963012695 
5.267129421234131 
5.859413146972656 
5.281445503234863 
8.866337776184082 
6.183584690093994 
5.075021743774414 
6.571577072143555 
5.372219562530518 
5.140950679779053 
5.181293487548828 
6.282885551452637 
5.497530937194824 
4.992648601531982 
5.358110427856445 
5.0921950340271 
5.900095462799072 
5.678366661071777 
5.1059136390686035 
5.054081916809082 
4.811518669128418 
4.927366733551025 
5.705488204956055 
7.788662433624268 
5.122572422027588 
6.978996753692627 
5.43470573425293 
5.07713508605957 
5.12200403213501 
5.051289081573486 
5.111339569091797 
5.003935813903809 
5.199384689331055 
5.102659225463867 
5.111517429351807 
6.559575080871582 
4.958511829376221 
5.296319007873535 
4.981236457824707 
5.386026382446289 
6.215063095092773 
5.171944618225098 
5.790433406829834 
5.279388904571533 
5.052675247192383 
5.5845627784729 
5.392897605895996 
5.098578453063965 
5.53857421875 
4.981477737426758 
5.043395042419434 
5.309191703796387 
5.149564743041992 
5.06376838684082 
4.924030303955078 
6.243764877319336 
7.409502029418945 
5.164259910583496 
5.106752395629883 
4.8607940673828125 
5.0299482345581055 
5.806830406188965 
5.0075483322143555 
7.1739091873168945 
5.112402439117432 
5.744986534118652 
5.757514953613281 
5.118897438049316 
5.393625259399414 
4.924328327178955 
5.25069522857666 
4.939416885375977 
5.634781837463379 
5.371415138244629 
5.587673187255859 
5.119603157043457 
5.695674896240234 
6.630888938903809 
4.9194183349609375 
5.199064254760742 
7.1393609046936035 
5.0865888595581055 
5.623212814331055 
4.968374252319336 
5.086093902587891 
6.405722141265869 
5.162450790405273 
5.177033424377441 
5.183096885681152 
5.290085792541504 
6.024301528930664 
5.125962257385254 
4.899850845336914 
4.968467712402344 
5.041515827178955 
5.8982462882995605 
6.795525550842285 
5.346409797668457 
5.174448013305664 
5.102448463439941 
5.187620162963867 
5.285648345947266 
8.998391151428223 
4.993610382080078 
5.280045032501221 
6.199737548828125 
5.277629852294922 
5.12584114074707 
5.270129203796387 
5.246639728546143 
5.2556681632995605 
5.134543418884277 
7.205633163452148 
5.08657169342041 
5.9806036949157715 
5.177290916442871 
4.995294094085693 
5.042604446411133 
5.182446479797363 
5.514228343963623 
5.2495198249816895 
5.18018913269043 
5.388754367828369 
7.85333251953125 
7.000947952270508 
7.058563709259033 
5.008499622344971 
5.180331230163574 
4.9753618240356445 
7.1805500984191895 
5.215229034423828 
4.899044990539551 
4.988035202026367 
5.388080596923828 
5.245516777038574 
5.134918212890625 
5.352023601531982 
5.114608287811279 
7.3412981033325195 
7.294788837432861 
5.389862060546875 
5.155849456787109 
5.016905784606934 
6.770456314086914 
6.019364356994629 
6.131200790405273 
5.061384201049805 
5.134914398193359 
5.607877731323242 
5.034252166748047 
6.814133644104004 
6.024524688720703 
4.973760604858398 
6.181870460510254 
5.057568550109863 
5.253332138061523 
7.458993434906006 
5.591273784637451 
7.30411434173584 
4.954056739807129 
4.99726676940918 
5.57019567489624 
5.429457187652588 
5.521346092224121 
5.212797164916992 
5.114937782287598 
5.122799873352051 
5.195321083068848 
5.205199241638184 
5.388430118560791 
4.885546684265137 
5.006051540374756 
5.32975435256958 
7.300341606140137 
7.391751289367676 
5.052435874938965 
4.90373420715332 
5.315127372741699 
5.122165679931641 
7.283153533935547 
5.143091678619385 
5.231359481811523 
4.985789775848389 
5.266031265258789 
7.158261299133301 
5.342292785644531 
5.045596122741699 
5.678007125854492 
4.999493598937988 
5.175223350524902 
5.145184516906738 
5.812050819396973 
4.9590559005737305 
5.061799049377441 
5.156337738037109 
5.274160385131836 
5.601174354553223 
8.558192253112793 
5.158159255981445 
5.598066329956055 
6.839400768280029 
5.1120924949646 
5.230273246765137 
5.541009902954102 
5.331612586975098 
5.328456401824951 
5.717476844787598 
6.231642723083496 
5.665837287902832 
5.143851280212402 
5.168128490447998 
5.827617168426514 
7.263215065002441 
5.288628578186035 
5.223017692565918 
5.073855400085449 
6.148835182189941 
5.324209690093994 
5.010663032531738 
6.377077102661133 
4.90886926651001 
5.060092449188232 
5.113124847412109 
7.863682746887207 
5.160659313201904 
6.264981269836426 
4.974823474884033 
5.331836700439453 
6.645219802856445 
5.6277313232421875 
5.504449367523193 
5.136852264404297 
8.199987411499023 
5.043208122253418 
5.10006856918335 
4.925318717956543 
6.871514320373535 
5.036851406097412 
5.065284729003906 
5.730368614196777 
4.9498677253723145 
5.516271591186523 
5.133020401000977 
5.313809394836426 
5.279272079467773 
5.517426013946533 
7.822201728820801 
5.116805076599121 
5.590825080871582 
5.184684753417969 
5.2809624671936035 
5.200417995452881 
8.63741397857666 
6.258365631103516 
4.942055702209473 
6.097411155700684 
7.087834358215332 
5.502284526824951 
6.8021440505981445 
5.1482391357421875 
5.86018705368042 
5.172361373901367 
5.126554489135742 
5.6301984786987305 
4.97257661819458 
5.044126510620117 
5.240732669830322 
5.155387878417969 
6.728812217712402 
5.394458770751953 
5.063539028167725 
6.8772125244140625 
5.049771308898926 
5.149829864501953 
5.527300834655762 
5.565122604370117 
7.378745079040527 
5.096857070922852 
9.590373039245605 
5.031301498413086 
7.711148262023926 
5.577733993530273 
5.206963539123535 
5.286364555358887 
4.965113639831543 
6.97916841506958 
5.0060200691223145 
5.165384769439697 
5.290523529052734 
6.1388044357299805 
5.136971950531006 
6.227705478668213 
5.146448612213135 
5.003105163574219 
5.117959976196289 
5.18370246887207 
5.3772077560424805 
5.259670734405518 
6.5939435958862305 
5.044551372528076 
4.824238300323486 
4.953594207763672 
5.129312992095947 
5.0136799812316895 
5.094260215759277 
5.3472137451171875 
5.053739547729492 
5.014841079711914 
5.068598747253418 
6.756332874298096 
5.360037326812744 
4.89536190032959 
5.217376708984375 
6.6350908279418945 
5.104241371154785 
6.498751640319824 
5.058144569396973 
4.991415500640869 
4.9914045333862305 
7.337985992431641 
9.82308292388916 
5.304263114929199 
7.727128505706787 
5.3119635581970215 
5.0954999923706055 
5.0658416748046875 
5.506866455078125 
5.058051109313965 
7.6159844398498535 
4.988095283508301 
4.992584705352783 
5.217474937438965 
5.033050537109375 
5.703333854675293 
4.969502925872803 
5.06014347076416 
4.880708694458008 
6.684939384460449 
5.270696640014648 
5.190530776977539 
5.90641450881958 
4.93161153793335 
5.973020553588867 
5.146755218505859 
8.190452575683594 
5.177272796630859 
5.517971038818359 
4.732874393463135 
5.20013952255249 
4.891454696655273 
9.648565292358398 
6.753231048583984 
6.835160732269287 
5.072053909301758 
5.092913627624512 
5.438067436218262 
5.935254096984863 
5.016977310180664 
5.155646800994873 
8.567789077758789 
5.073577880859375 
6.082453727722168 
5.518247127532959 
4.955423355102539 
4.991976261138916 
5.291100025177002 
5.017387866973877 
7.587430000305176 
5.219847679138184 
5.752083778381348 
4.9187774658203125 
5.021368026733398 
5.178112983703613 
5.733586311340332 
5.201765537261963 
5.49998664855957 
5.720803737640381 
5.066343307495117 
5.31745719909668 
5.214177131652832 
5.293534278869629 
5.879391670227051 
5.010919570922852 
5.112856864929199 
8.08433723449707 
5.3837385177612305 
5.406261444091797 
6.113266944885254 
5.095466613769531 
5.207431793212891 
5.438105583190918 
5.1076202392578125 
5.155713081359863 
4.962153434753418 
5.110522270202637 
6.588889122009277 
6.106431007385254 
4.9395365715026855 
5.438298225402832 
4.925178527832031 
5.097240447998047 
4.86909294128418 
4.959611892700195 
7.837669372558594 
5.0226335525512695 
5.107245445251465 
5.028141975402832 
5.130342483520508 
5.3470258712768555 
5.319130897521973 
5.148735523223877 
4.983964920043945 
5.061283111572266 
5.005068778991699 
4.96009635925293 
6.648990631103516 
5.818598747253418 
5.084527969360352 
5.033185958862305 
9.066445350646973 
5.025974273681641 
5.055868625640869 
5.137014389038086 
8.130739212036133 
9.108799934387207 
5.173155784606934 
5.021020412445068 
5.359628677368164 
4.9282965660095215 
5.25583553314209 
4.979340553283691 
4.89750337600708 
5.1340227127075195 
4.9756035804748535 
5.528041839599609 
8.044026374816895 
5.145597457885742 
5.552461624145508 
5.072574615478516 
5.203047752380371 
5.641247749328613 
5.10533332824707 
5.0901198387146 
5.189677715301514 
6.602919578552246 
8.617095947265625 
5.205981254577637 
4.93458890914917 
6.026557922363281 
5.27407169342041 
5.000506401062012 
5.082113265991211 
5.117952823638916 
5.14590311050415 
5.830588340759277 
6.0370635986328125 
5.139200210571289 
5.145205974578857 
4.978578567504883 
5.039303779602051 
4.952228546142578 
5.012968063354492 
5.022797584533691 
6.864936351776123 
5.049771308898926 
6.526249885559082 
5.012129306793213 
5.112861633300781 
5.428099632263184 
5.369276523590088 
5.084599494934082 
6.974425315856934 
6.793128490447998 
5.814754009246826 
4.923454284667969 
4.9803466796875 
6.025312900543213 
5.012001037597656 
7.173998832702637 
5.576662063598633 
5.053821563720703 
5.522514343261719 
4.905967712402344 
5.182210445404053 
5.104181289672852 
5.245656490325928 
5.142683506011963 
4.840296745300293 
6.167665481567383 
5.43653678894043 
9.157612800598145 
5.291512489318848 
6.023308753967285 
5.041568279266357 
5.012348175048828 
5.1608476638793945 
4.94281005859375 
6.948558330535889 
8.314318656921387 
5.152252197265625 
6.193461894989014 
5.474464416503906 
5.172379016876221 
6.875800132751465 
5.826682090759277 
4.979238986968994 
4.86482048034668 
5.193142890930176 
5.144784927368164 
7.5467529296875 
5.327129364013672 
6.8269782066345215 
5.759787082672119 
5.093166828155518 
4.999679088592529 
5.208285331726074 
5.455817699432373 
5.614433765411377 
5.367348670959473 
5.023360252380371 
5.397933483123779 
5.204170227050781 
6.171280860900879 
8.504878044128418 
5.363578796386719 
4.944124221801758 
6.310773849487305 
5.3967790603637695 
4.987825393676758 
8.548630714416504 
5.088137149810791 
5.135478973388672 
7.828027725219727 
6.920480251312256 
5.089362144470215 
5.078005790710449 
5.163464546203613 
5.018073081970215 
5.145650863647461 
5.452334403991699 
6.254997253417969 
5.104741096496582 
4.962930679321289 
5.800233840942383 
5.06679630279541 
5.600461006164551 
5.803699493408203 
7.411869525909424 
5.192598819732666 
5.3244524002075195 
6.637897491455078 
4.964073181152344 
5.045296669006348 
5.372743606567383 
7.112654685974121 
5.075869560241699 
4.998203754425049 
5.033189296722412 
5.122395038604736 
4.980721473693848 
5.606745719909668 
5.126812934875488 
4.995485305786133 
5.370996475219727 
5.325641632080078 
5.34139347076416 
5.0884504318237305 
5.007206916809082 
5.4262800216674805 
5.0199809074401855 
6.141726016998291 
7.471609592437744 
5.047097206115723 
5.173856258392334 
5.152300834655762 
5.210782051086426 
5.265427589416504 
6.441437721252441 
5.973443984985352 
7.997766017913818 
5.7270307540893555 
5.010502338409424 
5.63862943649292 
4.995927810668945 
5.528715133666992 
5.702429294586182 
4.981417655944824 
5.142123222351074 
5.060105323791504 
5.066324234008789 
4.995606422424316 
5.01600980758667 
5.051938533782959 
5.176630973815918 
4.987704277038574 
5.009629249572754 
4.943303108215332 
4.7863664627075195 
5.489205837249756 
5.160356521606445 
5.442183971405029 
7.785204887390137 
5.145299434661865 
6.583670616149902 
5.12701940536499 
6.1633501052856445 
4.9346089363098145 
5.730485916137695 
5.089003562927246 
5.239044189453125 
5.255855083465576 
6.024886608123779 
5.083035469055176 
5.038570404052734 
5.155379295349121 
5.407423973083496 
5.341892242431641 
5.045792579650879 
9.155259132385254 
6.578468322753906 
6.33172607421875 
4.930268287658691 
5.381392478942871 
5.093996047973633 
5.092193603515625 
5.82831335067749 
4.918303966522217 
5.318293571472168 
5.295854091644287 
5.095790386199951 
5.294247627258301 
5.103989601135254 
6.439558982849121 
5.232721328735352 
5.1606645584106445 
5.087710380554199 
7.305903434753418 
6.928318977355957 
4.914196491241455 
5.378703594207764 
5.268853187561035 
4.993167877197266 
4.953315258026123 
5.126493453979492 
5.262337684631348 
9.091097831726074 
6.62897253036499 
5.2621588706970215 
5.370802402496338 
6.70306396484375 
5.128449440002441 
5.542063236236572 
5.418055534362793 
5.046223163604736 
5.098388671875 
5.021777629852295 
6.42344856262207 
5.041879653930664 
5.130777359008789 
4.967077255249023 
5.967557430267334 
5.400415420532227 
5.6395111083984375 
5.064013481140137 
5.308065414428711 
5.4196038246154785 
5.119213104248047 
7.330925941467285 
5.453831672668457 
5.622014999389648 
6.983607292175293 
5.158102035522461 
5.102433681488037 
6.201381683349609 
5.0749287605285645 
8.170177459716797 
5.521751403808594 
5.339321613311768 
5.093404769897461 
5.247984886169434 
5.302970886230469 
5.07833194732666 
5.252052307128906 
5.183865070343018 
5.076398849487305 
5.250918388366699 
5.275829315185547 
5.049203872680664 
5.448307991027832 
5.1264872550964355 
5.030821800231934 
5.321245193481445 
5.06717586517334 
5.203618049621582 
5.004697799682617 
5.070863723754883 
8.630576133728027 
5.188321113586426 
7.850221633911133 
4.969228267669678 
5.1976318359375 
5.076194763183594 
5.099130630493164 
5.858373641967773 
5.119144916534424 
5.001715660095215 
5.804719924926758 
4.9608306884765625 
5.209481239318848 
6.576594352722168 
5.3455610275268555 
5.108458042144775 
6.022414207458496 
5.262217044830322 
5.094265937805176 
4.8968505859375 
5.615293979644775 
6.690846920013428 
4.888660430908203 
5.095331192016602 
5.869151592254639 
5.174241065979004 
4.9572248458862305 
5.254177093505859 
5.770071983337402 
5.127321243286133 
5.084953308105469 
4.935791969299316 
5.167701721191406 
5.091191291809082 
5.064560890197754 
5.376483917236328 
5.204988956451416 
4.963647842407227 
4.938525199890137 
4.954237937927246 
5.028037071228027 
5.039897441864014 
6.621330261230469 
5.741291046142578 
5.247565269470215 
5.322441577911377 
5.101726531982422 
5.024753093719482 
5.212009429931641 
5.327927112579346 
5.097869873046875 
5.71169376373291 
9.639996528625488 
4.821845054626465 
6.248440742492676 
5.362371444702148 
5.069084644317627 
5.143150329589844 
5.39279842376709 
5.314973831176758 
7.649537563323975 
5.099168300628662 
4.877432823181152 
4.988790512084961 
5.252372741699219 
4.98501443862915 
5.035195350646973 
4.99390172958374 
5.024585247039795 
5.059385299682617 
5.079174041748047 
6.226815700531006 
5.049815654754639 
7.690647602081299 
7.045269012451172 
5.945313930511475 
4.811924934387207 
4.967644691467285 
5.107649803161621 
5.058965682983398 
5.771915912628174 
5.206256866455078 
4.986209869384766 
5.171573638916016 
5.950942039489746 
5.147249698638916 
5.107368469238281 
5.246611595153809 
5.459807395935059 
5.347806453704834 
5.119096279144287 
5.052278518676758 
5.394866943359375 
6.512081146240234 
5.044930934906006 
5.149320125579834 
4.6744384765625 
5.3596696853637695 
5.93471622467041 
5.245980262756348 
4.975266456604004 
5.761810779571533 
5.135468006134033 
5.032641410827637 
5.033573627471924 
5.175350189208984 
6.441901206970215 
5.270668029785156 
6.021893501281738 
5.185671806335449 
5.125897407531738 
5.402157783508301 
5.15963077545166 
5.025635719299316 
6.727133750915527 
6.203237533569336 
5.164273262023926 
5.107683181762695 
5.230101108551025 
5.129157543182373 
5.009485721588135 
5.822748184204102 
5.2472333908081055 
5.052531719207764 
4.952775001525879 
5.488533973693848 
5.110714435577393 
6.3321990966796875 
5.174282073974609 
5.082075595855713 
5.0230913162231445 
5.2993292808532715 
6.918205261230469 
5.161314964294434 
5.487695693969727 
6.72706413269043 
5.347639083862305 
5.222475051879883 
6.953432083129883 
5.58424711227417 
5.14190149307251 
5.219304084777832 
5.15786075592041 
6.117450714111328 
5.2318620681762695 
5.1361284255981445 
6.751342296600342 
5.265262603759766 
5.191415786743164 
5.253305435180664 
5.110751152038574 
5.119296550750732 
6.4173407554626465 
5.444969177246094 
5.7515692710876465 
5.499384880065918 
5.3340044021606445 
5.177082061767578 
5.187479496002197 
5.3283491134643555 
5.365811347961426 
6.067310333251953 
4.923860549926758 
4.942425727844238 
5.008744239807129 
4.989411354064941 
4.959464073181152 
5.447007179260254 
5.189668655395508 
5.088916778564453 
4.9324846267700195 
5.134726047515869 
5.19187593460083 
6.349696159362793 
5.13614559173584 
6.4526472091674805 
4.8334503173828125 
5.086947441101074 
5.0170087814331055 
5.084724426269531 
5.284361362457275 
6.191854953765869 
6.79979133605957 
5.381402015686035 
5.553613662719727 
5.071535110473633 
7.855854034423828 
5.27833366394043 
5.923651695251465 
5.163271903991699 
4.978045463562012 
5.1538591384887695 
5.200973987579346 
5.173391342163086 
5.1021013259887695 
5.133238792419434 
5.386777400970459 
9.303336143493652 
5.11318302154541 
5.16632604598999 
6.054152488708496 
5.083674430847168 
4.933895111083984 
6.865476608276367 
8.241969108581543 
5.002197742462158 
5.0434956550598145 
5.109435558319092 
5.128353118896484 
5.718969345092773 
8.9149751663208 
5.09498405456543 
4.983395576477051 
5.051252365112305 
5.093576431274414 
5.042913913726807 
5.637357711791992 
5.256526947021484 
4.834800720214844 
5.0948100090026855 
5.856925010681152 
5.335977554321289 
5.137429237365723 
4.762975692749023 
5.438695907592773 
5.425317764282227 
5.128854751586914 
7.500075817108154 
4.984972953796387 
5.409509658813477 
5.112117767333984 
4.928031921386719 
6.692873954772949 
5.6419596672058105 
5.249892234802246 
5.180972099304199 
5.0924272537231445 
5.061179161071777 
5.159725666046143 
5.1899614334106445 
5.270303726196289 
5.166698932647705 
5.153430938720703 
5.052420139312744 
5.255549430847168 
5.398066520690918 
5.118987083435059 
4.9407148361206055 
6.473205089569092 
5.695598602294922 
5.310006141662598 
5.810619354248047 
5.019815444946289 
5.460207939147949 
4.937835693359375 
5.164194107055664 
5.302062034606934 
5.163931369781494 
5.836921691894531 
6.256953239440918 
5.369898796081543 
4.9839935302734375 
5.0115509033203125 
5.146630764007568 
5.194048881530762 
5.117639541625977 
6.096048355102539 
4.921220779418945 
5.158563137054443 
5.5773606300354 
5.426548004150391 
6.675577163696289 
5.096812725067139 
5.157668113708496 
4.899681091308594 
5.1011199951171875 
5.0657477378845215 
5.108920097351074 
5.105312347412109 
5.471985340118408 
5.077737808227539 
4.98731803894043 
5.03587532043457 
4.981814384460449 
4.8804802894592285 
6.9377946853637695 
5.045997619628906 
5.175341606140137 
5.514659881591797 
5.130039691925049 
5.067525863647461 
4.978177547454834 
4.998538970947266 
5.241481781005859 
4.885925769805908 
5.14829158782959 
5.081265449523926 
5.335858345031738 
5.08094596862793 
6.179659843444824 
5.047565460205078 
5.098417282104492 
5.797554969787598 
5.368646621704102 
5.238627910614014 
4.8743791580200195 
6.358914852142334 
5.049927711486816 
5.968420028686523 
4.941273212432861 
5.172492027282715 
4.953688621520996 
5.083096027374268 
8.287918090820312 
5.048736572265625 
5.239282608032227 
5.058811187744141 
5.108953952789307 
5.098282814025879 
5.266572952270508 
6.297482490539551 
9.36223316192627 
5.585360527038574 
5.076651573181152 
5.0156121253967285 
5.23105525970459 
7.717231273651123 
4.953597068786621 
9.54271411895752 
5.0528364181518555 
7.2247538566589355 
5.327846050262451 
7.151276111602783 
6.084911823272705 
6.321670055389404 
5.053145408630371 
5.255051612854004 
4.894675254821777 
7.106932163238525 
5.962520599365234 
5.202093601226807 
5.0167236328125 
8.661660194396973 
6.187005519866943 
5.127170085906982 
4.996160507202148 
4.924771308898926 
5.02228307723999 
5.231418132781982 
5.2263593673706055 
5.288486957550049 
5.109156131744385 
5.108823776245117 
5.718576908111572 
5.653878211975098 
5.11906623840332 
5.300481796264648 
5.1224870681762695 
5.1239142417907715 
5.59855842590332 
5.34464168548584 
6.875104904174805 
7.348026752471924 
5.019411563873291 
6.113577842712402 
9.809706687927246 
5.693912029266357 
5.165893077850342 
5.760540962219238 
5.686113357543945 
5.832486152648926 
4.98674201965332 
5.527214050292969 
5.235285758972168 
4.833682060241699 
6.73066520690918 
5.115375518798828 
5.105037689208984 
8.449766159057617 
5.04165506362915 
5.981060981750488 
5.080138206481934 
6.362118721008301 
5.101845741271973 
5.312109470367432 
6.777473449707031 
5.4366044998168945 
4.890857219696045 
5.076448440551758 
6.543129920959473 
6.4277424812316895 
5.155535697937012 
5.121068000793457 
5.213146209716797 
5.098135948181152 
5.514206886291504 
5.184122085571289 
5.084948539733887 
5.324508190155029 
4.870561599731445 
5.296811580657959 
5.196554183959961 
4.9780073165893555 
5.680750846862793 
5.1529741287231445 
4.984169960021973 
5.239208221435547 
5.418221950531006 
5.123933792114258 
6.325680255889893 
5.1348161697387695 
5.198310852050781 
5.048516273498535 
5.245004177093506 
5.357724189758301 
5.087529182434082 
5.156808853149414 
5.151095867156982 
8.227684020996094 
5.049155235290527 
5.103694915771484 
6.582019805908203 
7.8516764640808105 
5.3178935050964355 
5.7294816970825195 
4.9810590744018555 
7.179790496826172 
5.174158096313477 
5.117516994476318 
5.233170509338379 
5.325247764587402 
5.106734275817871 
5.633458614349365 
7.386253356933594 
5.128331184387207 
8.90068531036377 
5.074998378753662 
4.896636962890625 
5.6720709800720215 
5.04560661315918 
5.176385879516602 
5.040439605712891 
5.236238479614258 
6.875810623168945 
5.241162300109863 
4.83172607421875 
5.129593849182129 
5.15101432800293 
4.880634307861328 
5.498773097991943 
5.252827167510986 
5.231439590454102 
5.191298484802246 
7.13033390045166 
5.0743794441223145 
5.3705291748046875 
5.231672763824463 
5.007500648498535 
5.234318256378174 
5.0550994873046875 
5.076883316040039 
5.538561820983887 
5.043167591094971 
5.05010986328125 
5.076921463012695 
5.569899559020996 
7.452191352844238 
5.030030727386475 
5.149238109588623 
5.095759391784668 
5.1378350257873535 
5.46238899230957 
5.131515026092529 
8.724311828613281 
5.658675193786621 
5.238909721374512 
5.042971134185791 
4.953460693359375 
5.2287092208862305 
5.343484878540039 
5.370827674865723 
6.554503917694092 
4.941556453704834 
5.016613960266113 
5.381014823913574 
5.483669281005859 
5.428308486938477 
5.171970367431641 
5.460111618041992 
5.0915937423706055 
5.504835605621338 
5.279318332672119 
5.1821770668029785 
5.8035407066345215 
4.965830326080322 
4.942442417144775 
5.243271350860596 
5.258746147155762 
5.2780327796936035 
5.147104263305664 
5.056540012359619 
6.342940330505371 
5.259072780609131 
5.300720691680908 
5.433115005493164 
5.061585426330566 
6.259277820587158 
5.943240165710449 
4.93202543258667 
5.9340500831604 
5.134494781494141 
5.2108659744262695 
5.053842544555664 
6.120840072631836 
5.003565311431885 
6.947766304016113 
5.430395603179932 
5.024683952331543 
4.727451324462891 
5.680574893951416 
4.999884605407715 
4.97655725479126 
5.1633172035217285 
5.183995723724365 
5.907322883605957 
5.731429100036621 
5.044092178344727 
5.1564764976501465 
6.688594341278076 
5.172906875610352 
6.662570953369141 
5.023695945739746 
4.769712448120117 
5.144453525543213 
5.785040855407715 
4.9984450340271 
6.867681503295898 
5.819540023803711 
6.163965225219727 
5.018976211547852 
4.966569423675537 
5.737362861633301 
5.070178031921387 
9.11865234375 
5.485958099365234 
5.061428070068359 
9.045193672180176 
5.229862689971924 
4.967837810516357 
5.063103199005127 
5.018556118011475 
5.045204162597656 
5.529907703399658 
5.191009998321533 
6.064966201782227 
5.203773021697998 
6.737833499908447 
5.414701461791992 
5.0987396240234375 
5.136026382446289 
6.303011894226074 
5.3273725509643555 
7.276453018188477 
5.03757905960083 
5.1516265869140625 
5.092345714569092 
5.062101364135742 
5.305677890777588 
5.040148735046387 
4.94736909866333 
5.758888244628906 
4.915375709533691 
5.144534111022949 
5.325922966003418 
6.667040824890137 
5.0680036544799805 
5.631383895874023 
5.223762035369873 
4.984897136688232 
6.130420684814453 
5.288632869720459 
5.164502143859863 
5.161918640136719 
5.33467435836792 
4.901366233825684 
8.355552673339844 
5.171806335449219 
5.1065874099731445 
5.498524188995361 
5.013003349304199 
4.998640060424805 
5.282464981079102 
8.237757682800293 
5.836459159851074 
5.179999828338623 
5.21037483215332 
5.084103584289551 
5.053586959838867 
5.254852771759033 
5.035602569580078 
5.257140636444092 
4.944261074066162 
5.768533229827881 
4.888935565948486 
5.094700813293457 
5.293799877166748 
4.95481014251709 
5.087270736694336 
5.210361003875732 
4.897781848907471 
5.1621246337890625 
5.224913597106934 
5.0680952072143555 
5.1212158203125 
5.075089454650879 
5.234650135040283 
5.1916093826293945 
5.0697245597839355 
5.098308086395264 
6.650270462036133 
5.158265113830566 
5.094714164733887 
6.507348537445068 
4.995136737823486 
5.27587366104126 
5.080806255340576 
5.97550630569458 
5.1566009521484375 
5.013263702392578 
5.247984409332275 
5.878109455108643 
5.261971950531006 
5.147969722747803 
5.368837833404541 
5.179021835327148 
8.343009948730469 
5.091434478759766 
5.222105026245117 
5.248824119567871 
5.828199863433838 
5.270846366882324 
5.107378005981445 
8.59488582611084 
5.20910120010376 
6.368733882904053 
6.220129013061523 
5.157215118408203 
7.510069847106934 
5.07876443862915 
5.318708896636963 
5.031152725219727 
5.323266983032227 
5.258655071258545 
5.450385570526123 
5.974390506744385 
5.298127174377441 
5.093112945556641 
4.9182963371276855 
5.17240047454834 
5.250186443328857 
5.067019462585449 
4.887362003326416 
5.031062126159668 
4.9461669921875 
5.04704475402832 
7.254181385040283 
4.919661521911621 
5.466917991638184 
5.020007133483887 
5.611711502075195 
5.221892833709717 
4.97525691986084 
5.3867950439453125 
5.274722099304199 
5.327361583709717 
5.137879848480225 
6.224803924560547 
5.211884498596191 
4.931166172027588 
5.048648834228516 
4.912405490875244 
6.921926498413086 
7.578202247619629 
5.342246055603027 
5.3631486892700195 
5.023480415344238 
4.975379943847656 
5.603609085083008 
5.237448692321777 
5.178182125091553 
5.6180572509765625 
5.022889137268066 
7.912411689758301 
5.104897499084473 
5.3297810554504395 
5.203282833099365 
5.043749809265137 
4.903164863586426 
5.224466800689697 
4.959514617919922 
6.739382266998291 
5.288752555847168 
5.064751148223877 
5.746048927307129 
5.110576629638672 
8.936066627502441 
5.039470672607422 
5.701006889343262 
5.060845375061035 
8.277826309204102 
5.362520217895508 
6.1241455078125 
5.041689395904541 
5.227149963378906 
5.462833404541016 
5.920206069946289 
5.901331901550293 
5.044086456298828 
5.040988445281982 
4.9612836837768555 
7.333006381988525 
5.114460468292236 
6.590144634246826 
5.109758377075195 
5.08132791519165 
6.789759635925293 
5.294867515563965 
5.153981685638428 
7.776939392089844 
5.174561977386475 
5.577474594116211 
5.122562408447266 
5.216764450073242 
4.845113277435303 
6.327971458435059 
4.880101203918457 
6.328104019165039 
5.159533500671387 
5.272558212280273 
5.943909168243408 
5.008918762207031 
5.022889614105225 
5.90938138961792 
5.419320106506348 
5.238523006439209 
5.9417853355407715 
5.062591552734375 
5.066715240478516 
5.4195966720581055 
5.6369781494140625 
6.513123512268066 
5.094221591949463 
5.132561206817627 
5.115694522857666 
5.116237640380859 
5.111048698425293 
7.957184314727783 
5.181374549865723 
4.981201171875 
5.060108184814453 
5.301999092102051 
5.016526699066162 
6.432468414306641 
4.906526565551758 
5.532323837280273 
5.191802978515625 
5.510296821594238 
6.207305908203125 
5.315718650817871 
5.255147457122803 
4.975842475891113 
5.323890209197998 
5.546295166015625 
5.709507942199707 
5.136734962463379 
5.520505905151367 
5.103758811950684 
5.219642162322998 
5.072837829589844 
5.0567402839660645 
5.2217116355896 
6.343441963195801 
5.445845127105713 
6.488855361938477 
5.337798118591309 
5.645102024078369 
5.66766357421875 
5.079803466796875 
5.070082664489746 
4.941642761230469 
5.159460067749023 
5.006277561187744 
6.389909744262695 
5.117579936981201 
4.9402618408203125 
5.259014129638672 
5.417367935180664 
5.1251630783081055 
5.324854850769043 
5.278633117675781 
5.053105354309082 
6.487142562866211 
5.020883560180664 
4.843386650085449 
5.772693634033203 
5.232587814331055 
4.9318437576293945 
7.430893898010254 
5.390438556671143 
5.3451690673828125 
5.327258110046387 
5.127613067626953 
5.093089580535889 
7.343932628631592 
5.13558292388916 
5.395787239074707 
4.918769836425781 
5.676516056060791 
6.5529255867004395 
5.125223159790039 
5.1600260734558105 
5.114780426025391 
8.969202995300293 
5.358323097229004 
6.606420993804932 
5.326364517211914 
5.8436994552612305 
5.654416084289551 
5.050619125366211 
5.226200103759766 
5.113757610321045 
5.097982883453369 
5.20621395111084 
5.192277431488037 
5.021014213562012 
5.09259557723999 
5.3794331550598145 
5.1790618896484375 
5.8887176513671875 
4.964796543121338 
5.10249137878418 
5.131803512573242 
8.531487464904785 
5.964881896972656 
5.053340911865234 
4.885514259338379 
5.25563907623291 
5.114748001098633 
5.212298393249512 
4.95720100402832 
5.396579742431641 
4.915522575378418 
5.0476202964782715 
5.330446243286133 
4.981313705444336 
5.557917594909668 
5.095765113830566 
6.745449066162109 
5.059833526611328 
10.056899070739746 
5.196556091308594 
5.338412284851074 
5.147745609283447 
6.726714134216309 
5.150117874145508 
5.130288124084473 
5.134480953216553 
5.140300273895264 
8.274977684020996 
5.366677284240723 
5.176296234130859 
4.94428014755249 
5.026145935058594 
4.965592384338379 
9.58152961730957 
5.375001907348633 
5.007081031799316 
6.374806880950928 
4.875187873840332 
5.125603675842285 
5.000197410583496 
5.184548854827881 
6.147407054901123 
5.2188825607299805 
5.043380260467529 
5.10931921005249 
5.272845268249512 
5.437194347381592 
7.124855995178223 
7.538290023803711 
5.480739593505859 
4.902170658111572 
5.792485237121582 
5.122028350830078 
5.725157260894775 
5.013663291931152 
5.552376747131348 
4.854196071624756 
5.106265068054199 
4.9289140701293945 
6.244418144226074 
5.548493385314941 
5.176627159118652 
5.154914379119873 
4.9430928230285645 
5.504697799682617 
6.313279151916504 
5.013986110687256 
5.7542009353637695 
5.076085090637207 
6.226083755493164 
5.398603439331055 
5.3394775390625 
5.392421245574951 
5.809649467468262 
5.061185836791992 
5.048103332519531 
8.03963851928711 
6.855335235595703 
5.198176383972168 
5.065117359161377 
6.171493053436279 
5.424668312072754 
6.0446367263793945 
5.022316932678223 
4.993739604949951 
5.32841682434082 
4.931269645690918 
5.417337417602539 
4.913685321807861 
5.089000701904297 
5.536357402801514 
5.011282920837402 
5.510336399078369 
5.517214298248291 
5.229720592498779 
6.67979621887207 
5.449097633361816 
5.021370887756348 
5.317892074584961 
4.99620246887207 
5.405669689178467 
5.161073684692383 
5.138752460479736 
5.212991714477539 
5.123232841491699 
5.155311107635498 
5.860909938812256 
5.19099760055542 
5.153282165527344 
4.965508937835693 
5.485023498535156 
5.307467937469482 
5.1951751708984375 
5.155793190002441 
4.97666072845459 
5.168400764465332 
5.082362174987793 
5.270382404327393 
5.349468231201172 
7.143968105316162 
4.972904205322266 
5.181492805480957 
5.188942909240723 
5.52237606048584 
7.37109375 
4.998636245727539 
4.994760036468506 
5.163374423980713 
5.991915702819824 
6.332963943481445 
4.943960666656494 
4.944514274597168 
5.040840148925781 
5.136272430419922 
5.444596290588379 
5.0808024406433105 
5.146888732910156 
5.157873153686523 
4.9859771728515625 
6.835864067077637 
5.91239070892334 
4.939557075500488 
5.256557464599609 
5.493985652923584 
5.496001720428467 
5.212896823883057 
5.393620491027832 
5.186056137084961 
5.2268967628479 
5.1502790451049805 
5.296056747436523 
5.11981725692749 
5.001895904541016 
5.0597147941589355 
5.512373924255371 
5.035863399505615 
5.145556449890137 
5.048972129821777 
4.984504699707031 
4.958970069885254 
5.111620903015137 
5.234633445739746 
4.972128868103027 
5.070331573486328 
5.1072821617126465 
5.0395965576171875 
5.2877583503723145 
5.112048625946045 
6.267965316772461 
5.649231433868408 
6.324672698974609 
5.318856716156006 
4.957967758178711 
5.592529296875 
5.056984901428223 
5.722681522369385 
6.09385347366333 
5.131361484527588 
5.108975410461426 
5.237911224365234 
5.2104291915893555 
4.838776588439941 
5.261302471160889 
7.367414474487305 
5.167758941650391 
5.9302449226379395 
4.9945526123046875 
5.360639572143555 
4.850426197052002 
4.912984848022461 
5.30545711517334 
5.433345794677734 
5.782495021820068 
5.1048479080200195 
8.821900367736816 
6.636826515197754 
5.119126796722412 
5.641661167144775 
5.016800880432129 
5.305258274078369 
7.019570827484131 
5.860212326049805 
4.839778900146484 
4.957372188568115 
8.319600105285645 
6.617749214172363 
5.032320022583008 
5.121531963348389 
5.3359270095825195 
9.603745460510254 
5.102927207946777 
4.8521881103515625 
5.047969341278076 
5.191481590270996 
8.47322940826416 
5.537716865539551 
5.19680118560791 
4.912106990814209 
5.235255241394043 
4.552194595336914 
5.205933570861816 
5.078054428100586 
4.993429660797119 
5.004505634307861 
5.275688171386719 
5.250592231750488 
5.404819965362549 
5.174962997436523 
5.275488376617432 
5.024989128112793 
5.126646518707275 
9.115945816040039 
5.030000686645508 
5.4865922927856445 
5.0656890869140625 
5.199187278747559 
4.819488525390625 
8.6338529586792 
5.109871864318848 
5.071626663208008 
5.218632698059082 
5.127694606781006 
5.34028434753418 
5.535142421722412 
5.125479698181152 
5.190089225769043 
5.14638614654541 
5.561120986938477 
5.037535190582275 
5.09719181060791 
4.922957420349121 
5.260277271270752 
5.132218360900879 
6.473735809326172 
4.950864791870117 
5.143953323364258 
5.107848644256592 
5.116629600524902 
5.076746940612793 
5.405066013336182 
5.125061511993408 
5.470548629760742 
4.997692108154297 
5.022664546966553 
5.1608500480651855 
5.885273456573486 
5.428112983703613 
6.854273319244385 
6.074415683746338 
4.959488868713379 
5.40941047668457 
5.032382965087891 
5.134903907775879 
5.035153388977051 
7.78853702545166 
8.152748107910156 
5.392676830291748 
5.011495590209961 
5.133718490600586 
8.449816703796387 
8.954977989196777 
5.509578704833984 
5.153530120849609 
8.148164749145508 
5.041162967681885 
5.038036346435547 
7.7698163986206055 
7.917097091674805 
5.382102012634277 
5.721668243408203 
5.066998481750488 
4.972172260284424 
8.544093132019043 
4.994349956512451 
5.204581260681152 
5.303230285644531 
8.57164478302002 
6.336510181427002 
5.046849250793457 
5.0584516525268555 
5.804287910461426 
5.119540691375732 
5.019380569458008 
6.482476234436035 
4.942960739135742 
5.112114906311035 
5.219467639923096 
6.573075771331787 
5.360703468322754 
5.886308670043945 
5.989239692687988 
5.127392768859863 
7.5279741287231445 
5.172001838684082 
4.970929145812988 
5.509373188018799 
5.548959255218506 
5.254703521728516 
5.161829948425293 
6.75283145904541 
5.652776718139648 
5.081971168518066 
5.500532627105713 
6.127322196960449 
5.2293243408203125 
5.156866073608398 
5.643332481384277 
7.018438339233398 
5.190945625305176 
5.142881393432617 
5.217036724090576 
5.356873035430908 
6.011931896209717 
7.171827793121338 
5.05250358581543 
6.618218421936035 
6.3045244216918945 
5.123860836029053 
5.185370922088623 
5.357295036315918 
5.097898483276367 
5.279677391052246 
5.223555564880371 
5.060336112976074 
6.275143623352051 
5.532684326171875 
5.067601680755615 
7.766059398651123 
5.681063175201416 
6.406627655029297 
5.645350456237793 
5.756650924682617 
5.275295257568359 
5.256868362426758 
4.896295070648193 
6.595000267028809 
5.108218193054199 
5.605133056640625 
4.992069244384766 
5.143266677856445 
5.0515055656433105 
8.472341537475586 
4.946110725402832 
5.116119384765625 
4.905243873596191 
5.146629810333252 
5.108368873596191 
5.455081939697266 
5.184574127197266 
5.727109432220459 
5.124465465545654 
5.129881381988525 
4.973626136779785 
5.000722408294678 
5.092107772827148 
5.174567222595215 
4.985658645629883 
5.088886737823486 
5.221415042877197 
4.9481401443481445 
5.137382507324219 
6.790209770202637 
5.281085968017578 
5.021285057067871 
4.956032752990723 
5.188076019287109 
5.221569538116455 
5.03492546081543 
5.274346828460693 
5.067784309387207 
5.346028804779053 
7.104757308959961 
5.135402679443359 
5.042562484741211 
5.092801570892334 
5.45225715637207 
5.603882789611816 
5.048672676086426 
5.094166278839111 
5.020753383636475 
5.04146671295166 
5.0849833488464355 
4.920077800750732 
8.387959480285645 
6.156222820281982 
5.180215835571289 
5.093220233917236 
4.863264083862305 
5.013830661773682 
5.142626762390137 
5.930001735687256 
5.199160575866699 
5.62851095199585 
5.09188985824585 
5.348471641540527 
5.716856002807617 
7.098394393920898 
6.2959489822387695 
5.076572418212891 
5.610556125640869 
5.161589622497559 
5.27316951751709 
4.961780548095703 
4.961787223815918 
5.120499134063721 
5.135946273803711 
4.96217679977417 
5.008014678955078 
4.896821022033691 
5.569133281707764 
7.533143520355225 
5.194820404052734 
5.543735980987549 
5.099651336669922 
5.192013740539551 
5.263280391693115 
8.347557067871094 
5.063284873962402 
5.1333723068237305 
5.370654582977295 
6.571259498596191 
4.819676876068115 
5.370478630065918 
5.166110992431641 
7.973394870758057 
5.171738147735596 
4.849845886230469 
4.882580280303955 
5.403797149658203 
5.2225823402404785 
5.077747344970703 
4.937520980834961 
4.964364051818848 
5.702699661254883 
6.395508766174316 
5.0639142990112305 
5.0012311935424805 
4.975240707397461 
5.5821614265441895 
5.138243198394775 
5.133484840393066 
4.970972537994385 
4.918737411499023 
4.890031814575195 
5.254393100738525 
5.599405288696289 
5.016274452209473 
5.131382942199707 
5.189013957977295 
4.99721622467041 
5.079161643981934 
5.228099822998047 
5.374234199523926 
5.067270278930664 
6.535719871520996 
6.157826900482178 
6.300266265869141 
5.230486869812012 
5.0710906982421875 
5.593008041381836 
8.044151306152344 
4.986178874969482 
4.924542427062988 
5.086806297302246 
5.125546455383301 
6.825897693634033 
4.98468017578125 
5.094001770019531 
5.060515403747559 
7.531362533569336 
5.069427013397217 
4.874567985534668 
5.311184883117676 
5.886579990386963 
6.883896827697754 
6.1746039390563965 
5.2421875 
5.120934009552002 
5.125161647796631 
5.160247802734375 
5.732149124145508 
5.059858322143555 
5.065423011779785 
6.745467662811279 
5.687150955200195 
5.360344886779785 
7.024880886077881 
5.968940258026123 
6.782224178314209 
5.084544658660889 
5.202785491943359 
6.947649002075195 
4.9053263664245605 
5.072079658508301 
5.1883344650268555 
5.1053080558776855 
5.2089972496032715 
5.542743682861328 
5.272068977355957 
5.150935173034668 
5.0501251220703125 
4.941265106201172 
5.343766212463379 
5.048097610473633 
5.292267799377441 
5.184049606323242 
5.7325334548950195 
5.050919055938721 
5.011727333068848 
5.092323303222656 
4.9994611740112305 
5.015649795532227 
5.282011985778809 
5.750641822814941 
4.955286979675293 
6.340157508850098 
5.461809158325195 
4.9830217361450195 
5.083401203155518 
4.939342975616455 
7.313060760498047 
6.386265754699707 
5.246437072753906 
5.010483741760254 
5.114288330078125 
5.136359214782715 
5.114013671875 
5.217446327209473 
5.571005821228027 
5.376873016357422 
5.101933479309082 
5.300819396972656 
8.040021896362305 
6.112724781036377 
5.203622817993164 
4.930929183959961 
5.1108503341674805 
5.085426330566406 
5.078495979309082 
5.5350446701049805 
5.0663604736328125 
5.227736949920654 
5.23054838180542 
5.234632968902588 
5.108584880828857 
5.309537410736084 
5.442480087280273 
6.233475685119629 
5.175533771514893 
5.151307106018066 
4.926795959472656 
5.2074408531188965 
5.2642364501953125 
5.081367492675781 
4.970583915710449 
5.687546253204346 
6.306194305419922 
6.369589805603027 
7.533452987670898 
5.142787933349609 
5.907864093780518 
5.00908899307251 
4.9760212898254395 
5.349368095397949 
5.170870304107666 
5.464208602905273 
5.003469467163086 
8.041994094848633 
5.17673397064209 
5.531337738037109 
5.211648941040039 
5.513402938842773 
5.060384273529053 
4.8696184158325195 
5.03361177444458 
5.000670433044434 
5.114439964294434 
5.343042373657227 
5.978586196899414 
5.1427435874938965 
5.19000768661499 
8.062894821166992 
5.102993488311768 
5.026323318481445 
7.83369255065918 
4.953329086303711 
5.254101753234863 
5.278932571411133 
5.102120399475098 
5.399297714233398 
5.098057746887207 
5.179022789001465 
5.027815818786621 
5.2577409744262695 
5.625744819641113 
5.212316036224365 
6.264697074890137 
5.261833667755127 
5.128777027130127 
5.082829475402832 
4.996317386627197 
5.17341423034668 
5.228377342224121 
5.0344719886779785 
8.225061416625977 
5.02155876159668 
5.788071632385254 
4.838268280029297 
5.867485046386719 
5.048677444458008 
6.4195404052734375 
5.097138404846191 
5.087372779846191 
5.254133224487305 
5.100329875946045 
4.870717525482178 
5.0717315673828125 
4.976583957672119 
4.950545310974121 
4.99901819229126 
5.5424089431762695 
5.429689884185791 
6.297094821929932 
4.897295951843262 
5.432424068450928 
4.886264801025391 
4.92664098739624 
6.157451152801514 
5.012626647949219 
4.93037223815918 
4.93556547164917 
5.141653060913086 
5.094752788543701 
5.130307197570801 
5.130011081695557 
5.180062770843506 
6.069867134094238 
5.158799171447754 
6.4633002281188965 
5.121303558349609 
5.0363969802856445 
5.003796577453613 
5.225163459777832 
5.055087089538574 
5.0414228439331055 
5.233384132385254 
5.062461853027344 
5.116642951965332 
8.64283275604248 
5.039080619812012 
5.046513557434082 
5.025435447692871 
5.156360626220703 
5.174644947052002 
5.139469146728516 
5.192681789398193 
5.094879627227783 
5.009633541107178 
5.135866641998291 
5.109737396240234 
5.005922794342041 
7.309494972229004 
5.175313949584961 
5.126874923706055 
5.421966552734375 
5.027935028076172 
4.784195899963379 
5.2466888427734375 
8.614455223083496 
5.621207237243652 
5.037923812866211 
5.014093399047852 
5.115472793579102 
5.17643928527832 
5.8526611328125 
5.125603675842285 
8.553231239318848 
5.221989631652832 
5.201509475708008 
4.9378156661987305 
4.952368259429932 
5.465791702270508 
7.950689792633057 
5.036217212677002 
4.938994407653809 
5.054916858673096 
7.15047550201416 
5.054732799530029 
5.00981330871582 
5.655628681182861 
5.197479248046875 
5.030144691467285 
5.016335487365723 
5.115185737609863 
5.108929634094238 
4.901381492614746 
5.542170524597168 
6.447366714477539 
4.937532901763916 
5.159365653991699 
6.77179479598999 
6.625511169433594 
5.1788506507873535 
8.1818265914917 
4.931088924407959 
5.484436988830566 
4.895127296447754 
5.201278209686279 
5.999667167663574 
4.975166320800781 
7.317434310913086 
5.179993629455566 
5.578564643859863 
6.25275993347168 
5.2929229736328125 
5.071971893310547 
4.914849281311035 
6.928671836853027 
5.247713088989258 
6.109547138214111 
5.381782054901123 
4.722640037536621 
4.893693923950195 
5.26325798034668 
4.899603843688965 
5.269224166870117 
4.949863433837891 
4.793759822845459 
7.695267677307129 
5.434916973114014 
6.621169090270996 
4.919797420501709 
4.99252986907959 
5.273503303527832 
5.167233943939209 
5.0457072257995605 
6.920903205871582 
5.244143009185791 
5.004193305969238 
5.301113128662109 
5.279723167419434 
6.591604232788086 
5.2069244384765625 
5.22336483001709 
4.884950637817383 
5.944246768951416 
6.909507751464844 
5.1706743240356445 
4.968114852905273 
5.984455108642578 
5.3706536293029785 
5.098847389221191 
5.291138648986816 
6.971475601196289 
4.882905006408691 
5.422061920166016 
5.01472282409668 
6.81581449508667 
5.179586410522461 
5.506982326507568 
4.982020854949951 
5.885565757751465 
5.156573295593262 
4.799314022064209 
5.080972194671631 
5.218547821044922 
4.997114181518555 
6.651386260986328 
5.158626079559326 
5.340365409851074 
6.434858322143555 
5.207101345062256 
5.107822418212891 
5.111566543579102 
5.031076908111572 
5.145124912261963 
6.658886909484863 
5.071516990661621 
6.856779098510742 
5.173462867736816 
5.08676815032959 
5.136685371398926 
5.264563083648682 
5.1421356201171875 
4.8490986824035645 
5.002866268157959 
7.016497611999512 
5.312843322753906 
5.146148204803467 
5.304512023925781 
5.06916618347168 
5.067904472351074 
5.1147260665893555 
5.133247375488281 
5.262285232543945 
5.452267169952393 
9.435123443603516 
5.363548278808594 
6.22698450088501 
6.348162651062012 
5.0336737632751465 
5.094846725463867 
5.232488632202148 
6.0518269538879395 
5.252127647399902 
5.280910968780518 
5.140352249145508 
5.137142181396484 
7.587145805358887 
5.980328559875488 
6.405121326446533 
6.002443790435791 
5.142918586730957 
5.392569065093994 
4.87006950378418 
5.781864166259766 
5.127103805541992 
5.506124496459961 
5.125884532928467 
5.742591857910156 
5.088203430175781 
5.285400867462158 
5.099708557128906 
5.390863418579102 
5.061031341552734 
5.218966484069824 
6.160309791564941 
4.982491493225098 
4.8620805740356445 
5.050539970397949 
6.917936325073242 
5.020784378051758 
6.127610683441162 
5.3364105224609375 
5.152442932128906 
7.33786153793335 
8.404860496520996 
5.224535942077637 
5.620831489562988 
6.183395862579346 
5.12280797958374 
5.424876689910889 
5.107024192810059 
4.88706636428833 
5.02923059463501 
5.132480621337891 
5.6485795974731445 
5.186273574829102 
5.151437759399414 
5.747652053833008 
5.147824287414551 
5.164959907531738 
4.997592926025391 
5.037247180938721 
5.458364486694336 
5.440826416015625 
5.037080764770508 
5.489101409912109 
5.7104573249816895 
5.359841346740723 
5.800206184387207 
4.983965873718262 
7.167696952819824 
5.062469005584717 
5.45435905456543 
5.183175086975098 
5.032454013824463 
5.167262077331543 
6.194561004638672 
5.061097145080566 
5.037355422973633 
4.918006896972656 
5.3243608474731445 
5.079981803894043 
4.943187713623047 
5.831798076629639 
5.007293224334717 
5.867123603820801 
4.946241855621338 
5.146534442901611 
5.148499488830566 
5.2348551750183105 
5.005192279815674 
5.409198760986328 
5.627110481262207 
6.29406213760376 
5.0900702476501465 
5.102486610412598 
4.93170690536499 
6.4321489334106445 
5.077912330627441 
6.014147758483887 
5.39454984664917 
5.293632984161377 
4.998683929443359 
5.134757995605469 
5.221663951873779 
5.002938270568848 
5.224175453186035 
4.964898109436035 
5.1758880615234375 
5.064790725708008 
5.1824445724487305 
5.020666122436523 
5.396601676940918 
5.115550994873047 
5.084414482116699 
5.44497013092041 
5.247592449188232 
4.987212181091309 
5.180739402770996 
6.02042293548584 
5.949982643127441 
5.688577651977539 
4.997272491455078 
7.250311374664307 
5.135415554046631 
5.2472639083862305 
5.19951057434082 
6.16005802154541 
5.439912796020508 
5.114715576171875 
5.013259410858154 
5.4145307540893555 
5.076935291290283 
5.063138008117676 
4.974383354187012 
5.305422782897949 
5.183155059814453 
5.453705310821533 
5.253679275512695 
5.082808494567871 
5.169295787811279 
5.4144697189331055 
5.178058624267578 
5.200815200805664 
5.188076496124268 
5.3672003746032715 
5.1685943603515625 
4.943935394287109 
5.00288200378418 
5.002561092376709 
7.384439468383789 
5.196606636047363 
4.916172981262207 
5.456445693969727 
5.376319885253906 
5.145604133605957 
4.946094512939453 
5.049173355102539 
5.106448173522949 
5.164974212646484 
5.1157989501953125 
5.591096878051758 
5.305315017700195 
5.638251304626465 
5.035134315490723 
5.4202728271484375 
5.057287216186523 
4.865231990814209 
4.967904567718506 
8.806049346923828 
5.394338607788086 
6.507134914398193 
7.694665431976318 
5.632390022277832 
6.822910308837891 
4.965099811553955 
5.5948991775512695 
6.385753154754639 
5.0671586990356445 
6.822684288024902 
7.0022077560424805 
6.565093040466309 
8.97143268585205 
7.64310359954834 
5.285248279571533 
5.847927093505859 
6.0930094718933105 
5.462782859802246 
8.797842979431152 
5.045323848724365 
5.516419410705566 
5.576149940490723 
5.209901809692383 
4.978401184082031 
8.501097679138184 
5.1111674308776855 
5.112007141113281 
5.85302734375 
5.127012252807617 
5.098784923553467 
5.10896110534668 
5.130734920501709 
5.159387111663818 
5.645206928253174 
5.10850191116333 
5.311704635620117 
5.145899772644043 
5.525566101074219 
5.029732704162598 
5.110700607299805 
5.099727153778076 
5.081827640533447 
5.10994815826416 
5.026131629943848 
5.33995246887207 
5.210692405700684 
5.039095878601074 
5.002163887023926 
5.353110313415527 
5.322027206420898 
5.281058311462402 
5.093360900878906 
4.953074932098389 
6.479564666748047 
5.30029821395874 
5.1413469314575195 
5.1507568359375 
5.028171539306641 
5.034374713897705 
7.302077770233154 
6.462957382202148 
5.659553527832031 
5.184269428253174 
6.580994129180908 
5.101338863372803 
6.909963607788086 
5.351108551025391 
5.177338123321533 
5.1271843910217285 
5.046365737915039 
4.894840717315674 
5.318367958068848 
5.044488906860352 
5.139024257659912 
5.21973180770874 
5.128976345062256 
6.278565406799316 
4.993358612060547 
5.210652828216553 
5.9092817306518555 
5.149330139160156 
5.76015567779541 
5.097360610961914 
7.039880752563477 
5.138219356536865 
5.136871814727783 
5.8014655113220215 
6.0106096267700195 
5.647283554077148 
5.465877532958984 
5.097527980804443 
5.026617527008057 
7.791240692138672 
5.090953826904297 
6.146973609924316 
6.382808685302734 
7.156546115875244 
5.0810699462890625 
5.227686882019043 
5.19803524017334 
5.067515850067139 
4.954748153686523 
5.434212684631348 
5.746830940246582 
4.986293315887451 
4.997546195983887 
5.054054260253906 
5.210018157958984 
5.389345645904541 
5.0455169677734375 
5.068927764892578 
5.000741004943848 
5.5569634437561035 
5.7507524490356445 
6.209750175476074 
5.477242469787598 
5.289910316467285 
5.360471725463867 
7.232073783874512 
5.080928802490234 
5.405758857727051 
4.974822998046875 
5.156087875366211 
5.212973117828369 
6.797772407531738 
8.220187187194824 
5.4438629150390625 
5.022003173828125 
5.083881378173828 
5.153103351593018 
5.319181442260742 
5.635469913482666 
8.670137405395508 
5.091698169708252 
6.086818695068359 
5.803234100341797 
4.907723426818848 
5.038687705993652 
5.745375633239746 
5.207592964172363 
6.521492004394531 
5.0476603507995605 
5.1242523193359375 
5.255716800689697 
8.069437980651855 
5.08879280090332 
5.202764511108398 
5.263640403747559 
4.947846412658691 
4.854128837585449 
5.125529766082764 
6.825929641723633 
5.17122745513916 
5.51624870300293 
8.40075969696045 
5.163633346557617 
5.023519515991211 
5.059608459472656 
7.528114318847656 
5.138420581817627 
5.512643814086914 
5.095812797546387 
5.216545104980469 
5.566804885864258 
5.134674072265625 
5.408493518829346 
5.172086715698242 
5.088103771209717 
5.22954797744751 
5.395061492919922 
6.935302734375 
5.409125328063965 
4.9214582443237305 
5.070333003997803 
5.73915958404541 
5.0189361572265625 
5.3986687660217285 
5.118846416473389 
5.054819583892822 
5.1109209060668945 
4.994307994842529 
5.208534240722656 
