5.209673881530762 
4.971200942993164 
5.486610412597656 
5.016600608825684 
4.9237518310546875 
5.00176477432251 
5.135222434997559 
4.999155044555664 
4.923862457275391 
5.1107177734375 
5.062374114990234 
4.936546325683594 
5.259765148162842 
5.106011867523193 
4.911477565765381 
5.590991020202637 
5.05919885635376 
4.922551155090332 
4.794111251831055 
5.794663906097412 
4.96729040145874 
5.4310455322265625 
5.2173357009887695 
6.824891090393066 
4.989810466766357 
6.752086162567139 
5.289547920227051 
5.519718170166016 
5.179161548614502 
5.457195281982422 
4.941615104675293 
5.058837890625 
5.590991020202637 
5.048030853271484 
4.889255046844482 
4.938999652862549 
4.892849922180176 
5.060716152191162 
8.09630012512207 
5.463241100311279 
5.308173179626465 
5.466590881347656 
4.995759963989258 
4.963357448577881 
5.590991020202637 
4.903693675994873 
6.282332420349121 
4.856019973754883 
4.953690052032471 
4.999164581298828 
5.038967132568359 
5.020500183105469 
4.982744216918945 
4.847429275512695 
5.012424468994141 
4.985055446624756 
5.0323309898376465 
5.590991020202637 
4.89630651473999 
5.186738967895508 
5.251102447509766 
4.914626121520996 
5.817947864532471 
6.537543296813965 
5.816811561584473 
7.071532249450684 
5.03455924987793 
4.865426063537598 
5.051044464111328 
4.972939968109131 
5.028647422790527 
4.795879364013672 
5.131943702697754 
4.908010005950928 
4.924615859985352 
7.346398830413818 
5.8527398109436035 
4.870285987854004 
5.930476665496826 
8.280509948730469 
7.05534553527832 
5.281838417053223 
5.002131938934326 
4.888981819152832 
4.965604305267334 
5.015226364135742 
5.146671295166016 
5.8384881019592285 
4.947662830352783 
4.938727378845215 
5.150686264038086 
4.868954658508301 
4.937192440032959 
4.779861927032471 
8.157987594604492 
4.87791109085083 
7.071667194366455 
4.942262172698975 
5.004994869232178 
5.104465961456299 
5.042177200317383 
4.954703330993652 
6.09238862991333 
5.191586017608643 
5.608381748199463 
5.590991020202637 
4.986924648284912 
6.364254951477051 
6.264348030090332 
5.00229549407959 
4.911357402801514 
5.0866923332214355 
4.965787410736084 
4.987029552459717 
4.906342506408691 
4.980953693389893 
5.501120090484619 
8.267318725585938 
4.831565856933594 
4.986919403076172 
5.006725311279297 
5.226803302764893 
4.99738883972168 
4.995325088500977 
7.929090976715088 
7.412674427032471 
6.68953800201416 
5.002241134643555 
4.865774631500244 
4.977998733520508 
5.064787864685059 
5.103580474853516 
5.259186267852783 
4.956088542938232 
5.0175580978393555 
5.099620342254639 
7.985827922821045 
4.924511909484863 
5.0070414543151855 
7.967255592346191 
4.887246608734131 
4.968616008758545 
4.930114269256592 
5.0767364501953125 
5.20967960357666 
4.958049297332764 
5.054543495178223 
4.9280686378479 
8.523872375488281 
4.985157012939453 
5.050904273986816 
5.590991020202637 
6.734553813934326 
5.15520715713501 
7.799749374389648 
5.442220687866211 
7.116413116455078 
5.031982421875 
5.6144795417785645 
7.229421615600586 
5.445847034454346 
5.083645820617676 
5.301598072052002 
4.93129825592041 
5.646381378173828 
4.962316513061523 
4.90214729309082 
5.206519603729248 
7.302401542663574 
4.889547348022461 
4.976448059082031 
4.921815395355225 
4.772697448730469 
6.285888671875 
4.953261375427246 
6.0830278396606445 
4.906222820281982 
6.466549396514893 
5.204897403717041 
4.947840213775635 
4.999392032623291 
4.922213554382324 
4.9424004554748535 
4.954525470733643 
5.186731338500977 
4.98915433883667 
4.999988079071045 
4.884835720062256 
4.876472473144531 
5.003687381744385 
7.207928657531738 
4.993365287780762 
4.980729579925537 
5.0167365074157715 
5.0031023025512695 
4.934633731842041 
5.012827396392822 
4.881314754486084 
8.068158149719238 
8.725046157836914 
5.857604503631592 
5.823497772216797 
4.8239898681640625 
5.039421558380127 
5.216029167175293 
7.373452186584473 
5.018677711486816 
4.955231666564941 
7.453336715698242 
4.883113861083984 
7.743078708648682 
8.09733772277832 
5.169739246368408 
5.081683158874512 
5.137735366821289 
4.930004596710205 
5.590991020202637 
5.337825298309326 
4.913938522338867 
5.305509090423584 
5.002336025238037 
5.163634777069092 
5.628462314605713 
5.949089527130127 
5.184806823730469 
5.145005702972412 
5.019306182861328 
5.042886257171631 
4.863044261932373 
4.853752136230469 
4.924701690673828 
5.087234973907471 
4.820754528045654 
5.932186603546143 
4.925803184509277 
5.080078125 
5.4618706703186035 
4.923823833465576 
6.166699409484863 
4.970814228057861 
5.017154693603516 
5.101984024047852 
4.98732852935791 
5.619638442993164 
5.118311405181885 
5.101008415222168 
5.216538429260254 
4.8958539962768555 
4.934090614318848 
4.959561347961426 
5.590991020202637 
5.015547752380371 
5.150639533996582 
5.613571643829346 
5.84711217880249 
5.41314172744751 
5.100508689880371 
8.076278686523438 
5.161718845367432 
7.700958251953125 
7.800117492675781 
5.0001630783081055 
5.082284450531006 
5.287951469421387 
5.25501823425293 
4.941915988922119 
5.061058521270752 
5.322862148284912 
4.994726657867432 
7.951873779296875 
4.853084087371826 
5.026472091674805 
7.069407939910889 
5.108852863311768 
4.920040130615234 
4.9572930335998535 
4.990435600280762 
4.903743743896484 
6.13878059387207 
6.148560047149658 
4.707773208618164 
4.894930362701416 
6.121417999267578 
4.969361305236816 
5.858467102050781 
5.0202436447143555 
4.813076972961426 
4.90300989151001 
6.061966896057129 
7.497780799865723 
4.695065975189209 
4.922287940979004 
7.0393476486206055 
7.238485813140869 
5.940568447113037 
4.862531661987305 
4.939077377319336 
4.958565711975098 
4.8346452713012695 
5.120584011077881 
4.9658379554748535 
5.590991020202637 
5.083523273468018 
5.8462419509887695 
5.001423358917236 
5.039699554443359 
4.950728893280029 
5.2230706214904785 
4.957451820373535 
4.908211708068848 
5.014264106750488 
4.949275493621826 
5.071952819824219 
6.523916721343994 
4.946640968322754 
4.964768409729004 
5.025701522827148 
4.8517842292785645 
5.139711856842041 
5.066287040710449 
5.230993747711182 
4.916150093078613 
5.021148681640625 
4.985071182250977 
6.236868858337402 
4.872618675231934 
4.891000747680664 
5.569466590881348 
5.135170936584473 
4.947751045227051 
5.330693244934082 
5.0514445304870605 
4.91980504989624 
4.930383682250977 
4.85471248626709 
4.964287281036377 
4.943782329559326 
4.982733249664307 
4.963781833648682 
4.968632698059082 
4.874340534210205 
6.827101230621338 
4.940788745880127 
5.007864952087402 
4.890440464019775 
4.96854305267334 
4.913594722747803 
4.968108177185059 
5.067183017730713 
6.587174415588379 
4.951558589935303 
4.980061054229736 
4.93107271194458 
5.261768341064453 
5.05600118637085 
4.989433765411377 
4.986634254455566 
4.974112033843994 
7.103363037109375 
6.445861339569092 
4.985739231109619 
5.590991020202637 
4.935179233551025 
4.9680986404418945 
7.457350730895996 
5.120595455169678 
4.886981010437012 
5.732237815856934 
4.989980697631836 
6.693538665771484 
4.987923622131348 
5.017492771148682 
4.987809658050537 
6.364278793334961 
4.880139350891113 
5.080270767211914 
4.918918609619141 
5.002053260803223 
5.045645236968994 
4.913256645202637 
5.021712779998779 
5.2330827713012695 
4.89309024810791 
5.019966125488281 
4.914038181304932 
5.394977569580078 
4.89065408706665 
5.279787063598633 
6.907204627990723 
4.919529438018799 
4.93252420425415 
5.035974979400635 
7.664711952209473 
4.995211601257324 
5.043868541717529 
4.997358798980713 
5.072081565856934 
4.931318283081055 
5.132343769073486 
5.035983562469482 
4.936503887176514 
4.904101848602295 
4.958552837371826 
4.87158727645874 
7.481966972351074 
4.948551654815674 
4.9325947761535645 
6.03092622756958 
4.832256317138672 
7.29422664642334 
4.869738578796387 
4.9577412605285645 
4.9641876220703125 
5.062093257904053 
7.307006359100342 
5.783812999725342 
4.983948230743408 
6.064471244812012 
5.088744163513184 
6.2743635177612305 
7.447267532348633 
5.803033828735352 
5.044114589691162 
4.927316665649414 
5.105902671813965 
4.935569763183594 
4.890323162078857 
5.008499622344971 
5.703927040100098 
4.957666873931885 
4.917795658111572 
5.284060955047607 
5.340626239776611 
5.410540580749512 
7.8118743896484375 
5.041861534118652 
5.043557167053223 
5.00165319442749 
4.873391151428223 
5.251887321472168 
4.939438819885254 
4.8587493896484375 
5.205587863922119 
5.114439487457275 
5.782773017883301 
4.97648286819458 
4.880399703979492 
5.040530681610107 
4.8423895835876465 
4.732890605926514 
5.056922435760498 
5.485093116760254 
5.375134468078613 
5.398613452911377 
4.975261211395264 
5.005857467651367 
4.939687252044678 
5.148984909057617 
5.67304801940918 
4.917673110961914 
5.9183855056762695 
4.9326276779174805 
5.154951572418213 
5.574831485748291 
4.8983049392700195 
4.950626850128174 
5.211053848266602 
4.9327802658081055 
4.975530624389648 
4.991413116455078 
5.00265645980835 
4.928346157073975 
4.9202561378479 
5.088468551635742 
6.051943778991699 
5.347344398498535 
4.915302276611328 
4.708587169647217 
5.1101202964782715 
5.168649673461914 
7.238964080810547 
4.969153881072998 
4.979454040527344 
4.993099212646484 
5.03657865524292 
4.684598922729492 
5.253326892852783 
5.694291114807129 
5.148252964019775 
4.914416313171387 
5.120751857757568 
5.051288604736328 
4.7633490562438965 
4.906564235687256 
5.026100158691406 
4.844696521759033 
5.034297466278076 
5.004440784454346 
4.94182014465332 
5.112133026123047 
5.221200466156006 
5.007805824279785 
5.0386881828308105 
5.1099162101745605 
4.98591423034668 
5.004117012023926 
5.113092422485352 
4.874500274658203 
4.935412883758545 
4.973811149597168 
5.339353561401367 
7.65639591217041 
5.817101955413818 
4.885968208312988 
5.056519031524658 
4.942904472351074 
4.978559970855713 
5.309745788574219 
4.983584403991699 
5.207296848297119 
5.041177749633789 
4.876575469970703 
5.002722263336182 
4.8827409744262695 
5.131375789642334 
4.864234924316406 
6.009796619415283 
4.9133758544921875 
7.523718357086182 
4.878411293029785 
4.919403076171875 
6.80200719833374 
5.078943252563477 
4.941485404968262 
6.608328819274902 
5.277273654937744 
5.040448188781738 
5.722603797912598 
4.911181449890137 
5.57260799407959 
4.845250606536865 
4.881749153137207 
4.8266191482543945 
5.166050434112549 
4.926753044128418 
4.863225936889648 
5.237255573272705 
5.017469882965088 
5.006911754608154 
6.018626689910889 
7.67932653427124 
5.1249799728393555 
5.001787185668945 
5.969333648681641 
4.868875503540039 
6.688479423522949 
4.901899337768555 
4.964391708374023 
4.840122222900391 
5.030491352081299 
5.052473068237305 
5.995254993438721 
5.055880069732666 
5.036728858947754 
4.750177383422852 
5.00870418548584 
5.056133270263672 
5.590991020202637 
5.03762149810791 
4.923962116241455 
4.961816787719727 
4.894970417022705 
8.508992195129395 
5.100022315979004 
4.991033554077148 
4.939838409423828 
7.904427528381348 
8.365457534790039 
5.05907678604126 
5.240400314331055 
5.028488636016846 
5.113778114318848 
4.903697967529297 
4.896726608276367 
5.125020980834961 
6.347082138061523 
6.985805988311768 
5.877848148345947 
5.132176399230957 
4.979169845581055 
4.841944694519043 
5.140606880187988 
4.966981410980225 
5.6474103927612305 
4.999416828155518 
4.979921817779541 
5.004352569580078 
4.970314979553223 
5.484217643737793 
5.12925910949707 
4.953657627105713 
5.102839946746826 
4.976654052734375 
5.590991020202637 
4.982179641723633 
6.860469818115234 
5.352252006530762 
4.936354637145996 
4.948162078857422 
5.1402435302734375 
5.0115814208984375 
4.984943389892578 
5.115214824676514 
4.889566421508789 
4.9900946617126465 
4.894049167633057 
4.880674839019775 
5.362166881561279 
5.047504425048828 
5.020209312438965 
5.082834720611572 
5.049731254577637 
4.921295166015625 
4.859132766723633 
5.097021579742432 
5.4507880210876465 
5.115170955657959 
4.802208423614502 
5.196811199188232 
5.2784104347229 
7.000133514404297 
4.895942211151123 
5.349052906036377 
5.424499034881592 
6.766535758972168 
5.128005027770996 
4.852068901062012 
5.370305061340332 
6.028279781341553 
5.367171287536621 
5.0005269050598145 
5.069448947906494 
4.997006416320801 
5.450622081756592 
4.935155868530273 
5.199027061462402 
5.66408634185791 
5.947347164154053 
5.010800838470459 
5.147127628326416 
6.405340671539307 
4.910758018493652 
4.929986000061035 
4.983581066131592 
4.946396350860596 
4.993374824523926 
5.919981956481934 
5.093267440795898 
9.394552230834961 
5.572409629821777 
4.981533050537109 
5.023874759674072 
5.780238628387451 
5.118117332458496 
6.915896892547607 
4.983076572418213 
4.9452009201049805 
5.0794830322265625 
5.299590587615967 
7.176542282104492 
5.151429176330566 
4.750235080718994 
4.9467878341674805 
5.006832599639893 
4.8872294425964355 
5.079539775848389 
4.7898054122924805 
4.986549377441406 
4.994128704071045 
5.590991020202637 
5.120167255401611 
4.863128662109375 
4.968522071838379 
5.2690558433532715 
5.3198628425598145 
4.913592338562012 
5.00129508972168 
5.001103401184082 
5.403971195220947 
6.244551658630371 
4.957310676574707 
5.699716091156006 
5.590991020202637 
4.943761348724365 
7.478482246398926 
4.992746353149414 
5.029861927032471 
5.039120674133301 
5.4513444900512695 
4.955761909484863 
4.817924976348877 
6.6121602058410645 
4.940192699432373 
5.061672687530518 
4.893290042877197 
4.906590461730957 
4.998883247375488 
6.0555877685546875 
4.951484680175781 
5.227831840515137 
5.0886335372924805 
4.891073226928711 
4.928815841674805 
4.902231216430664 
4.905066013336182 
5.590991020202637 
5.030961990356445 
4.967217922210693 
4.972967147827148 
4.994874954223633 
5.0185933113098145 
6.159552097320557 
7.025416374206543 
5.096834182739258 
4.960409641265869 
4.859604835510254 
4.786013603210449 
5.776004791259766 
4.9854207038879395 
7.6166181564331055 
5.887532711029053 
5.314862251281738 
5.021474838256836 
4.884581089019775 
6.651448726654053 
4.869967937469482 
4.889459609985352 
7.241422176361084 
7.554020881652832 
4.911515712738037 
5.908370018005371 
5.242550849914551 
5.147496223449707 
5.004037380218506 
4.863833427429199 
4.92681884765625 
4.917227268218994 
6.069082260131836 
4.9512939453125 
5.590991020202637 
5.103658676147461 
5.137920379638672 
6.717662811279297 
5.281252861022949 
5.74068546295166 
4.971165657043457 
5.058112144470215 
6.777271270751953 
10.213729858398438 
4.9963178634643555 
4.924666404724121 
4.863232612609863 
4.962759971618652 
4.998204231262207 
6.387308120727539 
4.983495712280273 
5.261099338531494 
4.81324577331543 
4.903447151184082 
6.53695821762085 
7.387609481811523 
7.329546928405762 
5.044562816619873 
5.108672142028809 
5.106207370758057 
4.916322231292725 
5.023804664611816 
4.964233875274658 
6.099357604980469 
5.02987813949585 
5.044670581817627 
4.993997573852539 
5.057982444763184 
4.974846839904785 
4.891825199127197 
5.290991306304932 
5.846550464630127 
4.97816276550293 
5.226352214813232 
4.960895538330078 
7.670383453369141 
5.121013164520264 
5.062309265136719 
8.711386680603027 
6.5118327140808105 
5.068757057189941 
5.922890663146973 
4.912992000579834 
4.9675493240356445 
4.915286540985107 
4.881535053253174 
4.862124443054199 
4.878040790557861 
4.868610858917236 
5.203677177429199 
4.924088478088379 
5.002628326416016 
5.860179901123047 
5.286129474639893 
5.526361465454102 
5.104392051696777 
4.972634315490723 
5.590991020202637 
5.089200496673584 
4.863442420959473 
4.89257287979126 
8.150345802307129 
4.92045783996582 
4.913602352142334 
5.098003387451172 
4.850406169891357 
5.890762805938721 
7.269700527191162 
5.221032619476318 
5.3394012451171875 
4.975014686584473 
5.608512878417969 
5.252243518829346 
4.935597896575928 
4.810873985290527 
6.386689186096191 
4.983391284942627 
4.880273818969727 
4.777683734893799 
4.903598308563232 
4.954174995422363 
4.978899002075195 
5.010704040527344 
4.844119548797607 
5.392704010009766 
4.898245334625244 
7.622747898101807 
5.134348392486572 
5.004647254943848 
4.889247417449951 
4.986422061920166 
5.130440711975098 
4.8722357749938965 
4.936985015869141 
5.101131439208984 
4.893601894378662 
5.0105671882629395 
7.3288044929504395 
5.964020252227783 
5.01560115814209 
5.013164520263672 
5.160978317260742 
5.283382415771484 
4.997826099395752 
5.20928955078125 
5.9851274490356445 
4.981449604034424 
5.32916259765625 
4.901799201965332 
7.04799747467041 
5.104770660400391 
5.016627311706543 
4.899019241333008 
5.059211254119873 
4.96395206451416 
6.921667098999023 
4.827117919921875 
5.41200590133667 
4.863382339477539 
5.8241682052612305 
5.209100723266602 
5.147988796234131 
4.99329137802124 
4.888272285461426 
4.770397663116455 
7.825014114379883 
5.131799697875977 
4.9804558753967285 
4.970946788787842 
5.268610954284668 
4.960564613342285 
5.097403526306152 
4.975228786468506 
5.372120380401611 
5.811254024505615 
5.1081743240356445 
4.781098365783691 
4.956930160522461 
4.933990478515625 
4.969743728637695 
4.925085544586182 
4.988562107086182 
5.5810346603393555 
6.984330177307129 
6.1323561668396 
7.451366424560547 
4.922196865081787 
5.595059871673584 
4.931873798370361 
5.1013665199279785 
4.973512649536133 
6.9431023597717285 
5.0437912940979 
5.275713920593262 
5.825328826904297 
5.963883876800537 
7.678135395050049 
5.006248474121094 
5.00706672668457 
4.937817096710205 
4.903759002685547 
5.004627227783203 
5.2844767570495605 
5.360380172729492 
5.175807952880859 
4.878283500671387 
5.529252052307129 
4.852943420410156 
4.984076976776123 
5.055758476257324 
6.368897914886475 
5.410376071929932 
4.916530132293701 
5.288301467895508 
5.062582492828369 
4.962615489959717 
5.087953567504883 
6.591609001159668 
4.996757984161377 
5.0695905685424805 
5.166091442108154 
5.227021217346191 
5.0238823890686035 
6.457001209259033 
8.335166931152344 
4.884893894195557 
5.062910079956055 
5.102574825286865 
5.411484241485596 
4.903532028198242 
5.241550922393799 
5.394631862640381 
4.954882621765137 
7.414562225341797 
7.312199115753174 
5.5506815910339355 
5.1150054931640625 
8.776046752929688 
5.1304521560668945 
8.45231819152832 
5.130207061767578 
5.188388824462891 
4.9647135734558105 
5.042332649230957 
5.457869052886963 
5.014030933380127 
7.528353691101074 
4.983480453491211 
4.809841632843018 
6.641866207122803 
4.933618068695068 
6.191681861877441 
5.088686943054199 
5.250357151031494 
5.033586502075195 
5.361035346984863 
5.006748676300049 
5.051619529724121 
5.026417255401611 
5.809972763061523 
6.028767108917236 
7.175784587860107 
5.060224533081055 
4.866167068481445 
5.182202339172363 
4.96651554107666 
6.657559394836426 
4.872066497802734 
4.845861434936523 
5.037370681762695 
4.926265239715576 
6.192372798919678 
5.097568988800049 
4.889387607574463 
5.114616870880127 
5.036931037902832 
5.068569660186768 
4.998414039611816 
4.875141620635986 
4.986659526824951 
5.059116363525391 
4.970258712768555 
4.9888811111450195 
4.947107315063477 
4.867227554321289 
4.887258052825928 
5.078344345092773 
5.097222805023193 
5.08829402923584 
4.921851634979248 
6.250635623931885 
4.9141716957092285 
4.87259578704834 
6.595877647399902 
5.14040470123291 
4.985196590423584 
8.048712730407715 
6.058066368103027 
4.983584403991699 
7.477694511413574 
4.849377632141113 
4.995818138122559 
4.996392726898193 
6.48743200302124 
4.906048774719238 
4.976161003112793 
4.875378608703613 
4.963025093078613 
4.816774845123291 
5.377212047576904 
5.366626262664795 
5.065773963928223 
5.048995494842529 
4.914255619049072 
5.021369934082031 
4.966628551483154 
4.876571178436279 
5.378066539764404 
5.869358062744141 
5.11884069442749 
4.981712341308594 
6.87310791015625 
4.930452346801758 
7.09423828125 
5.08173942565918 
5.168545246124268 
4.892873287200928 
4.9167633056640625 
5.241280555725098 
4.923892974853516 
4.9773712158203125 
5.7499237060546875 
4.9353132247924805 
5.323762893676758 
5.282566547393799 
4.8491010665893555 
5.052975654602051 
6.467022895812988 
4.963999271392822 
6.024312973022461 
5.0570478439331055 
4.948952674865723 
5.651687145233154 
5.082985877990723 
5.071493148803711 
4.999468803405762 
4.9832563400268555 
4.969888210296631 
5.783242702484131 
5.092023849487305 
4.924283981323242 
4.979814529418945 
5.078877925872803 
5.07179069519043 
4.8390278816223145 
4.992059707641602 
5.154155254364014 
4.747465133666992 
5.016239166259766 
5.041814804077148 
5.229445457458496 
4.968775272369385 
5.144964694976807 
5.333781719207764 
4.904280662536621 
5.084497451782227 
5.046923637390137 
4.96860408782959 
4.955581188201904 
4.97737979888916 
5.149669170379639 
6.352349758148193 
5.072019577026367 
4.806967735290527 
4.896337509155273 
4.9518938064575195 
4.8519182205200195 
5.056488037109375 
6.015735149383545 
6.634268760681152 
7.723990440368652 
4.821716785430908 
7.374390125274658 
5.141453742980957 
5.434422016143799 
5.181836128234863 
8.632628440856934 
4.968328952789307 
5.043025970458984 
4.906477928161621 
5.0898637771606445 
5.041554927825928 
5.538173675537109 
4.9339985847473145 
4.879246711730957 
5.185918807983398 
5.08798360824585 
5.184421539306641 
4.869766712188721 
4.89446496963501 
5.018852233886719 
4.914981365203857 
4.955932140350342 
7.369290351867676 
6.516193389892578 
4.986260414123535 
4.898906230926514 
4.964474201202393 
5.831169128417969 
4.8622307777404785 
4.902976036071777 
8.654210090637207 
4.898344993591309 
4.976756572723389 
4.974518299102783 
4.973028182983398 
6.853353977203369 
5.590991020202637 
6.9591498374938965 
4.925242900848389 
4.7877583503723145 
5.488607406616211 
5.379631996154785 
5.273104667663574 
6.813841342926025 
5.170872211456299 
4.98732852935791 
5.06427001953125 
5.092087745666504 
5.0450592041015625 
4.958813667297363 
9.186482429504395 
4.999086380004883 
4.989819526672363 
4.965261459350586 
4.904050827026367 
5.051082611083984 
4.951083183288574 
5.112581729888916 
6.117316722869873 
5.850842475891113 
5.422085285186768 
5.660970687866211 
4.95225715637207 
4.935404300689697 
5.409689903259277 
5.020643711090088 
4.814390182495117 
4.950900554656982 
5.058898448944092 
5.590991020202637 
4.771672248840332 
5.0519537925720215 
5.407441139221191 
4.988666534423828 
7.277157783508301 
8.65101146697998 
4.913417816162109 
4.95413875579834 
5.090489387512207 
4.89238166809082 
5.20206880569458 
6.534748077392578 
5.093255996704102 
4.909903526306152 
4.962827682495117 
5.017393112182617 
4.980327606201172 
5.271625995635986 
5.022696495056152 
5.0640482902526855 
5.026170253753662 
5.396518230438232 
7.402393341064453 
5.0230631828308105 
5.066127777099609 
4.977039813995361 
5.119372367858887 
7.961538314819336 
4.881656169891357 
4.979265213012695 
6.229039192199707 
4.878696918487549 
5.010323524475098 
6.090030670166016 
5.251748561859131 
6.6577348709106445 
5.759855270385742 
5.028712749481201 
5.497404098510742 
5.059122562408447 
5.0260701179504395 
4.8959856033325195 
5.039889812469482 
4.914405822753906 
6.795919895172119 
5.811518669128418 
4.926012992858887 
4.961426734924316 
5.005809307098389 
4.949730396270752 
4.934507846832275 
4.9670820236206055 
4.662284851074219 
5.0793776512146 
4.938098907470703 
5.021044731140137 
5.07927131652832 
5.042402744293213 
4.835726737976074 
4.929617881774902 
5.211945056915283 
4.970630168914795 
5.976458549499512 
5.4844889640808105 
4.893573760986328 
4.948061943054199 
5.022718906402588 
6.861239433288574 
4.960046291351318 
5.043740272521973 
5.024849891662598 
4.854275703430176 
4.887644290924072 
4.860874176025391 
4.9967732429504395 
5.01821231842041 
5.590991020202637 
5.225914001464844 
5.0313215255737305 
5.01784086227417 
5.03945255279541 
6.882313251495361 
5.4671831130981445 
5.319855213165283 
5.155228614807129 
4.951912879943848 
4.9019670486450195 
4.896399974822998 
5.110166549682617 
4.794022083282471 
4.9159932136535645 
6.852521896362305 
5.025496959686279 
4.884556770324707 
8.110265731811523 
5.057126522064209 
4.924870014190674 
5.035521984100342 
6.3947834968566895 
6.482234001159668 
5.590991020202637 
4.919650077819824 
4.982620716094971 
4.860038757324219 
7.296322822570801 
4.9731364250183105 
7.101827144622803 
5.022093772888184 
5.454597473144531 
4.91528844833374 
4.807560443878174 
5.045694828033447 
5.394582748413086 
5.049759864807129 
5.590991020202637 
5.126173973083496 
6.0206828117370605 
5.211256980895996 
4.939276695251465 
5.055691719055176 
5.2618889808654785 
4.956613540649414 
4.902867794036865 
5.86644983291626 
5.090602874755859 
5.059273719787598 
4.847450256347656 
4.9252777099609375 
4.940433502197266 
6.838033676147461 
5.007808685302734 
4.918380260467529 
9.351001739501953 
5.093349933624268 
4.9567365646362305 
7.241475582122803 
7.353742599487305 
4.962098598480225 
6.546854496002197 
4.818939208984375 
4.868305206298828 
4.901193141937256 
4.987088203430176 
4.93437385559082 
4.965269565582275 
5.031073093414307 
5.28984260559082 
5.0077900886535645 
6.414388179779053 
4.867745399475098 
8.103792190551758 
4.8800048828125 
5.079777240753174 
5.16055965423584 
4.995996475219727 
5.69398307800293 
4.8995842933654785 
5.979135036468506 
5.311065196990967 
5.022070407867432 
6.133793830871582 
5.013838768005371 
5.8087358474731445 
4.9510979652404785 
5.013785362243652 
4.934581279754639 
5.069332599639893 
4.9128570556640625 
4.920626640319824 
6.377019882202148 
4.930806636810303 
4.9947075843811035 
5.098581314086914 
4.891788959503174 
5.162729740142822 
5.000020503997803 
5.017674922943115 
6.4105939865112305 
4.960081577301025 
7.311524391174316 
5.453542709350586 
6.6567606925964355 
5.011570930480957 
4.8742170333862305 
4.906971454620361 
4.955812454223633 
5.024631977081299 
4.991873741149902 
6.70147705078125 
5.109363555908203 
4.966211795806885 
4.833330154418945 
4.944337844848633 
5.057638645172119 
5.086503505706787 
4.96765661239624 
5.127968788146973 
5.073582649230957 
4.981553077697754 
5.345250606536865 
4.892138957977295 
7.073571681976318 
6.7780938148498535 
4.872955799102783 
5.031070232391357 
4.972698211669922 
4.919447898864746 
5.04643440246582 
6.497447490692139 
4.961254119873047 
5.022928237915039 
4.836208343505859 
5.040641784667969 
5.106724262237549 
5.379599094390869 
7.470519542694092 
4.929433345794678 
5.196425437927246 
4.905354022979736 
4.8306965827941895 
5.09628438949585 
4.996742248535156 
5.17402458190918 
6.678444862365723 
6.7714972496032715 
6.812175273895264 
7.0655131340026855 
5.029737949371338 
5.1051483154296875 
5.203551769256592 
4.693869590759277 
6.02012300491333 
4.907962799072266 
5.093260765075684 
5.174055099487305 
5.590991020202637 
4.910815715789795 
8.451465606689453 
4.886539459228516 
5.026172637939453 
5.414234161376953 
4.857420921325684 
5.192524433135986 
4.923296928405762 
4.825109958648682 
5.101622104644775 
4.994140625 
4.999451637268066 
5.067958831787109 
5.490411281585693 
7.261367321014404 
5.437338829040527 
6.027354717254639 
5.543190956115723 
6.389229774475098 
4.7914137840271 
5.06608247756958 
5.021918296813965 
4.814639091491699 
4.932577610015869 
5.097451210021973 
4.856818675994873 
5.006318092346191 
4.895296573638916 
5.174978733062744 
4.947219371795654 
5.038361072540283 
7.4467010498046875 
5.560868740081787 
4.986331462860107 
4.868653297424316 
5.3216986656188965 
5.142911911010742 
6.9810309410095215 
6.9872941970825195 
4.9875688552856445 
5.042198657989502 
5.590991020202637 
5.967813491821289 
5.2557373046875 
5.044233798980713 
5.590991020202637 
4.988176345825195 
4.972516059875488 
6.486573696136475 
5.129903793334961 
5.011049747467041 
4.881924152374268 
5.026001930236816 
5.042389869689941 
4.93867301940918 
5.015268325805664 
5.015349388122559 
4.669713497161865 
4.9559245109558105 
5.199176788330078 
4.989078521728516 
4.952939033508301 
4.882139205932617 
5.443713665008545 
6.821041584014893 
4.9823527336120605 
6.337780952453613 
4.815974712371826 
5.000581741333008 
5.724072456359863 
4.871857643127441 
4.9594197273254395 
5.162839412689209 
6.983330726623535 
5.201045513153076 
5.113572597503662 
5.160473346710205 
4.860929489135742 
4.890559673309326 
4.891184329986572 
7.829846382141113 
4.961300373077393 
5.051355361938477 
4.8557305335998535 
6.690828800201416 
8.183692932128906 
6.339222431182861 
5.851670265197754 
4.8853888511657715 
7.474740028381348 
5.622442722320557 
5.008790969848633 
4.8496994972229 
4.922214031219482 
5.608405590057373 
4.939115524291992 
5.126112937927246 
5.0744781494140625 
4.847982406616211 
4.954766750335693 
5.24575138092041 
6.338161468505859 
6.0658793449401855 
7.31277322769165 
7.651241302490234 
6.738205432891846 
4.958873748779297 
5.004776954650879 
5.498752593994141 
5.146711826324463 
5.005667686462402 
5.226055145263672 
5.0272955894470215 
4.96527099609375 
4.906330108642578 
5.11688232421875 
4.95285177230835 
5.06065559387207 
5.002091884613037 
7.453920364379883 
5.004456520080566 
4.927146911621094 
5.111652851104736 
5.590991020202637 
5.161169052124023 
8.067208290100098 
4.936610698699951 
4.95003080368042 
4.930966854095459 
4.8547210693359375 
5.809030532836914 
5.73691987991333 
4.97341775894165 
4.985018253326416 
6.640870571136475 
5.664147853851318 
5.3740620613098145 
6.557489395141602 
6.6498003005981445 
5.701635837554932 
5.514735698699951 
5.669025421142578 
4.9919047355651855 
4.911180019378662 
5.20869255065918 
7.077868938446045 
5.173419952392578 
4.870777606964111 
4.880826950073242 
4.9595537185668945 
5.1566643714904785 
5.051026344299316 
4.951690673828125 
5.610039234161377 
6.583528518676758 
4.903963565826416 
4.990327835083008 
4.932734966278076 
4.876313209533691 
5.705384254455566 
5.006444931030273 
5.016577243804932 
4.994394302368164 
5.725594997406006 
4.995850563049316 
4.988590717315674 
4.9813714027404785 
4.905889987945557 
5.043092727661133 
4.9804792404174805 
7.108572483062744 
5.104324817657471 
4.868446350097656 
4.816431999206543 
4.993276119232178 
4.976105690002441 
4.966325759887695 
4.907093048095703 
4.943628311157227 
4.947013854980469 
4.744051456451416 
4.92103385925293 
5.740237712860107 
5.174534797668457 
5.091516494750977 
5.70615291595459 
6.164505958557129 
5.017308712005615 
5.113308906555176 
4.944965839385986 
5.055698394775391 
5.056914806365967 
7.043003082275391 
4.808030605316162 
4.89111328125 
5.089803218841553 
5.266766548156738 
6.5031256675720215 
4.984993934631348 
7.545938491821289 
5.848504543304443 
4.857336044311523 
4.966055393218994 
4.955509662628174 
4.953268527984619 
7.472227096557617 
5.0080366134643555 
5.032034873962402 
5.18752384185791 
5.679314613342285 
7.4090352058410645 
4.833776473999023 
5.040945053100586 
6.67691707611084 
4.938771724700928 
5.086795806884766 
5.851164817810059 
4.90101432800293 
4.888046741485596 
5.060098648071289 
4.8202056884765625 
7.493596076965332 
5.000558853149414 
5.8034987449646 
4.91293478012085 
5.008197784423828 
6.492755889892578 
5.462197780609131 
4.930031776428223 
7.073403358459473 
5.1065850257873535 
7.349570274353027 
6.175490379333496 
4.9449052810668945 
4.855545997619629 
5.165449619293213 
4.922680377960205 
4.910385608673096 
6.592815399169922 
5.183929920196533 
6.147089958190918 
4.916288375854492 
4.84951114654541 
6.297807693481445 
5.590991020202637 
4.944002151489258 
4.967304706573486 
5.002671718597412 
4.865427017211914 
4.968686103820801 
5.172186851501465 
7.926070213317871 
5.03956413269043 
4.997043609619141 
4.971362590789795 
5.322779178619385 
5.6663079261779785 
5.83455753326416 
6.5319132804870605 
4.911006927490234 
9.29819107055664 
5.094679832458496 
4.903528690338135 
5.236781120300293 
5.036549091339111 
4.915591239929199 
4.893131256103516 
4.888060569763184 
5.590991020202637 
4.968645095825195 
7.294273376464844 
7.849026679992676 
5.975115776062012 
4.9443559646606445 
7.1428070068359375 
5.251280307769775 
4.810614585876465 
7.660019397735596 
5.3977274894714355 
5.049075126647949 
5.000689506530762 
5.125811576843262 
4.860435962677002 
5.246641635894775 
5.406882286071777 
4.87516450881958 
4.825804233551025 
4.989832878112793 
4.920180320739746 
4.927973747253418 
4.690411567687988 
5.066333293914795 
5.354587078094482 
4.9829607009887695 
4.984155178070068 
5.148232936859131 
5.590991020202637 
5.4055891036987305 
5.014176368713379 
5.065454006195068 
5.125093936920166 
6.8357439041137695 
5.072381973266602 
5.44038200378418 
5.113470554351807 
4.928961277008057 
5.050421714782715 
5.25784969329834 
4.877839088439941 
4.944193363189697 
5.022895336151123 
4.905432224273682 
5.414270877838135 
5.157739639282227 
4.884555339813232 
4.897281646728516 
4.986354827880859 
5.044629096984863 
4.939373016357422 
5.17340087890625 
4.939169883728027 
4.9990386962890625 
4.8070807456970215 
4.9894609451293945 
4.9134135246276855 
4.878108978271484 
5.491644859313965 
4.89203405380249 
7.257307052612305 
5.013044357299805 
6.752328872680664 
4.917391300201416 
4.9343485832214355 
4.894343852996826 
4.996539115905762 
5.028665542602539 
7.028926849365234 
4.8968706130981445 
4.9152092933654785 
5.059879779815674 
4.90766716003418 
5.007997035980225 
4.90740442276001 
5.05614709854126 
5.821824073791504 
4.940945625305176 
6.909951686859131 
4.872241020202637 
5.349176406860352 
5.072772026062012 
5.086673736572266 
4.951871871948242 
5.0002121925354 
4.955310821533203 
5.207304000854492 
5.16385555267334 
5.013508319854736 
5.072714805603027 
4.936580657958984 
5.263770580291748 
5.387304306030273 
6.381505012512207 
4.865520000457764 
4.802910327911377 
4.945757865905762 
4.993835926055908 
5.013662815093994 
5.168370246887207 
4.889191150665283 
8.76801872253418 
4.996667385101318 
4.874784469604492 
5.036774158477783 
5.063874244689941 
5.740716457366943 
4.791375160217285 
4.906010627746582 
4.891674995422363 
5.007036209106445 
5.383576393127441 
4.997758388519287 
5.101988315582275 
8.477412223815918 
4.983331680297852 
4.988206386566162 
6.169746398925781 
5.175525188446045 
5.115997314453125 
5.902306079864502 
7.0093159675598145 
5.590991020202637 
4.915491580963135 
4.913397789001465 
5.1022748947143555 
5.023183822631836 
4.970159530639648 
5.034306049346924 
5.636300563812256 
5.1025519371032715 
5.571173667907715 
5.136212348937988 
4.948155879974365 
5.142513275146484 
5.125978946685791 
4.970428466796875 
5.112882137298584 
4.934813499450684 
4.79035758972168 
5.022351264953613 
8.65577507019043 
5.359260559082031 
5.361027717590332 
4.976838111877441 
5.055115699768066 
5.1351213455200195 
5.069425582885742 
4.938484191894531 
4.960659503936768 
4.942564010620117 
5.070547103881836 
5.123855113983154 
4.997929096221924 
6.840712547302246 
5.053833961486816 
5.164493083953857 
5.022402286529541 
5.556650638580322 
4.854840278625488 
5.198208808898926 
4.944335460662842 
5.590991020202637 
4.8692145347595215 
7.380035877227783 
4.847139358520508 
6.023313999176025 
4.953558921813965 
4.978560924530029 
4.939473628997803 
5.512470722198486 
5.989302158355713 
4.967903137207031 
5.311775207519531 
6.575752258300781 
4.929460048675537 
5.1066203117370605 
6.001999378204346 
5.253198623657227 
4.897249698638916 
5.681488513946533 
4.29061222076416 
6.130094528198242 
4.694483280181885 
4.886739730834961 
4.991306781768799 
5.05474328994751 
4.931536674499512 
5.045042037963867 
4.897847652435303 
4.921440124511719 
5.058643341064453 
4.910514831542969 
5.1283183097839355 
4.708892345428467 
5.087438106536865 
4.817605018615723 
4.990231990814209 
5.307153701782227 
4.833654403686523 
6.404601573944092 
6.389011859893799 
5.039572238922119 
4.925169944763184 
6.661847114562988 
5.316546440124512 
5.200312614440918 
8.96633529663086 
5.076699256896973 
5.962406635284424 
4.8645148277282715 
5.176260948181152 
5.585245609283447 
4.896887302398682 
6.310030460357666 
4.954245090484619 
5.06793212890625 
5.280856132507324 
4.9130096435546875 
6.449238300323486 
5.044879913330078 
5.02876091003418 
5.012048244476318 
4.967859268188477 
4.97804069519043 
5.093388557434082 
4.937681198120117 
4.962532997131348 
5.849548816680908 
5.23792028427124 
5.857217788696289 
7.0518646240234375 
5.0615458488464355 
4.965940475463867 
7.057667255401611 
5.082642555236816 
4.997671127319336 
4.994374752044678 
5.0491228103637695 
5.2222065925598145 
5.235362529754639 
5.4630327224731445 
4.868395805358887 
6.824725151062012 
4.985240936279297 
4.911659240722656 
4.975615978240967 
4.908587455749512 
4.944878578186035 
5.854687690734863 
7.460930824279785 
5.143005847930908 
5.1613640785217285 
5.173818588256836 
5.35869836807251 
4.983428478240967 
4.909741401672363 
4.988203048706055 
7.057207107543945 
5.0171589851379395 
4.97218132019043 
5.431655406951904 
5.1006879806518555 
5.117315769195557 
5.392134666442871 
5.441112995147705 
5.5763397216796875 
6.99716329574585 
5.102084636688232 
5.033666610717773 
4.887475967407227 
5.234001636505127 
5.1211419105529785 
4.953316688537598 
6.972090721130371 
4.979273796081543 
4.883007526397705 
6.629817485809326 
5.235324859619141 
4.946544647216797 
5.264764785766602 
5.058691024780273 
5.1384782791137695 
4.8474931716918945 
6.002213001251221 
5.110223293304443 
5.152840614318848 
5.008304595947266 
4.934295654296875 
4.9950337409973145 
7.331230163574219 
5.0269551277160645 
4.987346649169922 
5.091141223907471 
5.026089668273926 
4.981019020080566 
8.593761444091797 
4.904038429260254 
5.779720783233643 
8.24142837524414 
5.234840393066406 
6.009014129638672 
4.8713154792785645 
5.162312984466553 
4.991152763366699 
4.943291187286377 
5.0540385246276855 
4.897384166717529 
5.090081214904785 
5.054431915283203 
7.589327335357666 
4.965221405029297 
5.002592086791992 
4.99722957611084 
5.0278215408325195 
5.023896217346191 
4.97901725769043 
5.150600910186768 
5.015576362609863 
6.249700546264648 
5.089970111846924 
4.982916831970215 
4.809693813323975 
4.928221702575684 
5.2089338302612305 
4.939798831939697 
4.9360504150390625 
4.8391194343566895 
5.09644889831543 
4.9484171867370605 
5.9883198738098145 
7.7759809494018555 
4.902899742126465 
5.109177589416504 
4.876014709472656 
5.038316249847412 
4.896132946014404 
4.553709030151367 
4.997644424438477 
6.606325149536133 
4.878174781799316 
8.232474327087402 
5.311614513397217 
5.053435802459717 
5.195895195007324 
5.035665512084961 
4.913334846496582 
5.131134033203125 
4.978426933288574 
4.873866558074951 
6.487572193145752 
5.339810848236084 
4.9550461769104 
4.993985176086426 
6.96737003326416 
7.139673709869385 
5.029171943664551 
5.0263824462890625 
7.08219575881958 
5.331757545471191 
5.590991020202637 
7.030855178833008 
8.418022155761719 
4.897262096405029 
5.54033899307251 
5.035512924194336 
4.9781084060668945 
5.0570173263549805 
5.2789812088012695 
4.946746826171875 
7.544000625610352 
5.074718475341797 
5.370487689971924 
5.105438709259033 
6.386373043060303 
5.099480628967285 
6.447378158569336 
5.0625104904174805 
4.9967451095581055 
5.015528202056885 
4.997289180755615 
4.997160911560059 
5.0456624031066895 
5.557129383087158 
6.045407772064209 
5.056838035583496 
5.094321250915527 
5.653039455413818 
4.956171035766602 
4.969724178314209 
5.123006820678711 
4.907337188720703 
6.114820957183838 
6.770473003387451 
5.009774684906006 
5.096259117126465 
5.067631721496582 
4.987909317016602 
5.590991020202637 
5.013365268707275 
5.616562843322754 
6.0033721923828125 
4.868188858032227 
6.577986717224121 
4.913668155670166 
4.963168621063232 
4.9573493003845215 
5.1711883544921875 
4.993433475494385 
5.1061177253723145 
5.4394731521606445 
5.0266032218933105 
5.516366004943848 
5.005963325500488 
6.753507614135742 
4.981187343597412 
4.9031171798706055 
4.693107604980469 
7.633861541748047 
5.578562259674072 
6.982659339904785 
4.891291618347168 
5.104678153991699 
4.91152286529541 
5.415258407592773 
6.550468444824219 
4.986461162567139 
5.051415920257568 
5.22861385345459 
5.177422046661377 
7.968280792236328 
4.908573150634766 
5.193152904510498 
5.021118640899658 
4.880900859832764 
5.000516891479492 
5.623076438903809 
6.512297630310059 
5.269192218780518 
4.93574333190918 
4.743968486785889 
4.982898235321045 
4.897580146789551 
5.590991020202637 
4.988840103149414 
5.074848175048828 
4.9852294921875 
5.002501010894775 
5.298855304718018 
7.117051124572754 
5.566617965698242 
5.058482646942139 
5.346639156341553 
4.9899725914001465 
7.1279706954956055 
5.139778137207031 
4.933469772338867 
5.030738353729248 
5.083414077758789 
5.087733268737793 
4.864054203033447 
5.590991020202637 
4.950799465179443 
4.744809627532959 
4.925154209136963 
5.02820348739624 
8.117491722106934 
4.883548736572266 
4.963651657104492 
4.903726577758789 
5.659163951873779 
5.452126502990723 
4.968031406402588 
6.6453375816345215 
5.007612228393555 
7.716509819030762 
4.974677085876465 
4.844000339508057 
4.844465732574463 
6.538097381591797 
4.899831771850586 
4.741753578186035 
5.07872200012207 
4.983185291290283 
5.192226886749268 
4.750522136688232 
5.088377952575684 
6.085389137268066 
5.025900840759277 
4.891167640686035 
5.058509349822998 
4.995673179626465 
5.173861026763916 
4.853702545166016 
5.965683937072754 
5.546000003814697 
4.955944061279297 
4.962852478027344 
5.059324741363525 
4.99677038192749 
4.95413064956665 
5.0551533699035645 
4.982053756713867 
7.055150985717773 
4.95389986038208 
6.050816059112549 
5.424823760986328 
5.451640605926514 
4.98581600189209 
4.930408000946045 
4.970684051513672 
6.768521308898926 
4.994222164154053 
6.560628414154053 
5.015876770019531 
6.847185134887695 
5.051463603973389 
4.959522247314453 
5.423772811889648 
4.811188220977783 
8.542787551879883 
4.949206352233887 
5.590991020202637 
4.928691387176514 
4.968658447265625 
5.087648391723633 
4.954648971557617 
4.965557098388672 
5.007672309875488 
5.1082611083984375 
4.794954299926758 
5.052693843841553 
5.23039436340332 
6.255676746368408 
5.002156734466553 
4.9075212478637695 
5.590991020202637 
5.72251558303833 
7.2040696144104 
4.795656681060791 
5.045337200164795 
5.018439292907715 
5.092395782470703 
4.850950717926025 
4.958291530609131 
4.970117092132568 
4.845580101013184 
5.319532871246338 
5.058587074279785 
6.649169921875 
4.9310383796691895 
4.950644493103027 
6.457483768463135 
5.007915019989014 
4.9825592041015625 
6.908330917358398 
4.962374687194824 
4.936371326446533 
4.827940464019775 
5.108247756958008 
5.1569437980651855 
5.096034526824951 
5.03800630569458 
4.956481456756592 
5.116757869720459 
4.919918060302734 
4.956753730773926 
4.9838972091674805 
4.9579057693481445 
4.98002815246582 
4.929809093475342 
4.960573673248291 
5.801957130432129 
4.912810325622559 
5.338652610778809 
6.5807881355285645 
4.914985179901123 
5.073057174682617 
7.805180549621582 
5.69430685043335 
4.924274921417236 
4.908672332763672 
4.922243118286133 
5.260304927825928 
5.096434593200684 
8.053442001342773 
5.161834239959717 
5.218470573425293 
4.962025165557861 
4.900861740112305 
9.010591506958008 
5.549297332763672 
7.7902350425720215 
4.830313205718994 
4.847181797027588 
5.10344934463501 
4.867682456970215 
8.70742416381836 
5.071408748626709 
5.0116143226623535 
5.203939437866211 
7.373533248901367 
4.971555709838867 
4.930032730102539 
5.14682149887085 
4.913557052612305 
5.950225830078125 
5.391777038574219 
5.019044876098633 
4.964001655578613 
5.07383918762207 
5.196063995361328 
6.61277961730957 
4.955735683441162 
4.954278945922852 
4.863248825073242 
5.152860164642334 
4.908507347106934 
5.130826473236084 
4.8564934730529785 
4.7642011642456055 
6.185451507568359 
6.56583309173584 
5.78115701675415 
5.137612342834473 
5.010025501251221 
4.903376579284668 
5.074993133544922 
4.706180095672607 
4.96165657043457 
5.035976886749268 
5.118834018707275 
4.964917182922363 
7.237633228302002 
5.019913196563721 
5.545595645904541 
6.34486198425293 
4.969470024108887 
4.950618743896484 
4.978954315185547 
5.264736175537109 
4.9647536277771 
5.091609954833984 
4.78720235824585 
5.0074262619018555 
4.9341840744018555 
4.962231159210205 
7.485446929931641 
4.888693809509277 
4.908823013305664 
5.136430263519287 
4.928109169006348 
4.897119045257568 
5.002179145812988 
4.810708045959473 
4.938414573669434 
5.407463550567627 
7.661436080932617 
4.999481201171875 
4.893184185028076 
4.9810333251953125 
5.641740322113037 
5.215165138244629 
4.980532169342041 
5.052928924560547 
5.080894947052002 
4.9097900390625 
4.998456954956055 
4.913909912109375 
4.993415355682373 
5.020630836486816 
4.94491720199585 
5.0216145515441895 
4.928216934204102 
4.928086757659912 
5.158982753753662 
4.910499572753906 
4.947106838226318 
4.933332443237305 
4.844398498535156 
5.03543758392334 
5.344205379486084 
6.119274139404297 
4.837170600891113 
4.916798114776611 
4.881162166595459 
5.408597946166992 
5.143430709838867 
5.106775760650635 
5.513724327087402 
5.590991020202637 
5.903344631195068 
5.729802131652832 
4.98573637008667 
4.927903652191162 
4.949693202972412 
5.0141191482543945 
6.318587303161621 
5.03550386428833 
5.380833625793457 
4.970486640930176 
4.961300373077393 
4.859668731689453 
5.6431097984313965 
4.981703758239746 
5.3493242263793945 
7.093701362609863 
5.060933589935303 
7.807586669921875 
5.1067891120910645 
5.0175347328186035 
6.1428937911987305 
4.971432685852051 
4.996271133422852 
5.555945873260498 
5.020778656005859 
5.345985412597656 
4.86740255355835 
5.6809587478637695 
4.968197345733643 
5.70772123336792 
4.916520118713379 
6.585958480834961 
5.159716606140137 
4.970282077789307 
5.074659824371338 
4.945141315460205 
6.912507057189941 
5.044466495513916 
8.148762702941895 
4.939367294311523 
5.266602993011475 
4.917375087738037 
4.992253303527832 
4.967012405395508 
4.9859819412231445 
5.400351047515869 
4.6097941398620605 
4.946788787841797 
4.986677169799805 
4.892794609069824 
4.919498443603516 
4.902331352233887 
4.9921417236328125 
6.569615364074707 
5.246082305908203 
5.312707424163818 
4.897914886474609 
4.8996782302856445 
4.956851959228516 
5.072061538696289 
4.961336135864258 
6.850790023803711 
4.921686172485352 
4.922262668609619 
5.083621025085449 
6.845840930938721 
5.1552653312683105 
4.9906907081604 
5.018029689788818 
5.121617317199707 
4.944628715515137 
4.715071678161621 
6.742097854614258 
4.875832557678223 
5.019254684448242 
6.200417518615723 
7.981313228607178 
6.2476911544799805 
5.093474388122559 
4.914468288421631 
4.987462997436523 
4.891080379486084 
4.962758541107178 
5.116091728210449 
5.004034996032715 
4.9166259765625 
8.189952850341797 
4.915314674377441 
4.947363376617432 
5.085311412811279 
4.9094696044921875 
5.442483425140381 
5.123981475830078 
5.590991020202637 
5.590991020202637 
5.021050930023193 
5.049014568328857 
5.04233455657959 
5.003040313720703 
4.843378067016602 
5.168694019317627 
4.9859442710876465 
5.7930588722229 
5.450829029083252 
5.660853385925293 
8.110407829284668 
6.145043849945068 
9.109387397766113 
5.083696365356445 
4.882853984832764 
6.572955131530762 
4.948161602020264 
4.939640522003174 
6.936147689819336 
4.894495010375977 
6.3274006843566895 
5.590991020202637 
5.308621883392334 
4.984801292419434 
5.038506984710693 
4.901759624481201 
7.501021862030029 
4.92612886428833 
4.932941913604736 
4.977613925933838 
7.049206733703613 
5.08122444152832 
4.850239276885986 
5.692635536193848 
5.086027145385742 
6.063534736633301 
6.04852819442749 
7.85064697265625 
4.8766608238220215 
4.922422885894775 
5.112227916717529 
4.911102771759033 
5.005500316619873 
4.9509172439575195 
4.988070964813232 
4.979030609130859 
5.107309341430664 
4.997831344604492 
5.284671306610107 
4.913815975189209 
4.9940338134765625 
6.073940277099609 
6.543062210083008 
4.9021220207214355 
6.057110786437988 
5.2887420654296875 
5.870847225189209 
5.017586708068848 
4.845948219299316 
5.110178470611572 
5.590991020202637 
5.590991020202637 
5.018146991729736 
5.168808937072754 
5.872159957885742 
5.1932501792907715 
5.006432056427002 
5.009250164031982 
4.93519926071167 
5.000349998474121 
5.122715950012207 
5.0209503173828125 
4.974194049835205 
4.842193603515625 
6.161665916442871 
5.090263843536377 
5.02709436416626 
5.54532527923584 
4.9751996994018555 
4.890734672546387 
4.939414978027344 
4.929445743560791 
5.254290580749512 
4.967719554901123 
4.975160598754883 
4.921899795532227 
4.870895862579346 
5.169031143188477 
5.272925853729248 
4.895185947418213 
6.615514278411865 
6.0799713134765625 
4.990875244140625 
4.987232685089111 
6.589290142059326 
5.027364730834961 
5.0607008934021 
7.46445369720459 
5.034896373748779 
5.184494972229004 
5.104990005493164 
4.890876293182373 
8.2035493850708 
6.813077926635742 
4.979264259338379 
7.399496078491211 
5.06471586227417 
5.713576793670654 
6.872659206390381 
4.922905921936035 
5.191762924194336 
4.953944206237793 
5.818933486938477 
5.047665119171143 
5.108522891998291 
4.90418815612793 
4.926087379455566 
8.195358276367188 
8.291193962097168 
7.370655059814453 
5.057840347290039 
4.966604709625244 
4.975975513458252 
4.914766311645508 
4.9944071769714355 
4.964800834655762 
4.907970428466797 
5.057934284210205 
5.056873321533203 
4.917115688323975 
7.804661273956299 
7.135836601257324 
5.541205883026123 
5.006322860717773 
4.851950168609619 
5.065548419952393 
5.0295329093933105 
5.878235816955566 
5.590991020202637 
4.909383773803711 
4.8187336921691895 
5.857968330383301 
7.044879913330078 
4.745957851409912 
4.792306900024414 
4.921084403991699 
4.705460071563721 
5.203061580657959 
7.162866592407227 
5.927587509155273 
4.952944278717041 
5.130955696105957 
7.04877233505249 
5.245445728302002 
4.979548931121826 
8.033731460571289 
6.5445427894592285 
5.064192771911621 
5.081933975219727 
5.02985954284668 
5.959640979766846 
4.857512474060059 
5.126794815063477 
4.874518394470215 
4.978344440460205 
6.940762519836426 
4.976128101348877 
4.924701690673828 
4.9866180419921875 
4.897515773773193 
4.957153797149658 
4.939404487609863 
5.683065891265869 
6.613701820373535 
4.937086582183838 
4.956947326660156 
4.8355183601379395 
4.933475971221924 
4.900834083557129 
4.810477256774902 
5.468080043792725 
4.964223384857178 
5.027387619018555 
5.019330024719238 
7.903295516967773 
5.085537910461426 
5.1396660804748535 
4.822717189788818 
6.25394344329834 
4.840083122253418 
4.978944778442383 
5.48419713973999 
4.838540554046631 
4.932377338409424 
4.6798553466796875 
5.104771614074707 
5.386776924133301 
4.9901628494262695 
7.178750991821289 
5.186379432678223 
4.866301536560059 
4.928064823150635 
4.841235160827637 
6.245576858520508 
6.442913055419922 
4.893519401550293 
4.903799057006836 
6.732241153717041 
5.030153751373291 
6.546732425689697 
5.006538391113281 
5.392750263214111 
6.443630695343018 
4.964692115783691 
5.023064613342285 
4.853857517242432 
6.240572452545166 
5.043184280395508 
6.149794101715088 
5.721646785736084 
5.590991020202637 
8.067806243896484 
4.931416034698486 
4.915989875793457 
4.950163841247559 
4.848405838012695 
5.9129486083984375 
4.997336387634277 
4.866085052490234 
5.021216869354248 
9.18625259399414 
5.658065319061279 
4.994729042053223 
5.0102972984313965 
4.94447135925293 
7.52130651473999 
5.512969017028809 
5.004404067993164 
5.028737545013428 
5.059108257293701 
4.785924911499023 
4.8103132247924805 
5.379288673400879 
4.788595199584961 
5.037341117858887 
4.867403984069824 
4.975151538848877 
4.873044013977051 
4.862678527832031 
4.928053379058838 
5.154297828674316 
6.547055721282959 
6.848658084869385 
5.5935893058776855 
5.076716899871826 
4.6811676025390625 
5.261013507843018 
5.249509334564209 
4.901115417480469 
5.5939836502075195 
4.9515180587768555 
5.894931316375732 
5.045295715332031 
10.337343215942383 
5.102347373962402 
4.900550365447998 
5.3320488929748535 
4.888309478759766 
5.018191337585449 
5.040491104125977 
5.283120155334473 
5.070674896240234 
6.613748550415039 
6.026932239532471 
5.590991020202637 
5.054696559906006 
6.168612480163574 
4.966196537017822 
7.45449161529541 
5.916975975036621 
4.898397922515869 
4.897861003875732 
5.042183876037598 
4.918079853057861 
5.080141067504883 
4.914198875427246 
4.899566173553467 
4.8819475173950195 
5.012516975402832 
5.3441548347473145 
5.566247940063477 
5.0974626541137695 
5.293246746063232 
5.196910381317139 
4.878551006317139 
4.967244625091553 
4.898228168487549 
5.623321056365967 
5.029938697814941 
4.813908576965332 
4.963995933532715 
7.729787826538086 
6.001486778259277 
4.912761688232422 
5.249758720397949 
5.030529975891113 
7.320950508117676 
4.851567268371582 
6.085916042327881 
4.875177383422852 
7.514787197113037 
4.897308349609375 
5.227774143218994 
4.970329284667969 
4.954743385314941 
4.903068542480469 
5.009040832519531 
7.057596683502197 
5.165771007537842 
4.981653690338135 
5.6269330978393555 
4.9647064208984375 
4.893377780914307 
4.951869964599609 
4.948997497558594 
5.073840141296387 
4.7988600730896 
7.019935131072998 
7.25035285949707 
4.824250221252441 
4.988039970397949 
5.283304214477539 
6.584192276000977 
4.911730766296387 
5.094532489776611 
5.129146575927734 
4.913254261016846 
5.070104598999023 
5.331887722015381 
5.687138080596924 
5.983619213104248 
4.963754653930664 
6.104135513305664 
5.055617809295654 
4.939723014831543 
4.892171859741211 
5.180795192718506 
7.371402740478516 
5.148016452789307 
5.033263683319092 
5.194859504699707 
4.9094767570495605 
5.086083889007568 
6.147032737731934 
5.75475549697876 
5.053254127502441 
4.9942851066589355 
7.347206115722656 
4.988069534301758 
5.007933616638184 
5.024928092956543 
6.6812286376953125 
9.180214881896973 
4.905717849731445 
4.933742046356201 
5.013806343078613 
7.686868190765381 
5.000694274902344 
7.241539001464844 
5.026275634765625 
5.012986660003662 
5.074069499969482 
6.598021984100342 
5.446937084197998 
5.487442970275879 
4.996611595153809 
5.590991020202637 
4.933098793029785 
5.137885093688965 
6.288683891296387 
5.06805944442749 
4.860532283782959 
4.972782611846924 
10.160606384277344 
7.403645038604736 
5.135644435882568 
4.819296360015869 
4.931441307067871 
4.826437950134277 
5.038970470428467 
4.95923376083374 
5.05547571182251 
9.810768127441406 
5.113489151000977 
5.20721435546875 
4.867602348327637 
7.934030532836914 
5.182218551635742 
5.062674522399902 
5.0667195320129395 
5.818587303161621 
4.944092273712158 
5.590991020202637 
5.918844699859619 
4.999894142150879 
5.174206733703613 
5.21267557144165 
4.8929572105407715 
4.841533660888672 
5.041448593139648 
4.982464790344238 
5.0795063972473145 
7.393699645996094 
4.906736373901367 
5.12005090713501 
5.454484462738037 
5.217375755310059 
5.057184219360352 
5.03048849105835 
5.403711318969727 
5.023609161376953 
5.190579891204834 
4.995685577392578 
4.998110771179199 
4.985445022583008 
4.981924533843994 
4.72288703918457 
7.564126491546631 
4.922394275665283 
5.0536298751831055 
5.671844959259033 
5.984955310821533 
7.27168607711792 
5.050580978393555 
4.82982063293457 
4.905147075653076 
4.981552600860596 
5.172929763793945 
4.904911994934082 
6.09555196762085 
6.375009536743164 
5.590991020202637 
4.940691947937012 
4.894712448120117 
4.855432987213135 
5.101136684417725 
4.97913122177124 
4.919301986694336 
5.067971706390381 
7.862532615661621 
5.006148338317871 
5.686207294464111 
4.985340595245361 
4.835491180419922 
5.0947370529174805 
4.9020795822143555 
5.106706619262695 
4.940156936645508 
4.954232215881348 
5.590991020202637 
5.115659713745117 
5.18947172164917 
5.073446273803711 
5.590991020202637 
6.060871601104736 
4.995763778686523 
4.815792083740234 
4.951216220855713 
6.8885297775268555 
5.12321138381958 
4.886172294616699 
4.821109294891357 
4.929176330566406 
5.3050856590271 
9.060075759887695 
5.187473773956299 
6.071733474731445 
6.900676250457764 
5.502328395843506 
5.004417419433594 
5.104730606079102 
5.007809638977051 
4.956068515777588 
5.020172595977783 
5.0053863525390625 
7.035628318786621 
6.729125499725342 
5.31707239151001 
4.900000095367432 
4.914533615112305 
6.754958152770996 
6.500087261199951 
4.947666645050049 
6.2678542137146 
4.933076858520508 
5.985347270965576 
4.887983322143555 
5.163451194763184 
4.86979866027832 
5.021392822265625 
4.997381210327148 
5.940438270568848 
4.842938423156738 
5.165978908538818 
4.958793640136719 
4.985416412353516 
4.944197654724121 
8.344533920288086 
4.921267509460449 
4.8266167640686035 
4.83217191696167 
4.9727067947387695 
6.872653007507324 
6.127984523773193 
4.975887298583984 
5.021867275238037 
4.790905952453613 
4.945767402648926 
5.322460174560547 
4.961647033691406 
4.9564056396484375 
4.810585975646973 
5.133836269378662 
7.6348137855529785 
5.1798272132873535 
6.725778102874756 
4.981594562530518 
4.893446922302246 
4.841508388519287 
6.626455307006836 
4.8512864112854 
5.858096122741699 
4.918919563293457 
4.946866989135742 
5.39784574508667 
4.985269546508789 
5.082056045532227 
5.013828277587891 
5.0324602127075195 
5.698650360107422 
5.1788434982299805 
4.956327438354492 
5.045027256011963 
4.894216060638428 
4.927371025085449 
4.948149681091309 
5.037761688232422 
5.590991020202637 
5.158872604370117 
5.111809253692627 
6.300189018249512 
5.0379462242126465 
4.932915687561035 
5.629421234130859 
7.268075466156006 
5.420552730560303 
4.911683082580566 
4.897278785705566 
5.150016784667969 
7.674008369445801 
5.017909049987793 
4.8714494705200195 
7.927035331726074 
8.968057632446289 
5.9819159507751465 
6.920622825622559 
5.895057201385498 
6.954160213470459 
5.025763511657715 
4.665258884429932 
5.149317741394043 
6.932275295257568 
9.077714920043945 
5.00701379776001 
4.637486457824707 
4.905768394470215 
4.947474002838135 
5.009263515472412 
4.85767126083374 
7.500535011291504 
5.0188188552856445 
4.89246129989624 
4.921810626983643 
5.268843650817871 
5.119513988494873 
4.9791765213012695 
5.6172285079956055 
8.761253356933594 
5.32624626159668 
4.933317184448242 
4.962864875793457 
4.929037570953369 
7.661701202392578 
5.0017571449279785 
4.769071102142334 
4.973296642303467 
5.8902587890625 
7.9419965744018555 
8.582721710205078 
5.017390727996826 
5.1929097175598145 
5.1279683113098145 
4.97096586227417 
4.937768459320068 
5.038785934448242 
6.821300506591797 
5.112480163574219 
4.854176044464111 
5.08315372467041 
5.7140045166015625 
5.116024494171143 
5.063498020172119 
7.327455997467041 
7.041476726531982 
5.060441017150879 
4.9701714515686035 
5.36484432220459 
5.369537830352783 
5.050551414489746 
7.851117134094238 
4.937704086303711 
5.080526351928711 
5.006473064422607 
4.832216262817383 
5.1738481521606445 
4.978487968444824 
4.89705753326416 
6.277977466583252 
6.726917743682861 
6.158535003662109 
5.340908050537109 
4.913331031799316 
4.91624116897583 
5.125749111175537 
5.19792366027832 
5.101132869720459 
7.753695487976074 
9.754188537597656 
5.01304292678833 
5.065235614776611 
5.075386047363281 
5.058686256408691 
4.905643463134766 
5.1374101638793945 
4.871826171875 
4.840741157531738 
4.951534748077393 
4.61483097076416 
4.892125129699707 
5.081885814666748 
4.8951826095581055 
7.370944023132324 
5.003279685974121 
4.821444511413574 
6.926602840423584 
5.9134111404418945 
7.040785789489746 
5.590991020202637 
8.808734893798828 
5.005253314971924 
4.969635486602783 
7.119814395904541 
5.551950931549072 
4.883296489715576 
5.064253807067871 
5.177349090576172 
5.080563545227051 
4.9341912269592285 
5.0176920890808105 
6.739566326141357 
5.220239639282227 
5.109576225280762 
5.068645000457764 
4.891302108764648 
7.197491645812988 
5.068856239318848 
4.909152030944824 
5.118541717529297 
5.262012004852295 
7.441771507263184 
4.847060203552246 
5.2433953285217285 
5.077955722808838 
5.0204572677612305 
4.838122367858887 
5.171291351318359 
4.984549522399902 
5.1995134353637695 
7.83830451965332 
4.867020606994629 
5.362325668334961 
7.265857696533203 
7.191547393798828 
5.357189178466797 
4.793361186981201 
5.1516313552856445 
5.091341495513916 
7.636727333068848 
7.0898284912109375 
4.939281463623047 
4.859955310821533 
4.9963555335998535 
5.059288024902344 
5.356335163116455 
5.073320388793945 
7.106422424316406 
5.292116165161133 
5.023346424102783 
5.214751243591309 
5.064540863037109 
5.277674198150635 
5.590991020202637 
5.0923638343811035 
5.087299823760986 
4.836348056793213 
5.035905838012695 
5.074010372161865 
5.04885196685791 
5.054793834686279 
4.880614280700684 
5.016164779663086 
5.67543363571167 
5.0350565910339355 
8.687382698059082 
5.590991020202637 
4.990294933319092 
4.8618035316467285 
5.180540084838867 
6.62360954284668 
4.971412181854248 
7.621491432189941 
5.517429828643799 
4.970870018005371 
4.915875434875488 
4.781459331512451 
8.789581298828125 
6.453249931335449 
5.626481533050537 
4.987526893615723 
6.549091339111328 
4.934362411499023 
4.972224712371826 
4.903886795043945 
4.965174674987793 
4.914360046386719 
4.899489402770996 
4.941047668457031 
4.9063897132873535 
4.99036979675293 
4.912819862365723 
6.422809600830078 
4.981252670288086 
4.840716361999512 
8.49658203125 
4.988358974456787 
4.974399089813232 
5.0048651695251465 
4.980859279632568 
5.02254056930542 
7.1772589683532715 
5.023591995239258 
5.056669235229492 
5.126223564147949 
4.914244174957275 
4.809397220611572 
4.989448547363281 
6.39046049118042 
5.403661727905273 
4.915757179260254 
6.569438934326172 
5.034181594848633 
5.170360088348389 
4.993781089782715 
4.999996185302734 
5.019489288330078 
5.094601631164551 
5.004120349884033 
5.006555080413818 
6.318368434906006 
4.892078876495361 
4.9378981590271 
4.922008514404297 
4.991148948669434 
5.058629035949707 
5.004775524139404 
4.888669013977051 
4.8703718185424805 
5.188943386077881 
4.963922500610352 
4.939324378967285 
4.867404937744141 
5.00600528717041 
4.950414657592773 
5.067373275756836 
5.6367573738098145 
7.588106632232666 
4.996599197387695 
4.987914562225342 
4.9446587562561035 
6.849948406219482 
5.209137916564941 
5.185315132141113 
4.912795543670654 
5.136381149291992 
4.922861099243164 
4.943122386932373 
5.102397441864014 
4.940702438354492 
4.9064226150512695 
5.0545973777771 
5.471271991729736 
4.861380577087402 
5.1639556884765625 
4.959361553192139 
4.921309947967529 
5.011832237243652 
5.003257751464844 
5.060272216796875 
5.032153129577637 
5.57368803024292 
4.991914749145508 
5.222235202789307 
5.0503950119018555 
5.331399440765381 
5.038704872131348 
4.874548435211182 
4.908571243286133 
5.023482322692871 
5.006011009216309 
6.0330891609191895 
4.959872722625732 
4.982231140136719 
6.472583293914795 
5.39724588394165 
5.098021984100342 
5.018582344055176 
4.916815280914307 
5.095039367675781 
6.958673477172852 
5.336127281188965 
5.026988506317139 
4.928108215332031 
5.039076805114746 
4.949097156524658 
5.034424304962158 
5.1030049324035645 
4.96071195602417 
5.2017669677734375 
4.859865188598633 
7.178718566894531 
4.91648006439209 
4.911518573760986 
5.29125452041626 
5.318176746368408 
5.1926727294921875 
5.4074931144714355 
4.9202399253845215 
5.118708610534668 
8.122264862060547 
5.570733070373535 
4.983860015869141 
5.430262088775635 
4.9902472496032715 
4.972007751464844 
6.075936794281006 
6.109528541564941 
5.049562454223633 
4.876194953918457 
5.967989921569824 
4.8538408279418945 
4.895998477935791 
5.194565773010254 
5.3313188552856445 
6.265125274658203 
4.910170555114746 
5.146200180053711 
4.882907390594482 
5.350447654724121 
5.008941650390625 
4.970271587371826 
5.023965835571289 
5.130609035491943 
4.983799457550049 
4.90293025970459 
7.549217224121094 
5.590991020202637 
5.010738372802734 
4.8975372314453125 
8.378105163574219 
5.590991020202637 
5.061755180358887 
4.9899420738220215 
6.932372093200684 
4.935000419616699 
4.980984210968018 
4.933239936828613 
4.883808612823486 
4.883378982543945 
4.906734943389893 
5.012262344360352 
4.908756256103516 
4.856546878814697 
4.861868858337402 
4.90256929397583 
4.770564556121826 
4.863243579864502 
6.0721964836120605 
5.9155802726745605 
5.027257442474365 
5.082499027252197 
4.932966232299805 
5.023087501525879 
5.11921501159668 
5.08803129196167 
4.750695705413818 
5.548781394958496 
5.054683208465576 
4.823209285736084 
4.840966701507568 
4.8952178955078125 
5.288890838623047 
5.006501197814941 
5.173069477081299 
4.994742393493652 
4.934795379638672 
5.203129768371582 
7.443896293640137 
5.08147668838501 
5.054827690124512 
5.389403820037842 
5.010471820831299 
5.911198139190674 
5.7006001472473145 
5.154001235961914 
5.107532501220703 
4.954441547393799 
7.3027496337890625 
5.445411682128906 
5.0262885093688965 
4.984761714935303 
4.908802032470703 
5.059095859527588 
5.2833452224731445 
5.130268096923828 
5.003628730773926 
4.928323268890381 
5.883505344390869 
6.513673782348633 
5.008864402770996 
4.949467182159424 
5.389689922332764 
5.031268119812012 
5.089268684387207 
5.060759544372559 
4.956609725952148 
4.867398262023926 
5.590991020202637 
5.031078338623047 
6.372952938079834 
5.054419994354248 
5.035201549530029 
4.909695148468018 
5.145389080047607 
5.101192474365234 
4.920656204223633 
6.855361461639404 
5.053534030914307 
4.995492935180664 
5.753483772277832 
5.072221755981445 
5.906499862670898 
4.900055885314941 
5.514580726623535 
4.987426280975342 
4.966241359710693 
5.035032749176025 
4.934162139892578 
5.1768999099731445 
5.023520469665527 
6.487377643585205 
5.108063220977783 
4.966923713684082 
5.208069801330566 
4.9360246658325195 
6.850619792938232 
5.992059707641602 
6.67171573638916 
7.193647384643555 
4.8479485511779785 
4.911841869354248 
6.001625061035156 
5.054192066192627 
4.950608253479004 
5.052270412445068 
5.024539470672607 
4.891336917877197 
5.258841037750244 
4.8561859130859375 
5.138752460479736 
6.7990522384643555 
4.952603340148926 
6.621828556060791 
4.9815778732299805 
4.9835052490234375 
4.953459739685059 
5.82206392288208 
4.87755823135376 
5.085048675537109 
5.249576568603516 
4.931319236755371 
5.0702667236328125 
5.221804618835449 
5.04968786239624 
4.9695000648498535 
6.765332221984863 
4.968325138092041 
7.743466377258301 
5.102039337158203 
4.939594268798828 
6.176786422729492 
4.93120002746582 
5.003986358642578 
4.917140960693359 
6.326459884643555 
4.872344970703125 
6.503539085388184 
8.68967056274414 
5.00991153717041 
7.1240386962890625 
5.012193202972412 
5.049014568328857 
5.030865669250488 
6.186835289001465 
4.920821189880371 
5.348734378814697 
5.025827407836914 
4.879496097564697 
5.53172492980957 
4.9026079177856445 
6.192887306213379 
4.966378211975098 
6.314306259155273 
4.929038047790527 
4.935787200927734 
5.123915195465088 
5.1511664390563965 
7.679964065551758 
5.081181049346924 
6.863368511199951 
4.883620738983154 
4.894890308380127 
4.981276512145996 
4.969583988189697 
5.762423038482666 
6.184662342071533 
5.001376628875732 
4.9076433181762695 
5.090264797210693 
5.047181129455566 
4.975619792938232 
5.787296295166016 
4.949644565582275 
5.069891929626465 
4.926180362701416 
4.992527484893799 
5.133199691772461 
5.123796463012695 
4.984230995178223 
4.94313907623291 
8.02776050567627 
5.073596954345703 
4.978457450866699 
5.0252885818481445 
5.568703651428223 
4.974043369293213 
8.424219131469727 
5.054405212402344 
5.086667060852051 
7.549005508422852 
4.8963398933410645 
4.882188320159912 
4.772354602813721 
5.008106708526611 
6.078883647918701 
5.116301536560059 
8.225262641906738 
4.881691932678223 
5.880577087402344 
4.884774208068848 
4.919558525085449 
5.2528862953186035 
4.977419376373291 
4.924695014953613 
4.881683349609375 
4.909914016723633 
4.915241241455078 
4.992611885070801 
4.981292247772217 
4.800939559936523 
5.397529602050781 
5.01119327545166 
5.587404251098633 
4.995236396789551 
4.867204189300537 
4.997157096862793 
7.406744480133057 
5.015346527099609 
5.148211479187012 
5.380479335784912 
5.07069206237793 
6.761902809143066 
5.6315813064575195 
5.09093713760376 
4.973879814147949 
5.0673298835754395 
5.115595817565918 
7.296209335327148 
4.8856377601623535 
7.494548797607422 
4.97987174987793 
4.907535076141357 
5.097333908081055 
5.422595977783203 
6.322505950927734 
8.836236953735352 
6.168394088745117 
5.483821868896484 
5.363471031188965 
4.945641040802002 
7.8615570068359375 
4.958502769470215 
5.979740142822266 
7.379767417907715 
6.706461429595947 
5.590991020202637 
4.884391784667969 
4.986624717712402 
5.014284133911133 
5.277286529541016 
4.922115802764893 
4.951904773712158 
4.927609443664551 
4.920814037322998 
5.077735900878906 
4.973462104797363 
4.8932204246521 
4.791234493255615 
4.944974899291992 
5.054435729980469 
4.969444274902344 
4.880499839782715 
6.3288421630859375 
5.133077621459961 
5.483983039855957 
4.852026462554932 
4.958780765533447 
5.1359663009643555 
5.4374895095825195 
5.135058403015137 
5.4260969161987305 
6.000827789306641 
4.889829635620117 
4.926387786865234 
4.924135208129883 
4.954420566558838 
6.0989580154418945 
4.945879936218262 
6.768429756164551 
5.032351970672607 
5.232451438903809 
4.90284538269043 
5.430981636047363 
7.711345195770264 
4.91749382019043 
6.768121719360352 
5.1099534034729 
5.2321929931640625 
4.940334320068359 
5.072430610656738 
5.076013088226318 
4.864245414733887 
6.990567207336426 
5.004302978515625 
5.267791748046875 
5.248009204864502 
4.957531929016113 
5.071471214294434 
6.945385932922363 
5.8325276374816895 
4.95468807220459 
5.095269680023193 
5.099701881408691 
4.9688520431518555 
7.757059097290039 
4.970861434936523 
4.882942199707031 
5.071805953979492 
6.150359153747559 
5.235269069671631 
5.083826065063477 
5.070724964141846 
4.988595962524414 
6.3307695388793945 
4.953033924102783 
4.88524055480957 
5.010746002197266 
5.033919334411621 
6.135245323181152 
5.128516674041748 
5.142763137817383 
5.0485429763793945 
7.076595306396484 
5.751570224761963 
4.825685977935791 
5.328325271606445 
4.985288143157959 
4.944755554199219 
5.072988510131836 
5.385404586791992 
4.982426643371582 
5.014307975769043 
7.209284782409668 
4.989856243133545 
5.064718723297119 
5.207162380218506 
4.932830333709717 
5.016209125518799 
6.256762981414795 
7.083360195159912 
4.833715438842773 
4.742711067199707 
7.302403926849365 
5.120223522186279 
5.590991020202637 
5.007338047027588 
5.924583435058594 
4.9453043937683105 
4.875643253326416 
5.184892654418945 
5.24027156829834 
6.749136447906494 
5.1327362060546875 
5.015110969543457 
5.108325958251953 
5.578311920166016 
4.902505874633789 
5.9189958572387695 
5.011398792266846 
5.000509262084961 
5.625092029571533 
5.0367560386657715 
5.089417457580566 
5.003900051116943 
4.86353874206543 
5.115928649902344 
6.463531494140625 
5.143099308013916 
8.175983428955078 
5.089418888092041 
5.590991020202637 
5.259711265563965 
7.604142189025879 
5.105659008026123 
4.965922832489014 
4.998198986053467 
6.932721138000488 
4.969099998474121 
5.025688171386719 
5.51257848739624 
4.9821085929870605 
4.948517799377441 
4.977120876312256 
5.613262176513672 
6.387834548950195 
5.03653621673584 
4.870578765869141 
4.838002681732178 
8.511959075927734 
5.008072853088379 
5.060067176818848 
5.115784168243408 
4.808913707733154 
4.890068054199219 
5.241486549377441 
5.977012634277344 
5.0303802490234375 
4.926417350769043 
4.99079704284668 
5.528096675872803 
5.571235179901123 
5.06153678894043 
6.0733819007873535 
5.207131385803223 
5.066108703613281 
5.05150032043457 
6.155272960662842 
5.0236735343933105 
6.298766136169434 
4.9414520263671875 
4.876197338104248 
8.253957748413086 
5.45153284072876 
6.230792999267578 
4.979336738586426 
4.911130428314209 
5.271581172943115 
4.884352684020996 
4.718191623687744 
5.771822929382324 
5.1609883308410645 
4.98237419128418 
4.857353687286377 
5.708660125732422 
4.922349452972412 
5.03071928024292 
4.829397201538086 
6.647916793823242 
5.041603088378906 
7.233373641967773 
5.067023754119873 
5.067203998565674 
5.030564308166504 
4.852387428283691 
5.031103134155273 
4.847737789154053 
4.991090297698975 
4.80370569229126 
5.311322212219238 
4.8635382652282715 
6.021193981170654 
5.5894622802734375 
5.222713947296143 
4.898407459259033 
6.226820468902588 
4.884201526641846 
5.068212509155273 
5.020300388336182 
7.553679466247559 
5.0535407066345215 
5.203212261199951 
4.873427867889404 
7.613628387451172 
4.801852226257324 
4.930218696594238 
4.897133827209473 
6.415885925292969 
5.065155506134033 
4.873573303222656 
6.035510540008545 
5.861830234527588 
8.059505462646484 
4.943046569824219 
7.31068229675293 
4.981635093688965 
4.9758076667785645 
5.2899980545043945 
5.007676601409912 
5.055161476135254 
5.590991020202637 
6.442672252655029 
4.8915534019470215 
6.8938493728637695 
5.256567001342773 
8.389801025390625 
4.951594829559326 
4.917712688446045 
5.019698619842529 
5.460461139678955 
6.543136119842529 
6.501904010772705 
5.590991020202637 
7.993356227874756 
7.544530868530273 
7.717761993408203 
4.8774309158325195 
5.1673665046691895 
6.459654331207275 
5.177292823791504 
5.086460590362549 
5.907013893127441 
6.790510177612305 
4.984963893890381 
4.94496488571167 
5.0395636558532715 
4.910379409790039 
5.139730930328369 
6.665806293487549 
6.052907943725586 
5.699748516082764 
9.656248092651367 
5.238134384155273 
6.1555328369140625 
4.836755275726318 
5.3776774406433105 
5.395217418670654 
6.397942543029785 
4.8333234786987305 
5.4606428146362305 
4.9966254234313965 
4.664772033691406 
5.080051422119141 
6.228465557098389 
7.434447765350342 
5.160592555999756 
4.902294158935547 
5.097356796264648 
4.935459136962891 
6.5200276374816895 
4.973757743835449 
6.371751308441162 
4.851069927215576 
4.937495708465576 
6.98223876953125 
5.05509614944458 
5.020375728607178 
7.202617645263672 
4.810575008392334 
5.044105529785156 
6.695526599884033 
8.883893013000488 
5.1416497230529785 
5.290738105773926 
4.984970569610596 
6.89443302154541 
5.88764762878418 
5.082254409790039 
7.330897331237793 
4.948057651519775 
5.043935775756836 
4.9433369636535645 
5.039553165435791 
6.309283256530762 
6.094539642333984 
5.105699062347412 
4.891109466552734 
5.0881123542785645 
5.006903648376465 
4.9387054443359375 
5.678841590881348 
5.432703495025635 
4.99301815032959 
4.73737096786499 
5.020504951477051 
4.952317714691162 
4.949398994445801 
7.765888690948486 
5.137747764587402 
5.573669910430908 
4.963394641876221 
7.410394191741943 
5.950303077697754 
4.968478679656982 
7.002283096313477 
4.961932182312012 
5.638622283935547 
8.236084938049316 
6.164124965667725 
5.051633834838867 
5.530135154724121 
5.573320388793945 
6.07716703414917 
5.136828899383545 
8.853877067565918 
5.000185012817383 
5.007486343383789 
6.551515579223633 
4.987586975097656 
5.1334757804870605 
4.83553409576416 
5.060319423675537 
4.93577241897583 
4.888668060302734 
5.050749778747559 
7.227646827697754 
4.9599127769470215 
4.973597049713135 
5.283191680908203 
4.884763717651367 
5.590991020202637 
5.96987771987915 
4.869534015655518 
5.909294128417969 
4.940615653991699 
4.957120895385742 
4.869865417480469 
4.994062900543213 
5.524937152862549 
4.929751396179199 
4.912595748901367 
8.287606239318848 
4.903034210205078 
5.157336711883545 
4.941136360168457 
6.711047172546387 
4.826566696166992 
5.118319511413574 
5.082231044769287 
5.129665851593018 
5.128911972045898 
5.087313652038574 
4.953950881958008 
4.998249053955078 
4.997696876525879 
4.942540168762207 
6.013830184936523 
4.871164321899414 
5.048838138580322 
5.056793689727783 
4.862696170806885 
7.750580787658691 
6.478744983673096 
5.537287712097168 
5.032351016998291 
8.304973602294922 
5.006173610687256 
4.975078582763672 
4.890351295471191 
4.9509501457214355 
4.993605136871338 
4.96125602722168 
4.926675319671631 
4.950130939483643 
5.143810272216797 
5.578803062438965 
5.04716157913208 
4.949856281280518 
4.981076240539551 
4.985431671142578 
5.133639335632324 
5.881676197052002 
5.513071537017822 
5.090767860412598 
4.930022239685059 
5.032015323638916 
8.879438400268555 
4.882509708404541 
4.910262107849121 
5.014848709106445 
4.956948757171631 
5.030613899230957 
6.907114028930664 
4.852368354797363 
5.901086807250977 
6.538236618041992 
4.869221210479736 
4.9049248695373535 
4.986054420471191 
4.977380275726318 
5.158295154571533 
5.105050563812256 
5.037519931793213 
4.979788303375244 
4.950279235839844 
4.967156410217285 
5.225088119506836 
4.983419418334961 
6.725146293640137 
4.988132953643799 
5.838263988494873 
4.859932899475098 
4.913949966430664 
5.794839859008789 
4.972609996795654 
5.702559471130371 
4.737188339233398 
4.983746528625488 
4.846092700958252 
5.075818061828613 
4.941507816314697 
4.8937859535217285 
7.529228210449219 
4.9496612548828125 
4.954113006591797 
4.9192938804626465 
5.132655143737793 
5.0387187004089355 
4.936530113220215 
5.095160484313965 
4.845695495605469 
6.611049652099609 
6.861021041870117 
5.526692867279053 
4.83719539642334 
4.992690563201904 
4.92653226852417 
4.935883045196533 
5.081582546234131 
4.978754997253418 
4.8982343673706055 
4.95807409286499 
5.173042297363281 
4.982458591461182 
6.548299789428711 
9.62709903717041 
5.186888217926025 
5.256738662719727 
5.314691066741943 
5.971381187438965 
4.989719390869141 
5.05294942855835 
5.080126762390137 
5.371421813964844 
6.14168643951416 
4.950988292694092 
5.087896823883057 
5.418977737426758 
6.491853713989258 
4.9907989501953125 
5.106736183166504 
4.868991374969482 
7.614789962768555 
4.912782192230225 
5.0774102210998535 
5.157302379608154 
4.903009414672852 
5.632629871368408 
6.413102626800537 
4.954252243041992 
4.9099321365356445 
4.958995819091797 
6.314816951751709 
5.274643421173096 
4.987308025360107 
5.023355484008789 
4.955492973327637 
5.230140686035156 
5.67879581451416 
5.259124755859375 
5.444576263427734 
4.942544937133789 
5.088929176330566 
5.08597469329834 
5.167405605316162 
4.901520252227783 
5.001019477844238 
5.004768371582031 
7.124540328979492 
4.946222305297852 
5.132174015045166 
6.676752090454102 
4.828388690948486 
4.809821128845215 
5.011879920959473 
4.7995991706848145 
5.828348159790039 
6.904041767120361 
4.962231159210205 
5.143166542053223 
4.961721420288086 
5.025232791900635 
4.923210620880127 
5.084527969360352 
5.011538505554199 
5.092398166656494 
4.889331817626953 
4.975164890289307 
4.996628761291504 
7.316173553466797 
6.0837812423706055 
4.798872947692871 
4.939392566680908 
4.919951438903809 
6.813611030578613 
5.177085876464844 
5.090384483337402 
5.220836162567139 
4.797380447387695 
4.982877731323242 
5.198822498321533 
4.974865913391113 
5.498416900634766 
5.908961772918701 
6.902502059936523 
8.047991752624512 
4.995414733886719 
5.177427291870117 
7.097612380981445 
4.877857685089111 
5.727193355560303 
4.955671787261963 
4.972282886505127 
5.11452054977417 
5.521273136138916 
5.1576924324035645 
5.125534534454346 
4.92710018157959 
4.986098766326904 
6.101850986480713 
5.14972448348999 
5.166848182678223 
4.888787269592285 
4.866117477416992 
5.257289409637451 
5.801324367523193 
4.8212456703186035 
5.231414794921875 
4.9608235359191895 
7.888279438018799 
5.235873699188232 
5.590991020202637 
7.058877944946289 
5.4260334968566895 
7.516836643218994 
4.9640021324157715 
6.4507222175598145 
4.868691444396973 
6.844294548034668 
4.90613317489624 
4.987076759338379 
5.080063819885254 
4.96811580657959 
6.858221530914307 
5.079796314239502 
4.960836887359619 
5.09718132019043 
5.590991020202637 
4.872475624084473 
5.471400260925293 
5.107928276062012 
5.439931869506836 
5.153569221496582 
5.861394882202148 
4.864987373352051 
4.753879547119141 
8.734090805053711 
5.021538734436035 
5.07292366027832 
4.8562822341918945 
5.002511024475098 
4.9116106033325195 
4.912718296051025 
6.574406147003174 
4.890488147735596 
4.9308977127075195 
4.980048656463623 
5.276211738586426 
6.732000350952148 
4.965509414672852 
5.0826497077941895 
5.316222190856934 
4.6635637283325195 
4.951035976409912 
5.469153881072998 
4.953132629394531 
4.924135684967041 
4.928753852844238 
5.29569673538208 
4.892387866973877 
4.9465532302856445 
5.115487098693848 
7.639415740966797 
4.921882152557373 
4.9230427742004395 
4.941363334655762 
4.875044345855713 
6.756747722625732 
7.309971332550049 
4.893946647644043 
4.923964977264404 
4.945691108703613 
4.948379039764404 
5.152027606964111 
8.276642799377441 
4.9320268630981445 
5.077636241912842 
5.101661205291748 
4.936364650726318 
5.569091320037842 
5.745041370391846 
4.882874965667725 
4.808331489562988 
4.941951751708984 
4.9030890464782715 
7.429858684539795 
8.121726989746094 
4.903738021850586 
6.744706630706787 
5.217353343963623 
4.925653457641602 
6.88045597076416 
5.186497211456299 
4.946496963500977 
4.948906421661377 
5.257888317108154 
4.869841575622559 
5.05894660949707 
5.058037281036377 
9.02801513671875 
4.95866060256958 
5.922754764556885 
4.933197498321533 
5.002086162567139 
5.023341655731201 
6.338057518005371 
4.995899677276611 
5.590991020202637 
6.924288749694824 
4.9556427001953125 
5.004202365875244 
4.90017557144165 
5.018877029418945 
5.069689750671387 
4.940057754516602 
4.959238529205322 
4.9440131187438965 
4.992676258087158 
7.073389053344727 
5.174083232879639 
4.917389392852783 
5.438164710998535 
5.007500648498535 
4.948349952697754 
5.199423789978027 
6.858322620391846 
4.959696292877197 
4.969972133636475 
5.008286476135254 
6.455002307891846 
4.914280891418457 
4.9534912109375 
5.176173210144043 
4.948904514312744 
5.3549675941467285 
6.49815559387207 
4.981456279754639 
5.072631359100342 
6.34890079498291 
5.372066497802734 
4.96113395690918 
5.725338459014893 
5.052772521972656 
4.855093955993652 
4.953032493591309 
5.053586959838867 
4.9785590171813965 
5.106143951416016 
4.9363579750061035 
4.99847412109375 
4.925883769989014 
5.139031887054443 
9.368095397949219 
4.937329292297363 
5.448453426361084 
4.9515485763549805 
5.042660236358643 
5.050990581512451 
8.471085548400879 
5.500595569610596 
4.815443992614746 
5.15866231918335 
6.197068214416504 
5.29017448425293 
5.13688850402832 
5.097386837005615 
5.169995307922363 
4.940465450286865 
5.777942657470703 
5.046102523803711 
5.347776412963867 
5.026350975036621 
4.89162015914917 
4.9214677810668945 
5.245185852050781 
5.213016510009766 
6.913886070251465 
6.110570430755615 
6.042766094207764 
4.863699913024902 
6.514344692230225 
4.821631908416748 
4.886406898498535 
5.056362152099609 
5.069044589996338 
4.958461761474609 
4.970038890838623 
4.962141036987305 
5.08404016494751 
5.035994052886963 
6.048924922943115 
7.756166458129883 
4.916841506958008 
5.176774024963379 
5.378823757171631 
5.001388072967529 
6.608022212982178 
5.145808219909668 
4.932506561279297 
6.528589725494385 
4.879944801330566 
4.878736972808838 
4.984655857086182 
4.9564433097839355 
6.123382568359375 
5.319788932800293 
4.996963977813721 
5.033723831176758 
5.236711025238037 
5.135854721069336 
5.2429399490356445 
6.574548244476318 
4.874554634094238 
4.9595794677734375 
6.854624271392822 
8.045564651489258 
4.925937652587891 
6.419458866119385 
5.229464530944824 
7.355835914611816 
5.949769020080566 
4.906234264373779 
4.887144088745117 
5.0163774490356445 
7.123874664306641 
4.97102165222168 
5.046288967132568 
4.974466800689697 
5.105374336242676 
5.238612651824951 
6.577548980712891 
5.524252414703369 
5.073421478271484 
4.891279697418213 
5.1597819328308105 
4.905767440795898 
8.096306800842285 
4.958240509033203 
4.923793315887451 
5.132909297943115 
5.052981853485107 
5.24992561340332 
7.347492218017578 
5.367551803588867 
4.996645927429199 
4.963727951049805 
7.085464954376221 
8.982637405395508 
4.902166366577148 
4.989198207855225 
5.262545585632324 
4.83473539352417 
5.655110836029053 
5.07865571975708 
4.9062819480896 
5.03458833694458 
5.054555892944336 
5.0700554847717285 
5.105754852294922 
6.245335102081299 
5.051769256591797 
4.8469719886779785 
4.9462761878967285 
5.088778018951416 
4.980300426483154 
5.590991020202637 
5.207643508911133 
5.232123374938965 
6.655862808227539 
4.6771039962768555 
6.239586353302002 
4.952949047088623 
4.954322814941406 
5.230367183685303 
5.044116973876953 
4.876487731933594 
5.590991020202637 
4.949469089508057 
5.164688587188721 
4.874140739440918 
5.942747116088867 
4.958181381225586 
4.932254314422607 
4.974518775939941 
5.080039024353027 
4.855509281158447 
5.261813640594482 
5.914168357849121 
4.987407207489014 
5.207312107086182 
6.866101264953613 
4.909724712371826 
5.21695613861084 
4.996821880340576 
