6.910070896148682 
6.183758735656738 
7.6513671875 
6.255406856536865 
6.319965362548828 
5.557348728179932 
5.4987921714782715 
6.507176876068115 
7.120917320251465 
6.409466743469238 
5.888311386108398 
7.314133167266846 
5.619475841522217 
5.653074264526367 
6.1647491455078125 
6.994063377380371 
6.887888431549072 
6.844385147094727 
5.949037551879883 
5.862524032592773 
6.52566385269165 
5.786001205444336 
6.696270942687988 
6.016758918762207 
6.163297176361084 
6.343806743621826 
5.746423244476318 
5.738397598266602 
6.047492980957031 
7.982295989990234 
7.029216766357422 
5.877984523773193 
6.998735427856445 
7.034894943237305 
6.217327117919922 
6.639553546905518 
7.3734564781188965 
5.531911373138428 
6.082887172698975 
7.738152027130127 
5.835285186767578 
6.681425094604492 
6.248323440551758 
6.181948661804199 
7.837490558624268 
7.114231109619141 
7.659668922424316 
6.365088939666748 
6.385612964630127 
7.263772010803223 
5.656637191772461 
6.565951347351074 
6.193689346313477 
7.1964640617370605 
5.332556247711182 
7.154045104980469 
5.947650909423828 
6.702831268310547 
6.465387344360352 
6.184989929199219 
5.806745529174805 
5.311893939971924 
6.698342323303223 
5.289294719696045 
6.922417640686035 
7.536623001098633 
6.814626693725586 
6.359647274017334 
5.806745529174805 
5.456053256988525 
6.3519816398620605 
6.647302627563477 
5.875399112701416 
5.510751724243164 
7.333606243133545 
5.746423244476318 
6.4936747550964355 
5.938299655914307 
6.274445533752441 
5.93475341796875 
5.718878746032715 
5.776738166809082 
5.620678424835205 
6.853045463562012 
7.27528190612793 
6.546558856964111 
5.890026569366455 
6.56609582901001 
6.307796478271484 
6.088094234466553 
6.495716571807861 
5.814751625061035 
6.569013595581055 
7.724971771240234 
5.943630218505859 
6.524721145629883 
6.197680473327637 
6.088066101074219 
5.4987921714782715 
6.184856414794922 
7.305196762084961 
7.631505012512207 
5.581145286560059 
7.798973083496094 
6.51321268081665 
6.90516471862793 
5.456235408782959 
6.065884590148926 
5.806745529174805 
5.838897228240967 
6.940703392028809 
5.629746437072754 
6.578000545501709 
7.851454734802246 
5.3674540519714355 
6.3026933670043945 
5.867981910705566 
6.0925092697143555 
6.534870624542236 
6.108104705810547 
5.817955493927002 
6.822514057159424 
5.320495128631592 
7.069357872009277 
6.904040813446045 
6.311209678649902 
5.289294719696045 
7.661464691162109 
6.638383865356445 
6.800775527954102 
6.055027008056641 
6.421172618865967 
7.020362854003906 
5.723470211029053 
6.709046363830566 
6.074068069458008 
6.344978332519531 
5.684861183166504 
5.8243818283081055 
5.806745529174805 
5.7062482833862305 
6.011146545410156 
6.931405067443848 
7.101426601409912 
6.676133155822754 
5.8709588050842285 
6.129482269287109 
5.842698097229004 
5.886292457580566 
5.650496959686279 
7.335738658905029 
5.82604455947876 
5.9961981773376465 
6.538586616516113 
5.367636203765869 
6.287904262542725 
6.6780924797058105 
6.8292388916015625 
5.806745529174805 
5.639279365539551 
5.367636203765869 
7.493668079376221 
6.028835296630859 
5.736204147338867 
5.329354763031006 
6.344257831573486 
5.722553730010986 
5.867981910705566 
5.5569891929626465 
6.344986915588379 
5.896550178527832 
7.374120235443115 
5.806745529174805 
7.735663414001465 
6.357816696166992 
6.7487030029296875 
6.858400821685791 
6.731603145599365 
6.527699947357178 
5.664207935333252 
5.9504570960998535 
5.657264232635498 
7.015753746032715 
6.029869079589844 
5.704391002655029 
7.292513370513916 
6.27617073059082 
5.620678424835205 
5.317233085632324 
6.063438892364502 
6.728561878204346 
6.387088775634766 
6.440413475036621 
7.599823474884033 
6.419835567474365 
5.343893051147461 
6.250079154968262 
7.0430707931518555 
6.011146545410156 
6.495028018951416 
6.862283706665039 
7.465186595916748 
6.629049301147461 
5.638030052185059 
5.832287311553955 
6.196508407592773 
5.777609825134277 
8.380230903625488 
6.202512741088867 
6.030296325683594 
5.945778846740723 
5.830647945404053 
6.061593055725098 
5.8735551834106445 
6.135025978088379 
5.708363056182861 
6.70833683013916 
6.52276611328125 
7.697412967681885 
5.806745529174805 
7.738655090332031 
5.806745529174805 
6.050675868988037 
5.873891830444336 
6.666644096374512 
5.803727149963379 
6.33961296081543 
6.507080078125 
6.739667892456055 
7.726675987243652 
9.068432807922363 
6.525690078735352 
6.708365440368652 
7.529817581176758 
6.257232666015625 
5.673464775085449 
6.1839118003845215 
5.807080268859863 
8.214940071105957 
6.993858337402344 
7.588923454284668 
5.8627777099609375 
6.139665603637695 
6.843621253967285 
6.7156782150268555 
5.675305366516113 
7.247949600219727 
6.2478718757629395 
6.70175313949585 
6.128690719604492 
6.433978080749512 
7.305920600891113 
7.275372505187988 
5.777609825134277 
7.2606425285339355 
6.028835296630859 
6.713207244873047 
5.34383487701416 
7.630763053894043 
6.338418960571289 
6.115188121795654 
5.859205722808838 
7.846462726593018 
5.367636203765869 
7.5523481369018555 
5.806745529174805 
6.239695072174072 
6.144650936126709 
7.399380207061768 
6.673474311828613 
5.752039432525635 
6.130124568939209 
5.723226547241211 
5.311893939971924 
5.807901859283447 
9.481510162353516 
6.149040699005127 
5.807796001434326 
5.924288749694824 
5.990358352661133 
6.206907272338867 
5.646415710449219 
5.478152275085449 
5.289294719696045 
5.289294719696045 
5.806745529174805 
6.922264099121094 
5.744962215423584 
5.806745529174805 
7.799054145812988 
7.269946575164795 
5.922155380249023 
5.806745529174805 
5.806745529174805 
6.409466743469238 
5.806745529174805 
7.426248073577881 
6.354588985443115 
5.746423244476318 
5.760751247406006 
6.248753547668457 
6.113846778869629 
6.3662638664245605 
5.850204944610596 
6.27808952331543 
6.770495414733887 
7.188960075378418 
5.876287937164307 
6.372491359710693 
5.98671817779541 
5.4254326820373535 
5.806745529174805 
6.876659393310547 
6.3883209228515625 
5.806745529174805 
6.367801666259766 
6.4821038246154785 
6.245382308959961 
6.330435276031494 
6.814160346984863 
5.923442363739014 
5.289294719696045 
6.854161262512207 
6.0558390617370605 
5.824164390563965 
6.574887275695801 
5.886292457580566 
6.778643608093262 
7.874349117279053 
7.508769989013672 
6.087250232696533 
5.806745529174805 
6.728987216949463 
6.377578258514404 
7.0899481773376465 
6.963316917419434 
6.517498016357422 
6.7351837158203125 
6.781977653503418 
6.655202388763428 
5.8933868408203125 
5.445796012878418 
6.391547203063965 
5.383486747741699 
7.043910980224609 
6.205182075500488 
5.858234405517578 
5.806745529174805 
6.602335453033447 
5.942103385925293 
5.75206995010376 
5.725407600402832 
6.091458320617676 
5.85031270980835 
5.842372417449951 
6.956944465637207 
5.65355920791626 
5.289294719696045 
5.808276653289795 
6.489284515380859 
5.806745529174805 
6.365895748138428 
6.264244079589844 
5.806745529174805 
6.691651344299316 
7.076295375823975 
6.021317958831787 
6.264795303344727 
6.367348670959473 
6.166141510009766 
5.690797328948975 
6.044065952301025 
6.153223514556885 
7.969858646392822 
5.806745529174805 
6.973592281341553 
6.7947096824646 
6.389954090118408 
6.626616477966309 
6.342940330505371 
7.340303421020508 
7.6622419357299805 
5.8312201499938965 
6.692065238952637 
6.341029644012451 
5.289294719696045 
6.373696804046631 
5.438178062438965 
6.475748538970947 
5.806745529174805 
5.684345245361328 
5.7992143630981445 
6.325410842895508 
6.681707859039307 
5.781688213348389 
6.892929553985596 
6.540517807006836 
6.152194976806641 
6.853220462799072 
6.980856895446777 
5.806745529174805 
6.2450690269470215 
6.996115684509277 
6.369272232055664 
5.845219135284424 
5.74163818359375 
5.640450954437256 
6.598458766937256 
7.655424118041992 
6.8975043296813965 
7.757131576538086 
6.0024309158325195 
5.806745529174805 
5.730328559875488 
5.887527942657471 
5.910956859588623 
5.8709588050842285 
5.8627777099609375 
5.289294719696045 
5.539963245391846 
6.077531814575195 
5.876804828643799 
5.675305366516113 
5.862524032592773 
6.481226444244385 
6.23812198638916 
6.64489221572876 
5.68817138671875 
5.806745529174805 
5.65355920791626 
6.559365749359131 
6.502771854400635 
6.80805778503418 
6.179291725158691 
6.046140670776367 
6.935198783874512 
5.803528308868408 
7.746101379394531 
5.523321151733398 
6.122473239898682 
6.501949787139893 
8.05105972290039 
5.805330753326416 
6.131986618041992 
6.964425086975098 
6.551610946655273 
5.806745529174805 
6.949263572692871 
5.9961981773376465 
6.513519763946533 
6.068981170654297 
6.716347694396973 
6.975592136383057 
6.128431797027588 
6.820750713348389 
5.842260837554932 
5.806745529174805 
6.1793413162231445 
6.847624778747559 
7.079902648925781 
7.206607818603516 
6.955310821533203 
5.886292457580566 
6.053713798522949 
6.78519344329834 
5.806745529174805 
6.591405391693115 
6.446354389190674 
5.7992143630981445 
5.806745529174805 
6.241628646850586 
6.558798789978027 
5.7091240882873535 
5.711946964263916 
5.394325256347656 
6.541256427764893 
5.789349555969238 
6.553963661193848 
6.343327522277832 
6.580438613891602 
6.088066101074219 
6.612006187438965 
6.541980266571045 
6.31148624420166 
5.551711082458496 
6.373044967651367 
5.806745529174805 
6.309885025024414 
6.40753173828125 
6.801729202270508 
5.806745529174805 
7.352497100830078 
6.178360939025879 
6.347444534301758 
6.053377151489258 
6.669351577758789 
5.839595794677734 
7.079642295837402 
6.331130027770996 
7.851810932159424 
5.904059886932373 
5.438178062438965 
5.311893939971924 
7.206088066101074 
5.807744979858398 
6.186651229858398 
6.702831268310547 
6.4596757888793945 
6.554928779602051 
6.6725616455078125 
5.793548583984375 
6.106328964233398 
6.1352033615112305 
5.5702738761901855 
7.972755432128906 
6.574023246765137 
6.192076206207275 
6.054244518280029 
7.116386413574219 
6.428478240966797 
5.718878746032715 
7.544652938842773 
6.401251316070557 
5.725937843322754 
6.780808925628662 
5.999422550201416 
5.308631420135498 
6.613081455230713 
6.095541477203369 
5.84889030456543 
7.560628890991211 
5.427271842956543 
8.040419578552246 
5.789349555969238 
6.429488658905029 
5.806745529174805 
5.504659652709961 
8.198775291442871 
6.515374183654785 
5.641437530517578 
6.052907466888428 
5.838874340057373 
6.837095737457275 
6.936800956726074 
8.00953483581543 
6.670745849609375 
6.1729655265808105 
5.787540912628174 
6.776822090148926 
6.198202610015869 
6.1430487632751465 
6.022317886352539 
5.872661113739014 
6.2750139236450195 
6.869960308074951 
6.06494140625 
5.751898765563965 
6.403598785400391 
5.820118427276611 
6.723618030548096 
6.153816223144531 
6.483428001403809 
6.687292098999023 
6.247031211853027 
6.232149124145508 
5.984699249267578 
7.429347038269043 
6.086170673370361 
5.867009162902832 
7.011445999145508 
5.814578533172607 
5.840501308441162 
8.944880485534668 
6.647058486938477 
7.755500793457031 
6.097307205200195 
5.94039249420166 
6.297966957092285 
6.015837669372559 
6.24807071685791 
6.593995571136475 
6.365085601806641 
5.698665142059326 
5.943288326263428 
5.839595794677734 
6.112791061401367 
5.714902400970459 
6.1857099533081055 
6.039597511291504 
6.847959041595459 
5.3674540519714355 
5.806675910949707 
7.289821624755859 
7.420617580413818 
6.7736897468566895 
7.7193379402160645 
6.070559501647949 
6.798055648803711 
6.819821357727051 
5.806745529174805 
6.184856414794922 
6.484555721282959 
6.761481761932373 
5.289294719696045 
5.806745529174805 
6.3531293869018555 
6.778668403625488 
6.625157356262207 
5.37263822555542 
6.019196033477783 
7.460287094116211 
6.392148494720459 
7.985509872436523 
5.967363357543945 
6.299064636230469 
6.225527286529541 
5.811470985412598 
6.333744049072266 
8.133915901184082 
7.856596946716309 
6.304636001586914 
6.052907466888428 
5.882525444030762 
5.675305366516113 
7.778275489807129 
7.638374328613281 
6.768205642700195 
5.8713603019714355 
6.065987586975098 
6.310788631439209 
5.806745529174805 
8.249025344848633 
6.965714454650879 
5.806745529174805 
6.400110244750977 
5.560754776000977 
6.3715901374816895 
6.088773727416992 
5.377893924713135 
5.747043609619141 
6.316410541534424 
5.727325916290283 
6.670292854309082 
5.367636203765869 
6.319410800933838 
5.8150715827941895 
6.915332794189453 
5.289294719696045 
6.684243679046631 
7.396605968475342 
5.698665618896484 
6.545664310455322 
6.693511009216309 
5.7339982986450195 
5.308631420135498 
7.348367691040039 
6.311624050140381 
6.794724464416504 
5.845854759216309 
5.806745529174805 
5.837878704071045 
6.023210048675537 
6.259281158447266 
5.872904300689697 
6.629526615142822 
6.211492538452148 
7.471975326538086 
6.998025894165039 
5.942693710327148 
7.772701740264893 
6.921177387237549 
5.806745529174805 
7.673361778259277 
7.557816505432129 
6.158065319061279 
5.806745529174805 
5.859424591064453 
7.874030113220215 
7.715822219848633 
6.682175636291504 
5.820736408233643 
7.3807573318481445 
6.381452560424805 
6.105318069458008 
6.449337959289551 
6.073451519012451 
6.340998649597168 
5.812936782836914 
6.054244518280029 
6.5522613525390625 
6.251616477966309 
5.761177062988281 
7.666861534118652 
6.002032279968262 
5.657264232635498 
5.787628173828125 
6.83652925491333 
8.04545783996582 
6.892556190490723 
7.712265968322754 
6.208943843841553 
5.806745529174805 
6.409871578216553 
6.100940227508545 
6.75617790222168 
5.911815166473389 
6.841767311096191 
6.776487827301025 
6.048519134521484 
5.886292457580566 
5.850959777832031 
6.919384479522705 
7.258683681488037 
5.79231071472168 
5.462095260620117 
5.876762866973877 
6.682335376739502 
6.7392425537109375 
5.903675556182861 
6.023019790649414 
5.51415491104126 
6.050896167755127 
7.250112533569336 
7.492871284484863 
5.846428394317627 
5.883018493652344 
5.3674540519714355 
7.370261192321777 
6.844483852386475 
6.195022106170654 
6.744925022125244 
6.046140670776367 
5.806745529174805 
6.155242919921875 
6.623659610748291 
7.589094638824463 
5.588466167449951 
5.6957688331604 
6.698684215545654 
5.469915390014648 
6.161130905151367 
6.429488658905029 
6.54638671875 
6.151902675628662 
5.650496959686279 
6.350932598114014 
5.8831706047058105 
5.702062606811523 
5.332556247711182 
5.886292457580566 
5.289294719696045 
5.875287055969238 
6.742456436157227 
7.627455711364746 
5.3674540519714355 
6.015171051025391 
6.557427406311035 
5.861948013305664 
6.98967170715332 
6.336660861968994 
5.873270034790039 
5.381409168243408 
6.45704984664917 
5.722356796264648 
7.954242706298828 
5.713219165802002 
6.715470314025879 
6.3350830078125 
6.106201171875 
6.92256498336792 
5.730454921722412 
6.029992580413818 
5.508855819702148 
6.327720642089844 
6.301842212677002 
6.284732341766357 
5.627249717712402 
5.8451924324035645 
6.204624652862549 
6.371129989624023 
7.786958694458008 
5.878391265869141 
7.672757148742676 
5.29307222366333 
6.441099166870117 
6.084170341491699 
5.806745529174805 
5.806745529174805 
6.0143351554870605 
7.789133548736572 
5.806745529174805 
6.069438934326172 
5.289294719696045 
7.174782752990723 
6.540304183959961 
5.806745529174805 
5.766035556793213 
7.699244976043701 
7.200517177581787 
6.6966023445129395 
6.110093116760254 
6.618548393249512 
6.6230669021606445 
7.658481121063232 
7.37864875793457 
6.227088928222656 
6.411401748657227 
6.3877668380737305 
7.046776294708252 
5.790219306945801 
7.191941738128662 
5.416924476623535 
6.019402503967285 
5.806745529174805 
5.343893051147461 
7.308636665344238 
6.295124530792236 
5.791275501251221 
5.4179534912109375 
5.332556247711182 
5.317233085632324 
5.9097747802734375 
5.989537715911865 
6.463592052459717 
6.013352394104004 
6.602795600891113 
5.806745529174805 
6.685204029083252 
6.130896091461182 
6.34035587310791 
6.536014080047607 
6.468095302581787 
7.2225871086120605 
5.851467609405518 
6.4197306632995605 
5.8709588050842285 
6.600444793701172 
7.863896369934082 
6.754216194152832 
6.91951847076416 
6.433523178100586 
6.335866451263428 
6.504615783691406 
6.921422958374023 
7.173688888549805 
5.514458656311035 
6.8921074867248535 
6.2417988777160645 
6.561091423034668 
7.920807361602783 
8.021986961364746 
8.529092788696289 
6.912464141845703 
5.973188400268555 
6.565168380737305 
5.322240829467773 
6.452038764953613 
5.322240829467773 
6.763026237487793 
5.914750099182129 
6.625345706939697 
6.525450229644775 
5.762937545776367 
7.105297088623047 
6.575625896453857 
5.400582790374756 
6.583822250366211 
6.753973960876465 
5.806745529174805 
5.382991313934326 
6.0998334884643555 
6.264615535736084 
6.106746673583984 
5.9354071617126465 
6.190587520599365 
6.055363178253174 
6.667529106140137 
6.879138469696045 
6.928487777709961 
6.4720330238342285 
6.087150573730469 
5.724096298217773 
8.14373779296875 
7.168389797210693 
6.919157981872559 
6.635874271392822 
5.559830188751221 
5.867981910705566 
6.591290473937988 
6.821933746337891 
6.069079399108887 
5.806745529174805 
5.924356937408447 
6.7223310470581055 
5.714695453643799 
6.0917744636535645 
6.766590118408203 
6.306186676025391 
5.377893447875977 
5.8346452713012695 
6.505605220794678 
5.289294719696045 
6.871237754821777 
5.742652416229248 
6.7441630363464355 
6.3714423179626465 
8.039389610290527 
7.021846771240234 
6.1870927810668945 
6.090178489685059 
6.5645833015441895 
6.652076721191406 
5.530656814575195 
5.856138706207275 
6.377695560455322 
6.306091785430908 
5.725805759429932 
6.839645862579346 
5.7842535972595215 
6.0640411376953125 
7.027307510375977 
6.119478702545166 
6.599163055419922 
7.103036880493164 
6.753303050994873 
7.242517948150635 
6.207989692687988 
5.620263576507568 
6.255692481994629 
5.862524032592773 
6.374134063720703 
6.990664005279541 
6.226543426513672 
6.695553779602051 
7.361320495605469 
6.454864501953125 
5.848532676696777 
6.010320663452148 
6.342076301574707 
5.901981830596924 
6.9597320556640625 
6.352326393127441 
6.325544357299805 
6.977252006530762 
6.663721561431885 
7.083620548248291 
6.381892204284668 
5.878391265869141 
6.928047180175781 
6.730560302734375 
6.659682273864746 
5.867981910705566 
7.401760578155518 
7.7572503089904785 
5.9961981773376465 
6.578991889953613 
6.388986587524414 
6.057171821594238 
6.586677551269531 
6.088066101074219 
6.175208568572998 
6.922255992889404 
5.472667217254639 
6.67578649520874 
5.735852241516113 
6.335646152496338 
6.827489852905273 
6.409466743469238 
6.2450690269470215 
6.576150894165039 
6.986567497253418 
6.389630317687988 
6.339076519012451 
6.639309406280518 
5.891872882843018 
6.389195919036865 
5.951973915100098 
7.967029571533203 
6.715086936950684 
5.947886943817139 
6.045631408691406 
5.806745529174805 
5.84823751449585 
8.252673149108887 
5.856091022491455 
7.554007053375244 
6.575650215148926 
5.885188579559326 
5.856138229370117 
5.985714912414551 
5.831151008605957 
5.682734966278076 
5.806745529174805 
6.7364091873168945 
5.840918064117432 
7.388304710388184 
5.289294719696045 
6.62847900390625 
7.83255672454834 
5.857664108276367 
5.829980373382568 
5.716000080108643 
6.086259365081787 
5.806745529174805 
5.667594909667969 
6.098520278930664 
5.921833038330078 
6.1972222328186035 
6.711162090301514 
5.657264232635498 
6.146186828613281 
5.914170742034912 
5.856091022491455 
6.207339763641357 
5.806745529174805 
5.912941932678223 
5.78218936920166 
5.723226547241211 
7.727258682250977 
5.289294719696045 
6.208837032318115 
5.9963178634643555 
8.149398803710938 
5.743337631225586 
6.049777984619141 
6.641791343688965 
7.604062080383301 
5.8108391761779785 
6.17109489440918 
5.701298236846924 
5.659980297088623 
7.096579551696777 
5.698665142059326 
6.20820426940918 
5.753650188446045 
5.806745529174805 
6.210546970367432 
6.818887710571289 
5.807864189147949 
5.75328254699707 
5.8108391761779785 
5.317233085632324 
6.633909225463867 
5.817955493927002 
6.004821300506592 
6.5343337059021 
6.10546875 
6.358604431152344 
5.861464023590088 
6.529792785644531 
5.806745529174805 
6.313958168029785 
6.6920695304870605 
5.806962966918945 
7.826648712158203 
5.734908103942871 
6.0839619636535645 
5.622603416442871 
6.548318862915039 
6.169040679931641 
5.828149318695068 
5.7540154457092285 
5.691463470458984 
7.521973133087158 
5.946237564086914 
6.532772064208984 
6.370607376098633 
6.988734722137451 
5.798666477203369 
6.224128246307373 
6.183651447296143 
5.756757736206055 
5.897446632385254 
6.540383338928223 
5.4254326820373535 
5.886505126953125 
6.633594512939453 
6.376588821411133 
6.771633148193359 
6.34592342376709 
6.673650741577148 
6.893374443054199 
6.088066101074219 
7.060439109802246 
5.806745529174805 
6.5252461433410645 
5.851873397827148 
6.676732063293457 
5.555935859680176 
6.5279035568237305 
5.329178810119629 
5.872915744781494 
5.289294719696045 
6.533202171325684 
6.698026657104492 
5.863826751708984 
6.230347633361816 
6.619818687438965 
6.039597511291504 
6.2011613845825195 
6.531527996063232 
7.2605509757995605 
6.528117656707764 
5.456235408782959 
5.39345645904541 
7.75247049331665 
5.8318023681640625 
6.051511287689209 
7.682722568511963 
5.8733601570129395 
6.532010078430176 
6.625094413757324 
6.8281378746032715 
8.326645851135254 
6.109865665435791 
6.785913944244385 
5.762233734130859 
5.736204147338867 
5.714695453643799 
5.919616222381592 
6.188473224639893 
6.994293212890625 
5.890617370605469 
5.9504570960998535 
6.061241149902344 
5.885750770568848 
5.688267230987549 
5.640450954437256 
6.185747146606445 
6.100940227508545 
6.019015789031982 
7.280890464782715 
5.806745529174805 
5.655480861663818 
6.052907466888428 
7.337743759155273 
5.386972904205322 
6.067176342010498 
8.102335929870605 
6.670989990234375 
5.887564659118652 
5.68804931640625 
5.650496959686279 
6.77610969543457 
5.79231071472168 
5.887408256530762 
5.698305606842041 
8.017915725708008 
5.806745529174805 
5.814002513885498 
5.718878746032715 
6.7692975997924805 
6.335115432739258 
5.704410552978516 
6.905206680297852 
6.851535797119141 
7.544216156005859 
5.340825080871582 
6.050992012023926 
5.781860828399658 
6.461825847625732 
6.715635299682617 
7.897784233093262 
6.7489471435546875 
6.731929779052734 
6.16986608505249 
5.856091022491455 
6.907574653625488 
6.1562700271606445 
5.85978889465332 
6.062032699584961 
7.134034156799316 
7.0904974937438965 
5.807706832885742 
6.844915390014648 
8.126955032348633 
6.357667922973633 
5.878444671630859 
6.428002834320068 
5.781615734100342 
5.870328903198242 
5.732753276824951 
6.8579301834106445 
6.499302864074707 
6.412076950073242 
5.806745529174805 
6.317121505737305 
6.888462543487549 
5.817955493927002 
6.203444480895996 
6.19895601272583 
5.856091022491455 
5.458379745483398 
6.2036824226379395 
5.555935859680176 
6.074068546295166 
9.53923511505127 
7.48178243637085 
5.806745529174805 
5.5881266593933105 
6.365085601806641 
5.830647945404053 
7.134851455688477 
6.346139907836914 
5.777306079864502 
7.498151779174805 
6.113441467285156 
5.759829044342041 
6.082027435302734 
5.71955680847168 
5.845880031585693 
6.829307556152344 
7.436809539794922 
5.90365743637085 
6.100724697113037 
5.322240829467773 
6.768369674682617 
5.886292457580566 
5.885265350341797 
6.341300964355469 
5.786998748779297 
6.57388973236084 
6.21274995803833 
6.150125980377197 
5.825124263763428 
5.720314979553223 
5.673678398132324 
5.904059886932373 
7.326448917388916 
5.765092372894287 
5.522577285766602 
5.806745529174805 
6.323328018188477 
6.7540202140808105 
6.046140670776367 
6.510963439941406 
7.439660549163818 
6.451293468475342 
6.281159400939941 
6.088066101074219 
5.329354763031006 
6.326376914978027 
6.682558536529541 
6.6916279792785645 
5.353448867797852 
7.535170555114746 
6.3738112449646 
6.813980579376221 
6.559365749359131 
5.780978202819824 
6.5347981452941895 
5.8241047859191895 
6.136301040649414 
6.207511901855469 
6.396780967712402 
5.748837947845459 
6.563299179077148 
6.120412349700928 
6.854032516479492 
5.867981910705566 
5.862340927124023 
6.087955951690674 
5.718931198120117 
7.030341625213623 
5.882396697998047 
6.881363391876221 
6.648927688598633 
5.819882869720459 
6.433189392089844 
6.070744037628174 
6.385132789611816 
5.851411819458008 
7.485078811645508 
5.806745529174805 
8.172696113586426 
5.65355920791626 
6.123602390289307 
6.665670871734619 
6.652186393737793 
6.971546173095703 
6.765810489654541 
6.324242115020752 
6.289468765258789 
6.046578407287598 
6.551154136657715 
5.647373199462891 
5.841401100158691 
5.7856125831604 
5.859205722808838 
5.822011947631836 
6.754595756530762 
6.578965663909912 
6.490583896636963 
6.375310897827148 
5.873005390167236 
5.8850274085998535 
5.413661956787109 
5.848126411437988 
6.897000312805176 
5.886622905731201 
6.80812406539917 
5.683076858520508 
5.926244735717773 
6.366734504699707 
6.811732292175293 
5.904060363769531 
5.838435649871826 
6.478729248046875 
7.269418239593506 
5.825867176055908 
6.518289566040039 
5.807304859161377 
5.884821891784668 
7.7867937088012695 
6.603096961975098 
6.102005958557129 
8.551198959350586 
6.587728023529053 
5.333633899688721 
6.095709800720215 
7.014502048492432 
6.086551666259766 
6.833425521850586 
5.806026935577393 
5.791349411010742 
5.84823751449585 
5.857614517211914 
6.48097562789917 
6.254720687866211 
6.9756317138671875 
7.89350700378418 
6.192368984222412 
5.649219989776611 
7.90947151184082 
6.360525608062744 
6.372491359710693 
6.1470112800598145 
6.867976188659668 
5.955862045288086 
5.676522731781006 
6.343709945678711 
6.463682651519775 
5.778059959411621 
7.270515441894531 
6.476235389709473 
6.269214153289795 
5.65355920791626 
5.62778902053833 
6.684664249420166 
5.310535430908203 
6.161599636077881 
5.322240829467773 
6.780238151550293 
7.5866546630859375 
7.877157688140869 
6.900997638702393 
5.856091022491455 
5.806745529174805 
6.859779357910156 
5.727137088775635 
6.612591743469238 
6.631227493286133 
6.663150787353516 
5.806745529174805 
6.393343925476074 
6.065866470336914 
5.806745529174805 
6.295977592468262 
5.4654927253723145 
5.310946941375732 
6.675597190856934 
6.592944145202637 
8.610886573791504 
7.291067123413086 
6.372491359710693 
5.727036952972412 
6.454864501953125 
6.582729339599609 
6.827947616577148 
7.443375110626221 
5.8667311668396 
6.771727561950684 
6.011146545410156 
5.723212242126465 
6.412380695343018 
5.94039249420166 
5.842734336853027 
5.797632694244385 
6.5205302238464355 
6.581051826477051 
6.54028844833374 
6.090799808502197 
7.8149847984313965 
5.806745529174805 
6.32900333404541 
7.784190654754639 
6.571261405944824 
6.658498287200928 
6.201716899871826 
6.266817092895508 
6.030296325683594 
6.50570011138916 
6.899198532104492 
5.7876739501953125 
5.853621482849121 
5.317233085632324 
6.351743698120117 
6.020018577575684 
5.4987921714782715 
5.289294719696045 
6.406633377075195 
6.889776229858398 
6.046140670776367 
5.764341354370117 
5.806745529174805 
6.362708568572998 
5.937885761260986 
6.530632972717285 
6.756852149963379 
8.299031257629395 
5.606706142425537 
6.9533281326293945 
7.614468574523926 
6.212979793548584 
5.790018081665039 
6.329627990722656 
6.698605537414551 
5.807706832885742 
5.650496959686279 
6.3659281730651855 
6.022936820983887 
5.706748008728027 
6.562502861022949 
6.098415374755859 
6.033254623413086 
6.100940227508545 
6.326731204986572 
6.329298973083496 
6.555569171905518 
6.030006408691406 
6.798640251159668 
8.66948127746582 
6.598052501678467 
6.791389465332031 
7.311923027038574 
8.04318618774414 
6.442375183105469 
6.324018478393555 
5.3674540519714355 
6.9379072189331055 
6.123129844665527 
5.85031270980835 
6.772551536560059 
5.393036365509033 
5.675305366516113 
5.852870941162109 
6.800912857055664 
6.443169593811035 
6.75446081161499 
6.328393936157227 
7.646393775939941 
7.858650207519531 
6.100502014160156 
6.174386978149414 
6.111464500427246 
5.785177230834961 
5.822011947631836 
5.600102424621582 
6.944292068481445 
5.806745529174805 
5.65355920791626 
6.189321041107178 
6.182579517364502 
6.657201290130615 
6.536931991577148 
6.100940227508545 
6.245713233947754 
7.069245338439941 
6.2318339347839355 
5.806745529174805 
6.567705154418945 
6.809953689575195 
7.103975296020508 
6.919157981872559 
5.289294719696045 
5.551711082458496 
5.65355920791626 
5.873699188232422 
6.046140670776367 
6.7958269119262695 
6.890264511108398 
6.0918121337890625 
7.328629970550537 
6.193646430969238 
6.330631732940674 
6.8043413162231445 
7.57699728012085 
6.646688461303711 
7.255724906921387 
5.956265449523926 
5.732850074768066 
7.695440292358398 
7.381505966186523 
7.544642925262451 
5.442506790161133 
6.548064708709717 
6.55849552154541 
7.472580432891846 
6.214106559753418 
6.479083061218262 
6.309636116027832 
6.011146545410156 
6.523342609405518 
7.4895734786987305 
6.776173114776611 
5.876406192779541 
6.392944812774658 
5.675305366516113 
7.318066596984863 
8.116467475891113 
6.669489860534668 
5.781681060791016 
6.3058648109436035 
6.561152458190918 
6.319401264190674 
6.156872749328613 
5.806745529174805 
7.458502292633057 
6.7553815841674805 
5.576196193695068 
6.336642265319824 
6.244307041168213 
6.481820583343506 
6.599560260772705 
5.731921672821045 
7.107718467712402 
6.495028018951416 
5.9342827796936035 
5.806745529174805 
5.915933609008789 
5.71898078918457 
5.289294719696045 
5.746423244476318 
5.915820121765137 
5.801633358001709 
6.6046037673950195 
5.522577285766602 
6.923096179962158 
5.613175392150879 
7.854244709014893 
6.131986618041992 
6.81718111038208 
7.036529541015625 
7.545961380004883 
7.0305891036987305 
6.131986618041992 
6.323798656463623 
6.437943458557129 
6.493198871612549 
5.332556247711182 
6.111036777496338 
6.34993839263916 
6.578524589538574 
6.325286865234375 
5.4179534912109375 
5.4987921714782715 
7.014898300170898 
6.224940299987793 
6.653810024261475 
6.2766852378845215 
5.703100681304932 
6.448610305786133 
5.806745529174805 
7.1178879737854 
5.781615734100342 
6.734790802001953 
6.369357109069824 
6.82028865814209 
6.3662638664245605 
6.627623081207275 
7.31865930557251 
6.692163944244385 
7.03088903427124 
6.101315498352051 
6.769356727600098 
6.061241149902344 
5.880565643310547 
6.550336837768555 
5.825638771057129 
5.8108391761779785 
7.158545017242432 
5.762732982635498 
6.261684894561768 
6.9820756912231445 
5.89569091796875 
6.854477882385254 
6.59243106842041 
5.917987823486328 
6.522734642028809 
8.137596130371094 
6.095582485198975 
6.541695594787598 
5.806745529174805 
5.888254165649414 
6.332371711730957 
5.777571678161621 
5.873684406280518 
5.806745529174805 
6.10066556930542 
5.793088912963867 
5.856091022491455 
6.625568389892578 
6.025508880615234 
6.242549896240234 
5.547486782073975 
6.129899024963379 
6.754977226257324 
5.806745529174805 
6.438584804534912 
5.386972904205322 
5.671245574951172 
6.090920448303223 
6.427268028259277 
5.623777866363525 
6.612645149230957 
6.672412395477295 
7.405135631561279 
6.52228307723999 
5.830138206481934 
6.793338775634766 
5.752145290374756 
6.129584312438965 
6.390801429748535 
6.7805681228637695 
5.839595794677734 
6.630293369293213 
5.758446216583252 
5.806745529174805 
5.874420166015625 
6.659007549285889 
6.355582237243652 
6.293859481811523 
6.4579267501831055 
7.856058120727539 
5.755319595336914 
8.098731994628906 
6.134054660797119 
6.616703510284424 
5.806745529174805 
6.6209211349487305 
5.289294719696045 
5.362300872802734 
5.806745529174805 
5.806745529174805 
5.289294719696045 
6.054342269897461 
5.702149868011475 
6.599676609039307 
6.298862457275391 
6.40104866027832 
7.248417377471924 
5.856091022491455 
6.882985591888428 
5.8627777099609375 
5.806745529174805 
7.099967956542969 
6.0066094398498535 
7.521030426025391 
6.019015789031982 
6.134054660797119 
6.15769100189209 
6.76311731338501 
5.856091022491455 
5.817955493927002 
6.446040630340576 
6.159631729125977 
7.162570953369141 
6.563445091247559 
5.806745529174805 
6.379007816314697 
6.290471076965332 
6.758739471435547 
6.902657985687256 
6.330865859985352 
5.841662406921387 
6.046140670776367 
6.820111274719238 
6.701960563659668 
6.6083173751831055 
6.534020900726318 
6.016664505004883 
6.666633605957031 
5.482924938201904 
7.581873893737793 
6.144847393035889 
5.923897743225098 
7.61016845703125 
5.849241733551025 
6.925825119018555 
6.131262302398682 
6.129519462585449 
6.262773036956787 
6.519780158996582 
6.351499080657959 
6.311270236968994 
5.6957688331604 
6.501600742340088 
6.38931941986084 
5.859449863433838 
6.402292251586914 
5.289294719696045 
6.737725734710693 
7.391512393951416 
7.833858013153076 
6.850360870361328 
6.157772064208984 
5.8004865646362305 
5.679129123687744 
6.650903701782227 
7.444692611694336 
6.7639384269714355 
5.784217357635498 
6.710846900939941 
6.192786693572998 
5.698665142059326 
6.877069473266602 
5.362300872802734 
7.74025821685791 
5.809582233428955 
6.295284271240234 
6.753815650939941 
6.174419403076172 
6.7731709480285645 
6.282996654510498 
6.967680931091309 
5.410898685455322 
5.592233657836914 
5.289294719696045 
5.46509313583374 
5.310946941375732 
7.824535369873047 
5.86828088760376 
5.6590118408203125 
7.048127174377441 
7.935850143432617 
6.672951698303223 
6.236011981964111 
6.795660018920898 
6.625352382659912 
7.93441104888916 
6.6127824783325195 
5.806745529174805 
8.633279800415039 
6.685128211975098 
6.083860874176025 
5.311893463134766 
6.784392356872559 
6.884757041931152 
5.7714080810546875 
5.873891830444336 
6.899209499359131 
6.602075099945068 
5.629746437072754 
6.321232795715332 
6.117722988128662 
5.746423244476318 
6.301712512969971 
6.433109283447266 
5.682734966278076 
7.183772563934326 
6.745508193969727 
6.301299571990967 
6.444389820098877 
6.787609100341797 
6.729670524597168 
6.380395889282227 
7.841850280761719 
9.291959762573242 
5.867981910705566 
6.322598457336426 
7.576538562774658 
6.127829074859619 
5.79532527923584 
6.093116760253906 
6.656752586364746 
6.065515041351318 
6.692195415496826 
5.665964126586914 
5.310946941375732 
6.369272232055664 
8.807486534118652 
7.461246490478516 
6.829119682312012 
5.896222114562988 
6.187893390655518 
5.684895992279053 
6.3455047607421875 
6.323617458343506 
5.743337631225586 
5.9209160804748535 
6.319037437438965 
6.74753999710083 
6.50087833404541 
6.9168901443481445 
5.8627777099609375 
6.095709800720215 
6.08596134185791 
6.095709800720215 
5.620678424835205 
6.771634578704834 
7.852611064910889 
6.12523078918457 
6.1295928955078125 
5.748816967010498 
5.783035755157471 
5.871145725250244 
6.396685600280762 
8.606771469116211 
6.891766548156738 
5.974685192108154 
9.149393081665039 
5.753321647644043 
6.869004726409912 
6.34993839263916 
6.826359748840332 
6.542350769042969 
6.6895365715026855 
5.552313804626465 
6.6686553955078125 
6.52964973449707 
5.5257744789123535 
6.452968597412109 
7.421104431152344 
5.800335884094238 
5.806745529174805 
5.653074264526367 
6.884880065917969 
6.821773052215576 
6.240543365478516 
8.258354187011719 
6.851280212402344 
5.81593132019043 
5.372616767883301 
6.7731709480285645 
5.942693710327148 
6.796664237976074 
6.650570869445801 
5.806745529174805 
5.289294719696045 
5.61336612701416 
5.845854759216309 
7.366258144378662 
5.945778846740723 
5.901981830596924 
6.488023281097412 
5.806745529174805 
5.806745529174805 
5.806745529174805 
7.717859268188477 
7.851408004760742 
7.017874240875244 
5.50709867477417 
5.892289161682129 
6.3561015129089355 
6.3823137283325195 
6.473363399505615 
6.62862491607666 
7.620841026306152 
5.367636203765869 
6.781833648681641 
5.3976616859436035 
6.539159297943115 
5.806745529174805 
5.734908103942871 
6.2543864250183105 
6.788277626037598 
6.338837146759033 
6.790162086486816 
6.390527248382568 
5.377893924713135 
6.278933048248291 
6.737992286682129 
5.310535430908203 
7.282698631286621 
5.90300989151001 
5.856091022491455 
7.407548427581787 
5.749037742614746 
7.0249457359313965 
6.179291725158691 
6.126051902770996 
7.5512542724609375 
5.806745529174805 
6.649570465087891 
5.666223049163818 
6.212434768676758 
5.746423244476318 
6.567686080932617 
5.934207916259766 
6.196736812591553 
6.653166770935059 
7.297961235046387 
5.951973915100098 
6.67788028717041 
6.822502136230469 
6.583762168884277 
6.008613109588623 
6.690892219543457 
6.6749749183654785 
6.144650936126709 
7.5804123878479 
7.538875579833984 
6.6918487548828125 
6.3335723876953125 
6.263081073760986 
6.637956619262695 
6.094350814819336 
6.356151580810547 
5.289294719696045 
6.02100944519043 
6.919157981872559 
5.59981107711792 
5.933263778686523 
7.622797012329102 
7.63577938079834 
5.931509017944336 
5.7876739501953125 
6.618067741394043 
6.356151580810547 
6.703773498535156 
6.046140670776367 
5.845854759216309 
6.0828351974487305 
6.1657891273498535 
6.117308616638184 
5.722801685333252 
6.680054664611816 
6.084115028381348 
7.213138580322266 
6.825839996337891 
6.664747714996338 
6.447207927703857 
5.660092830657959 
7.348663330078125 
7.6502532958984375 
6.191806793212891 
6.859718322753906 
5.886292457580566 
5.941674709320068 
5.932041168212891 
7.644487380981445 
6.690892219543457 
5.711465358734131 
6.348281383514404 
6.052907466888428 
6.50062370300293 
6.495028018951416 
5.72576904296875 
6.40407657623291 
6.08792781829834 
6.781221389770508 
5.3674540519714355 
6.550048828125 
6.46282434463501 
6.998137474060059 
5.8933868408203125 
6.40046501159668 
6.927074432373047 
6.93207311630249 
6.362760066986084 
6.756119728088379 
5.736204147338867 
6.648835182189941 
5.868514537811279 
6.6954779624938965 
6.046909809112549 
5.806745529174805 
6.572077751159668 
6.4949846267700195 
5.923897743225098 
5.979053974151611 
6.80587911605835 
5.607917308807373 
6.1128058433532715 
6.662457466125488 
6.7076215744018555 
6.471075057983398 
6.219186782836914 
5.806745529174805 
5.625097751617432 
7.8333024978637695 
6.230719089508057 
6.0882158279418945 
5.348691463470459 
5.800335884094238 
6.333992958068848 
5.962525367736816 
5.746376991271973 
6.988819599151611 
6.71271276473999 
5.800335884094238 
8.036629676818848 
5.746423244476318 
5.848639488220215 
6.089381217956543 
7.946050643920898 
6.439857482910156 
5.8850274085998535 
6.360899448394775 
6.590344429016113 
5.756546974182129 
5.289294719696045 
5.613175392150879 
5.793548583984375 
6.1065287590026855 
6.105091571807861 
6.205182075500488 
6.838668346405029 
7.729099273681641 
5.807304859161377 
6.456399917602539 
6.123247146606445 
6.348978519439697 
6.806445598602295 
6.37593936920166 
5.443662643432617 
6.255435466766357 
6.483205795288086 
5.7951555252075195 
5.852103233337402 
6.051479339599609 
5.806745529174805 
5.3302836418151855 
5.806745529174805 
6.205182075500488 
6.021129131317139 
6.620148181915283 
5.810976028442383 
5.888141632080078 
6.573400497436523 
7.54310417175293 
8.223690032958984 
6.692053318023682 
6.888113975524902 
6.181116104125977 
6.617862701416016 
6.695553779602051 
5.921563625335693 
7.104176044464111 
5.780050754547119 
6.739171028137207 
6.134054660797119 
6.890356063842773 
6.380788326263428 
6.118271350860596 
6.322598457336426 
6.6996235847473145 
6.403127670288086 
6.499846935272217 
6.195022106170654 
5.807706832885742 
5.681268215179443 
6.316470146179199 
6.4382710456848145 
6.522387504577637 
6.827784061431885 
5.308631420135498 
5.7826642990112305 
5.559830665588379 
6.420614242553711 
7.640346527099609 
7.032537460327148 
6.291841983795166 
5.7842535972595215 
6.338198661804199 
8.763631820678711 
5.289294719696045 
8.125147819519043 
5.806745529174805 
6.647110462188721 
5.757987022399902 
6.645708084106445 
6.047683238983154 
5.806745529174805 
5.675305366516113 
7.7708635330200195 
6.309510231018066 
5.559549808502197 
6.107523441314697 
7.120893955230713 
6.165982723236084 
5.835285186767578 
7.564069747924805 
5.879916191101074 
6.4504265785217285 
6.349707126617432 
5.878929138183594 
6.333731174468994 
6.598575592041016 
5.886292457580566 
6.6880784034729 
6.485852241516113 
6.203817844390869 
7.503597736358643 
5.289294719696045 
5.356206893920898 
5.852891445159912 
6.5584564208984375 
5.765018463134766 
6.142965316772461 
5.874420166015625 
6.407041072845459 
6.268127918243408 
6.088066101074219 
6.581119537353516 
6.702732563018799 
6.485240459442139 
5.751283168792725 
6.858525276184082 
6.7287445068359375 
6.149280548095703 
5.289294719696045 
5.683076858520508 
5.372778415679932 
5.842737674713135 
5.871145725250244 
6.49252462387085 
5.801767349243164 
5.806745529174805 
5.807706832885742 
7.077651023864746 
6.361104965209961 
5.781860828399658 
6.531330585479736 
5.4987921714782715 
6.076771259307861 
6.024041175842285 
5.994781494140625 
5.8734283447265625 
7.416413307189941 
6.759929180145264 
6.463706016540527 
7.495946407318115 
