4.831088066101074 
4.921329498291016 
4.953369617462158 
4.9614715576171875 
5.001461029052734 
5.008935928344727 
4.954925060272217 
5.096808433532715 
5.133465766906738 
5.6995391845703125 
6.942164421081543 
8.805689811706543 
4.959715366363525 
4.973138809204102 
6.211845397949219 
4.9645586013793945 
5.07809591293335 
6.509113311767578 
4.915691375732422 
4.978602409362793 
5.121484756469727 
5.419308185577393 
6.129648208618164 
4.898210048675537 
4.940781593322754 
4.85380744934082 
4.949786186218262 
5.271306037902832 
5.026885032653809 
4.950528144836426 
4.982683181762695 
6.89482307434082 
4.887476921081543 
5.081967353820801 
6.487375259399414 
6.755979537963867 
4.994463920593262 
5.780511856079102 
5.157351493835449 
5.080859184265137 
5.03828239440918 
4.906524181365967 
5.189838409423828 
4.870388984680176 
4.955595970153809 
5.604300498962402 
5.940083980560303 
4.906002044677734 
4.915600776672363 
6.239506721496582 
5.865606784820557 
7.576147556304932 
5.151956558227539 
4.949978351593018 
5.380560874938965 
5.77016544342041 
4.972528457641602 
5.6287946701049805 
4.990250587463379 
5.027381896972656 
4.967561721801758 
5.143653869628906 
5.793591499328613 
4.927694320678711 
4.91480827331543 
4.9925947189331055 
4.947816848754883 
4.858961582183838 
5.844384670257568 
5.038721084594727 
4.9593682289123535 
4.983153343200684 
6.201876163482666 
4.96441650390625 
4.971073627471924 
7.59653902053833 
5.05480432510376 
4.9574480056762695 
5.030970096588135 
4.862092971801758 
4.858515739440918 
5.579677104949951 
5.013547897338867 
5.893095970153809 
4.989380836486816 
4.952157974243164 
5.801746368408203 
4.94423770904541 
4.94509220123291 
4.94517707824707 
5.327436447143555 
4.848181247711182 
7.067120552062988 
5.210042953491211 
5.046792030334473 
5.547930717468262 
5.172273635864258 
5.055407524108887 
4.980569839477539 
5.061674118041992 
5.0009870529174805 
4.940727233886719 
4.985298156738281 
5.169712066650391 
5.391404151916504 
7.147974014282227 
5.066291332244873 
4.924847602844238 
7.77559757232666 
4.999416828155518 
4.843968391418457 
6.929207801818848 
4.990983963012695 
5.032645225524902 
4.955277442932129 
5.1074347496032715 
4.952369213104248 
4.746547698974609 
4.992205619812012 
4.864586353302002 
4.926257133483887 
4.966763019561768 
4.9719414710998535 
5.387493133544922 
4.952049732208252 
4.993610382080078 
5.062458038330078 
6.128542900085449 
5.130234718322754 
5.748724460601807 
4.953216552734375 
5.266955375671387 
5.776167869567871 
7.7138566970825195 
4.947551250457764 
4.8905744552612305 
7.953362464904785 
4.975874900817871 
5.028583526611328 
4.884190559387207 
5.236168384552002 
4.950052261352539 
6.4152936935424805 
7.439698219299316 
5.260547637939453 
5.008388996124268 
4.97950553894043 
4.932834148406982 
4.926858901977539 
4.967501640319824 
4.941061019897461 
5.022939682006836 
5.013839244842529 
4.969073295593262 
5.402430057525635 
5.948760509490967 
5.021394729614258 
7.360879421234131 
4.96809196472168 
5.037481307983398 
5.071544170379639 
7.3318071365356445 
5.0336456298828125 
6.248404026031494 
4.8987531661987305 
5.028668403625488 
4.969146728515625 
6.872023582458496 
4.879120349884033 
5.145699501037598 
5.2028656005859375 
4.930908203125 
4.886442184448242 
4.911185264587402 
5.2721662521362305 
5.37604284286499 
5.033801078796387 
4.985271453857422 
5.088250160217285 
6.660965919494629 
5.04183292388916 
5.884082794189453 
5.276653289794922 
5.024669647216797 
4.9575347900390625 
5.066184043884277 
6.773685932159424 
5.157015323638916 
4.970852851867676 
4.827665328979492 
4.90247106552124 
5.642263889312744 
4.915894985198975 
5.967905044555664 
5.134428977966309 
6.113009452819824 
4.980283737182617 
4.879055976867676 
5.088095664978027 
7.94670295715332 
4.903829097747803 
4.948546886444092 
5.3409929275512695 
4.893857002258301 
4.903209686279297 
5.022218227386475 
5.2603912353515625 
4.888610363006592 
4.963315010070801 
7.612282752990723 
4.925117492675781 
5.319128036499023 
6.445696830749512 
6.826719284057617 
7.406250476837158 
5.257689476013184 
5.093259334564209 
4.882022857666016 
4.974084854125977 
5.001904487609863 
5.241882801055908 
5.30211067199707 
5.635761260986328 
7.726570129394531 
5.01168966293335 
4.973823547363281 
4.879288673400879 
5.053009033203125 
4.915497779846191 
6.218777656555176 
5.0973005294799805 
5.001399040222168 
4.982781410217285 
5.002284049987793 
5.433750629425049 
6.185776233673096 
6.731605052947998 
5.010369300842285 
4.953028678894043 
8.773300170898438 
4.989903926849365 
4.944609642028809 
5.1929612159729 
5.735429763793945 
5.168667316436768 
6.311429977416992 
5.352550983428955 
5.152430534362793 
5.13306999206543 
4.855587482452393 
5.027605056762695 
4.9287333488464355 
4.93411111831665 
5.219618320465088 
4.9391889572143555 
4.961326599121094 
4.934557914733887 
5.658306121826172 
5.304577827453613 
5.086115837097168 
4.994528770446777 
5.022778511047363 
5.026014804840088 
5.039103031158447 
4.91617488861084 
5.0309648513793945 
5.283846855163574 
4.952085971832275 
5.377058029174805 
5.000669002532959 
4.945162296295166 
4.92718505859375 
8.72470760345459 
5.12080717086792 
5.344745635986328 
4.858000755310059 
4.967403411865234 
5.6230669021606445 
9.000259399414062 
4.980648517608643 
7.419083118438721 
4.914125442504883 
5.058494567871094 
4.9713311195373535 
5.1324687004089355 
4.955570220947266 
4.958642959594727 
5.0345354080200195 
4.936384201049805 
5.130622386932373 
5.105052947998047 
6.1195855140686035 
4.944669723510742 
4.9825439453125 
4.874547481536865 
7.859731674194336 
4.983796119689941 
4.943850040435791 
5.641162872314453 
5.083274841308594 
4.968319892883301 
5.079320907592773 
4.920015335083008 
4.962064266204834 
4.955338478088379 
4.923791408538818 
6.351006984710693 
4.972862243652344 
4.964405059814453 
4.9307966232299805 
4.797180652618408 
6.809664726257324 
8.781839370727539 
6.641726493835449 
4.876794815063477 
4.988307952880859 
5.084486484527588 
5.053520679473877 
4.949277400970459 
4.936124801635742 
7.888419151306152 
5.339317798614502 
8.829232215881348 
5.548561096191406 
4.934650421142578 
6.655302047729492 
4.998374938964844 
5.013704299926758 
5.039284706115723 
4.868753433227539 
5.00333833694458 
4.909280300140381 
4.976853370666504 
5.202244758605957 
5.335446357727051 
5.029791831970215 
4.98099422454834 
4.965329170227051 
5.063671112060547 
6.056645393371582 
4.9178996086120605 
4.950120449066162 
4.950303077697754 
4.892519950866699 
4.860764980316162 
4.884139537811279 
5.677255153656006 
7.828591823577881 
5.014080047607422 
5.847855091094971 
6.444585800170898 
4.950206279754639 
5.005095481872559 
5.804563999176025 
6.076169013977051 
6.075442790985107 
5.82541036605835 
4.993346691131592 
5.637772560119629 
4.999441146850586 
4.916666030883789 
4.941221237182617 
5.053572654724121 
4.928531169891357 
6.0459370613098145 
5.013927459716797 
5.007033348083496 
4.81687068939209 
5.532186508178711 
6.685486793518066 
4.950570583343506 
4.916119575500488 
4.929942607879639 
5.3555378913879395 
6.946746826171875 
5.002384185791016 
5.004646301269531 
4.907900810241699 
6.612885475158691 
4.920296669006348 
5.201967239379883 
5.572365760803223 
4.901445388793945 
4.897953510284424 
4.989031791687012 
4.964662551879883 
4.927371978759766 
6.9234137535095215 
5.037034034729004 
4.88957405090332 
5.060116767883301 
4.859870910644531 
5.959839820861816 
4.941886901855469 
5.826188087463379 
5.092397689819336 
5.072842121124268 
4.895612716674805 
5.153825759887695 
5.873164176940918 
4.989643096923828 
4.98638916015625 
6.207342147827148 
4.826552391052246 
5.061183929443359 
6.908642768859863 
5.686054229736328 
5.029409408569336 
5.027734756469727 
7.643469333648682 
4.968591213226318 
5.614109039306641 
5.345977306365967 
5.007760047912598 
5.033727169036865 
6.30842399597168 
4.965738773345947 
4.896334648132324 
5.023256778717041 
5.745360374450684 
6.871685028076172 
4.8896379470825195 
4.915002346038818 
5.571439266204834 
8.5985689163208 
5.88002347946167 
4.852903366088867 
4.883628845214844 
4.9243879318237305 
4.981603622436523 
5.50100040435791 
4.94024133682251 
4.860559940338135 
5.044604778289795 
4.984416961669922 
5.417732238769531 
4.961287498474121 
4.944750785827637 
5.232065200805664 
5.012203216552734 
5.503567218780518 
7.121695518493652 
4.930521011352539 
4.9061479568481445 
6.079037666320801 
4.916445732116699 
5.188537120819092 
4.942712783813477 
6.022464275360107 
5.306212425231934 
5.072195529937744 
6.425821304321289 
4.872398376464844 
6.0281877517700195 
4.918245315551758 
4.883164405822754 
5.12608003616333 
5.243852615356445 
5.533440113067627 
6.036255836486816 
4.915494918823242 
5.061995506286621 
4.9587836265563965 
5.427638053894043 
4.935453414916992 
6.1397552490234375 
5.249004364013672 
4.956317901611328 
5.203629016876221 
4.9927520751953125 
5.126324653625488 
6.283811569213867 
5.228803634643555 
5.5372114181518555 
4.946088790893555 
4.959404945373535 
5.047077178955078 
5.780612468719482 
4.978237152099609 
7.330043315887451 
6.834756851196289 
4.901341438293457 
4.857911586761475 
4.994104385375977 
5.00412654876709 
6.035100936889648 
5.401721000671387 
4.950380802154541 
4.933381080627441 
4.891552925109863 
4.987423419952393 
4.900789260864258 
5.134149551391602 
5.727262496948242 
5.587183952331543 
5.0322723388671875 
4.97254753112793 
5.038717269897461 
4.83006477355957 
5.464687824249268 
4.908733367919922 
7.977981090545654 
4.956559181213379 
4.941514015197754 
5.9847211837768555 
4.9896039962768555 
5.752891540527344 
4.924962997436523 
4.8886189460754395 
4.991474151611328 
5.049604415893555 
4.976254463195801 
5.280130386352539 
4.949848175048828 
5.131319999694824 
8.289881706237793 
5.726473808288574 
4.921749591827393 
5.304523468017578 
4.989090442657471 
6.165846824645996 
4.847297668457031 
4.953400611877441 
5.107700824737549 
4.999640941619873 
4.981048107147217 
5.333672523498535 
5.165602684020996 
4.911179542541504 
4.87123966217041 
4.913152694702148 
4.948101043701172 
4.993896484375 
5.188479423522949 
5.0960917472839355 
7.415256500244141 
8.202147483825684 
4.968017101287842 
5.678722381591797 
9.199254035949707 
4.886608123779297 
4.928096771240234 
4.929920196533203 
4.925157070159912 
6.892207145690918 
5.249626159667969 
4.939199447631836 
7.712830066680908 
4.9738616943359375 
4.879031658172607 
4.954327583312988 
4.924940586090088 
4.925870418548584 
4.906301498413086 
4.9087324142456055 
4.912107467651367 
4.968355178833008 
4.996277809143066 
6.788383483886719 
5.2246599197387695 
4.9215497970581055 
4.986251354217529 
5.091628074645996 
5.2858405113220215 
4.972445964813232 
4.965517997741699 
4.915872573852539 
5.962393760681152 
4.988079071044922 
5.018619060516357 
4.962542533874512 
4.966470241546631 
8.27267837524414 
4.981382369995117 
4.933711051940918 
4.920997619628906 
6.550124168395996 
4.879955291748047 
4.913450717926025 
5.3208088874816895 
5.8664164543151855 
4.9405517578125 
5.035099983215332 
4.9002861976623535 
6.26870059967041 
5.964903831481934 
5.004299640655518 
5.407286643981934 
5.296663761138916 
5.396420478820801 
7.03648567199707 
9.013631820678711 
4.990804672241211 
4.95213508605957 
5.073293685913086 
6.6905951499938965 
8.848489761352539 
4.959075927734375 
5.036205291748047 
5.079403400421143 
4.961215019226074 
5.168369770050049 
5.152101039886475 
5.110507965087891 
4.935269832611084 
4.989635944366455 
5.0897698402404785 
9.174009323120117 
5.10154390335083 
5.0770978927612305 
4.865355491638184 
4.921076774597168 
5.32027530670166 
6.065862655639648 
4.958701133728027 
4.87312126159668 
5.546353340148926 
4.910710334777832 
4.92600154876709 
4.980563640594482 
5.004767417907715 
4.8682756423950195 
5.090074062347412 
5.03018856048584 
4.956240653991699 
4.938425064086914 
5.199496746063232 
4.943120002746582 
5.001334190368652 
5.3866777420043945 
7.1901445388793945 
5.0729498863220215 
4.950658321380615 
5.115816116333008 
5.039082050323486 
5.199539661407471 
4.93739128112793 
5.004460334777832 
5.333205223083496 
7.286061763763428 
5.87058162689209 
6.22462272644043 
4.927432060241699 
5.0166707038879395 
6.0424957275390625 
5.025280475616455 
7.225966930389404 
5.027899265289307 
4.903220176696777 
4.942313194274902 
5.505702495574951 
4.927219390869141 
5.02712345123291 
5.005910873413086 
4.9469757080078125 
4.902325630187988 
5.19997501373291 
4.860915660858154 
5.011528968811035 
4.950715065002441 
5.279441833496094 
5.352278709411621 
7.949514865875244 
5.125565528869629 
5.29415225982666 
5.302524566650391 
4.9182515144348145 
5.073978424072266 
7.8076019287109375 
5.032732009887695 
5.002223968505859 
5.0469183921813965 
5.0165252685546875 
4.964081764221191 
4.992445945739746 
7.955012321472168 
5.251845836639404 
4.926549911499023 
5.083882808685303 
4.946135520935059 
4.9519829750061035 
5.468181610107422 
4.997528076171875 
4.998934745788574 
5.031954765319824 
4.9439191818237305 
6.861484527587891 
5.098072052001953 
6.86501407623291 
5.498987197875977 
5.144684791564941 
4.974525451660156 
6.117989540100098 
5.019331455230713 
4.904059410095215 
5.271842956542969 
7.985466957092285 
4.940405368804932 
5.046142101287842 
5.169849872589111 
5.129541873931885 
4.954450607299805 
4.910754680633545 
4.964887619018555 
4.868624687194824 
5.151834964752197 
5.011192798614502 
5.844488143920898 
5.6180524826049805 
4.941078186035156 
4.9321699142456055 
5.265451431274414 
4.910146713256836 
8.321706771850586 
5.180568695068359 
5.063070297241211 
6.07902717590332 
5.166050910949707 
5.016813278198242 
4.987475872039795 
4.938004493713379 
6.577125072479248 
5.502577304840088 
4.9732255935668945 
4.8608269691467285 
5.072634220123291 
4.895183563232422 
5.554534912109375 
8.190393447875977 
4.993399143218994 
5.957915782928467 
5.032929420471191 
4.973909378051758 
6.5981340408325195 
4.889127254486084 
4.9965057373046875 
4.972475051879883 
4.946591377258301 
4.987741947174072 
4.872611999511719 
5.078011512756348 
5.856378078460693 
4.915514945983887 
6.154633045196533 
5.365525722503662 
7.034891605377197 
5.170994758605957 
4.947053909301758 
4.906353950500488 
4.783719062805176 
4.986053943634033 
8.19255256652832 
5.9329328536987305 
4.941736221313477 
4.927248001098633 
5.024481773376465 
4.931685447692871 
6.3565754890441895 
5.033178329467773 
9.048681259155273 
5.011532783508301 
5.127536773681641 
4.9714202880859375 
4.896627426147461 
4.96579647064209 
4.992796897888184 
6.649571895599365 
5.450479507446289 
4.976609230041504 
4.97116231918335 
4.949649810791016 
4.972836494445801 
5.029254913330078 
5.819971561431885 
4.982281684875488 
4.989461898803711 
4.902442932128906 
6.2596259117126465 
6.783308506011963 
5.078378677368164 
5.126834869384766 
6.911599159240723 
5.985601425170898 
4.973703384399414 
4.895833969116211 
4.723877429962158 
6.537421703338623 
6.137956619262695 
8.299298286437988 
5.004358768463135 
4.76474142074585 
4.949666976928711 
4.911175727844238 
4.920284271240234 
5.588549613952637 
4.906810760498047 
5.021942138671875 
4.9113450050354 
4.995867729187012 
6.729875564575195 
5.06007194519043 
8.47179889678955 
4.883749961853027 
9.465690612792969 
4.888965606689453 
4.839164733886719 
5.187264442443848 
4.937832832336426 
4.925128936767578 
4.94616174697876 
4.878270626068115 
5.289823532104492 
6.181340217590332 
5.039280891418457 
6.198614120483398 
4.949097633361816 
5.952901363372803 
7.860431671142578 
5.100723743438721 
5.248072624206543 
5.793243885040283 
5.03887939453125 
5.074469566345215 
5.564208030700684 
6.893244743347168 
4.960336685180664 
5.061077117919922 
4.93790864944458 
4.953041076660156 
5.000662803649902 
4.9345011711120605 
5.031754493713379 
4.862116813659668 
5.268368721008301 
8.092268943786621 
4.97441291809082 
5.009174346923828 
5.640069007873535 
4.826854228973389 
4.961035251617432 
5.267675399780273 
4.940220355987549 
5.0432448387146 
4.908333778381348 
4.933040618896484 
4.865444183349609 
5.091381072998047 
4.959110260009766 
4.976012706756592 
7.43137264251709 
6.05413293838501 
4.948300361633301 
5.733040809631348 
5.359766483306885 
4.986751079559326 
5.296537399291992 
4.941854476928711 
4.923920154571533 
4.910856246948242 
5.029291152954102 
5.007368087768555 
6.521528720855713 
5.033308506011963 
5.679447650909424 
4.964783668518066 
5.189535140991211 
5.503173828125 
6.269193649291992 
8.258069038391113 
4.959061145782471 
4.949114799499512 
5.018683433532715 
4.931975364685059 
4.805778503417969 
4.928507328033447 
6.450227737426758 
6.389873504638672 
4.950411796569824 
4.958470821380615 
6.5592360496521 
4.988101959228516 
5.016854286193848 
5.026834964752197 
4.993467330932617 
4.9469194412231445 
6.119474411010742 
5.659128665924072 
9.058171272277832 
6.079349040985107 
4.9257049560546875 
4.893925666809082 
4.90875768661499 
5.038924217224121 
4.937115669250488 
4.9725775718688965 
5.0005927085876465 
4.9752092361450195 
5.2277727127075195 
5.141102313995361 
4.994588375091553 
4.908738613128662 
5.334466934204102 
6.65615177154541 
5.023233413696289 
6.7399444580078125 
4.962434768676758 
5.039492607116699 
4.988633155822754 
4.983983993530273 
6.761684894561768 
5.000277519226074 
4.996994972229004 
5.049116611480713 
4.916970729827881 
4.916565895080566 
4.984671592712402 
5.021099090576172 
4.998805046081543 
5.0711870193481445 
6.696353912353516 
8.640631675720215 
7.613478660583496 
4.921389102935791 
4.958500385284424 
5.665648460388184 
4.930197238922119 
5.011555194854736 
5.137507915496826 
5.014988422393799 
5.779540061950684 
4.927809238433838 
4.984470367431641 
5.068071365356445 
4.81210470199585 
4.890597343444824 
5.034820556640625 
4.940194129943848 
5.538862228393555 
4.948957443237305 
4.959395408630371 
5.074223041534424 
5.870609283447266 
5.00217866897583 
4.857964992523193 
4.95496129989624 
4.95414924621582 
5.74654483795166 
5.004125595092773 
7.086592674255371 
4.876086235046387 
4.999847888946533 
5.017401695251465 
10.828168869018555 
4.931461334228516 
5.41015625 
4.965939521789551 
4.86639404296875 
5.1183576583862305 
5.320734024047852 
7.655913352966309 
4.9734039306640625 
4.982797145843506 
4.988673210144043 
4.911064147949219 
5.082282543182373 
6.121711730957031 
4.937734127044678 
5.219175338745117 
4.991784572601318 
5.148045063018799 
4.899932384490967 
4.970185279846191 
4.9593400955200195 
4.955625534057617 
4.955018520355225 
6.515905380249023 
5.033003807067871 
5.974461555480957 
8.729207992553711 
4.906708717346191 
5.09078311920166 
5.716443061828613 
4.976030349731445 
5.083247184753418 
4.770285129547119 
5.050541877746582 
6.189794540405273 
5.512277603149414 
4.9212446212768555 
4.959734916687012 
5.043106555938721 
4.950066566467285 
5.060527801513672 
4.921966552734375 
5.0430450439453125 
4.900744915008545 
5.014745712280273 
5.235445022583008 
4.9221391677856445 
4.847105503082275 
4.885839462280273 
5.066207408905029 
4.9661712646484375 
5.256258010864258 
4.876316070556641 
5.290963172912598 
4.909599304199219 
4.96368932723999 
4.877353191375732 
5.034367561340332 
6.203847885131836 
5.008588790893555 
7.401857376098633 
4.920697212219238 
6.980456352233887 
5.01071834564209 
4.929677486419678 
8.393623352050781 
4.920616626739502 
4.9327311515808105 
4.968254089355469 
5.0285234451293945 
4.903325080871582 
5.0209503173828125 
5.0077409744262695 
5.374965667724609 
4.945728778839111 
4.9249372482299805 
5.090638637542725 
4.899805068969727 
5.171226978302002 
4.9750895500183105 
4.947568416595459 
5.275624752044678 
5.149423599243164 
4.907135963439941 
5.065324783325195 
4.890683174133301 
4.968601226806641 
4.979964733123779 
5.107276916503906 
5.0785956382751465 
4.950002670288086 
7.038797378540039 
5.535648345947266 
6.424124717712402 
7.626429557800293 
4.934187889099121 
5.019564151763916 
4.929884910583496 
5.045036792755127 
4.975523948669434 
4.852085590362549 
5.1484150886535645 
4.952000617980957 
5.011631011962891 
5.122673034667969 
5.249076843261719 
5.531878471374512 
5.41897439956665 
5.171029090881348 
5.34906005859375 
4.953521728515625 
5.028015613555908 
4.8727946281433105 
5.013288974761963 
4.9627227783203125 
4.998695373535156 
5.655821800231934 
4.988274574279785 
5.0484700202941895 
5.087556838989258 
4.934694290161133 
4.997241020202637 
7.6956586837768555 
4.904387474060059 
5.858743667602539 
5.050885200500488 
4.912174224853516 
10.214585304260254 
4.940241813659668 
4.962590217590332 
7.993872165679932 
5.08502721786499 
5.296361446380615 
5.133519172668457 
5.460574626922607 
5.2381062507629395 
4.88633394241333 
4.9961652755737305 
4.991574287414551 
5.080297946929932 
5.01124382019043 
4.953440189361572 
6.150967121124268 
5.025650501251221 
4.922366619110107 
5.257432460784912 
5.143073081970215 
5.367993354797363 
4.925669193267822 
4.961634635925293 
4.98044490814209 
5.038769721984863 
5.754729270935059 
5.513425350189209 
6.1384429931640625 
5.022470474243164 
5.005270957946777 
4.980302810668945 
5.163114070892334 
4.950127124786377 
4.8964691162109375 
4.9906158447265625 
5.168838024139404 
5.360848426818848 
6.565393447875977 
5.3845624923706055 
5.015876293182373 
5.32241678237915 
5.9867167472839355 
5.046522617340088 
5.309926986694336 
4.950360298156738 
5.423356533050537 
4.827080249786377 
6.162021636962891 
5.114891052246094 
6.077829360961914 
4.930183410644531 
6.889233112335205 
6.138594627380371 
5.280834197998047 
5.07698392868042 
6.477272987365723 
5.347372055053711 
7.017481327056885 
5.0055646896362305 
5.01906681060791 
5.6492228507995605 
6.391351699829102 
4.9501848220825195 
5.929320335388184 
5.529571533203125 
4.960817337036133 
4.933550834655762 
5.825868606567383 
5.022365570068359 
5.625096321105957 
5.891180515289307 
4.99349308013916 
5.325122356414795 
4.920958042144775 
4.935197830200195 
4.952087879180908 
5.051724433898926 
6.099374771118164 
5.077134132385254 
5.031722545623779 
5.002816677093506 
5.64927864074707 
4.944709777832031 
4.854589462280273 
4.994040012359619 
4.949618816375732 
4.8965840339660645 
5.103960037231445 
4.952940940856934 
4.930601119995117 
4.928955078125 
4.986806869506836 
5.689369201660156 
4.934116363525391 
4.972419738769531 
8.135629653930664 
5.007038593292236 
5.075943946838379 
6.412099361419678 
6.874488353729248 
5.163251876831055 
8.628737449645996 
4.761416435241699 
4.9982829093933105 
5.097609519958496 
4.940187454223633 
4.987885475158691 
4.938475608825684 
5.288022994995117 
4.985042572021484 
4.967024803161621 
5.0931477546691895 
8.140846252441406 
4.97604513168335 
5.324211120605469 
5.020814418792725 
4.991972923278809 
5.186758041381836 
5.322402000427246 
4.956934928894043 
4.9802446365356445 
5.813202857971191 
4.924324989318848 
7.088357925415039 
4.986743450164795 
4.9784770011901855 
4.840174198150635 
4.851919174194336 
5.757820129394531 
5.022324085235596 
6.340250492095947 
5.081412315368652 
6.742212295532227 
5.292574882507324 
4.890148162841797 
4.987736225128174 
4.988951683044434 
4.888237953186035 
6.469508171081543 
4.976734638214111 
5.188180446624756 
5.391574382781982 
4.968867301940918 
5.035933494567871 
4.955521106719971 
4.830650329589844 
5.044828414916992 
4.915658950805664 
5.009124755859375 
4.922624588012695 
7.018484115600586 
4.858949661254883 
4.993799686431885 
4.994265079498291 
5.025266647338867 
4.958036422729492 
5.032989501953125 
4.919605731964111 
4.962889194488525 
5.127734184265137 
4.93168306350708 
8.639827728271484 
5.444984436035156 
7.012032508850098 
4.959407806396484 
4.962202072143555 
5.293932914733887 
8.583817481994629 
4.928597450256348 
4.877630233764648 
6.8706560134887695 
4.932369232177734 
6.10411262512207 
4.984755039215088 
4.880959510803223 
4.907236099243164 
4.9591875076293945 
5.912444114685059 
8.832486152648926 
4.957780838012695 
5.0044989585876465 
4.949432373046875 
5.428153038024902 
4.991167068481445 
4.975892066955566 
4.898744106292725 
5.010443687438965 
4.982481956481934 
8.646925926208496 
4.976802825927734 
4.949897766113281 
4.864162445068359 
5.6949992179870605 
6.0449371337890625 
4.882498741149902 
5.05672550201416 
6.235046863555908 
5.003060817718506 
7.192215442657471 
5.615084648132324 
5.444061279296875 
4.9331889152526855 
4.985053062438965 
6.098896026611328 
4.913693904876709 
5.0468597412109375 
4.989333152770996 
7.197662353515625 
5.483851432800293 
6.713120460510254 
4.945956707000732 
4.928643226623535 
5.032620429992676 
4.939535140991211 
5.015628814697266 
5.957455635070801 
4.958784103393555 
5.638177871704102 
5.3385419845581055 
5.872286319732666 
5.026067733764648 
4.913990020751953 
5.4687042236328125 
6.054468154907227 
5.422506332397461 
7.490872859954834 
9.127029418945312 
4.9974541664123535 
5.399778366088867 
5.237019062042236 
4.979238510131836 
4.968605995178223 
4.967891693115234 
5.317900657653809 
4.92326545715332 
5.815306663513184 
4.94346809387207 
5.067063808441162 
4.955857276916504 
5.030125617980957 
4.958477973937988 
5.629217147827148 
4.965080261230469 
5.017173767089844 
5.022306442260742 
6.108241081237793 
5.439758777618408 
5.080792427062988 
4.941951274871826 
4.852240562438965 
5.166027069091797 
4.833346366882324 
5.010760307312012 
4.978666305541992 
5.732656955718994 
4.968108177185059 
4.933142185211182 
7.537407875061035 
4.883552074432373 
5.0131025314331055 
4.9610490798950195 
5.224693775177002 
5.263986587524414 
4.987022399902344 
5.017612457275391 
5.048484802246094 
5.7058281898498535 
4.831823825836182 
4.908397674560547 
4.991996765136719 
4.975622177124023 
4.999332904815674 
5.063147068023682 
4.928050518035889 
5.077723503112793 
8.859556198120117 
4.977836608886719 
5.625500679016113 
5.0274434089660645 
5.033175468444824 
4.923856258392334 
4.966533660888672 
5.5406718254089355 
4.939674377441406 
4.982397079467773 
4.89893913269043 
4.973661422729492 
4.922680854797363 
5.662498474121094 
4.920032978057861 
5.169219970703125 
4.934180736541748 
5.21434211730957 
4.917991638183594 
7.0814208984375 
8.293477058410645 
4.781793594360352 
5.342637062072754 
5.027991771697998 
4.976700782775879 
5.087652683258057 
7.80445671081543 
4.9761061668396 
4.963977813720703 
4.974921226501465 
5.029170036315918 
4.845242023468018 
5.096059322357178 
4.936435699462891 
4.9481940269470215 
4.906370639801025 
5.035639762878418 
4.9647417068481445 
5.371042728424072 
5.6753315925598145 
4.969148635864258 
4.9888997077941895 
4.870671272277832 
4.904268264770508 
5.33488655090332 
4.869725704193115 
5.151167392730713 
5.0794501304626465 
4.792011260986328 
4.953269004821777 
4.934877395629883 
5.2302093505859375 
4.956794738769531 
4.939802169799805 
9.310410499572754 
4.981861114501953 
5.606485366821289 
5.680905342102051 
7.783952713012695 
5.0712785720825195 
4.95398473739624 
4.964458465576172 
5.079996585845947 
6.8462934494018555 
5.68625545501709 
5.002775192260742 
4.972173690795898 
4.987788200378418 
6.659340858459473 
5.651812553405762 
6.5748701095581055 
4.968214988708496 
5.465389728546143 
5.049588680267334 
5.021309852600098 
9.129069328308105 
7.658061981201172 
5.121434211730957 
4.964815139770508 
4.999095916748047 
4.970086574554443 
5.221251010894775 
4.867836952209473 
4.966372013092041 
5.30679988861084 
8.483198165893555 
5.606973648071289 
5.2216033935546875 
4.968115329742432 
9.029264450073242 
4.936788558959961 
4.928974151611328 
5.133026123046875 
5.032286167144775 
5.015539169311523 
5.011260032653809 
4.906776428222656 
4.892507553100586 
5.046060562133789 
5.180974006652832 
4.847821235656738 
8.166058540344238 
4.888787269592285 
5.085010528564453 
4.908146858215332 
5.420251846313477 
5.482276439666748 
4.947551727294922 
5.200621604919434 
4.926848888397217 
4.929418563842773 
4.854281425476074 
5.850269317626953 
5.244980335235596 
4.888359069824219 
5.280799865722656 
4.872461318969727 
4.984210014343262 
5.034482002258301 
4.988628387451172 
5.004000663757324 
4.967487812042236 
4.912525177001953 
7.689088821411133 
4.978145599365234 
4.980417728424072 
5.020225524902344 
4.988498687744141 
4.951946258544922 
4.8958740234375 
6.117627143859863 
6.463987350463867 
4.956577301025391 
4.9530792236328125 
6.179555416107178 
5.0263824462890625 
4.988656997680664 
4.949970722198486 
7.433967590332031 
4.957668304443359 
5.588293552398682 
4.90435266494751 
4.963275909423828 
5.567470073699951 
5.11154317855835 
4.876609802246094 
5.005860805511475 
6.9455180168151855 
5.7082109451293945 
5.436102867126465 
5.026522159576416 
5.111777305603027 
6.905900478363037 
7.604089736938477 
4.972532272338867 
4.961851119995117 
6.089138031005859 
4.9175238609313965 
4.901956081390381 
4.9207024574279785 
5.371241569519043 
5.248181343078613 
4.900581359863281 
5.059972763061523 
7.152872562408447 
4.859555244445801 
4.978171348571777 
5.0034356117248535 
5.024420738220215 
4.923903942108154 
5.850522994995117 
4.936720848083496 
6.816997051239014 
6.963316917419434 
4.937211990356445 
4.957841873168945 
4.8452324867248535 
5.056689262390137 
5.023927688598633 
4.979475021362305 
4.971903324127197 
9.234889030456543 
4.998623847961426 
4.878540992736816 
9.538180351257324 
4.941880702972412 
5.018801689147949 
4.911752700805664 
7.510467529296875 
5.398778915405273 
4.9170026779174805 
5.505366325378418 
4.8966264724731445 
5.821010112762451 
7.7543134689331055 
4.955935001373291 
5.565053462982178 
7.464122295379639 
5.035208702087402 
4.9897284507751465 
4.980337142944336 
4.939105987548828 
4.943682670593262 
5.0438995361328125 
4.972503185272217 
6.582106113433838 
6.740968704223633 
4.950037479400635 
4.832712173461914 
5.669256210327148 
4.915899753570557 
4.974719047546387 
4.902612209320068 
4.946385860443115 
4.989005088806152 
5.032794952392578 
4.906935691833496 
5.116301536560059 
5.348398685455322 
5.320502758026123 
4.976511001586914 
5.295688629150391 
4.975937366485596 
5.2098917961120605 
4.91915225982666 
4.944605827331543 
5.874967575073242 
4.983448028564453 
4.984399795532227 
8.244429588317871 
6.348105430603027 
7.6128129959106445 
4.931154251098633 
6.365682125091553 
6.103767395019531 
7.083935260772705 
7.653061866760254 
5.199524879455566 
4.953014850616455 
5.068365097045898 
7.830421447753906 
5.1282806396484375 
4.868206024169922 
5.168607711791992 
4.904396057128906 
6.128993988037109 
5.401118278503418 
5.104949951171875 
5.133525848388672 
4.948338031768799 
4.848595142364502 
5.0203657150268555 
4.854290962219238 
4.994625091552734 
5.183029651641846 
4.890254974365234 
5.094185829162598 
5.304642200469971 
5.197542190551758 
4.897364139556885 
4.94699764251709 
5.004551887512207 
5.013976573944092 
4.9250407218933105 
4.986778259277344 
7.438587188720703 
4.940868377685547 
4.990724563598633 
4.959577560424805 
7.408697605133057 
7.559556007385254 
4.9185333251953125 
4.896664619445801 
5.185264587402344 
4.90703010559082 
5.694554328918457 
7.315446853637695 
4.849249362945557 
4.99812126159668 
5.2753143310546875 
7.337872505187988 
4.85856294631958 
4.946760654449463 
4.998843193054199 
6.341341972351074 
4.973031997680664 
6.419317245483398 
5.401389122009277 
5.030190944671631 
4.9280009269714355 
4.857786655426025 
4.974949836730957 
5.272524833679199 
5.051928997039795 
5.012729644775391 
6.971944808959961 
5.211714744567871 
4.9374680519104 
5.796564102172852 
4.892263412475586 
4.950360298156738 
5.128767013549805 
5.349274635314941 
5.072273254394531 
5.04953670501709 
4.883620262145996 
8.040964126586914 
5.107305526733398 
4.731602668762207 
5.007233619689941 
8.07422924041748 
5.043483734130859 
5.094212055206299 
5.173672199249268 
5.037237167358398 
4.992977619171143 
5.494772911071777 
4.983766555786133 
7.055505275726318 
5.411579132080078 
5.000771522521973 
6.162117004394531 
5.026243209838867 
4.911006927490234 
8.375842094421387 
4.951622009277344 
5.202780723571777 
4.895147800445557 
6.665599822998047 
4.965347766876221 
5.120284080505371 
5.749991416931152 
4.984740257263184 
4.985459327697754 
6.690226078033447 
4.906023025512695 
4.993403911590576 
4.912118434906006 
4.978012561798096 
4.9249467849731445 
4.937257766723633 
4.93131685256958 
4.964847564697266 
5.04989767074585 
4.963534832000732 
4.901590347290039 
4.986225128173828 
4.967611789703369 
5.031628131866455 
8.364776611328125 
5.004744052886963 
5.001626968383789 
5.0227885246276855 
4.9854278564453125 
4.9803009033203125 
5.488624572753906 
4.9333038330078125 
5.046831130981445 
6.888712406158447 
5.099469184875488 
5.056530475616455 
5.003387451171875 
4.962742805480957 
5.236349105834961 
5.034256458282471 
4.90353536605835 
7.035387992858887 
4.956850051879883 
4.935120582580566 
4.94577693939209 
4.989399433135986 
4.8502631187438965 
4.930315971374512 
4.967347145080566 
5.136972904205322 
5.515039920806885 
4.978072643280029 
6.022150039672852 
5.013386249542236 
4.938701629638672 
4.9277167320251465 
6.6834611892700195 
4.981474876403809 
5.01078987121582 
5.321743011474609 
5.029400825500488 
4.99234676361084 
5.037403106689453 
5.470512390136719 
8.33367919921875 
5.26717472076416 
5.063556671142578 
5.075118541717529 
5.025241851806641 
5.981261253356934 
4.9755659103393555 
4.990736961364746 
4.98855447769165 
7.2194390296936035 
5.266105651855469 
4.951821327209473 
4.992823600769043 
5.047791957855225 
5.023237228393555 
6.5145111083984375 
4.943477153778076 
5.053284645080566 
4.875367641448975 
5.117115497589111 
5.001662254333496 
4.978507995605469 
5.487720489501953 
4.959792137145996 
4.8772735595703125 
5.779788017272949 
4.884922981262207 
4.9051594734191895 
5.380282402038574 
4.970707893371582 
4.983025074005127 
4.8616461753845215 
5.177924633026123 
4.964839935302734 
4.994810581207275 
4.979752540588379 
4.985832214355469 
4.991578102111816 
5.9654645919799805 
6.944940567016602 
4.961450576782227 
4.88661003112793 
6.069070339202881 
5.210414409637451 
4.940410614013672 
4.9849019050598145 
5.778619766235352 
5.117198467254639 
5.020608425140381 
5.0235090255737305 
6.158228874206543 
4.921791076660156 
4.997499465942383 
4.9055304527282715 
5.137524604797363 
5.977163314819336 
4.9498701095581055 
5.054049491882324 
8.499016761779785 
5.1240339279174805 
4.918344497680664 
5.085319519042969 
5.02755069732666 
4.979832172393799 
4.96412467956543 
5.218503475189209 
5.019362449645996 
5.696898937225342 
5.218623161315918 
5.997495651245117 
4.818358421325684 
4.975649833679199 
4.930545330047607 
5.028744697570801 
5.046982765197754 
5.027907371520996 
4.938309669494629 
5.095137596130371 
5.0652008056640625 
6.3646087646484375 
5.083813667297363 
5.015737533569336 
4.958981513977051 
4.90056037902832 
4.934915542602539 
5.03813362121582 
5.014516353607178 
5.582794189453125 
5.041227340698242 
5.05795955657959 
6.360923767089844 
7.572806358337402 
4.98537540435791 
4.936558723449707 
4.831702709197998 
7.873635292053223 
5.283614158630371 
5.151035308837891 
4.842554092407227 
5.2286481857299805 
4.994483947753906 
4.909394264221191 
5.121617317199707 
5.221970558166504 
7.406005859375 
6.342092037200928 
5.121709823608398 
4.982036113739014 
4.895404815673828 
4.910514831542969 
4.968399524688721 
5.668519973754883 
7.662291049957275 
4.918449401855469 
4.9602155685424805 
4.949524402618408 
4.842734336853027 
5.046606063842773 
7.505128860473633 
4.904693603515625 
4.935209274291992 
8.71763801574707 
4.881392002105713 
5.24675178527832 
5.363161087036133 
5.03904914855957 
5.631265640258789 
5.041977882385254 
8.548446655273438 
5.327346324920654 
4.9980974197387695 
6.247662544250488 
5.185648441314697 
4.9869537353515625 
4.7951507568359375 
5.344913959503174 
5.101668834686279 
4.9816813468933105 
5.240802764892578 
5.024928569793701 
5.219372272491455 
5.197399139404297 
4.954554557800293 
4.950622081756592 
5.061514377593994 
4.990857124328613 
5.22794246673584 
7.799166202545166 
5.011308670043945 
7.5277299880981445 
5.397815704345703 
4.954345703125 
4.96743106842041 
4.9813432693481445 
4.943499565124512 
4.879007816314697 
4.971375942230225 
4.955417633056641 
4.827042102813721 
7.045086860656738 
5.004054069519043 
5.251615524291992 
4.978490829467773 
5.166712284088135 
5.340761184692383 
5.086178302764893 
5.751462936401367 
5.105965614318848 
4.979039192199707 
5.673183441162109 
5.007411956787109 
4.921192169189453 
5.4988579750061035 
4.9883317947387695 
5.118305683135986 
5.120983123779297 
4.989778518676758 
5.078180313110352 
4.974431037902832 
5.907467842102051 
7.431673049926758 
4.82548713684082 
4.9214677810668945 
5.204816818237305 
4.9634246826171875 
5.963271141052246 
5.059006690979004 
7.227510452270508 
4.888623237609863 
6.284907341003418 
5.31506872177124 
4.7828497886657715 
5.117093563079834 
5.026969909667969 
5.26422643661499 
5.022210121154785 
5.615682125091553 
5.725525379180908 
5.402371406555176 
4.99746036529541 
5.216731071472168 
6.41160774230957 
4.957898139953613 
5.183194637298584 
7.210475921630859 
4.960990905761719 
5.081506252288818 
4.982086181640625 
4.904617786407471 
6.136493682861328 
4.956733703613281 
4.9518818855285645 
4.956625938415527 
4.943253040313721 
6.6111345291137695 
4.941890716552734 
4.802711486816406 
4.966754913330078 
5.0966572761535645 
6.431236267089844 
7.111082077026367 
4.932785511016846 
4.972216606140137 
4.934894561767578 
4.961575031280518 
4.992405891418457 
8.460734367370605 
5.01127815246582 
5.306402683258057 
6.762276649475098 
5.07012939453125 
4.945806503295898 
4.9080376625061035 
5.1016435623168945 
5.186093330383301 
4.978081226348877 
6.843876361846924 
4.904881477355957 
5.757808685302734 
5.013118267059326 
4.89723014831543 
4.992768287658691 
5.0128655433654785 
4.962786674499512 
5.243111610412598 
4.89468240737915 
5.054097652435303 
8.604073524475098 
6.759416103363037 
7.808653831481934 
5.0000529289245605 
5.210680961608887 
4.870823383331299 
7.484296798706055 
4.874027729034424 
4.999669075012207 
5.174637794494629 
5.0183186531066895 
5.301169395446777 
5.000370502471924 
5.4145612716674805 
4.983123779296875 
7.264467239379883 
8.617311477661133 
5.3034563064575195 
5.034774303436279 
4.923678874969482 
6.8295817375183105 
5.043889045715332 
5.3531646728515625 
5.337008476257324 
4.928858757019043 
5.361203670501709 
4.907588005065918 
6.712209701538086 
5.390285968780518 
4.938780307769775 
5.8867387771606445 
4.933392524719238 
4.985644340515137 
8.07674503326416 
5.85065221786499 
7.61605167388916 
4.977864742279053 
4.946231842041016 
5.173439025878906 
6.189197063446045 
5.386355400085449 
5.04810905456543 
4.99869441986084 
4.988321304321289 
5.124190807342529 
5.0239644050598145 
5.614612102508545 
4.893334865570068 
4.956669807434082 
5.018808364868164 
7.4570159912109375 
6.90657377243042 
4.995611190795898 
4.9238481521606445 
4.9671173095703125 
4.905007839202881 
7.545015335083008 
4.931662082672119 
5.2940778732299805 
5.085274696350098 
4.989632606506348 
7.105954170227051 
4.935822486877441 
5.40073823928833 
5.1274614334106445 
4.9349517822265625 
4.9716339111328125 
4.914175033569336 
5.691601753234863 
5.00911808013916 
5.0268402099609375 
5.099342346191406 
5.068579196929932 
5.209438323974609 
7.388952255249023 
4.960341453552246 
5.137078285217285 
6.35927677154541 
4.985291957855225 
5.22743034362793 
4.966385841369629 
5.2366156578063965 
5.0999369621276855 
5.640883922576904 
6.0442914962768555 
5.358198642730713 
4.970732688903809 
4.801618576049805 
5.6896443367004395 
7.858704566955566 
5.242733001708984 
4.843418121337891 
4.907515525817871 
6.249351501464844 
4.98146915435791 
4.851428508758545 
6.495072364807129 
5.058550834655762 
4.941919326782227 
5.012916564941406 
7.474255561828613 
4.974627494812012 
5.342296123504639 
4.94482421875 
5.025743007659912 
7.131313800811768 
5.739045143127441 
5.583213806152344 
4.87851619720459 
7.416794776916504 
4.948248386383057 
4.976175308227539 
4.841451644897461 
7.04053258895874 
4.924527168273926 
5.047269821166992 
6.3295698165893555 
5.040340423583984 
5.179398059844971 
4.931526184082031 
4.916404724121094 
5.0012311935424805 
5.032356262207031 
7.553339958190918 
4.98201847076416 
5.67287540435791 
5.066894054412842 
5.056367874145508 
4.9185566902160645 
9.0068941116333 
5.769096374511719 
5.073249340057373 
6.048093795776367 
6.481353282928467 
5.264225482940674 
6.1044769287109375 
5.09739875793457 
5.97689151763916 
4.909610748291016 
5.032174587249756 
5.762421607971191 
4.878016948699951 
5.132116317749023 
4.885224342346191 
5.1204938888549805 
5.217647552490234 
5.060224533081055 
5.080132961273193 
6.68524694442749 
4.953176021575928 
5.020265579223633 
6.370718002319336 
5.403802871704102 
8.372957229614258 
4.961862564086914 
9.778367042541504 
4.8618011474609375 
7.475298881530762 
5.122251510620117 
4.987616539001465 
5.099982261657715 
4.971141815185547 
6.411620140075684 
5.0086750984191895 
4.951026439666748 
4.9380717277526855 
7.806430816650391 
5.000946998596191 
6.554540157318115 
4.917184352874756 
5.047487735748291 
4.916374206542969 
5.196508407592773 
5.197649955749512 
5.033469200134277 
6.4761457443237305 
5.009593963623047 
4.925271987915039 
5.022421836853027 
4.95036506652832 
4.979496002197266 
4.9944024085998535 
5.1829071044921875 
4.982583045959473 
4.907949447631836 
5.040188789367676 
5.487920761108398 
4.904164791107178 
5.07565975189209 
4.985487461090088 
6.7717695236206055 
4.898972511291504 
6.00675106048584 
5.000994682312012 
4.924367904663086 
4.994519233703613 
6.528453350067139 
9.037445068359375 
4.976214408874512 
8.608026504516602 
5.3573150634765625 
4.999514102935791 
4.90556526184082 
5.127334117889404 
4.876143455505371 
7.001355171203613 
4.899533271789551 
4.916389465332031 
4.925960540771484 
4.993953704833984 
5.5901713371276855 
4.860796928405762 
4.934320449829102 
4.935293197631836 
6.877499580383301 
5.063234329223633 
5.106710433959961 
5.008759498596191 
4.951066493988037 
5.398871421813965 
4.944263458251953 
7.745375633239746 
4.978755474090576 
4.915704250335693 
4.849726676940918 
4.912668704986572 
4.945459842681885 
10.379651069641113 
6.699113845825195 
6.717732906341553 
5.019489765167236 
4.943743705749512 
4.991042137145996 
5.849274158477783 
4.962192535400391 
4.983562469482422 
8.729500770568848 
4.9471540451049805 
5.768769264221191 
5.273007392883301 
4.990245819091797 
5.012359142303467 
5.022124290466309 
4.932875633239746 
7.32101583480835 
4.938937187194824 
6.1002092361450195 
5.027492046356201 
4.980170726776123 
5.141605854034424 
5.0552496910095215 
5.202944755554199 
5.213133811950684 
5.650615692138672 
5.022623062133789 
4.98870325088501 
5.05490255355835 
5.135315895080566 
5.64241886138916 
5.309581279754639 
5.204402923583984 
7.928150177001953 
5.181039810180664 
5.183126449584961 
6.380858421325684 
4.850765228271484 
4.974514484405518 
5.209514617919922 
4.919928550720215 
4.965527534484863 
4.951565742492676 
4.993828296661377 
6.354691505432129 
6.6306471824646 
5.056395053863525 
4.976308822631836 
5.050749778747559 
4.976876258850098 
4.99165153503418 
4.905366897583008 
6.938838958740234 
5.0084309577941895 
4.950005531311035 
4.922194480895996 
4.975499153137207 
5.121346950531006 
4.863896369934082 
4.951217174530029 
4.979832172393799 
5.081644058227539 
4.954906940460205 
5.118899345397949 
6.140701770782471 
5.642806053161621 
4.86599063873291 
5.409970283508301 
8.67994213104248 
4.80751895904541 
4.922663688659668 
5.144467353820801 
7.7963151931762695 
8.914162635803223 
4.948923587799072 
5.092429161071777 
5.0160651206970215 
5.2704901695251465 
4.9613800048828125 
5.0613861083984375 
5.029690742492676 
4.975795745849609 
4.973291397094727 
5.75898551940918 
7.780055522918701 
4.906667232513428 
5.440837860107422 
5.125365257263184 
5.04248571395874 
4.931079864501953 
5.032463073730469 
4.898656845092773 
4.869214057922363 
6.974032402038574 
8.084312438964844 
4.986279010772705 
4.921210289001465 
6.065216064453125 
5.600001335144043 
4.989718437194824 
4.951118469238281 
4.888460159301758 
5.049854278564453 
6.213408470153809 
5.786498069763184 
4.978083610534668 
4.8779497146606445 
4.9279913902282715 
4.922718048095703 
4.925956726074219 
5.026728630065918 
4.935059070587158 
6.648911476135254 
4.950857162475586 
5.959879398345947 
5.197193145751953 
4.9543585777282715 
6.104447364807129 
5.147063255310059 
4.908310890197754 
7.490447521209717 
6.903675079345703 
5.125082969665527 
4.9690423011779785 
4.9236955642700195 
6.007199764251709 
4.89824914932251 
7.425830364227295 
5.009057998657227 
4.975224494934082 
6.356889724731445 
4.91984748840332 
5.028899669647217 
5.34801721572876 
5.38320255279541 
4.963118553161621 
4.98317289352417 
5.906484603881836 
5.219109535217285 
8.537459373474121 
5.116709232330322 
6.797748565673828 
4.959000110626221 
4.982359886169434 
5.065715312957764 
5.066524505615234 
6.906685829162598 
7.772952079772949 
4.918888092041016 
6.655521392822266 
5.416083812713623 
5.003096580505371 
7.229574680328369 
6.328197956085205 
4.900506019592285 
5.3069376945495605 
4.982056617736816 
4.960369110107422 
7.192911624908447 
5.195533275604248 
6.867452621459961 
5.611377716064453 
4.942753791809082 
4.997408390045166 
4.912206649780273 
5.27559232711792 
5.639531135559082 
5.655304431915283 
4.976861953735352 
4.976926803588867 
5.6642303466796875 
7.208074569702148 
7.5811381340026855 
5.146437644958496 
5.041886329650879 
6.7457661628723145 
5.030624866485596 
5.014753341674805 
8.31653881072998 
4.9497528076171875 
4.961879253387451 
7.248910903930664 
8.286503791809082 
5.319255828857422 
4.954152584075928 
4.958629608154297 
4.931788921356201 
4.946364402770996 
5.1893486976623535 
5.48724889755249 
5.011081218719482 
4.915057182312012 
6.238132476806641 
5.25319242477417 
5.862150192260742 
5.531930923461914 
8.814300537109375 
4.974139213562012 
5.108979225158691 
6.963105201721191 
5.2076520919799805 
5.074311256408691 
5.263826370239258 
6.544044017791748 
4.911059379577637 
4.9532694816589355 
4.9114532470703125 
5.0530242919921875 
5.03680944442749 
5.277341842651367 
5.085343837738037 
4.887117385864258 
5.100631237030029 
5.578100204467773 
5.051539897918701 
4.873302936553955 
4.915152549743652 
5.057378768920898 
4.95103645324707 
6.354793071746826 
7.792591094970703 
4.9749956130981445 
4.957302093505859 
4.965587139129639 
4.9542036056518555 
5.177735805511475 
6.341096878051758 
5.164236068725586 
7.933608055114746 
5.871552467346191 
5.089847087860107 
5.518467426300049 
4.924535751342773 
5.027978897094727 
5.3890910148620605 
4.932008743286133 
5.014477729797363 
4.949846267700195 
4.904415607452393 
4.993191719055176 
4.958200454711914 
5.044886589050293 
4.753378868103027 
5.010372161865234 
4.99365234375 
4.939481258392334 
4.918060302734375 
5.191332817077637 
4.837285995483398 
4.977602005004883 
7.784450531005859 
5.061258316040039 
6.839673042297363 
4.98679780960083 
6.238131523132324 
4.992954254150391 
5.136942386627197 
5.087268829345703 
5.463613510131836 
5.91380500793457 
5.869178295135498 
4.994725227355957 
5.540762901306152 
4.996025085449219 
5.04433536529541 
4.915782928466797 
4.98520565032959 
8.798094749450684 
6.468339443206787 
5.069581031799316 
4.795125961303711 
4.986326217651367 
5.026022434234619 
4.981742858886719 
6.002492904663086 
4.915406227111816 
5.356480121612549 
4.963584899902344 
4.870142936706543 
5.06346321105957 
4.984206199645996 
6.593866348266602 
5.0898895263671875 
5.258234977722168 
5.107254981994629 
8.175786972045898 
7.207427978515625 
4.947188377380371 
5.091045379638672 
4.966231822967529 
5.024240493774414 
5.011908531188965 
4.870783805847168 
5.072567939758301 
8.240316390991211 
6.783609390258789 
4.954371929168701 
4.9770636558532715 
6.263425827026367 
5.027257919311523 
7.038793563842773 
5.476539611816406 
4.990438938140869 
5.078671932220459 
4.978424072265625 
6.91200065612793 
4.96466588973999 
4.91878604888916 
4.956934452056885 
5.3774003982543945 
5.315622806549072 
6.9324188232421875 
4.998815536499023 
4.995091438293457 
5.050584316253662 
5.009671211242676 
7.515475273132324 
5.1708269119262695 
5.668828964233398 
6.64966344833374 
5.187483787536621 
4.9922027587890625 
5.718263149261475 
4.98704719543457 
8.076004028320312 
5.040343284606934 
5.329718112945557 
4.945399284362793 
5.238234043121338 
5.094026565551758 
4.852005958557129 
4.925807476043701 
5.2095232009887695 
4.918368816375732 
5.459134101867676 
5.201336860656738 
4.871626377105713 
4.782665252685547 
4.9136738777160645 
4.965465068817139 
5.0330095291137695 
4.974078178405762 
4.930230617523193 
5.0133466720581055 
4.929636001586914 
8.515992164611816 
4.99770450592041 
7.309920787811279 
4.921871662139893 
5.026789665222168 
4.733114242553711 
5.094557285308838 
5.543486595153809 
5.024008750915527 
5.016768455505371 
5.421749114990234 
4.919778347015381 
5.019036293029785 
6.124821186065674 
4.806622505187988 
5.095766067504883 
6.061756134033203 
4.91042947769165 
5.081003189086914 
4.935345649719238 
5.599188327789307 
6.962704658508301 
4.9691948890686035 
4.966804504394531 
5.110809803009033 
4.908412456512451 
5.0601606369018555 
4.958808898925781 
6.409298896789551 
4.997808456420898 
5.024320125579834 
4.994650363922119 
4.975278377532959 
4.979208469390869 
4.909482002258301 
5.4339985847473145 
5.101927757263184 
4.890255451202393 
5.009795665740967 
5.077001571655273 
5.048269748687744 
4.905719757080078 
6.654318809509277 
5.33368444442749 
4.940634727478027 
5.228655815124512 
5.042306900024414 
5.353438854217529 
4.952239990234375 
4.952396392822266 
5.037102699279785 
5.867268085479736 
9.966238021850586 
4.916864395141602 
6.375234127044678 
5.362444877624512 
4.981525421142578 
4.906530380249023 
5.838935852050781 
4.963839530944824 
7.50150728225708 
5.050615310668945 
5.008036136627197 
5.004280090332031 
5.030979156494141 
4.987063407897949 
4.971158027648926 
4.9100117683410645 
5.079242706298828 
4.989384651184082 
5.059333801269531 
5.168029308319092 
4.962311744689941 
8.39019775390625 
7.231424331665039 
5.571372985839844 
5.004870414733887 
5.021930694580078 
5.007501125335693 
4.999039649963379 
5.01432991027832 
5.241776466369629 
4.931560039520264 
4.9268059730529785 
5.4310526847839355 
4.936728477478027 
5.130701065063477 
4.904358863830566 
5.06910514831543 
5.106685161590576 
4.9477739334106445 
5.425055503845215 
5.065054416656494 
7.074014663696289 
4.890780448913574 
4.90592098236084 
4.937544822692871 
4.887381076812744 
6.750067234039307 
4.964213848114014 
4.971798896789551 
5.738127708435059 
5.063776969909668 
4.908797264099121 
4.940393447875977 
4.96381950378418 
5.295568466186523 
5.3140974044799805 
5.6364521980285645 
5.149797439575195 
4.972413063049316 
5.289238452911377 
5.803650856018066 
4.996999740600586 
7.308173656463623 
6.484444618225098 
5.054877281188965 
4.8811540603637695 
4.970694065093994 
4.9881181716918945 
4.8684916496276855 
5.948348045349121 
5.188051700592041 
4.951013565063477 
4.9576616287231445 
5.36543083190918 
5.016127109527588 
6.3383941650390625 
5.014888763427734 
4.9121809005737305 
5.039997100830078 
4.989877700805664 
6.051584720611572 
4.926944255828857 
5.228829383850098 
6.57374906539917 
4.995055675506592 
5.0905656814575195 
6.672206401824951 
4.87082052230835 
4.896540641784668 
4.972878456115723 
4.944733142852783 
5.569530487060547 
4.98243522644043 
5.036124229431152 
6.5789666175842285 
5.095643043518066 
4.994588851928711 
5.2304768562316895 
4.827447891235352 
5.000760078430176 
6.444910049438477 
5.073275089263916 
5.6175537109375 
5.71217155456543 
5.019484996795654 
4.949390411376953 
5.134261608123779 
5.457446098327637 
5.356574058532715 
5.61469841003418 
4.863071441650391 
4.924074649810791 
4.933025360107422 
4.911128044128418 
4.887613773345947 
4.941581726074219 
4.966257095336914 
4.85188102722168 
5.001364707946777 
4.989445686340332 
4.917453765869141 
6.262169361114502 
4.9330902099609375 
6.241975784301758 
4.966302871704102 
4.930716514587402 
5.2332563400268555 
4.926521301269531 
4.8969621658325195 
6.057004928588867 
6.694334983825684 
4.9429216384887695 
5.404066562652588 
5.064638137817383 
8.696942329406738 
4.907325267791748 
5.352107048034668 
4.887957572937012 
4.926714897155762 
4.952632427215576 
4.92294454574585 
4.983138561248779 
4.98518705368042 
4.987642765045166 
5.159572124481201 
9.778359413146973 
4.867197513580322 
4.799840927124023 
5.381374359130859 
4.951723098754883 
5.121996879577637 
6.726039886474609 
9.284321784973145 
5.001972675323486 
4.894680976867676 
4.925127983093262 
5.0250244140625 
5.752140998840332 
8.315800666809082 
5.499003887176514 
5.062962532043457 
4.867974281311035 
5.222742557525635 
5.0308074951171875 
5.87861967086792 
4.910285949707031 
4.943519592285156 
5.115264892578125 
5.961915016174316 
4.9591474533081055 
4.98349142074585 
4.94109582901001 
4.935096740722656 
4.972984790802002 
4.954702377319336 
7.351743698120117 
4.977959632873535 
5.389936447143555 
4.961215019226074 
4.968379020690918 
7.384387016296387 
5.868325233459473 
4.936678409576416 
5.329912185668945 
5.132936477661133 
4.942474842071533 
5.356845855712891 
5.350251197814941 
5.259295463562012 
4.943591117858887 
5.025882720947266 
5.005917072296143 
4.931207180023193 
4.824060440063477 
4.995847225189209 
4.9939751625061035 
6.442004203796387 
6.646880149841309 
5.128114700317383 
5.1190290451049805 
5.180939674377441 
4.91558313369751 
4.932534217834473 
5.059811592102051 
5.023796081542969 
4.993206977844238 
5.678030014038086 
6.393701553344727 
5.134284019470215 
4.968655586242676 
4.961576461791992 
5.127293109893799 
5.032172679901123 
4.961189270019531 
5.950255393981934 
4.909954071044922 
5.285106658935547 
5.561795234680176 
4.942758083343506 
7.084305286407471 
4.955608367919922 
4.94223690032959 
4.957921981811523 
4.929065704345703 
5.08950662612915 
5.059382915496826 
5.033499240875244 
5.769551753997803 
4.96491813659668 
4.944499969482422 
4.949052810668945 
5.016718864440918 
4.93626594543457 
7.325321674346924 
4.966480255126953 
5.126643180847168 
5.228911399841309 
4.860071182250977 
5.0280961990356445 
4.9152631759643555 
5.007346153259277 
4.792518615722656 
4.883456707000732 
4.97966194152832 
4.946089744567871 
5.098904609680176 
4.9680681228637695 
5.798341274261475 
4.916318416595459 
5.047438621520996 
5.065554618835449 
5.5248212814331055 
5.142122268676758 
5.041834831237793 
6.590449333190918 
4.900728225708008 
5.8213067054748535 
5.049822807312012 
4.858527183532715 
4.976162433624268 
4.981331825256348 
8.437211036682129 
4.903753280639648 
5.014455318450928 
5.060184001922607 
4.976312637329102 
4.959163188934326 
5.319260597229004 
5.959063529968262 
7.958900451660156 
6.314146041870117 
5.0541863441467285 
4.90144157409668 
4.858921051025391 
7.469977378845215 
4.964333534240723 
8.558716773986816 
5.6912922859191895 
7.965013027191162 
5.276874542236328 
6.52256965637207 
5.602669715881348 
6.112505912780762 
4.943655014038086 
5.0249152183532715 
4.961135387420654 
6.919506549835205 
6.234102249145508 
5.012808799743652 
4.907201766967773 
8.50131893157959 
5.855721473693848 
4.957523822784424 
4.987412452697754 
4.880190849304199 
5.092240333557129 
4.829588413238525 
5.0402984619140625 
5.047240257263184 
5.147305488586426 
5.012544631958008 
5.8014373779296875 
5.6281938552856445 
4.983562469482422 
5.137462615966797 
4.939143180847168 
5.123994827270508 
5.61053466796875 
4.773928642272949 
6.664469242095947 
6.919909477233887 
4.939366340637207 
5.15077543258667 
9.2794828414917 
5.197781085968018 
4.988348007202148 
5.439483165740967 
5.23309326171875 
6.50905704498291 
5.101795196533203 
5.120262145996094 
5.005122184753418 
4.856149673461914 
6.168665885925293 
5.592130661010742 
4.990457534790039 
8.489060401916504 
4.984194755554199 
6.082120418548584 
5.071225643157959 
5.658036708831787 
4.933923244476318 
5.019553184509277 
6.51707649230957 
5.180877208709717 
4.9078168869018555 
4.971011161804199 
6.513914108276367 
6.449392318725586 
4.895469665527344 
4.889937400817871 
4.884605407714844 
4.777736663818359 
5.834826946258545 
5.134392261505127 
5.146362781524658 
5.012779235839844 
4.934628009796143 
5.046316146850586 
4.9111647605896 
4.886576175689697 
5.0552568435668945 
5.157612323760986 
4.930334091186523 
4.921816825866699 
5.199062347412109 
4.897463798522949 
6.842597961425781 
4.983837127685547 
5.159795761108398 
4.928791046142578 
5.086338520050049 
5.273188591003418 
4.941588878631592 
4.8953857421875 
4.96585750579834 
8.389363288879395 
4.976029872894287 
4.946379661560059 
7.074362754821777 
7.125401496887207 
5.508977890014648 
5.47194242477417 
4.82554817199707 
6.3357086181640625 
5.073537826538086 
4.963906288146973 
5.2370524406433105 
4.951959609985352 
5.062923908233643 
5.364190101623535 
7.627629280090332 
5.0560784339904785 
8.142491340637207 
5.255007266998291 
4.902405738830566 
5.8062944412231445 
4.920075416564941 
5.3331098556518555 
4.987409591674805 
4.947986602783203 
6.930943489074707 
5.140674591064453 
4.860307693481445 
4.845882892608643 
4.917856216430664 
4.7533111572265625 
5.292491912841797 
5.239057540893555 
4.919507026672363 
5.018527030944824 
7.131975173950195 
4.93536376953125 
5.734797954559326 
4.949333190917969 
4.988462924957275 
5.02719259262085 
4.965212345123291 
5.1114397048950195 
5.439330101013184 
5.006160736083984 
4.931975364685059 
4.976375579833984 
4.989694595336914 
6.792160987854004 
4.998244285583496 
4.987062454223633 
4.963197231292725 
5.135083198547363 
5.419269561767578 
4.975744247436523 
8.063276290893555 
5.307076454162598 
4.955117225646973 
5.04920768737793 
4.964897155761719 
5.077469825744629 
4.93793249130249 
5.70791482925415 
7.321511268615723 
4.950796127319336 
5.020075798034668 
5.437315940856934 
4.792178153991699 
5.1002302169799805 
5.179136753082275 
5.717553615570068 
4.986319065093994 
5.183460235595703 
5.173354148864746 
4.951608180999756 
5.771090507507324 
5.140978813171387 
5.0388641357421875 
5.083798408508301 
6.179045677185059 
5.75955057144165 
5.128232955932617 
5.272698402404785 
5.479970932006836 
5.085475444793701 
5.116206169128418 
5.245027542114258 
5.002638816833496 
7.326315879821777 
5.385974884033203 
4.9811177253723145 
5.930106163024902 
4.93289852142334 
5.090334892272949 
4.963666915893555 
5.0514235496521 
5.2608466148376465 
7.803932189941406 
4.949896812438965 
4.961918830871582 
5.0526885986328125 
5.6517181396484375 
4.976611137390137 
4.9136505126953125 
4.995637893676758 
4.9828996658325195 
4.960899829864502 
6.155481338500977 
5.012286186218262 
5.105839729309082 
6.640466690063477 
4.872461318969727 
7.102814674377441 
4.984068393707275 
4.845850944519043 
5.013519763946533 
6.048856735229492 
4.960097312927246 
6.692281723022461 
5.173511505126953 
5.426992893218994 
4.947607040405273 
4.934498310089111 
5.992783069610596 
4.976892471313477 
8.459755897521973 
5.827162742614746 
4.921538829803467 
8.391310691833496 
5.824902534484863 
4.97562837600708 
4.886661052703857 
5.071325302124023 
4.954583168029785 
5.54914665222168 
5.220241546630859 
5.775842666625977 
5.040813446044922 
5.817885398864746 
5.595284461975098 
5.022568702697754 
5.043811798095703 
5.840184211730957 
5.015795707702637 
9.184685707092285 
5.124770164489746 
5.1417107582092285 
4.887622833251953 
4.974870204925537 
5.0351128578186035 
5.022730350494385 
4.941112518310547 
5.9279866218566895 
4.924682140350342 
5.132378101348877 
5.036513328552246 
7.735211372375488 
5.570679187774658 
5.415506839752197 
4.974057197570801 
4.924215316772461 
6.401905536651611 
4.932015895843506 
5.0665788650512695 
5.295262336730957 
5.063516616821289 
4.934124946594238 
8.737442970275879 
5.111655235290527 
4.959831714630127 
5.039102554321289 
5.066171646118164 
5.047955513000488 
5.060246467590332 
7.74883508682251 
5.777468681335449 
4.85335636138916 
4.915262222290039 
5.018918514251709 
5.009932518005371 
5.484460830688477 
4.962251663208008 
4.901049613952637 
4.944108963012695 
4.74497127532959 
4.8546648025512695 
5.131248474121094 
4.897459030151367 
4.9288787841796875 
5.008871078491211 
5.175530433654785 
4.919675350189209 
4.992094993591309 
4.907865524291992 
5.014613151550293 
4.8792243003845215 
5.048926830291748 
4.879263877868652 
4.9814348220825195 
4.913564682006836 
5.256486415863037 
5.969244003295898 
4.955057144165039 
5.0142364501953125 
5.988002777099609 
4.9063520431518555 
4.886641979217529 
5.046273231506348 
5.637568473815918 
5.0359930992126465 
4.903018951416016 
5.013797283172607 
5.645143508911133 
4.866517543792725 
5.015078544616699 
5.026329040527344 
5.03734016418457 
7.597889423370361 
5.016238212585449 
5.014206409454346 
4.849067687988281 
6.092219352722168 
4.951161861419678 
4.840025901794434 
8.611599922180176 
5.127623081207275 
6.237631320953369 
6.448660373687744 
5.0492329597473145 
8.259693145751953 
4.7388505935668945 
5.051793575286865 
4.960464000701904 
5.064536094665527 
5.078716278076172 
5.3048505783081055 
5.856293678283691 
5.509662628173828 
4.948031425476074 
4.942100524902344 
4.860577583312988 
5.25844669342041 
4.931306838989258 
4.940078258514404 
4.862902641296387 
4.956350803375244 
4.998468399047852 
6.853734016418457 
4.9628682136535645 
5.1379523277282715 
4.953289031982422 
5.660368919372559 
4.9404754638671875 
4.862000942230225 
5.963017463684082 
4.888807773590088 
4.978899955749512 
4.877791404724121 
5.9316205978393555 
4.946752548217773 
4.928187370300293 
4.945273399353027 
5.0192718505859375 
6.449089050292969 
6.792010307312012 
5.186952114105225 
5.074282169342041 
4.93137788772583 
5.015109539031982 
4.884946346282959 
5.1243896484375 
5.015967845916748 
5.157463073730469 
4.884016036987305 
7.735258102416992 
5.71975564956665 
5.143352031707764 
4.999696731567383 
4.97430944442749 
5.032709121704102 
4.980079650878906 
4.95485782623291 
5.999843597412109 
4.945671558380127 
5.027196884155273 
5.825715065002441 
4.90291166305542 
8.112415313720703 
4.886360168457031 
5.076274871826172 
4.959362030029297 
7.560704708099365 
5.326495170593262 
6.206272602081299 
5.012764930725098 
5.048027038574219 
5.465087413787842 
7.333231449127197 
5.559453964233398 
5.027385711669922 
5.028566360473633 
5.079436302185059 
8.061896324157715 
5.088506698608398 
6.846365451812744 
4.878139495849609 
5.025288105010986 
6.601452350616455 
5.120670318603516 
5.106651782989502 
7.969892501831055 
5.081429481506348 
5.064711093902588 
4.877117156982422 
4.922323226928711 
5.3781609535217285 
7.187979698181152 
4.955519676208496 
5.492681980133057 
4.953300476074219 
4.983447551727295 
6.2227325439453125 
4.922161102294922 
4.981199741363525 
7.005551338195801 
5.7138166427612305 
4.933686256408691 
5.760332107543945 
5.006160736083984 
5.041980743408203 
5.463690757751465 
5.30876350402832 
6.754758834838867 
4.965817928314209 
4.894986152648926 
5.185391902923584 
4.903261184692383 
5.056013107299805 
7.41636848449707 
4.981749534606934 
5.111161231994629 
5.033276557922363 
5.229290962219238 
5.025687217712402 
6.391146659851074 
4.905257225036621 
5.407444000244141 
5.030316352844238 
4.964135646820068 
6.374235153198242 
5.735240936279297 
5.877094268798828 
4.913481712341309 
4.919553756713867 
5.124201774597168 
4.94943904876709 
4.854185104370117 
5.2094550132751465 
4.854426383972168 
4.9022297859191895 
4.928150177001953 
4.946939468383789 
5.061661720275879 
6.537023544311523 
5.8951263427734375 
5.959244728088379 
5.018587112426758 
5.914577484130859 
4.84984016418457 
4.949631690979004 
5.106847763061523 
4.830244064331055 
4.986276626586914 
4.892979621887207 
6.517516613006592 
5.92161750793457 
4.924386024475098 
5.072521686553955 
4.702685832977295 
5.02447509765625 
5.2776570320129395 
5.321174144744873 
5.006882667541504 
6.557065963745117 
5.00767707824707 
4.9630045890808105 
5.225277900695801 
4.9821577072143555 
4.912424087524414 
7.630503177642822 
4.929180145263672 
5.042937755584717 
5.201474189758301 
5.140646457672119 
5.649465560913086 
7.878055572509766 
4.917594909667969 
5.959613800048828 
4.946145057678223 
5.895110130310059 
6.1832098960876465 
4.849223613739014 
5.0202717781066895 
5.144357681274414 
8.062210083007812 
4.962648868560791 
6.860287666320801 
5.085186004638672 
5.9140305519104 
5.532084941864014 
5.175460338592529 
5.247143745422363 
5.213319778442383 
4.880607604980469 
4.913416862487793 
4.997950077056885 
5.089179039001465 
5.027482032775879 
4.833661079406738 
5.018778324127197 
5.869054794311523 
4.927779197692871 
4.948419570922852 
4.946280479431152 
8.681916236877441 
5.937409400939941 
5.033116340637207 
5.070961952209473 
4.993987083435059 
4.960546970367432 
4.909621238708496 
4.8784332275390625 
6.369314193725586 
4.940728187561035 
4.9978413581848145 
5.33892822265625 
4.9306793212890625 
5.2882304191589355 
5.003961563110352 
6.976886749267578 
4.898081302642822 
9.981644630432129 
4.952019691467285 
4.914284706115723 
4.8241987228393555 
8.328654289245605 
4.9873528480529785 
4.872355937957764 
5.063009738922119 
4.961658477783203 
9.356142044067383 
5.1785125732421875 
4.938297271728516 
4.996475696563721 
4.9720778465271 
4.880551815032959 
10.118813514709473 
4.989429473876953 
4.966599941253662 
6.097858428955078 
4.813051700592041 
4.851284027099609 
4.939828872680664 
4.911706447601318 
5.805728912353516 
5.038946151733398 
4.9609694480896 
4.9537763595581055 
5.124637603759766 
5.258552551269531 
7.07261848449707 
8.079444885253906 
6.066692352294922 
4.925132751464844 
5.773569583892822 
4.951288223266602 
6.0301408767700195 
4.951178550720215 
5.252812385559082 
5.037857532501221 
5.2322096824646 
4.930600166320801 
5.992265701293945 
5.548142433166504 
4.928540229797363 
5.052847862243652 
4.847351551055908 
5.4069366455078125 
6.489810466766357 
4.890256881713867 
5.248146057128906 
4.968807697296143 
5.995715141296387 
5.065828323364258 
5.795989990234375 
5.208183765411377 
5.391820907592773 
4.946638107299805 
5.10933780670166 
8.110288619995117 
7.125414848327637 
4.91496467590332 
5.050718307495117 
5.772082328796387 
4.928771018981934 
6.335123062133789 
4.8842058181762695 
4.959814548492432 
4.958702564239502 
4.980037212371826 
5.972638130187988 
4.951145172119141 
4.9026384353637695 
5.328753471374512 
5.098851203918457 
5.829685688018799 
4.829736232757568 
5.5828399658203125 
6.481753826141357 
5.120916366577148 
4.956052303314209 
5.089710235595703 
5.0014424324035645 
5.2603960037231445 
4.916539192199707 
4.952886581420898 
4.976884365081787 
4.9797468185424805 
4.965970993041992 
5.121095180511475 
5.015721797943115 
5.204099655151367 
4.982761383056641 
5.226483345031738 
5.1421709060668945 
5.027634143829346 
4.918268203735352 
4.929725646972656 
5.058649063110352 
4.949805736541748 
5.1303534507751465 
4.990002632141113 
7.168335437774658 
4.889553070068359 
4.915266036987305 
5.0413818359375 
4.982149600982666 
6.515295028686523 
5.098685264587402 
4.893798828125 
4.894709587097168 
5.685393810272217 
7.287928104400635 
4.963226318359375 
4.990426063537598 
5.045327186584473 
5.003016471862793 
5.257864952087402 
5.085822105407715 
4.903716087341309 
4.9909348487854 
4.973294258117676 
7.535805702209473 
5.542634963989258 
4.882855415344238 
4.941296100616455 
4.955509662628174 
5.386098861694336 
5.02686882019043 
5.108199119567871 
5.288042068481445 
4.988770008087158 
4.954277992248535 
5.219754219055176 
4.841439247131348 
4.927450180053711 
4.953383922576904 
5.016290664672852 
4.9166765213012695 
5.476017951965332 
4.966163158416748 
5.052184104919434 
4.9846296310424805 
4.912201404571533 
5.01966667175293 
4.932433128356934 
4.929425239562988 
5.310365676879883 
4.8880181312561035 
5.039741039276123 
4.967103958129883 
5.383669853210449 
5.371626853942871 
6.068470478057861 
5.211872100830078 
4.973904609680176 
5.157732009887695 
4.877413749694824 
5.699040412902832 
6.18874979019165 
4.933322906494141 
4.982430458068848 
4.999316692352295 
5.057190895080566 
4.952615737915039 
4.967182159423828 
6.855033874511719 
4.951478004455566 
6.072330474853516 
4.87348747253418 
5.311180114746094 
4.921537399291992 
4.973537921905518 
4.964139938354492 
5.110138416290283 
6.504067420959473 
5.046217441558838 
8.806538581848145 
6.778783798217773 
4.942674160003662 
5.215758323669434 
4.897675514221191 
5.431337356567383 
6.763830184936523 
6.742027282714844 
4.957761764526367 
4.808173179626465 
8.784833908081055 
6.92835807800293 
4.952199935913086 
5.131810188293457 
5.07515287399292 
9.680864334106445 
5.011605262756348 
5.0155134201049805 
5.048931121826172 
5.097797393798828 
8.931122779846191 
6.062142848968506 
4.944411277770996 
4.9880170822143555 
4.94753360748291 
4.936091423034668 
5.269932746887207 
4.950756072998047 
4.993961811065674 
4.939064025878906 
5.092779636383057 
5.049173355102539 
5.0167059898376465 
5.252988815307617 
5.01695442199707 
4.951098442077637 
5.006565570831299 
8.844172477722168 
4.961130142211914 
4.852056503295898 
5.020163536071777 
5.000918388366699 
4.93211555480957 
8.003599166870117 
4.990696907043457 
4.940855979919434 
5.003824710845947 
4.98600435256958 
5.0399274826049805 
5.730216026306152 
5.048276901245117 
5.015346527099609 
5.07130241394043 
4.979396820068359 
4.873315811157227 
5.034122467041016 
4.935635566711426 
4.893057823181152 
4.9411163330078125 
7.019330978393555 
4.921222686767578 
5.164233207702637 
5.075491905212402 
5.015932559967041 
5.128767013549805 
4.92805290222168 
4.956133842468262 
5.312200546264648 
5.029787063598633 
4.881954193115234 
4.96363639831543 
6.045703887939453 
5.287137031555176 
7.032073497772217 
6.71859073638916 
4.931674957275391 
4.907752990722656 
4.969019889831543 
4.893315315246582 
4.946813583374023 
8.275471687316895 
7.728293418884277 
4.965825080871582 
4.945185661315918 
4.993851184844971 
8.366560935974121 
8.647943496704102 
5.181484699249268 
4.956803798675537 
7.908868789672852 
4.951963424682617 
4.969610691070557 
7.454494476318359 
8.2034273147583 
5.0268049240112305 
6.748501777648926 
5.039233207702637 
4.933332443237305 
8.826249122619629 
4.972081661224365 
4.918428421020508 
5.046138763427734 
8.625626564025879 
6.381073474884033 
4.969402313232422 
4.981412410736084 
6.013252258300781 
4.979156017303467 
4.861254692077637 
6.829629898071289 
5.003614902496338 
4.986695289611816 
5.034034729003906 
6.350807189941406 
5.336833477020264 
6.0314226150512695 
5.735692024230957 
4.98545503616333 
7.5801801681518555 
5.1083502769470215 
5.079150199890137 
5.79518985748291 
5.857785224914551 
5.148782253265381 
5.003975868225098 
6.847873210906982 
5.3130903244018555 
5.011459827423096 
5.306580543518066 
6.052913665771484 
4.999347686767578 
4.899314880371094 
5.683626174926758 
6.9744977951049805 
5.243217468261719 
4.979905128479004 
5.005216121673584 
5.410202980041504 
6.345176696777344 
6.919699668884277 
4.913378715515137 
7.4030070304870605 
6.154465675354004 
4.98255729675293 
4.895069599151611 
5.491280555725098 
5.055498123168945 
5.168484210968018 
4.928956985473633 
5.072734832763672 
5.121562957763672 
5.369671821594238 
5.058431148529053 
7.473308086395264 
5.468711853027344 
5.513945579528809 
4.981376647949219 
6.295926094055176 
5.042708396911621 
5.099071502685547 
5.018242835998535 
6.601846694946289 
5.21961784362793 
5.401308059692383 
4.9076433181762695 
5.146883964538574 
4.969145774841309 
7.785309791564941 
4.942048072814941 
4.902982711791992 
5.004765510559082 
4.97039794921875 
5.157289028167725 
4.889117240905762 
4.68019437789917 
5.220392227172852 
4.885087490081787 
4.908692359924316 
4.974967956542969 
4.967098236083984 
4.920400142669678 
5.292604923248291 
4.91544246673584 
4.847033500671387 
5.118716239929199 
4.9521708488464355 
4.853917598724365 
6.801657199859619 
5.114570617675781 
4.8161211013793945 
5.033280372619629 
5.00806999206543 
5.259547710418701 
4.884942054748535 
5.887789726257324 
4.935891151428223 
5.507686614990234 
7.113536834716797 
4.6337080001831055 
5.105720043182373 
5.008511543273926 
5.0488810539245605 
4.794882297515869 
4.981639862060547 
4.9118242263793945 
5.004245758056641 
5.156609535217285 
4.933082580566406 
4.993602752685547 
9.30545425415039 
7.4646100997924805 
4.885225296020508 
5.3899946212768555 
4.96673583984375 
4.946987152099609 
4.9352006912231445 
5.190694332122803 
5.040196418762207 
5.519403457641602 
5.19024658203125 
4.962733745574951 
6.037677764892578 
7.369778633117676 
6.021964073181152 
4.871091842651367 
6.140411376953125 
4.932673931121826 
4.97053861618042 
4.898460388183594 
4.8740363121032715 
4.9263200759887695 
5.035957336425781 
4.9405198097229 
4.909204006195068 
4.913819313049316 
5.402044296264648 
6.681848049163818 
5.61413049697876 
4.900076866149902 
4.904425621032715 
4.91109037399292 
5.016093730926514 
7.773982524871826 
4.94854736328125 
5.06424617767334 
5.003528594970703 
6.568707466125488 
4.930566310882568 
5.320818901062012 
5.423569679260254 
8.488139152526855 
5.04068660736084 
4.860936641693115 
5.033876419067383 
4.834038734436035 
4.909173011779785 
4.950944423675537 
5.020351409912109 
4.969623565673828 
5.836815357208252 
6.406665325164795 
4.971955299377441 
4.951845169067383 
5.134524345397949 
5.304314136505127 
4.982962131500244 
5.432862281799316 
4.999330520629883 
4.947613716125488 
5.016056060791016 
4.933053016662598 
6.379212379455566 
4.935897350311279 
4.9211745262146 
4.971498489379883 
4.825137138366699 
4.9590559005737305 
5.095551490783691 
5.393821716308594 
4.958734512329102 
6.420738220214844 
5.165973663330078 
5.636966705322266 
5.049947261810303 
5.125118732452393 
6.005913257598877 
7.662446975708008 
4.886744499206543 
5.105230331420898 
4.913864612579346 
4.9109344482421875 
6.317181587219238 
4.924633979797363 
4.862321853637695 
4.785528182983398 
7.334995269775391 
4.914830207824707 
4.952381134033203 
4.897306442260742 
5.629627227783203 
6.957972526550293 
5.705023765563965 
5.128774642944336 
4.95414400100708 
4.9508209228515625 
4.889357089996338 
5.794510841369629 
4.876828193664551 
4.962206840515137 
7.248062610626221 
5.3917036056518555 
5.08524227142334 
6.7016825675964355 
5.567899227142334 
6.683862686157227 
5.371762752532959 
4.873791217803955 
7.027173042297363 
5.09684944152832 
4.9290595054626465 
5.0472564697265625 
4.952608108520508 
6.936453819274902 
5.132068634033203 
5.378013610839844 
4.973641395568848 
4.916616439819336 
4.993034362792969 
5.295889377593994 
4.89190673828125 
5.1325788497924805 
5.0144944190979 
6.613137722015381 
4.90461540222168 
4.9968719482421875 
5.072713851928711 
5.039966106414795 
4.924012660980225 
5.022805213928223 
5.002545356750488 
4.923488140106201 
6.074663162231445 
5.103743553161621 
4.8791093826293945 
4.997057914733887 
4.982491493225098 
8.089068412780762 
6.40553092956543 
5.236005783081055 
4.919309139251709 
4.928295612335205 
5.561822414398193 
4.95143985748291 
5.176331996917725 
5.019169807434082 
4.982410430908203 
5.146669864654541 
5.708323955535889 
8.586719512939453 
6.102914810180664 
4.947948455810547 
5.011720657348633 
4.904060363769531 
4.883076190948486 
5.054437637329102 
5.429502487182617 
4.943923473358154 
4.949771881103516 
5.49812126159668 
4.903459548950195 
4.978699684143066 
5.0005364418029785 
4.950191497802734 
5.3769636154174805 
4.893056869506836 
4.859162330627441 
5.0093841552734375 
4.954509258270264 
5.045587062835693 
4.940173149108887 
4.970425128936768 
5.941191673278809 
5.933018684387207 
5.531826019287109 
7.267610549926758 
5.045443058013916 
5.415675640106201 
4.944390296936035 
5.0013628005981445 
5.41909122467041 
5.11230993270874 
6.136412620544434 
4.947697639465332 
7.379812240600586 
4.835818290710449 
5.059716701507568 
4.907039642333984 
5.587531089782715 
5.0109052658081055 
4.9767303466796875 
4.944521903991699 
4.880814075469971 
4.891124248504639 
5.740135192871094 
5.5861310958862305 
4.945505142211914 
5.015706539154053 
7.494302749633789 
5.238901138305664 
4.894838333129883 
7.832265853881836 
4.9020233154296875 
4.868863105773926 
5.101379871368408 
5.019031524658203 
4.935259819030762 
5.19911003112793 
5.010921001434326 
4.900294303894043 
4.99200439453125 
6.3155388832092285 
5.057726860046387 
6.104696273803711 
4.991528511047363 
4.866859436035156 
4.950627326965332 
4.923287391662598 
4.943826198577881 
4.96311092376709 
5.075172424316406 
8.034061431884766 
4.974276542663574 
6.444155693054199 
5.103682994842529 
7.09461784362793 
4.9135332107543945 
6.228731155395508 
5.0294904708862305 
5.048830032348633 
5.028200626373291 
5.4860663414001465 
4.99634313583374 
4.94058084487915 
4.909099578857422 
4.928184509277344 
5.035703182220459 
5.462644577026367 
5.727726936340332 
7.182906150817871 
5.034173011779785 
5.399577617645264 
4.986129283905029 
4.828357219696045 
5.889641284942627 
4.938356876373291 
5.026205062866211 
4.997732162475586 
4.9342546463012695 
4.987118721008301 
4.914763450622559 
4.908346176147461 
4.9322662353515625 
5.711149215698242 
5.326820373535156 
6.720829963684082 
4.862483024597168 
5.347707748413086 
4.914154529571533 
5.007668495178223 
4.985832691192627 
5.0279669761657715 
4.937067031860352 
4.876732349395752 
4.939540386199951 
8.648180961608887 
4.981416702270508 
4.897193908691406 
4.991230487823486 
5.045138835906982 
5.354908466339111 
5.335321426391602 
4.905979156494141 
4.9782867431640625 
4.983846187591553 
4.922186374664307 
4.836372375488281 
5.022960186004639 
8.335479736328125 
4.899927139282227 
5.047704696655273 
4.977198600769043 
4.904506683349609 
4.937319755554199 
4.966002464294434 
8.862627983093262 
6.204169273376465 
5.082174301147461 
4.988009452819824 
5.023456573486328 
5.0349931716918945 
4.800947189331055 
5.061946392059326 
8.37337589263916 
4.899927139282227 
5.041888236999512 
5.067569732666016 
4.878157615661621 
5.807076454162598 
7.844270706176758 
4.988658905029297 
4.958850860595703 
5.005449295043945 
6.056869029998779 
4.855558395385742 
4.9256510734558105 
5.817309379577637 
5.076656818389893 
5.022065162658691 
5.129643440246582 
4.989200592041016 
4.962410926818848 
4.98031759262085 
5.866735458374023 
5.785065650939941 
5.038223743438721 
5.220955848693848 
6.639016151428223 
6.044826507568359 
4.9567766189575195 
8.28718376159668 
4.908206939697266 
5.728281497955322 
4.89597225189209 
5.092276573181152 
5.984919548034668 
4.967185020446777 
6.943961143493652 
4.966912269592285 
5.667911529541016 
6.331143379211426 
5.014863014221191 
4.951786994934082 
5.019967079162598 
5.682917594909668 
4.960224151611328 
5.866872787475586 
4.928284645080566 
4.801775932312012 
4.955267906188965 
5.090319633483887 
4.946615219116211 
5.10233736038208 
4.861508369445801 
4.944715976715088 
7.633543968200684 
5.7544264793396 
7.385124206542969 
4.858862400054932 
4.955503463745117 
5.292026519775391 
4.945871829986572 
4.8860344886779785 
7.353540420532227 
4.935235500335693 
4.951383590698242 
5.269230365753174 
5.00371789932251 
5.947892189025879 
4.895227432250977 
5.393621444702148 
4.899613857269287 
5.884000778198242 
6.8682684898376465 
5.033987998962402 
5.002875804901123 
5.8905744552612305 
4.911081790924072 
5.023960113525391 
5.139242649078369 
6.996935844421387 
4.962087631225586 
5.459861755371094 
4.9738287925720215 
6.949346542358398 
5.016097068786621 
5.40492582321167 
5.036980628967285 
8.168498992919922 
4.989264011383057 
5.01517915725708 
4.861147880554199 
4.989103317260742 
4.972263336181641 
6.366271018981934 
4.8879289627075195 
4.892361640930176 
5.794215202331543 
5.158361911773682 
5.401716232299805 
4.982233047485352 
5.055600166320801 
5.062726974487305 
6.559121608734131 
4.943066120147705 
7.354652404785156 
4.876520156860352 
4.935647010803223 
4.873287200927734 
5.292375564575195 
5.302968978881836 
4.930115222930908 
4.830151557922363 
6.410266399383545 
4.925304412841797 
4.96158504486084 
5.520691394805908 
4.955527305603027 
4.937891006469727 
4.885103225708008 
5.238711833953857 
4.972338676452637 
5.264500141143799 
9.069246292114258 
5.119217872619629 
5.044726848602295 
6.82537841796875 
4.911318302154541 
5.0147786140441895 
4.905327796936035 
6.540990352630615 
5.104526519775391 
4.987790584564209 
5.0529279708862305 
5.034964084625244 
8.048044204711914 
6.629256248474121 
5.568207263946533 
6.568789005279541 
4.874703407287598 
4.9100141525268555 
4.93640661239624 
6.024628639221191 
4.977224349975586 
5.0630059242248535 
5.32485818862915 
5.328460693359375 
4.899855613708496 
5.00778865814209 
4.962688446044922 
5.032872200012207 
5.186722278594971 
4.991806983947754 
6.123276710510254 
4.987166404724121 
4.899349212646484 
4.973214149475098 
6.479475498199463 
5.070559024810791 
5.613217830657959 
5.16236686706543 
5.0264363288879395 
7.196239948272705 
7.6270294189453125 
5.10012674331665 
5.16939640045166 
5.1059088706970215 
4.908382415771484 
6.002309799194336 
4.947676181793213 
4.957673072814941 
5.011322975158691 
5.288938522338867 
5.004787445068359 
4.9403228759765625 
5.07905912399292 
5.72705078125 
4.9710845947265625 
5.648918151855469 
4.945899963378906 
4.9929728507995605 
5.135355472564697 
4.982976913452148 
5.284804344177246 
5.537402629852295 
6.339151859283447 
5.3036322593688965 
5.495716094970703 
4.965068817138672 
6.591262340545654 
5.005279064178467 
5.511138439178467 
5.137903690338135 
4.9286956787109375 
5.0182647705078125 
7.0471110343933105 
4.9692792892456055 
5.0797929763793945 
4.937511920928955 
4.989538192749023 
5.00544548034668 
4.860102653503418 
6.110042572021484 
5.010807991027832 
6.5349626541137695 
4.983672142028809 
4.911715507507324 
5.066246032714844 
5.0545759201049805 
4.954102516174316 
4.9304375648498535 
6.00830078125 
6.458141803741455 
4.971920967102051 
4.973357677459717 
4.964279651641846 
5.892726898193359 
5.083197593688965 
6.486597061157227 
5.184452056884766 
5.385124206542969 
4.959518909454346 
5.066654205322266 
4.929287910461426 
4.989672660827637 
6.06663179397583 
4.941440582275391 
5.108672142028809 
4.969549179077148 
5.0109148025512695 
4.97202205657959 
5.754634380340576 
5.2784013748168945 
5.120375633239746 
7.672671318054199 
4.966611385345459 
4.865638732910156 
4.957287311553955 
5.979673385620117 
5.04527473449707 
5.524871826171875 
5.148149490356445 
9.03309154510498 
5.119693756103516 
5.113150596618652 
4.989518165588379 
6.672826766967773 
5.449491500854492 
5.184463024139404 
5.067004203796387 
5.234073638916016 
4.9094696044921875 
4.947510719299316 
4.943240165710449 
5.013296127319336 
4.9938249588012695 
5.099032878875732 
5.519718170166016 
4.980432510375977 
5.0995283126831055 
4.949697017669678 
4.932906627655029 
4.996827125549316 
5.019973278045654 
5.749044418334961 
4.983272552490234 
4.9785685539245605 
4.9114155769348145 
5.179332733154297 
7.209951400756836 
5.264211177825928 
5.183109283447266 
5.156190872192383 
5.252330780029297 
5.040500164031982 
5.046406269073486 
4.909687519073486 
5.0028533935546875 
4.954013824462891 
5.037657737731934 
5.770063400268555 
5.272754669189453 
5.045462608337402 
4.9908599853515625 
5.951386451721191 
4.957140922546387 
4.980243682861328 
4.990145683288574 
8.738619804382324 
4.8999223709106445 
5.9572319984436035 
6.705240726470947 
5.551058292388916 
6.705853462219238 
4.944586277008057 
5.059964656829834 
7.068699836730957 
4.984905242919922 
6.823129653930664 
6.9473466873168945 
6.625353813171387 
8.484070777893066 
8.515478134155273 
5.040618896484375 
5.599457740783691 
6.6200666427612305 
4.9880876541137695 
8.541956901550293 
4.8971405029296875 
4.941208839416504 
5.335697174072266 
5.044938087463379 
4.86901330947876 
9.045450210571289 
4.998687744140625 
4.9274396896362305 
5.316774368286133 
4.933473110198975 
4.970983505249023 
4.9533257484436035 
5.036184310913086 
4.884324073791504 
5.019620418548584 
5.045158863067627 
4.931267261505127 
4.925801753997803 
5.655916690826416 
4.908957004547119 
5.027509689331055 
5.424859046936035 
4.957009315490723 
4.945724010467529 
4.932130813598633 
5.131046295166016 
5.028980731964111 
4.971324920654297 
4.866241455078125 
5.717259883880615 
5.081218719482422 
4.984097480773926 
4.967825412750244 
4.901319980621338 
7.194144248962402 
5.300312519073486 
5.015803813934326 
5.071624755859375 
4.8639631271362305 
4.965519905090332 
8.826308250427246 
5.194042205810547 
5.534914970397949 
5.04210090637207 
6.240072250366211 
5.0160017013549805 
6.712371826171875 
4.847533702850342 
4.9759345054626465 
5.063122749328613 
4.891286373138428 
4.990776062011719 
6.071938514709473 
4.997596740722656 
5.219043254852295 
5.284862041473389 
4.935723304748535 
6.592545509338379 
5.137633800506592 
5.0922136306762695 
6.100327968597412 
5.217240333557129 
5.584530830383301 
4.944116592407227 
7.004934787750244 
4.968015670776367 
4.869145393371582 
5.312485694885254 
5.847100734710693 
4.974458694458008 
5.167855262756348 
4.896330833435059 
4.906010627746582 
8.18268871307373 
4.942670822143555 
5.84996223449707 
6.391908645629883 
7.945004463195801 
4.956510066986084 
4.685993194580078 
4.98197078704834 
4.966723442077637 
5.015477657318115 
5.868854522705078 
5.703683853149414 
4.925661087036133 
4.823633670806885 
4.948820114135742 
5.2574920654296875 
5.308619022369385 
4.975838661193848 
4.901732921600342 
4.9351887702941895 
5.527786731719971 
5.792939186096191 
6.481934547424316 
5.158412933349609 
4.916350364685059 
5.136728763580322 
6.739891052246094 
4.889570236206055 
5.582013130187988 
4.952386856079102 
4.958564281463623 
4.947571754455566 
5.326732635498047 
8.5738525390625 
5.035687446594238 
5.130711555480957 
4.908950328826904 
4.948023319244385 
5.452683448791504 
5.341659069061279 
8.346604347229004 
5.00606632232666 
6.877536773681641 
6.254058361053467 
4.882082939147949 
4.861920356750488 
5.6860246658325195 
5.061611652374268 
6.294930458068848 
4.854602813720703 
5.032992839813232 
4.97935676574707 
8.043012619018555 
4.974273204803467 
4.990363597869873 
4.978074550628662 
4.873795509338379 
5.006585121154785 
5.018540382385254 
6.4969682693481445 
4.9806437492370605 
5.464127540588379 
8.475308418273926 
4.979034423828125 
5.017437934875488 
4.941197395324707 
8.403107643127441 
4.894094467163086 
5.47187614440918 
4.9452056884765625 
5.931740760803223 
4.972530364990234 
4.919424057006836 
5.389932632446289 
4.788415908813477 
5.198470115661621 
4.961945533752441 
5.015290260314941 
6.8325629234313965 
5.344695568084717 
4.956392765045166 
4.981075286865234 
5.403756141662598 
4.953621864318848 
5.205437183380127 
5.002071380615234 
4.997098922729492 
4.933434963226318 
4.8773698806762695 
4.893692493438721 
