5.093866348266602 
5.199471950531006 
5.503824710845947 
4.906708717346191 
4.897107124328613 
4.996313571929932 
5.79250431060791 
4.997424602508545 
5.069265842437744 
5.182859420776367 
5.043256759643555 
5.085814476013184 
4.9690446853637695 
5.902429580688477 
4.8312578201293945 
5.3714423179626465 
5.128371715545654 
4.954322814941406 
5.080768585205078 
5.66921854019165 
5.138185977935791 
5.6831769943237305 
5.762967109680176 
5.922574520111084 
5.169084548950195 
8.343223571777344 
5.775478363037109 
5.267563819885254 
5.458725929260254 
5.533184051513672 
5.042368412017822 
5.054168701171875 
7.046624183654785 
5.124366283416748 
4.915060997009277 
5.034891128540039 
5.098635196685791 
5.1115922927856445 
9.241214752197266 
5.184926986694336 
5.318397521972656 
5.827232360839844 
5.154484748840332 
4.849242687225342 
6.0043535232543945 
4.999258041381836 
6.630466938018799 
4.978063583374023 
5.084980010986328 
4.787805557250977 
5.1671223640441895 
5.013546466827393 
4.923924922943115 
4.992908477783203 
5.033049583435059 
4.887624740600586 
4.888310432434082 
5.281585693359375 
5.342093467712402 
4.972553253173828 
6.269748210906982 
5.016091346740723 
4.931557655334473 
6.327984809875488 
5.855810165405273 
6.467425346374512 
4.963605880737305 
5.476025581359863 
4.917144298553467 
4.949374198913574 
4.94563102722168 
4.962672710418701 
5.075859069824219 
4.907906532287598 
5.058193206787109 
5.925011157989502 
6.101737022399902 
5.241151809692383 
6.439438819885254 
8.29471492767334 
7.281480312347412 
5.54353666305542 
5.093603134155273 
5.158118724822998 
5.133329391479492 
5.254055976867676 
5.692949295043945 
5.182952404022217 
5.130149841308594 
5.107183456420898 
4.888767719268799 
5.049382209777832 
5.006097316741943 
4.951957702636719 
8.562050819396973 
4.935049533843994 
6.2978010177612305 
5.100874423980713 
5.004505157470703 
5.103562831878662 
5.228058338165283 
5.015275955200195 
5.523172378540039 
5.492050647735596 
5.533919334411621 
5.952938079833984 
4.833774089813232 
5.629892826080322 
6.551824569702148 
5.019157409667969 
5.037842750549316 
5.365372657775879 
4.9341278076171875 
5.052657127380371 
4.866888999938965 
5.162474632263184 
6.026000022888184 
7.594629287719727 
4.988410472869873 
5.227036952972412 
5.139113426208496 
5.047999382019043 
5.208115577697754 
5.0388994216918945 
7.774072647094727 
7.6046648025512695 
6.386646270751953 
5.099004745483398 
4.961853981018066 
4.897971153259277 
5.072962760925293 
5.142126560211182 
5.0914411544799805 
5.292216777801514 
5.002379894256592 
5.430428504943848 
8.582731246948242 
5.118839740753174 
4.7936110496521 
8.13327407836914 
5.060281753540039 
4.992969036102295 
5.0512871742248535 
4.94570255279541 
5.226607322692871 
4.9693708419799805 
5.079616069793701 
5.146161079406738 
7.5819854736328125 
4.949343681335449 
5.169005870819092 
5.373944282531738 
6.508719444274902 
5.877303123474121 
7.197360992431641 
5.2238335609436035 
7.39008903503418 
4.936646461486816 
5.984591960906982 
6.392592430114746 
5.9863080978393555 
5.161498546600342 
5.320013999938965 
5.0356855392456055 
5.27558708190918 
5.097230911254883 
5.0370049476623535 
5.4518256187438965 
7.581725120544434 
5.091457366943359 
4.773567199707031 
5.002287864685059 
4.932788372039795 
6.139803409576416 
5.062198638916016 
5.816506385803223 
5.114592552185059 
7.201005935668945 
5.0222296714782715 
5.031987190246582 
4.947697162628174 
5.101024627685547 
5.1967644691467285 
5.109299182891846 
5.910370826721191 
4.989031791687012 
5.09377384185791 
5.168509483337402 
4.975272178649902 
5.149125099182129 
6.772842884063721 
5.164087772369385 
5.033430099487305 
4.895589828491211 
6.0003342628479 
5.162749767303467 
5.111870288848877 
4.94443416595459 
6.9497904777526855 
8.338314056396484 
5.793828010559082 
6.049895286560059 
5.369776725769043 
5.292966842651367 
5.402295112609863 
7.633808135986328 
4.784088134765625 
5.2082061767578125 
7.682798862457275 
5.012037754058838 
6.735827445983887 
7.584172248840332 
5.374850273132324 
5.407474040985107 
5.4709320068359375 
4.855276107788086 
6.138167381286621 
6.083693981170654 
4.989941120147705 
5.5012922286987305 
5.785668849945068 
5.051280975341797 
5.411406993865967 
5.35275936126709 
5.313377380371094 
5.433718204498291 
5.089963912963867 
5.340978622436523 
4.933424949645996 
4.929044723510742 
5.373627185821533 
5.051396369934082 
5.002398490905762 
5.799236297607422 
5.077919006347656 
5.050976753234863 
5.276723384857178 
5.313559532165527 
6.622335433959961 
4.996675968170166 
5.116351127624512 
5.415595054626465 
5.083098411560059 
6.503420829772949 
4.911594390869141 
5.491796493530273 
4.969812393188477 
5.039149761199951 
4.897609710693359 
4.857497215270996 
6.00460147857666 
5.133432865142822 
5.471401691436768 
5.948165416717529 
5.845016956329346 
5.219646453857422 
5.114388465881348 
8.246927261352539 
5.058268070220947 
7.710537910461426 
7.704470634460449 
5.058551788330078 
5.298480033874512 
4.994677543640137 
5.032527446746826 
4.875616073608398 
5.626837730407715 
5.368196487426758 
5.205984115600586 
8.233624458312988 
4.872684478759766 
5.046457290649414 
6.782873630523682 
5.111244201660156 
5.039836406707764 
4.929196834564209 
5.040780067443848 
5.13956356048584 
5.435795783996582 
6.73107385635376 
4.949026107788086 
5.025069236755371 
5.372302055358887 
4.931522846221924 
5.29637336730957 
5.077664375305176 
5.000879287719727 
5.006274700164795 
5.657727241516113 
8.408273696899414 
4.999706745147705 
4.975848197937012 
7.340493202209473 
7.474347114562988 
5.378913402557373 
4.975465297698975 
5.2299275398254395 
4.992073059082031 
5.116911888122559 
4.9938154220581055 
4.894392013549805 
6.080826759338379 
4.95631217956543 
6.000036239624023 
5.101624488830566 
4.917634963989258 
5.179295063018799 
5.750981330871582 
5.328248500823975 
5.089395046234131 
5.189271926879883 
5.01303243637085 
5.010089874267578 
7.350095748901367 
5.00894021987915 
5.431665420532227 
4.994562149047852 
5.213294982910156 
5.086761474609375 
5.012547016143799 
5.038521766662598 
5.059823513031006 
4.850641250610352 
4.9564924240112305 
6.356855392456055 
5.240907192230225 
5.124211311340332 
7.208069324493408 
5.624752044677734 
5.0699381828308105 
5.331849098205566 
5.085097312927246 
5.128291130065918 
4.9215545654296875 
4.957836151123047 
5.318783283233643 
5.138063907623291 
5.05088996887207 
5.167853832244873 
5.022680282592773 
5.087252616882324 
7.738399505615234 
5.024622917175293 
5.123737335205078 
5.163309097290039 
5.203499794006348 
5.11068058013916 
4.9874725341796875 
4.901855945587158 
6.594793319702148 
4.9735026359558105 
4.941960334777832 
5.072908401489258 
4.848854064941406 
5.259380340576172 
5.101289749145508 
5.209765911102295 
5.021259307861328 
7.01848030090332 
5.8868818283081055 
5.11431884765625 
5.34510612487793 
5.146284103393555 
5.1267852783203125 
7.66951847076416 
4.987112522125244 
4.966405868530273 
5.494470596313477 
4.7896013259887695 
6.859706878662109 
4.909884452819824 
4.896075248718262 
5.03618049621582 
6.553689002990723 
5.07100248336792 
5.148931503295898 
5.03141450881958 
5.457521438598633 
5.13624382019043 
5.039594650268555 
5.009936809539795 
5.187537670135498 
5.176118850708008 
4.988407135009766 
5.030064582824707 
5.607633590698242 
5.095299243927002 
5.322168827056885 
6.6167521476745605 
5.051793098449707 
5.132136821746826 
4.793415546417236 
7.786728858947754 
4.912344932556152 
4.929218292236328 
5.1916093826293945 
5.084471702575684 
4.923565864562988 
5.0611162185668945 
7.171496868133545 
4.9292449951171875 
4.854386329650879 
5.16477108001709 
4.964395999908447 
7.6848344802856445 
5.13944673538208 
5.3234357833862305 
5.691516876220703 
5.152334213256836 
6.449428081512451 
5.070031642913818 
5.3248066902160645 
4.998397350311279 
4.9822773933410645 
6.850651741027832 
5.930167198181152 
5.297540664672852 
6.028571605682373 
5.059431076049805 
5.911843776702881 
7.172965049743652 
5.180909156799316 
4.9753313064575195 
5.062485218048096 
5.076405048370361 
5.029531478881836 
4.954835414886475 
5.050492286682129 
5.047307968139648 
4.93677282333374 
5.048208236694336 
5.241805076599121 
7.103399753570557 
5.710240840911865 
7.881224632263184 
5.117011070251465 
5.230086326599121 
5.009636402130127 
5.197141170501709 
5.195738792419434 
4.869462013244629 
5.210639953613281 
5.481766700744629 
5.054910182952881 
6.400734901428223 
5.096343040466309 
5.850024700164795 
4.86569881439209 
4.908949851989746 
5.100587844848633 
4.925148963928223 
5.436809539794922 
5.698373794555664 
5.308233261108398 
4.974809646606445 
4.935198783874512 
4.953642845153809 
5.059756278991699 
5.730255126953125 
5.082329750061035 
5.816356658935547 
4.950952053070068 
5.645028114318848 
5.8144989013671875 
4.882862567901611 
5.075425148010254 
5.423213481903076 
5.016448974609375 
5.006186485290527 
5.061182022094727 
5.034895896911621 
4.93644380569458 
5.123868465423584 
5.675162315368652 
5.799710750579834 
5.158218860626221 
4.893111705780029 
4.849668025970459 
5.193628311157227 
5.311487674713135 
7.50107479095459 
5.211987495422363 
4.950806140899658 
5.130599498748779 
5.078310966491699 
5.375824928283691 
5.106760025024414 
6.631828784942627 
5.029269218444824 
5.078832626342773 
4.934388160705566 
5.254272937774658 
5.021081924438477 
5.009690761566162 
5.320489883422852 
5.242166042327881 
5.020536422729492 
5.015205383300781 
4.806735038757324 
5.00799560546875 
5.273900032043457 
5.066590785980225 
5.087158203125 
4.994218826293945 
5.024404525756836 
5.068346977233887 
5.300900459289551 
5.022153854370117 
5.072474956512451 
5.463137626647949 
5.966343402862549 
7.4514617919921875 
5.337614059448242 
4.778642654418945 
5.172585964202881 
4.9167633056640625 
5.052999496459961 
5.378735065460205 
4.990962505340576 
4.991394996643066 
5.08327579498291 
4.969919681549072 
4.965137481689453 
4.993587493896484 
4.982118129730225 
5.102592945098877 
5.836848258972168 
5.293569087982178 
7.115029335021973 
5.094571590423584 
4.9880218505859375 
6.410632133483887 
5.38642692565918 
4.966763019561768 
6.519253730773926 
4.910640239715576 
4.9362874031066895 
5.856415271759033 
5.057371139526367 
4.968081474304199 
5.031611442565918 
5.0115742683410645 
5.009052276611328 
5.1692304611206055 
5.253534317016602 
5.127161502838135 
5.097855567932129 
5.118967533111572 
4.884943962097168 
6.637191295623779 
7.0447678565979 
5.115821838378906 
5.1806464195251465 
6.131405830383301 
5.161547660827637 
7.06552791595459 
4.891027450561523 
5.06984806060791 
4.889568328857422 
5.618203163146973 
4.984812259674072 
6.008171081542969 
5.456512451171875 
5.171781539916992 
5.1013383865356445 
5.358468055725098 
5.23663330078125 
6.34564208984375 
5.074979782104492 
4.977768898010254 
5.003584861755371 
4.9656171798706055 
8.645341873168945 
5.032312870025635 
5.124073505401611 
5.039955139160156 
8.398311614990234 
8.599891662597656 
4.990606307983398 
5.238462924957275 
5.09158992767334 
5.0272417068481445 
5.143740653991699 
4.998290061950684 
5.028977394104004 
6.134489059448242 
6.5251994132995605 
5.626955032348633 
5.137812614440918 
5.169894695281982 
5.166672706604004 
5.5097808837890625 
4.974015235900879 
5.524331569671631 
6.1240458488464355 
4.997367858886719 
5.030620574951172 
5.288105010986328 
5.360223770141602 
4.905345916748047 
5.1118011474609375 
5.078249931335449 
4.780917644500732 
5.949780464172363 
5.147393703460693 
7.688289642333984 
5.382888317108154 
5.163611888885498 
5.423964500427246 
5.276691436767578 
4.885296821594238 
5.002230167388916 
4.935633182525635 
5.108343124389648 
5.0610833168029785 
5.1100311279296875 
5.269965171813965 
5.873991966247559 
4.991988182067871 
5.2439961433410645 
5.127906799316406 
5.069448471069336 
4.819618225097656 
4.848684787750244 
5.135653495788574 
5.165204048156738 
5.786301612854004 
5.139959812164307 
5.14353609085083 
5.310117244720459 
6.672149658203125 
4.941935062408447 
5.047574043273926 
5.358902931213379 
7.465942859649658 
5.097958564758301 
5.16259241104126 
5.884858131408691 
6.157064437866211 
5.17177152633667 
5.046690940856934 
5.067702293395996 
4.853626251220703 
6.181120872497559 
5.127783298492432 
5.279005527496338 
5.209107875823975 
5.803114414215088 
5.053354740142822 
5.20331335067749 
6.308640956878662 
5.2507123947143555 
4.935032367706299 
5.053564071655273 
5.150664806365967 
5.028077125549316 
6.908056259155273 
4.983230113983154 
8.351526260375977 
5.036998748779297 
4.951488971710205 
4.950170516967773 
5.663582801818848 
5.036508560180664 
7.280641555786133 
4.970904350280762 
5.10479211807251 
5.003684997558594 
4.927671909332275 
7.286764144897461 
5.049318313598633 
5.919795513153076 
4.774566650390625 
4.995146751403809 
5.004401206970215 
5.562522888183594 
5.054808139801025 
5.204622745513916 
4.816530227661133 
5.347592353820801 
5.268777370452881 
5.091741561889648 
4.995497703552246 
5.09751033782959 
5.340435028076172 
5.149589538574219 
4.873353004455566 
5.0232648849487305 
5.251320838928223 
6.002693176269531 
5.030459403991699 
6.395945072174072 
5.885825157165527 
5.030948638916016 
7.693400859832764 
5.066948890686035 
5.095340728759766 
5.012514114379883 
5.314018726348877 
4.981172561645508 
4.891016483306885 
7.644288539886475 
4.742417335510254 
5.216212749481201 
5.117724418640137 
5.148571014404297 
4.945534706115723 
6.189724922180176 
4.845180511474609 
5.097268581390381 
5.218046188354492 
4.973120212554932 
4.944240570068359 
4.955979824066162 
5.092796325683594 
5.5933332443237305 
5.422703742980957 
4.852964401245117 
5.138667106628418 
5.161279678344727 
5.031430721282959 
5.430309295654297 
6.753969669342041 
5.181675910949707 
4.992480278015137 
5.0157575607299805 
5.142401218414307 
6.544175148010254 
4.9694294929504395 
8.835803985595703 
6.530326843261719 
5.4115753173828125 
5.277348041534424 
4.823282718658447 
6.385199546813965 
4.998849868774414 
5.107245922088623 
6.723264694213867 
7.6877970695495605 
4.909543991088867 
5.471591949462891 
5.222707271575928 
5.082921028137207 
5.029323101043701 
5.083620071411133 
5.188706874847412 
5.26421594619751 
5.554837226867676 
4.8801469802856445 
5.61285924911499 
5.0068864822387695 
5.071841239929199 
7.239694118499756 
5.616447448730469 
6.201590538024902 
4.958573341369629 
4.915557384490967 
5.162418365478516 
9.476995468139648 
5.004845142364502 
4.941388130187988 
5.007322311401367 
5.069797992706299 
4.887814044952393 
5.347438812255859 
5.074035167694092 
6.53829288482666 
5.277684211730957 
4.891735076904297 
6.382105827331543 
7.4950361251831055 
7.465387344360352 
4.994661331176758 
5.419907093048096 
4.929912090301514 
4.896876335144043 
4.928663730621338 
4.9921875 
5.582787036895752 
5.082775115966797 
4.86147403717041 
5.391026496887207 
4.994450092315674 
5.135546684265137 
5.112785816192627 
4.894993782043457 
5.386747360229492 
4.799381256103516 
5.423678874969482 
5.038361549377441 
8.985912322998047 
4.972668647766113 
5.008581161499023 
8.53882122039795 
6.152719497680664 
5.190276145935059 
5.920381546020508 
5.062023162841797 
5.0066375732421875 
4.99354362487793 
5.028717041015625 
5.125500679016113 
4.889847755432129 
4.9809370040893555 
4.991788387298584 
5.071314811706543 
5.172773361206055 
6.095728397369385 
5.492064952850342 
4.962536811828613 
5.214402198791504 
5.032717227935791 
5.498421669006348 
5.223811626434326 
5.007638454437256 
4.957833766937256 
7.660739421844482 
4.969359397888184 
4.816744804382324 
5.228259086608887 
4.978439807891846 
5.075268745422363 
7.302827835083008 
5.128249168395996 
5.50297737121582 
5.051745414733887 
5.436841011047363 
7.022451400756836 
5.0346479415893555 
4.933842182159424 
6.140628337860107 
5.047321319580078 
4.978082656860352 
5.884631156921387 
5.36696720123291 
5.177755355834961 
5.0509843826293945 
4.961765766143799 
4.998491287231445 
5.349218368530273 
5.011837005615234 
7.7842278480529785 
5.877713680267334 
5.071232795715332 
5.036470890045166 
4.761104583740234 
5.078609943389893 
5.06217622756958 
5.074018955230713 
5.790335655212402 
4.819665431976318 
5.277560234069824 
6.8523478507995605 
5.459836006164551 
4.930182456970215 
5.005570888519287 
5.12725305557251 
5.0968098640441895 
4.8981170654296875 
5.187851905822754 
5.970998287200928 
4.781614780426025 
5.389400959014893 
4.88958740234375 
6.117862224578857 
5.737235069274902 
5.014213562011719 
4.866252422332764 
4.929840564727783 
5.2688093185424805 
7.067102432250977 
5.088904857635498 
5.274896144866943 
4.9768524169921875 
5.247583389282227 
5.5863776206970215 
5.232989311218262 
5.058229446411133 
5.0024094581604 
5.074479103088379 
8.825571060180664 
4.97409200668335 
5.145510673522949 
5.015819549560547 
6.0146708488464355 
4.818507671356201 
6.443192481994629 
4.999431610107422 
4.924355506896973 
5.755153656005859 
5.250450134277344 
5.294679641723633 
5.0978193283081055 
5.0833635330200195 
4.983466625213623 
4.880525588989258 
4.999430179595947 
5.612367153167725 
6.411836624145508 
5.669538497924805 
7.107591152191162 
5.516629219055176 
5.543220520019531 
4.963014125823975 
5.151067733764648 
4.893445014953613 
7.036906719207764 
4.866854190826416 
5.202990531921387 
5.96730899810791 
6.0453782081604 
8.209203720092773 
5.069943428039551 
4.946328639984131 
5.011290073394775 
5.100757122039795 
4.944321632385254 
5.106688499450684 
5.388118267059326 
5.47251033782959 
5.128032684326172 
5.141961097717285 
5.051190376281738 
5.078598976135254 
4.929804801940918 
6.046380043029785 
5.2471466064453125 
4.98297119140625 
5.1064772605896 
5.2803955078125 
5.209907054901123 
5.110089302062988 
7.144516468048096 
5.63853645324707 
5.008852005004883 
5.033858299255371 
5.230003833770752 
5.110705375671387 
5.335740089416504 
8.036230087280273 
5.022729396820068 
4.825411796569824 
4.946112632751465 
5.224028587341309 
5.060568332672119 
5.729626655578613 
5.066064834594727 
4.95484733581543 
8.781883239746094 
5.999090194702148 
5.066755294799805 
5.482638359069824 
6.886374473571777 
5.211535453796387 
8.033289909362793 
5.162060737609863 
5.11478853225708 
5.15761137008667 
5.197629928588867 
6.160021781921387 
5.000391960144043 
7.584693908691406 
5.004923343658447 
4.928051948547363 
6.981771469116211 
5.127485275268555 
5.910585403442383 
5.101336479187012 
5.597561836242676 
5.016356468200684 
5.477644920349121 
4.9598283767700195 
4.8977837562561035 
4.930109024047852 
5.81296443939209 
5.9479079246521 
7.465923309326172 
4.827101707458496 
5.079836845397949 
5.093715667724609 
5.782564640045166 
6.451199054718018 
5.031905174255371 
5.204703330993652 
4.969825744628906 
4.988788604736328 
5.599679946899414 
4.993462562561035 
5.104020118713379 
5.233786106109619 
5.095541000366211 
5.369875907897949 
4.967240333557129 
4.978434085845947 
5.228212833404541 
5.135683536529541 
5.673160076141357 
5.316617965698242 
5.359648704528809 
4.961998462677002 
5.152801036834717 
5.0409698486328125 
5.240338325500488 
4.841086387634277 
5.3244781494140625 
5.539697647094727 
4.913798809051514 
5.1654887199401855 
6.267524719238281 
4.939272880554199 
4.88277530670166 
7.738247871398926 
5.960102558135986 
4.798827171325684 
7.508703231811523 
5.122836589813232 
5.123230934143066 
4.995628356933594 
5.7072296142578125 
4.9481306076049805 
4.858781337738037 
4.875338554382324 
5.031484603881836 
5.116641521453857 
5.292027950286865 
4.946086406707764 
4.976890563964844 
4.997289657592773 
4.70197868347168 
5.154392242431641 
5.15155553817749 
5.0700788497924805 
5.284041404724121 
6.306677341461182 
5.175324440002441 
4.897560119628906 
6.4318647384643555 
5.093642234802246 
7.243185520172119 
4.986774444580078 
4.848696708679199 
4.963497638702393 
5.116612434387207 
5.836145877838135 
4.99923038482666 
5.014461994171143 
5.958024024963379 
5.28883171081543 
5.28144645690918 
5.111913204193115 
4.76375675201416 
4.873824596405029 
6.051370620727539 
4.923114776611328 
6.063802719116211 
5.115753650665283 
5.810416221618652 
6.655914306640625 
5.838449954986572 
5.1630401611328125 
5.021360397338867 
4.991350173950195 
4.850852012634277 
6.053865432739258 
5.081770896911621 
5.099998474121094 
4.993352890014648 
5.171743869781494 
5.091506004333496 
5.088980674743652 
5.163891792297363 
4.950793743133545 
4.957583427429199 
5.665675163269043 
5.154428005218506 
5.15794563293457 
4.887701034545898 
5.376397609710693 
5.29513692855835 
4.835668087005615 
4.921234607696533 
4.946598529815674 
5.06917142868042 
4.97141170501709 
5.14853048324585 
5.057845115661621 
6.508488655090332 
4.948657989501953 
5.427172660827637 
5.101365089416504 
4.821332931518555 
5.0546112060546875 
5.30872917175293 
5.953148365020752 
6.603229522705078 
6.448129653930664 
5.172893047332764 
6.330374717712402 
5.138960361480713 
5.377991199493408 
4.954790115356445 
8.3496732711792 
4.941199779510498 
4.943634510040283 
4.956411361694336 
5.083960056304932 
4.898725509643555 
6.889512062072754 
5.080842971801758 
5.278441429138184 
5.804001808166504 
5.124049186706543 
4.831391334533691 
4.991138935089111 
4.946554183959961 
5.155667304992676 
5.013586521148682 
4.930732727050781 
6.583745002746582 
6.574493408203125 
5.028469085693359 
5.016351222991943 
5.005803108215332 
5.275941848754883 
5.138800621032715 
4.950084686279297 
7.797632217407227 
5.301932334899902 
5.097621440887451 
5.147924423217773 
5.050832271575928 
6.9262800216674805 
6.0324249267578125 
6.704423904418945 
5.162385940551758 
4.877062797546387 
5.635780334472656 
4.9518632888793945 
5.1658935546875 
7.016448497772217 
5.26924991607666 
4.913052558898926 
5.030086517333984 
4.927976608276367 
5.12246561050415 
4.984706878662109 
8.378159523010254 
5.063539505004883 
4.798399448394775 
4.921151161193848 
4.839848041534424 
4.931570053100586 
5.3060479164123535 
5.064192771911621 
5.497836112976074 
7.637289047241211 
6.626193523406982 
5.405640125274658 
5.111113548278809 
5.081540107727051 
5.64301872253418 
5.399028301239014 
4.955188274383545 
5.018535614013672 
4.915106773376465 
5.7004618644714355 
5.711540222167969 
5.21436071395874 
5.383175849914551 
5.03955602645874 
5.835283279418945 
8.44015121459961 
5.168998718261719 
5.011713981628418 
5.093296051025391 
4.983855247497559 
4.831915855407715 
7.033320426940918 
5.171258449554443 
5.024182319641113 
4.973431587219238 
4.992780685424805 
5.5870137214660645 
5.463687896728516 
4.91916036605835 
5.110260486602783 
5.128955841064453 
5.66411828994751 
6.630192279815674 
5.106537818908691 
4.979570388793945 
5.146357536315918 
5.1828155517578125 
6.76998233795166 
5.105049133300781 
5.131006717681885 
6.952841758728027 
5.059535026550293 
4.921770095825195 
6.043818950653076 
5.143939018249512 
6.681523323059082 
5.4629011154174805 
5.061730861663818 
4.8821587562561035 
4.971356391906738 
5.068141937255859 
4.948002815246582 
5.0386457443237305 
5.4403076171875 
6.391231536865234 
5.414634704589844 
4.937548637390137 
5.016497611999512 
5.016228675842285 
5.337369918823242 
4.992058753967285 
5.011414527893066 
5.307023048400879 
5.383366584777832 
5.241830825805664 
5.125765323638916 
5.05873966217041 
4.849159240722656 
5.053998947143555 
5.474826812744141 
5.421297073364258 
4.972166538238525 
5.338657379150391 
5.0544586181640625 
4.975438117980957 
5.377522945404053 
5.018744468688965 
6.890775680541992 
5.000432968139648 
5.04680871963501 
5.075004577636719 
5.101234436035156 
5.047206878662109 
4.892409324645996 
5.159427642822266 
4.998466491699219 
6.191012382507324 
5.188546657562256 
5.096380710601807 
4.860461235046387 
4.884241580963135 
5.348217010498047 
6.794456481933594 
5.358339309692383 
5.447456359863281 
5.056166648864746 
5.030019760131836 
5.022220134735107 
5.003444671630859 
4.951057434082031 
5.283754348754883 
6.458366394042969 
5.004971981048584 
4.973576545715332 
8.318063735961914 
5.336437702178955 
5.136720180511475 
5.022343158721924 
6.06217098236084 
6.638317108154297 
6.549890995025635 
5.102239608764648 
5.0500593185424805 
4.9735612869262695 
5.980618476867676 
4.984637260437012 
6.357163906097412 
5.167262077331543 
5.394377708435059 
5.0298919677734375 
5.113384246826172 
5.203827857971191 
6.079418659210205 
5.0609893798828125 
5.825732231140137 
5.090044975280762 
6.153133392333984 
5.343522071838379 
4.831665992736816 
5.2832932472229 
5.650843620300293 
5.0295000076293945 
5.425899028778076 
6.115439414978027 
5.193936824798584 
5.2829461097717285 
4.942319869995117 
4.897393226623535 
4.949615478515625 
6.6839470863342285 
5.021780014038086 
4.902414321899414 
9.124687194824219 
5.320957183837891 
5.11553955078125 
7.074662685394287 
7.179352760314941 
5.439670085906982 
6.704090595245361 
4.952574729919434 
5.019115447998047 
4.964882850646973 
5.042087554931641 
5.073270797729492 
5.196755886077881 
5.07741641998291 
5.550450325012207 
5.009338855743408 
6.228585243225098 
5.131285190582275 
7.230621337890625 
5.000265598297119 
5.034994125366211 
5.181215286254883 
5.063724040985107 
6.353293418884277 
5.078100204467773 
6.868569850921631 
5.904731750488281 
5.397250175476074 
5.283785820007324 
4.9665327072143555 
5.594255447387695 
5.231822967529297 
4.883038520812988 
5.087316036224365 
5.321022987365723 
4.812960624694824 
4.958303451538086 
5.890648365020752 
5.049477577209473 
5.031071662902832 
5.126242160797119 
5.111928939819336 
5.329103469848633 
5.093812942504883 
5.061002254486084 
6.0178728103637695 
4.790591239929199 
8.84077262878418 
5.194098472595215 
5.931303977966309 
5.060651779174805 
4.999563694000244 
5.325355529785156 
5.01938009262085 
4.907621383666992 
5.08832311630249 
6.406858921051025 
6.017967224121094 
5.318458080291748 
4.9559645652771 
5.021157264709473 
5.788455486297607 
4.9522624015808105 
5.049399375915527 
4.914017677307129 
4.985440731048584 
4.934398651123047 
6.211523532867432 
5.014935493469238 
7.171332359313965 
7.188979148864746 
4.883142948150635 
4.994864463806152 
5.241046905517578 
4.990353584289551 
5.142337799072266 
5.999520301818848 
5.105522155761719 
5.317506313323975 
5.476572036743164 
4.968449592590332 
5.02803897857666 
5.442499160766602 
5.703657150268555 
4.91937780380249 
5.117633819580078 
5.106320381164551 
5.123505115509033 
5.186058044433594 
4.829510688781738 
5.024513244628906 
8.160927772521973 
6.777695178985596 
6.170108795166016 
5.867195129394531 
4.895408630371094 
4.9875383377075195 
5.33245849609375 
5.137759208679199 
6.478975296020508 
4.930118083953857 
5.146455764770508 
5.0691752433776855 
7.499312400817871 
5.103785037994385 
8.309062957763672 
5.073920249938965 
5.238086700439453 
5.433603763580322 
5.02296257019043 
5.126677513122559 
5.036664009094238 
5.058383941650391 
5.028797149658203 
4.99130916595459 
4.807355880737305 
5.3921685218811035 
5.166962623596191 
6.525897026062012 
4.939716815948486 
5.703320503234863 
6.472844123840332 
6.672684192657471 
4.82976770401001 
4.835394382476807 
5.014257431030273 
5.106319427490234 
4.9107747077941895 
5.415708065032959 
5.0737152099609375 
5.076292991638184 
5.117086410522461 
5.238329887390137 
4.859669208526611 
5.131600379943848 
6.78878927230835 
5.185256481170654 
5.149572372436523 
4.8712544441223145 
5.817806243896484 
5.325289726257324 
7.07401180267334 
6.603416442871094 
5.102926731109619 
4.996744155883789 
5.729704856872559 
6.042423725128174 
5.204314708709717 
5.051412582397461 
5.875467300415039 
4.922316074371338 
5.711239814758301 
6.507114887237549 
6.094496250152588 
4.746471405029297 
5.056817054748535 
5.050925254821777 
5.115710735321045 
5.086136817932129 
5.173898696899414 
5.092323303222656 
4.8643598556518555 
4.87290620803833 
4.873737812042236 
5.074318885803223 
4.968135356903076 
4.966770648956299 
5.8229146003723145 
6.679349422454834 
5.02962589263916 
5.7620849609375 
5.082927703857422 
4.9338250160217285 
5.237346172332764 
5.069102764129639 
4.7297468185424805 
5.386345863342285 
6.733890533447266 
4.89007568359375 
4.976472854614258 
5.134187698364258 
5.213018417358398 
4.770599365234375 
4.97219181060791 
6.682187080383301 
5.4415130615234375 
5.033819198608398 
5.110219955444336 
7.245012283325195 
7.698765277862549 
5.175815582275391 
4.9502410888671875 
5.048480987548828 
8.204296112060547 
5.945815563201904 
4.898202419281006 
5.105317115783691 
5.052370071411133 
5.728347301483154 
5.0309553146362305 
5.057629585266113 
5.254151821136475 
4.98499870300293 
5.035910606384277 
5.26969575881958 
7.225552082061768 
5.554507732391357 
6.012272357940674 
7.253643989562988 
7.091475486755371 
4.965987682342529 
5.087697505950928 
5.6183319091796875 
5.036755561828613 
5.021721839904785 
5.259600639343262 
5.367110252380371 
4.875927925109863 
4.8194580078125 
5.052873611450195 
5.181439399719238 
5.202508926391602 
4.9126739501953125 
8.312828063964844 
5.599939346313477 
5.313103199005127 
4.964127540588379 
6.330277919769287 
5.013586044311523 
7.964550018310547 
5.044212818145752 
4.863498687744141 
5.053892135620117 
4.811474800109863 
5.333475112915039 
5.5384087562561035 
5.0777130126953125 
5.266341209411621 
6.531301021575928 
5.039485931396484 
5.266216278076172 
6.985272407531738 
5.1867995262146 
5.207749366760254 
5.161742210388184 
6.860678195953369 
5.563928604125977 
4.959716796875 
5.084353446960449 
7.326536655426025 
5.164938926696777 
5.075164794921875 
4.9341583251953125 
4.931855201721191 
5.234531402587891 
5.089832305908203 
4.816102027893066 
5.790818691253662 
6.683943748474121 
5.055575847625732 
4.954169750213623 
5.136752605438232 
4.943167686462402 
6.428447723388672 
5.071484565734863 
5.199881553649902 
4.930361747741699 
6.12265682220459 
4.9504241943359375 
5.108035564422607 
5.1474175453186035 
5.153041362762451 
5.684761047363281 
5.350081443786621 
7.524771690368652 
5.304557800292969 
5.000951290130615 
4.964264869689941 
5.029845237731934 
4.939595699310303 
5.005434513092041 
5.1020660400390625 
4.929308891296387 
4.803366661071777 
5.027307510375977 
5.095996856689453 
5.779685974121094 
5.279303073883057 
5.047252655029297 
5.939432621002197 
5.392165660858154 
5.043094158172607 
5.129796028137207 
5.015621662139893 
4.943175792694092 
5.339177131652832 
6.189476013183594 
4.875976085662842 
5.086082458496094 
5.1707444190979 
5.134703159332275 
6.192652702331543 
5.090804576873779 
6.522296905517578 
5.652435302734375 
5.096558570861816 
4.990518569946289 
5.057030200958252 
5.059913635253906 
8.392820358276367 
5.6577653884887695 
5.0605854988098145 
4.733042240142822 
5.7020039558410645 
8.170918464660645 
4.835513114929199 
5.178102970123291 
10.105020523071289 
5.118023872375488 
5.215839385986328 
5.789153575897217 
4.82688045501709 
4.875123977661133 
5.328516960144043 
5.293786525726318 
6.354557514190674 
5.084737777709961 
5.078978538513184 
5.141035079956055 
5.219518661499023 
6.56032133102417 
5.236383438110352 
5.084410667419434 
6.6498565673828125 
5.52659797668457 
7.980681896209717 
6.638522148132324 
5.099179267883301 
4.9295220375061035 
5.152303695678711 
4.983027935028076 
4.941427707672119 
6.208428382873535 
5.415013790130615 
5.648108959197998 
5.130108833312988 
5.059732437133789 
6.409601211547852 
6.082962512969971 
4.9476423263549805 
5.127912521362305 
4.990682601928711 
5.051281452178955 
5.1022047996521 
5.461355209350586 
7.988558769226074 
5.115429878234863 
4.931789398193359 
4.8977861404418945 
5.171464920043945 
6.1699066162109375 
5.383486270904541 
6.777760982513428 
5.154119491577148 
8.729514122009277 
5.150600433349609 
4.87884521484375 
5.658357620239258 
5.23914909362793 
5.090947151184082 
5.066334247589111 
4.979730129241943 
5.408147811889648 
4.949407577514648 
7.004734516143799 
7.622617721557617 
6.362913131713867 
5.152158260345459 
6.512354850769043 
5.0210981369018555 
5.118388652801514 
7.4297380447387695 
5.206861972808838 
5.025625705718994 
4.935861587524414 
5.525396347045898 
5.112295627593994 
5.277932167053223 
4.955838203430176 
5.006814956665039 
5.064642906188965 
5.073676109313965 
5.0258965492248535 
4.790142059326172 
5.039876461029053 
4.902792930603027 
5.107784271240234 
5.0285444259643555 
5.10962438583374 
5.581884384155273 
5.3436784744262695 
5.057188034057617 
5.294322490692139 
5.00578498840332 
4.95549201965332 
5.541125297546387 
4.917747497558594 
5.820890426635742 
5.203021049499512 
5.054203033447266 
5.289275169372559 
5.086803436279297 
5.000417709350586 
4.996307849884033 
5.081611156463623 
5.09428596496582 
5.667453289031982 
5.032090187072754 
5.233551979064941 
4.848174095153809 
4.986425399780273 
5.147313117980957 
4.926607131958008 
5.109283924102783 
5.4461350440979 
5.196646690368652 
4.877860069274902 
4.671261787414551 
5.006767272949219 
5.10509729385376 
5.296159744262695 
5.0406904220581055 
6.293511390686035 
5.128844738006592 
5.937399387359619 
5.115775108337402 
5.15121603012085 
4.8910932540893555 
5.095545291900635 
4.931087493896484 
6.768074035644531 
5.014309406280518 
4.967820167541504 
5.083429336547852 
4.828125 
5.046736717224121 
5.040104866027832 
4.911196708679199 
6.035892486572266 
5.274080276489258 
5.362698554992676 
4.962178707122803 
5.011640548706055 
5.136581897735596 
5.020858287811279 
5.119912624359131 
5.085144996643066 
5.012235164642334 
5.434126853942871 
4.881982803344727 
5.031747817993164 
4.955005645751953 
4.88605260848999 
5.301239013671875 
5.02850866317749 
6.350055694580078 
5.157159805297852 
5.035325050354004 
5.122533798217773 
5.118513107299805 
5.028722763061523 
5.390137672424316 
5.007293224334717 
9.204499244689941 
4.918849468231201 
4.897700786590576 
4.9211907386779785 
5.372393608093262 
5.604644298553467 
5.165103912353516 
4.8467183113098145 
5.023001670837402 
5.131106853485107 
5.141446590423584 
5.146726608276367 
5.027650833129883 
8.875417709350586 
4.870087146759033 
5.018251895904541 
5.260377883911133 
5.034805774688721 
5.060385227203369 
5.314638614654541 
6.442353248596191 
5.175180435180664 
4.7964019775390625 
5.318894386291504 
5.19069242477417 
4.836490631103516 
5.081750392913818 
5.069453239440918 
6.153568744659424 
5.350935935974121 
5.7487688064575195 
5.282683372497559 
4.962316036224365 
5.332502841949463 
4.952742576599121 
5.1262102127075195 
5.013926029205322 
5.048046112060547 
5.10502815246582 
5.356138229370117 
8.80020523071289 
5.621121406555176 
5.251096725463867 
4.945072174072266 
4.974879741668701 
5.392660617828369 
5.120465278625488 
5.062631607055664 
4.881280422210693 
4.903410911560059 
5.051592826843262 
5.0598907470703125 
5.313410758972168 
6.859039306640625 
4.784675598144531 
5.027677059173584 
5.095334053039551 
5.773969650268555 
4.79397439956665 
5.242001533508301 
5.035501003265381 
6.831596374511719 
5.582398414611816 
6.890807628631592 
5.15880012512207 
5.1393914222717285 
4.841549396514893 
4.844915390014648 
5.194284439086914 
5.6510114669799805 
5.600212097167969 
4.966423034667969 
5.050313949584961 
6.1216535568237305 
5.062349319458008 
4.776884078979492 
4.9572343826293945 
5.201049327850342 
5.179009437561035 
5.983477592468262 
5.28004264831543 
5.790363311767578 
6.073781967163086 
5.016504287719727 
5.417611122131348 
4.915733337402344 
5.041971206665039 
4.806723594665527 
5.27529239654541 
5.070383548736572 
4.915752410888672 
4.993616104125977 
5.0346503257751465 
5.650179386138916 
4.853487014770508 
5.091232776641846 
4.98068904876709 
5.384577751159668 
4.973289489746094 
6.0368146896362305 
6.463729381561279 
4.987920761108398 
5.079212188720703 
5.652492523193359 
6.0912861824035645 
5.94235372543335 
8.738582611083984 
5.3045759201049805 
5.271722793579102 
5.047860622406006 
5.208255767822266 
5.082884788513184 
4.881925106048584 
5.501884460449219 
4.915886878967285 
5.09163236618042 
5.075735092163086 
5.1802239418029785 
6.235848903656006 
5.164680004119873 
5.193724632263184 
5.219143867492676 
4.959943771362305 
4.839385032653809 
6.010313987731934 
5.034990310668945 
5.117739677429199 
6.160539150238037 
6.608595848083496 
5.579816818237305 
6.829277038574219 
5.071063995361328 
5.077487945556641 
6.478166580200195 
5.014650821685791 
5.290576457977295 
5.225123882293701 
4.999800682067871 
5.411623954772949 
5.391791343688965 
5.669593811035156 
5.090322494506836 
5.951548099517822 
5.23300838470459 
4.954830646514893 
4.900296211242676 
5.136436939239502 
5.095552444458008 
5.320058822631836 
7.32942533493042 
5.332610130310059 
5.336020469665527 
5.000543594360352 
5.193958759307861 
5.1149163246154785 
5.117832183837891 
5.094493389129639 
6.827411651611328 
5.16486120223999 
5.106764793395996 
6.241481781005859 
4.954087257385254 
5.408360958099365 
5.431241989135742 
5.119470596313477 
5.213550567626953 
6.498439788818359 
4.840590476989746 
5.006888389587402 
5.16410493850708 
4.940027236938477 
5.00270938873291 
5.143228054046631 
5.9262800216674805 
5.68646764755249 
4.8134613037109375 
6.247033596038818 
5.133890151977539 
5.1049418449401855 
5.282754898071289 
5.128813743591309 
5.179635524749756 
4.909430027008057 
5.228367805480957 
5.121273994445801 
5.271939277648926 
5.2109808921813965 
5.082104682922363 
5.065547943115234 
7.471960067749023 
5.034768581390381 
5.050893306732178 
5.189506530761719 
5.308529376983643 
5.006051540374756 
8.154378890991211 
5.0592193603515625 
5.606463432312012 
8.210347175598145 
5.525451183319092 
6.018771171569824 
5.029239654541016 
4.966981887817383 
5.077186584472656 
5.112131118774414 
5.117786884307861 
5.103933334350586 
5.133326053619385 
5.746742248535156 
7.6926422119140625 
5.0555572509765625 
5.033260345458984 
4.829829216003418 
5.269688606262207 
4.7974348068237305 
5.045509338378906 
5.099720478057861 
5.226988315582275 
6.4481964111328125 
4.880517959594727 
4.980165481567383 
5.035067558288574 
4.764365196228027 
6.4156084060668945 
5.334469318389893 
5.050288677215576 
5.177370071411133 
5.1924848556518555 
5.168768405914307 
5.99513578414917 
6.491369247436523 
5.579520225524902 
5.12925910949707 
4.833025932312012 
5.006455421447754 
5.365761756896973 
5.156951904296875 
5.11318302154541 
6.49386739730835 
5.255168437957764 
8.149129867553711 
5.131604194641113 
4.953517913818359 
5.419152736663818 
4.818365097045898 
4.991787910461426 
5.090925216674805 
5.175163269042969 
5.06441593170166 
6.068247318267822 
5.155378818511963 
4.945104122161865 
5.275774955749512 
6.87115478515625 
6.818060398101807 
4.980374336242676 
5.00288724899292 
6.922730922698975 
5.238035678863525 
6.198611259460449 
5.79115629196167 
7.798765182495117 
4.915354251861572 
5.984649181365967 
5.027351379394531 
4.925363540649414 
4.9491376876831055 
5.402256011962891 
4.99048376083374 
7.298638343811035 
4.9799299240112305 
5.7897539138793945 
5.214415550231934 
5.49262809753418 
5.698025703430176 
6.384278774261475 
5.0504469871521 
4.936971664428711 
5.025158882141113 
4.949385643005371 
4.948939800262451 
5.11659049987793 
5.418887138366699 
6.642852783203125 
4.824086666107178 
5.240509986877441 
5.41044807434082 
5.2173542976379395 
5.088398456573486 
5.0257887840271 
4.868653774261475 
5.423285007476807 
6.690995693206787 
4.96541166305542 
4.8842363357543945 
4.855397701263428 
5.182065963745117 
5.514712333679199 
4.991578578948975 
6.092878341674805 
6.778544902801514 
5.04877233505249 
7.020066738128662 
5.178859710693359 
5.11606502532959 
5.1060614585876465 
5.656508445739746 
4.924984455108643 
5.063468933105469 
5.180757522583008 
5.573463439941406 
5.30817985534668 
5.045515060424805 
6.4834699630737305 
5.151097774505615 
4.922101974487305 
4.914730072021484 
6.962896823883057 
5.532492160797119 
7.210143566131592 
5.164237976074219 
5.060710906982422 
5.241562843322754 
5.402087211608887 
6.167055606842041 
5.168944358825684 
5.1986799240112305 
5.123621463775635 
4.969874382019043 
7.068745136260986 
5.816252708435059 
5.334760665893555 
5.062801837921143 
4.760807514190674 
5.163445949554443 
5.45529842376709 
6.33718204498291 
5.498981952667236 
4.740007400512695 
5.149487495422363 
5.105571269989014 
4.998537540435791 
5.598328590393066 
5.065539836883545 
5.107579231262207 
5.085165977478027 
4.962771415710449 
4.934357643127441 
6.682833671569824 
5.379910469055176 
5.0217790603637695 
5.16699743270874 
5.752202033996582 
6.9088287353515625 
5.396024227142334 
5.103747367858887 
5.091461181640625 
5.049903392791748 
5.05499267578125 
5.136552810668945 
5.281219482421875 
5.022104740142822 
5.096024513244629 
5.111356735229492 
4.96085262298584 
8.00907039642334 
4.960081100463867 
5.047636032104492 
5.131169319152832 
5.345746994018555 
5.442608833312988 
5.036815643310547 
6.976197719573975 
5.170414924621582 
7.287593364715576 
5.027085304260254 
5.097813606262207 
5.036626815795898 
6.656095504760742 
4.880473613739014 
5.084139823913574 
5.022198677062988 
5.100422382354736 
5.514065742492676 
5.1538472175598145 
5.2090301513671875 
5.892396450042725 
5.392391681671143 
5.113511562347412 
5.308060646057129 
5.048786163330078 
5.414737701416016 
5.055304050445557 
5.6096367835998535 
4.92524528503418 
5.037954330444336 
4.983880043029785 
5.293854713439941 
5.215043067932129 
4.914485454559326 
5.004101276397705 
5.016579627990723 
6.9984941482543945 
4.920470237731934 
6.181513786315918 
5.66742467880249 
4.990043640136719 
4.800570487976074 
5.088594436645508 
5.013930320739746 
6.82313346862793 
5.091191291809082 
6.927966594696045 
5.16790771484375 
5.993981838226318 
5.762164115905762 
5.071267604827881 
5.864799499511719 
5.457691192626953 
7.412961959838867 
5.040347576141357 
5.711670398712158 
4.909526824951172 
4.972109794616699 
4.937873840332031 
5.107193470001221 
4.9664812088012695 
4.886974334716797 
5.193121433258057 
4.991060256958008 
4.853485107421875 
5.3842997550964355 
6.227739334106445 
5.13463020324707 
4.963071346282959 
5.919857978820801 
6.362044811248779 
6.118142127990723 
5.2184038162231445 
5.052618980407715 
4.783799171447754 
5.185176849365234 
4.970344543457031 
5.030115127563477 
4.9320597648620605 
5.05227518081665 
5.099072456359863 
5.179317474365234 
6.819450378417969 
5.124063491821289 
5.135066986083984 
6.4522833824157715 
5.089607238769531 
5.278965950012207 
6.619976997375488 
4.798179626464844 
5.10221529006958 
5.032560348510742 
4.957720756530762 
4.829060077667236 
4.941450595855713 
5.334566593170166 
4.933049201965332 
5.061065673828125 
5.0302557945251465 
5.0624589920043945 
5.28514289855957 
5.2037458419799805 
5.121554851531982 
4.9946393966674805 
4.971174240112305 
6.031876564025879 
4.995183944702148 
5.164877891540527 
6.0462799072265625 
5.04964542388916 
5.055051326751709 
7.252528190612793 
6.073946952819824 
5.17400598526001 
4.765633583068848 
5.140519142150879 
5.1658782958984375 
4.917268753051758 
7.9309892654418945 
5.0428619384765625 
4.774490833282471 
4.825100898742676 
4.9784440994262695 
8.836603164672852 
5.656956672668457 
6.739930629730225 
5.186532974243164 
5.009450912475586 
5.170297622680664 
5.065986156463623 
8.658230781555176 
5.196718215942383 
4.941107749938965 
5.8008551597595215 
7.492142200469971 
5.169149875640869 
4.9956254959106445 
5.42746114730835 
4.9597978591918945 
5.751199722290039 
6.044825553894043 
5.042275428771973 
4.963966369628906 
5.011816501617432 
4.937249183654785 
6.141059398651123 
4.8650312423706055 
4.924471855163574 
5.158164978027344 
5.260382652282715 
4.937841415405273 
5.220725059509277 
5.114452362060547 
5.083179473876953 
6.598364353179932 
6.561728477478027 
5.877683639526367 
4.878777503967285 
4.963544845581055 
4.993836879730225 
4.829336166381836 
5.258128643035889 
5.158777713775635 
5.119001388549805 
5.302174091339111 
5.119165897369385 
7.007659912109375 
5.446105480194092 
5.130159854888916 
5.193319320678711 
5.084503650665283 
4.977492809295654 
5.373109817504883 
5.124597072601318 
5.056299209594727 
4.932173728942871 
5.073450088500977 
5.171228408813477 
5.334539413452148 
5.157404899597168 
7.967393398284912 
5.088687419891357 
5.195407867431641 
5.236429691314697 
4.991535186767578 
4.947908401489258 
5.117710113525391 
4.876175403594971 
5.138792991638184 
6.131590843200684 
8.135396003723145 
5.074188232421875 
4.9225263595581055 
5.0043792724609375 
5.801549911499023 
5.526826858520508 
5.178187370300293 
5.047247886657715 
4.861257076263428 
4.75402307510376 
5.056358814239502 
5.186503887176514 
5.033478736877441 
5.265878677368164 
4.799487113952637 
5.081268310546875 
5.170988082885742 
5.188382148742676 
5.662481307983398 
5.035497188568115 
4.865984916687012 
5.0587358474731445 
5.199840545654297 
5.197534084320068 
5.814988136291504 
5.83455753326416 
4.809386253356934 
5.030430793762207 
5.109340667724609 
5.738898754119873 
4.889010906219482 
4.77047061920166 
5.845345973968506 
5.768575191497803 
6.0212860107421875 
6.024476051330566 
5.025648593902588 
5.026295185089111 
5.152390480041504 
5.197651386260986 
6.362849235534668 
5.120843410491943 
6.293341636657715 
5.075131416320801 
5.148059844970703 
5.294024467468262 
5.643801689147949 
4.911665439605713 
6.174466609954834 
6.9453020095825195 
5.408535003662109 
8.435604095458984 
5.163508415222168 
4.948832988739014 
5.3727922439575195 
5.166638374328613 
5.04695463180542 
5.399184703826904 
5.301312446594238 
6.152753829956055 
4.9738311767578125 
4.957151412963867 
4.876772880554199 
5.973984241485596 
5.067434787750244 
6.630042552947998 
5.281362533569336 
4.8039445877075195 
5.015433311462402 
4.876386642456055 
6.614223957061768 
5.1084699630737305 
8.356805801391602 
5.035486221313477 
5.536232948303223 
4.826500415802002 
5.067019462585449 
5.057980060577393 
4.908585071563721 
5.719430923461914 
5.116249084472656 
5.014778137207031 
5.05129337310791 
5.137547969818115 
5.17706823348999 
5.082303524017334 
5.718656539916992 
7.498069763183594 
5.2393341064453125 
5.036664009094238 
4.974136829376221 
5.144646644592285 
4.900625228881836 
5.205910682678223 
5.096101760864258 
5.835043430328369 
5.5391669273376465 
5.05947732925415 
4.996399879455566 
6.563691139221191 
5.264895439147949 
4.95363712310791 
4.9897356033325195 
5.277212142944336 
4.961991310119629 
4.989777565002441 
5.521389961242676 
5.029275417327881 
5.079721927642822 
5.109551906585693 
8.032937049865723 
5.809800148010254 
5.04429817199707 
4.981525421142578 
4.992345333099365 
5.182920455932617 
4.884571075439453 
5.006793022155762 
5.026721000671387 
5.132523536682129 
7.759718894958496 
4.834515571594238 
5.10544490814209 
5.1639885902404785 
5.034615516662598 
5.534858703613281 
5.123236656188965 
5.931607246398926 
5.412374973297119 
4.946849346160889 
5.051947116851807 
4.978564262390137 
5.188673973083496 
5.153183937072754 
5.211066246032715 
4.948361396789551 
5.635028839111328 
5.437467098236084 
5.7529296875 
8.240534782409668 
6.109928607940674 
9.23908805847168 
5.019599437713623 
4.872115612030029 
5.589700698852539 
5.024240493774414 
5.172755718231201 
5.304149627685547 
5.107776641845703 
5.6710124015808105 
5.904952049255371 
5.044394493103027 
4.934224605560303 
4.948866367340088 
5.130613327026367 
7.264654636383057 
4.846714973449707 
5.200300216674805 
5.052033424377441 
7.025099277496338 
5.031662940979004 
5.127641677856445 
5.865503787994385 
5.2987775802612305 
5.649064064025879 
5.546219825744629 
6.214510440826416 
4.941056251525879 
5.1244964599609375 
5.057718753814697 
4.9383544921875 
5.0568342208862305 
5.157366752624512 
4.820734977722168 
5.071738243103027 
5.175891876220703 
5.163422584533691 
5.958143711090088 
4.951797962188721 
5.09078311920166 
6.1655778884887695 
6.851225852966309 
5.067050933837891 
6.370659828186035 
5.527553558349609 
5.544554710388184 
4.865467071533203 
4.974822998046875 
4.879127502441406 
5.3317413330078125 
6.115204811096191 
4.996073246002197 
5.405544281005859 
5.493231296539307 
5.19240665435791 
5.069375991821289 
5.082785606384277 
4.950644493103027 
5.011943340301514 
5.399726867675781 
5.139244079589844 
4.859348297119141 
5.074277400970459 
6.280636787414551 
4.957093238830566 
5.094810485839844 
5.482192039489746 
4.8849077224731445 
5.131557464599609 
5.112809181213379 
4.973972797393799 
6.05342960357666 
4.900240898132324 
5.210000038146973 
4.857389450073242 
5.091470718383789 
5.280910015106201 
5.220357418060303 
5.043067932128906 
7.462912559509277 
6.149853706359863 
5.058839797973633 
4.95294189453125 
5.754656791687012 
5.06369686126709 
5.801812171936035 
6.826974868774414 
4.8019585609436035 
5.105564594268799 
4.955984115600586 
5.242077827453613 
8.850082397460938 
6.027749538421631 
5.262299537658691 
7.033214569091797 
5.058037757873535 
6.265852451324463 
7.293671607971191 
4.993691444396973 
5.642284393310547 
4.8847150802612305 
6.852046012878418 
5.053569316864014 
5.067654609680176 
4.987209320068359 
5.041316986083984 
7.723671913146973 
8.479491233825684 
7.050703048706055 
4.977930068969727 
5.129327774047852 
5.02309513092041 
5.14558219909668 
5.016095161437988 
4.872566223144531 
5.125652313232422 
5.052876949310303 
5.3121337890625 
5.006233215332031 
8.025521278381348 
6.441717147827148 
5.215361595153809 
5.011817932128906 
4.927908897399902 
5.077713966369629 
5.203217506408691 
6.8378496170043945 
5.516402244567871 
5.010282039642334 
4.8118791580200195 
6.180263519287109 
7.810303211212158 
5.094165802001953 
5.521180152893066 
5.013361930847168 
5.053566932678223 
5.004034042358398 
6.735476970672607 
5.730934143066406 
5.357578754425049 
5.152715682983398 
7.828133583068848 
5.406841278076172 
5.264522552490234 
8.44047737121582 
6.333288669586182 
5.170284271240234 
5.069758415222168 
5.067152976989746 
5.466282844543457 
5.0137224197387695 
5.104357719421387 
4.966833591461182 
5.173327445983887 
7.062769889831543 
5.07737922668457 
5.033588409423828 
5.23108434677124 
4.909414291381836 
4.990907192230225 
5.025196075439453 
5.851001739501953 
6.1187520027160645 
5.074085235595703 
4.888300895690918 
5.090590476989746 
5.090974807739258 
5.0206451416015625 
5.007194519042969 
6.14675235748291 
5.2859649658203125 
5.256048202514648 
4.823745250701904 
7.203068733215332 
5.324095726013184 
5.199603080749512 
4.946926593780518 
6.440669059753418 
5.092358589172363 
4.971781253814697 
5.367860317230225 
5.081925868988037 
5.128856658935547 
4.932438850402832 
5.221462249755859 
5.703216552734375 
5.32752799987793 
6.39551305770874 
5.135113716125488 
5.1283769607543945 
5.082521915435791 
4.976903915405273 
6.450043201446533 
5.7557220458984375 
4.821895599365234 
5.013683795928955 
7.618877410888672 
5.047267913818359 
6.007678508758545 
5.049676418304443 
5.059688568115234 
5.730532646179199 
5.024857997894287 
5.0719804763793945 
5.03092622756958 
5.58071231842041 
5.130215644836426 
6.047572135925293 
5.1484785079956055 
6.097140789031982 
8.482998847961426 
4.784196853637695 
5.029895305633545 
5.194111347198486 
5.385699272155762 
6.463017463684082 
5.057363510131836 
4.9211530685424805 
5.090236663818359 
8.571338653564453 
5.83200740814209 
4.764230728149414 
5.155072212219238 
4.969801902770996 
7.715363502502441 
5.732690811157227 
4.9177141189575195 
4.843869209289551 
5.075662612915039 
5.036832332611084 
5.0714826583862305 
5.368656635284424 
4.85910701751709 
5.2225751876831055 
5.076406478881836 
4.904151916503906 
4.9799346923828125 
4.971160888671875 
4.981717586517334 
4.877560138702393 
7.421909332275391 
7.827195167541504 
5.184466361999512 
4.842345237731934 
5.030138969421387 
5.190361022949219 
4.962995529174805 
5.037197113037109 
5.700257301330566 
5.042935371398926 
5.753796100616455 
5.319671630859375 
8.306694030761719 
5.15285587310791 
4.9752607345581055 
5.072200775146484 
4.882993698120117 
5.055568695068359 
5.408215045928955 
5.087540626525879 
5.054250717163086 
6.588837623596191 
5.290163993835449 
6.383208274841309 
5.105817794799805 
5.187060356140137 
4.953054428100586 
7.469091892242432 
5.526297092437744 
4.92568302154541 
5.023654937744141 
4.813995838165283 
5.006434440612793 
4.960837364196777 
5.053070068359375 
4.9069647789001465 
5.000888824462891 
5.07631254196167 
4.983947277069092 
5.4938740730285645 
5.119626522064209 
5.5481977462768555 
5.437386989593506 
4.955660820007324 
5.3858442306518555 
5.097004413604736 
5.809235095977783 
4.769274711608887 
4.939389228820801 
4.909839630126953 
8.388276100158691 
6.220277786254883 
5.275653839111328 
5.672659873962402 
4.984169960021973 
6.588565826416016 
5.062410831451416 
6.050438404083252 
5.049560546875 
8.308412551879883 
5.082719802856445 
4.808104991912842 
5.187227249145508 
5.162721633911133 
5.099130630493164 
5.188335418701172 
6.665090560913086 
5.621919631958008 
5.1050591468811035 
6.497476577758789 
5.4505181312561035 
4.832230091094971 
4.995242595672607 
5.237906455993652 
4.959666728973389 
5.190207004547119 
7.508255481719971 
6.529296875 
5.069092273712158 
5.004964828491211 
6.034048557281494 
6.661261558532715 
5.104162693023682 
4.8857221603393555 
5.126852035522461 
5.122150421142578 
5.322355270385742 
5.334114074707031 
5.791362285614014 
5.70826530456543 
5.024554252624512 
5.59542989730835 
5.161588668823242 
5.27551794052124 
5.544618606567383 
5.59278678894043 
7.995712757110596 
4.926994800567627 
5.282503128051758 
5.291684627532959 
5.089762210845947 
5.140223503112793 
5.492534637451172 
6.145965576171875 
5.696794509887695 
5.029841423034668 
6.63035774230957 
4.947595596313477 
4.741636276245117 
5.022696018218994 
6.071415424346924 
10.162517547607422 
5.600701332092285 
4.987834930419922 
5.208239555358887 
8.354164123535156 
4.720797538757324 
7.182379722595215 
5.133541107177734 
5.061978340148926 
5.340325355529785 
7.289965629577637 
5.075414657592773 
5.385084629058838 
4.907435894012451 
5.039237022399902 
4.942193031311035 
5.142114639282227 
6.128247261047363 
4.921115398406982 
5.221001625061035 
5.250162601470947 
7.200776100158691 
8.313835144042969 
5.165472984313965 
5.032676696777344 
5.1496500968933105 
5.079958915710449 
4.94901180267334 
5.108278274536133 
5.019309997558594 
9.155645370483398 
5.0502119064331055 
5.3912248611450195 
4.935883045196533 
7.97878360748291 
5.301241874694824 
5.039914131164551 
5.1713690757751465 
5.011846542358398 
4.982143402099609 
7.6823272705078125 
5.689373016357422 
5.117977142333984 
5.1907958984375 
5.2763671875 
5.1735992431640625 
4.973813533782959 
5.151214122772217 
5.020265102386475 
4.895461082458496 
7.187982082366943 
6.337837219238281 
5.402888774871826 
5.4564948081970215 
5.148848533630371 
5.200322151184082 
5.173495292663574 
5.418140411376953 
5.668189525604248 
5.205349922180176 
4.946529388427734 
4.899979114532471 
5.140101432800293 
5.205875396728516 
4.910488128662109 
8.274528503417969 
4.946052551269531 
4.992266654968262 
5.916555881500244 
6.013359546661377 
7.019122123718262 
4.931609630584717 
4.978520393371582 
4.9418864250183105 
5.039620399475098 
5.202018737792969 
4.907207489013672 
5.137819766998291 
5.060049533843994 
6.108593940734863 
5.0812788009643555 
4.837700843811035 
5.0483880043029785 
5.075533866882324 
4.98309326171875 
5.095290184020996 
5.128182411193848 
6.324658393859863 
5.165002346038818 
5.38557767868042 
4.972233295440674 
4.939760684967041 
5.293730735778809 
5.13209342956543 
5.0990705490112305 
5.024078845977783 
5.050280570983887 
5.693264484405518 
4.933548450469971 
5.373054504394531 
5.116833209991455 
5.375011444091797 
5.882031440734863 
5.543942451477051 
5.13267707824707 
5.0113372802734375 
6.836894989013672 
5.109328269958496 
5.0360188484191895 
5.3544416427612305 
5.072060585021973 
6.032407760620117 
7.932672023773193 
5.064748764038086 
6.135890960693359 
7.21318244934082 
5.33560848236084 
4.967170238494873 
5.157103538513184 
5.073454856872559 
4.956639289855957 
4.867607593536377 
4.916245460510254 
7.143132209777832 
5.698230743408203 
5.791341781616211 
4.792126178741455 
4.905029296875 
6.805214881896973 
6.828007221221924 
5.21666145324707 
5.6529927253723145 
5.064197540283203 
5.713689804077148 
5.033442497253418 
5.186379909515381 
4.849944114685059 
4.851194381713867 
4.779303550720215 
5.72847843170166 
4.873340606689453 
6.253661155700684 
5.078731060028076 
4.967941761016846 
5.081884384155273 
8.699138641357422 
4.990049362182617 
4.927783012390137 
4.904541969299316 
4.940725326538086 
6.801758766174316 
6.859670639038086 
5.117274761199951 
4.9664812088012695 
4.963105201721191 
4.884964942932129 
5.314458847045898 
5.06684684753418 
5.169374465942383 
5.038991928100586 
5.334251403808594 
7.205047607421875 
5.376212120056152 
6.221200942993164 
5.151740074157715 
4.971003532409668 
5.184791088104248 
6.048849105834961 
4.854759216308594 
5.590682029724121 
5.373621940612793 
5.09385871887207 
5.534548759460449 
4.997524738311768 
4.9183125495910645 
5.268354892730713 
5.651111125946045 
5.695802688598633 
5.11566686630249 
5.072284698486328 
5.043142318725586 
5.032711982727051 
5.020820617675781 
5.089011192321777 
5.013908863067627 
5.470198631286621 
5.256427764892578 
5.188328742980957 
6.352160453796387 
5.005323886871338 
5.04039192199707 
5.615667819976807 
7.080426216125488 
5.896966934204102 
5.232840538024902 
5.115818023681641 
5.33979606628418 
7.724931716918945 
5.1647748947143555 
5.022456169128418 
8.502889633178711 
8.810853958129883 
6.097041130065918 
6.395347595214844 
5.23578405380249 
5.6250128746032715 
4.867558479309082 
5.163169860839844 
5.153370380401611 
6.874104976654053 
8.659255981445312 
5.008078575134277 
5.022662162780762 
5.0857343673706055 
5.024543762207031 
4.768186569213867 
5.008877754211426 
6.834153175354004 
4.942827224731445 
4.647850036621094 
4.806911468505859 
5.10679292678833 
5.172045707702637 
5.083507537841797 
5.537916660308838 
8.56396484375 
5.06404447555542 
4.939589977264404 
4.985759258270264 
4.942292213439941 
6.961849212646484 
4.832475662231445 
4.914139270782471 
5.099550247192383 
5.587707042694092 
9.347270965576172 
9.440013885498047 
4.91764497756958 
5.100080490112305 
4.996804237365723 
4.898388862609863 
5.005620002746582 
4.8686065673828125 
7.111045837402344 
5.245943546295166 
5.0069580078125 
5.202033042907715 
5.618491172790527 
5.280279159545898 
4.981436729431152 
6.191092491149902 
7.509167671203613 
4.996516227722168 
5.134138107299805 
5.191509246826172 
5.207198143005371 
5.228921413421631 
8.455041885375977 
5.244013786315918 
5.0232133865356445 
5.413646697998047 
4.985536098480225 
5.2331743240356445 
5.039895534515381 
4.828028678894043 
5.57777214050293 
7.290020942687988 
6.204005241394043 
5.4370808601379395 
4.897611618041992 
4.985565185546875 
5.0100202560424805 
5.2651214599609375 
5.527132034301758 
8.823094367980957 
8.127435684204102 
4.893096923828125 
5.005697250366211 
5.077380657196045 
5.580135822296143 
5.049086093902588 
4.8546295166015625 
5.012113571166992 
4.9046173095703125 
5.013957500457764 
5.010660648345947 
5.29836368560791 
4.980926036834717 
4.844419479370117 
7.614289283752441 
4.987065315246582 
5.010885238647461 
7.1242899894714355 
5.783787250518799 
5.398618698120117 
5.546220779418945 
8.589107513427734 
5.017465591430664 
5.150375843048096 
6.348422527313232 
6.586176872253418 
4.997879981994629 
5.245063781738281 
4.955156326293945 
4.847536087036133 
5.048311233520508 
5.152202129364014 
6.048765182495117 
5.2009429931640625 
5.213768482208252 
4.895602226257324 
5.0051374435424805 
6.812862396240234 
5.303060054779053 
5.153557777404785 
5.151130199432373 
5.199831008911133 
6.511418342590332 
5.003201484680176 
5.07342004776001 
5.135068416595459 
5.446646213531494 
5.0720696449279785 
5.269965171813965 
4.936369895935059 
4.993287086486816 
7.267960071563721 
4.882645606994629 
5.793955326080322 
6.940792083740234 
6.727121829986572 
4.995339393615723 
4.9450225830078125 
5.961564064025879 
5.020790100097656 
7.5986857414245605 
6.584690093994141 
5.169403076171875 
5.058335304260254 
5.240226745605469 
5.077929973602295 
5.582558631896973 
5.087979316711426 
6.259238243103027 
5.277544975280762 
5.099930763244629 
5.148812294006348 
5.322763919830322 
6.061893939971924 
5.392457008361816 
5.263659477233887 
5.6434407234191895 
5.051390647888184 
5.000247955322266 
5.1487321853637695 
5.318890571594238 
5.325100421905518 
5.050595283508301 
4.857355117797852 
5.616782188415527 
5.110533237457275 
8.81972885131836 
5.679368019104004 
4.996360778808594 
5.090287685394287 
5.117821216583252 
5.869255065917969 
5.189845085144043 
8.131743431091309 
6.5489821434021 
5.041037559509277 
5.069698810577393 
4.814252853393555 
8.379524230957031 
6.7515645027160645 
5.5005035400390625 
5.163303375244141 
5.8900017738342285 
4.856315612792969 
4.973238945007324 
5.078434944152832 
4.9653730392456055 
5.010835647583008 
5.223587989807129 
4.916495323181152 
5.022132396697998 
5.1361894607543945 
5.310550689697266 
6.209615230560303 
5.017786979675293 
4.843668460845947 
8.113997459411621 
4.9604716300964355 
4.906233787536621 
4.937387466430664 
5.118019104003906 
5.095104217529297 
6.815872669219971 
5.237804412841797 
5.028589248657227 
5.086119651794434 
5.089718818664551 
4.7790303230285645 
5.037872314453125 
6.278831481933594 
5.978601455688477 
4.988880157470703 
6.14913272857666 
5.218923568725586 
5.015786170959473 
5.258684158325195 
5.080632209777832 
4.963858604431152 
5.573923110961914 
5.134088516235352 
5.063237190246582 
5.15726900100708 
5.009651184082031 
4.907834053039551 
4.893573760986328 
5.43239164352417 
5.181718349456787 
5.082451820373535 
5.155956745147705 
4.976034164428711 
5.514094829559326 
5.056421279907227 
5.080681800842285 
5.0235981941223145 
5.0962138175964355 
4.982209205627441 
4.967991828918457 
5.575637340545654 
7.178890228271484 
5.064119338989258 
4.852602005004883 
4.968337535858154 
6.2299604415893555 
4.997197151184082 
5.0770416259765625 
5.122300148010254 
5.0893659591674805 
5.140067100524902 
5.043570518493652 
6.067562103271484 
4.915639877319336 
4.809676647186279 
5.04782772064209 
5.5093793869018555 
5.460218906402588 
5.043249607086182 
5.033089637756348 
5.135202884674072 
5.119400978088379 
5.105695724487305 
5.412630081176758 
5.125304222106934 
5.739213943481445 
5.258787155151367 
5.125747203826904 
5.295438766479492 
6.304180145263672 
5.163906097412109 
5.131196975708008 
5.034642696380615 
5.02152156829834 
4.810710906982422 
5.764463901519775 
4.930491924285889 
4.955654621124268 
4.98509407043457 
5.729779243469238 
5.147747039794922 
5.111414909362793 
5.015450954437256 
5.317338943481445 
5.949218273162842 
6.092811584472656 
5.011814594268799 
4.975606918334961 
5.123737335205078 
5.104498863220215 
4.827653408050537 
5.437565326690674 
5.144441604614258 
5.28007698059082 
5.100851535797119 
7.899524688720703 
4.9474334716796875 
5.090496063232422 
5.412774562835693 
5.152355194091797 
5.466034889221191 
5.641837120056152 
4.9699201583862305 
5.104837417602539 
7.272970676422119 
5.665426254272461 
5.012102127075195 
5.895916938781738 
4.978578567504883 
4.996844291687012 
5.773768901824951 
6.250016212463379 
5.062371730804443 
4.9710798263549805 
6.1932783126831055 
5.035277366638184 
4.913331031799316 
5.146507263183594 
5.101955413818359 
5.576848030090332 
5.1411943435668945 
5.473334312438965 
4.838959693908691 
5.405331134796143 
4.926204681396484 
4.994392395019531 
5.018546104431152 
5.155435562133789 
4.885683536529541 
5.0186767578125 
7.28270149230957 
5.896561622619629 
5.143577575683594 
4.996448040008545 
9.220337867736816 
5.769763946533203 
5.1006245613098145 
5.023581504821777 
5.728304386138916 
5.1789093017578125 
5.430727005004883 
5.036882400512695 
4.970350742340088 
5.202495098114014 
5.2104716300964355 
4.758122444152832 
5.089922904968262 
4.985558032989502 
5.081027507781982 
5.0479936599731445 
5.533747673034668 
4.920583248138428 
6.372278690338135 
5.706254005432129 
5.146444320678711 
4.912579536437988 
5.022765159606934 
4.897294044494629 
4.913790702819824 
5.072539329528809 
5.019198894500732 
5.32241678237915 
5.196659564971924 
4.809749603271484 
5.003972053527832 
5.146828651428223 
5.178028106689453 
4.8702239990234375 
5.216361999511719 
4.822547912597656 
4.848603248596191 
5.138031005859375 
7.2534260749816895 
4.846707344055176 
5.200675964355469 
5.585216522216797 
4.951869487762451 
7.37386417388916 
5.321798324584961 
5.471215724945068 
4.937071323394775 
4.843993186950684 
6.357320785522461 
6.035375595092773 
4.917308330535889 
5.097661972045898 
5.144830703735352 
5.173915863037109 
5.137707710266113 
5.147047996520996 
5.041861534118652 
4.879889488220215 
4.965234756469727 
6.856278896331787 
5.081818580627441 
5.085334300994873 
5.282692909240723 
5.095505714416504 
5.065986633300781 
5.181597709655762 
4.9327497482299805 
4.898471832275391 
5.18263578414917 
4.768630504608154 
6.213842391967773 
5.049583435058594 
4.98240852355957 
5.560273170471191 
5.173166751861572 
5.139293670654297 
5.010385990142822 
6.407608509063721 
5.209317684173584 
4.896673202514648 
5.866229057312012 
5.215625286102295 
6.125275611877441 
5.02997350692749 
5.1252899169921875 
4.973491191864014 
5.137784004211426 
5.167526721954346 
5.348848342895508 
5.222231864929199 
5.13327169418335 
7.3165130615234375 
4.989435195922852 
5.024750232696533 
5.454380035400391 
5.222416877746582 
5.791093826293945 
6.104517936706543 
6.178576469421387 
7.756242752075195 
5.11503791809082 
4.797005653381348 
6.044644355773926 
5.150206565856934 
5.036746025085449 
4.880612373352051 
4.963003158569336 
5.173985004425049 
4.871695041656494 
4.962676048278809 
4.917191505432129 
6.587162017822266 
5.1796040534973145 
6.233696937561035 
4.97682523727417 
4.873066425323486 
5.161111354827881 
5.269591808319092 
5.162659645080566 
5.116433620452881 
5.686303615570068 
5.1877899169921875 
5.778529644012451 
6.151666641235352 
4.975533962249756 
4.953555107116699 
6.501668453216553 
5.221560955047607 
7.976053714752197 
5.654003143310547 
4.982813835144043 
6.209977626800537 
4.970245838165283 
5.006946563720703 
5.355731010437012 
5.6993560791015625 
5.151900768280029 
6.581915378570557 
8.826164245605469 
4.747871398925781 
7.441162109375 
5.109169006347656 
4.853494644165039 
4.987377643585205 
5.26210880279541 
4.936459064483643 
5.452098846435547 
5.109113693237305 
4.840761184692383 
5.081978797912598 
4.836108207702637 
6.287469863891602 
5.063789367675781 
5.998729228973389 
4.943971633911133 
4.947309970855713 
5.075167655944824 
5.0037384033203125 
7.039592266082764 
5.158830165863037 
7.024103164672852 
5.170672416687012 
5.149145126342773 
4.932879447937012 
4.987396240234375 
6.206258296966553 
5.997467041015625 
4.963413238525391 
5.313196182250977 
5.350007057189941 
4.989623546600342 
4.941328525543213 
5.860326766967773 
5.115344524383545 
4.9593377113342285 
5.089743614196777 
5.221989154815674 
5.145310878753662 
5.213347911834717 
4.906814098358154 
5.0079145431518555 
9.4794921875 
5.028961181640625 
5.085183143615723 
5.054713726043701 
5.309732437133789 
5.15286922454834 
7.638427734375 
5.15215539932251 
5.262532711029053 
9.169620513916016 
4.945065021514893 
5.0509138107299805 
4.86959171295166 
5.0635271072387695 
7.351375579833984 
5.254638671875 
8.9005765914917 
5.017134189605713 
5.816275596618652 
4.99934720993042 
5.006824016571045 
6.008853912353516 
4.949082374572754 
4.9613847732543945 
4.881068706512451 
4.954983711242676 
5.0393476486206055 
4.889059543609619 
5.1716766357421875 
5.018579483032227 
5.309220790863037 
4.866785049438477 
5.291515350341797 
5.141142845153809 
4.983092308044434 
5.997982978820801 
8.024449348449707 
5.128081798553467 
5.37332820892334 
4.862028121948242 
5.032207012176514 
6.576042175292969 
4.948790550231934 
4.973948955535889 
4.963736534118652 
5.124422550201416 
5.081353664398193 
7.491823196411133 
5.191648006439209 
5.921091079711914 
5.17081356048584 
4.9595842361450195 
5.223861217498779 
5.366595268249512 
6.2796220779418945 
8.620088577270508 
6.192172527313232 
5.281824588775635 
5.2441511154174805 
4.957294464111328 
6.812281131744385 
5.298346519470215 
6.0897297859191895 
7.038269996643066 
7.064188003540039 
5.850403785705566 
5.105581283569336 
4.9710283279418945 
5.154949188232422 
5.437590599060059 
4.9675469398498535 
4.897170066833496 
5.08622932434082 
4.877042770385742 
5.095550060272217 
4.953218460083008 
4.980001926422119 
5.06606388092041 
5.024738311767578 
5.014171123504639 
4.941314697265625 
5.005618572235107 
5.971843719482422 
4.954764366149902 
6.651926040649414 
5.043362617492676 
4.9406561851501465 
5.108564376831055 
5.166899681091309 
5.097537040710449 
5.784310340881348 
5.793963432312012 
5.180481433868408 
4.868220806121826 
4.992341041564941 
5.08253812789917 
6.264647483825684 
5.079524517059326 
6.564997673034668 
4.90958309173584 
5.237616062164307 
5.105508804321289 
5.449495792388916 
7.432195663452148 
4.960422039031982 
6.140303611755371 
5.490753650665283 
5.272698402404785 
4.962785243988037 
5.061877250671387 
5.023847579956055 
4.910824298858643 
6.648515701293945 
5.170531272888184 
5.049130916595459 
5.334954261779785 
4.971746444702148 
5.341649532318115 
6.721121788024902 
5.8376665115356445 
4.988058090209961 
5.341965675354004 
5.437055587768555 
5.169952392578125 
6.482880592346191 
5.012547492980957 
4.867859840393066 
5.052670478820801 
6.031548500061035 
5.311807632446289 
5.082877159118652 
5.162333965301514 
4.923829078674316 
5.939666748046875 
4.892478942871094 
4.933962821960449 
5.266229629516602 
5.091757774353027 
6.023367881774902 
5.241289138793945 
5.641751289367676 
4.8900933265686035 
6.58587121963501 
6.067312240600586 
5.003145694732666 
5.451170921325684 
5.071133613586426 
5.153550148010254 
5.0589599609375 
5.197291851043701 
5.202762126922607 
5.126258850097656 
7.253702163696289 
5.092057228088379 
5.212160587310791 
5.3663177490234375 
5.072391510009766 
5.165236949920654 
5.733865737915039 
5.610055923461914 
4.9689412117004395 
4.839748382568359 
5.907963752746582 
4.6442155838012695 
5.428672790527344 
5.098662853240967 
5.667645454406738 
4.992551803588867 
4.95795202255249 
5.119174480438232 
5.200571537017822 
7.0886359214782715 
5.068300247192383 
4.946197032928467 
5.049234390258789 
5.430860996246338 
5.105684757232666 
5.609167098999023 
5.035269737243652 
5.061552047729492 
5.434550762176514 
4.887764930725098 
4.964414596557617 
4.797064304351807 
4.888219356536865 
5.051222801208496 
7.052493095397949 
6.278137683868408 
8.68712043762207 
5.063887596130371 
6.158793926239014 
5.8753767013549805 
7.925442695617676 
4.942549705505371 
4.791852951049805 
5.351439476013184 
6.398015975952148 
5.084013938903809 
5.023136138916016 
5.140893936157227 
5.079072952270508 
4.901025772094727 
4.904820442199707 
5.430826663970947 
6.088198661804199 
5.132757663726807 
5.1202850341796875 
4.885335445404053 
8.718332290649414 
5.047176837921143 
5.242132186889648 
5.301090717315674 
4.880951404571533 
5.189977645874023 
5.033202648162842 
6.377445220947266 
4.994273662567139 
5.066097259521484 
5.123144149780273 
5.978665351867676 
5.277939319610596 
5.1432013511657715 
6.336108684539795 
6.144503593444824 
5.069697856903076 
5.328552722930908 
5.387143135070801 
5.062966346740723 
5.9555816650390625 
5.2588653564453125 
5.03106689453125 
6.891088962554932 
5.9294304847717285 
6.31086540222168 
5.035401344299316 
5.172937393188477 
5.191039085388184 
4.9867143630981445 
5.274327278137207 
6.364719390869141 
5.599828243255615 
4.984099388122559 
5.18778133392334 
5.939096927642822 
5.053959846496582 
4.867502212524414 
5.144087314605713 
5.245380401611328 
4.8900251388549805 
7.035016059875488 
5.023077964782715 
5.009198188781738 
4.972841739654541 
5.239559173583984 
4.995974063873291 
5.175999164581299 
5.045803070068359 
5.078498363494873 
5.484347343444824 
5.071768283843994 
6.169168472290039 
5.4186882972717285 
5.450173377990723 
5.176443099975586 
6.477913856506348 
4.889588356018066 
5.0794830322265625 
5.008667945861816 
7.225948810577393 
5.187160015106201 
4.964343070983887 
4.782870292663574 
7.372791290283203 
5.037019729614258 
4.966724395751953 
4.957401752471924 
6.555781841278076 
5.104159355163574 
5.217260360717773 
6.61146354675293 
5.842893600463867 
8.469266891479492 
4.83287239074707 
5.331578254699707 
4.979170799255371 
5.14801025390625 
5.063621520996094 
5.036810874938965 
4.869050025939941 
6.169702529907227 
6.252956390380859 
5.125732421875 
7.924071311950684 
5.60443639755249 
7.667618274688721 
4.921652793884277 
5.027349472045898 
5.204270362854004 
6.186210632324219 
6.295536041259766 
6.399641036987305 
6.384108543395996 
7.3675079345703125 
6.209714412689209 
9.089136123657227 
5.092905044555664 
5.603420257568359 
6.83784294128418 
5.089787483215332 
5.148540019989014 
6.793045520782471 
7.392375946044922 
4.931570529937744 
5.114476203918457 
5.0863356590271 
4.969235420227051 
6.111277103424072 
7.030104637145996 
6.176295757293701 
5.8006086349487305 
9.648192405700684 
5.409971237182617 
6.211302757263184 
4.9811506271362305 
5.939763069152832 
5.63358211517334 
6.057791709899902 
5.1069016456604 
5.457577705383301 
4.989151954650879 
5.006834030151367 
4.926170349121094 
6.303530216217041 
6.4227471351623535 
5.10406494140625 
5.023808479309082 
5.937141418457031 
5.0344438552856445 
6.904296398162842 
5.10186243057251 
5.8806304931640625 
5.0435895919799805 
5.17171573638916 
7.3193769454956055 
5.0464887619018555 
4.946582794189453 
8.242181777954102 
5.06705904006958 
4.987484455108643 
7.0352373123168945 
8.342254638671875 
5.284217834472656 
5.076507568359375 
5.1120429039001465 
5.279395580291748 
5.5335845947265625 
5.120469570159912 
8.345373153686523 
5.1230573654174805 
5.23407506942749 
5.012007236480713 
5.0221452713012695 
6.535170078277588 
6.230775833129883 
5.0702924728393555 
4.978726863861084 
4.997932434082031 
5.041521072387695 
5.153716087341309 
5.6194281578063965 
4.962743759155273 
5.053125381469727 
4.955656051635742 
5.020814418792725 
4.950216770172119 
5.012949466705322 
8.10141372680664 
5.516049861907959 
5.671844959259033 
5.070843696594238 
6.9556355476379395 
5.245841026306152 
4.871593475341797 
7.169309139251709 
5.7327704429626465 
5.629854202270508 
6.998753070831299 
5.71443510055542 
4.808548927307129 
5.5765509605407715 
6.391732692718506 
6.74914026260376 
4.961707592010498 
8.913948059082031 
5.308774948120117 
5.197948932647705 
6.049513816833496 
5.052046775817871 
5.1213579177856445 
4.9412007331848145 
5.2067551612854 
4.974483489990234 
4.914829254150391 
5.13115930557251 
7.3200225830078125 
5.2766337394714355 
4.836370468139648 
5.415478229522705 
4.931632041931152 
6.066797733306885 
5.768015384674072 
5.274312496185303 
6.018678665161133 
4.976922988891602 
4.9979658126831055 
4.908566474914551 
5.111532688140869 
5.485591888427734 
5.010622978210449 
5.143989086151123 
9.290040969848633 
4.863530158996582 
5.380936622619629 
4.956615447998047 
6.382664680480957 
5.033624649047852 
4.9859843254089355 
5.192562580108643 
5.4020609855651855 
5.589112281799316 
5.113516330718994 
5.049172878265381 
5.020450592041016 
5.039953708648682 
4.73754358291626 
6.284090042114258 
4.827152252197266 
4.875096321105957 
4.91834831237793 
4.94381856918335 
8.462505340576172 
7.544641017913818 
5.301943778991699 
4.876807689666748 
8.15652084350586 
5.060114860534668 
5.579856872558594 
5.167834758758545 
5.038667678833008 
5.10885763168335 
5.127335548400879 
4.98713493347168 
5.1499457359313965 
5.152907848358154 
5.334481239318848 
5.559023857116699 
4.90623664855957 
5.0654473304748535 
4.866095542907715 
5.145774841308594 
6.579906463623047 
5.218700885772705 
5.105107307434082 
5.131618022918701 
5.1173505783081055 
7.3972578048706055 
4.864270210266113 
5.059839725494385 
5.150727272033691 
4.926085948944092 
5.1197943687438965 
7.713283538818359 
4.911060810089111 
6.042358875274658 
6.375704765319824 
4.781877517700195 
5.078275680541992 
5.02735710144043 
4.936219215393066 
5.041463851928711 
5.29160737991333 
5.1009521484375 
4.993481159210205 
5.033340930938721 
4.855471134185791 
6.374808311462402 
5.81879997253418 
7.377060413360596 
5.257492542266846 
5.616848945617676 
5.252232551574707 
5.023299217224121 
5.46469783782959 
5.336338996887207 
8.762613296508789 
5.050096035003662 
5.601210594177246 
5.011353492736816 
5.0816240310668945 
5.022938251495361 
5.027760028839111 
7.631771087646484 
4.800625801086426 
4.973776817321777 
5.51826286315918 
5.226846694946289 
4.976614952087402 
5.133441925048828 
5.379985809326172 
5.025935649871826 
6.304874420166016 
6.5855536460876465 
5.755210876464844 
5.195137023925781 
4.894118309020996 
5.037374973297119 
5.058888912200928 
4.874721527099609 
4.952242851257324 
5.022133827209473 
4.964494705200195 
5.451737403869629 
5.061748504638672 
6.4014506340026855 
9.389935493469238 
5.083243370056152 
5.252259731292725 
5.258731842041016 
6.415373802185059 
5.0513200759887695 
4.8584885597229 
4.931423187255859 
6.159453392028809 
5.577694416046143 
5.069645404815674 
5.2310943603515625 
6.172187328338623 
6.926629066467285 
4.974807262420654 
4.937495231628418 
4.990926265716553 
8.166298866271973 
5.100472927093506 
5.070987224578857 
4.976396083831787 
5.0812273025512695 
4.796368598937988 
6.091005325317383 
5.165867805480957 
5.08013916015625 
4.92350959777832 
5.533757209777832 
4.985774040222168 
5.015618324279785 
4.987955570220947 
4.976755142211914 
5.200507164001465 
5.323061943054199 
5.696053504943848 
5.4177703857421875 
5.096290588378906 
5.6721649169921875 
5.06424617767334 
5.174642562866211 
4.985105514526367 
4.983729362487793 
4.993149757385254 
7.491151332855225 
5.054802894592285 
5.252843856811523 
5.998102188110352 
5.084496974945068 
4.991099834442139 
5.545712471008301 
5.18028450012207 
5.77618932723999 
7.554277420043945 
4.938663005828857 
4.917226314544678 
4.917011260986328 
5.4332380294799805 
5.608991622924805 
5.336121559143066 
4.889896392822266 
4.97772216796875 
5.237131595611572 
4.871949672698975 
5.037137985229492 
7.5266618728637695 
5.867810249328613 
4.967312812805176 
4.9751176834106445 
5.645620346069336 
6.168647766113281 
5.671450614929199 
4.850322246551514 
5.530932426452637 
4.8941569328308105 
5.458137512207031 
5.277013301849365 
5.076308250427246 
5.460284233093262 
5.2448506355285645 
7.673806667327881 
8.036166191101074 
5.283898830413818 
4.925567626953125 
8.311441421508789 
5.0926432609558105 
5.411749839782715 
5.112653732299805 
5.097827911376953 
4.806488990783691 
4.840888977050781 
5.2561869621276855 
5.137149333953857 
5.163763999938965 
5.025372505187988 
6.494215965270996 
5.11571741104126 
5.035650730133057 
5.031241416931152 
5.170845985412598 
5.778680801391602 
5.363852024078369 
5.007514953613281 
5.377324104309082 
5.014225006103516 
7.957944869995117 
5.454240798950195 
7.518712520599365 
7.278018474578857 
5.575122833251953 
6.629241466522217 
4.953482627868652 
6.956021785736084 
5.0573530197143555 
7.228429317474365 
5.152766227722168 
5.082053184509277 
5.271184921264648 
5.082634925842285 
6.854759216308594 
5.0695319175720215 
4.833335876464844 
5.128934860229492 
5.4983344078063965 
5.589239120483398 
5.041266441345215 
5.306006908416748 
6.77034330368042 
5.205554962158203 
5.380008220672607 
5.128394603729248 
5.039744853973389 
9.01830005645752 
5.181338310241699 
5.322596073150635 
5.032729625701904 
5.275986671447754 
5.081507682800293 
5.104249000549316 
6.182726860046387 
5.003559589385986 
5.070676803588867 
5.426319599151611 
5.931585311889648 
7.070517539978027 
4.867264747619629 
4.975883960723877 
5.349967002868652 
4.811845779418945 
5.245748996734619 
5.270642280578613 
5.2770891189575195 
4.9444804191589355 
5.343937397003174 
5.131969451904297 
4.88761568069458 
4.944309234619141 
5.187002658843994 
8.192075729370117 
5.174168109893799 
5.031120777130127 
5.016953468322754 
5.015328407287598 
7.107608318328857 
6.486546516418457 
4.970479488372803 
5.006450176239014 
5.138474464416504 
5.043148040771484 
5.002872467041016 
8.382379531860352 
5.125985145568848 
4.893181324005127 
5.087784767150879 
4.904877662658691 
5.5487565994262695 
5.342702388763428 
5.022465229034424 
4.997119903564453 
5.199202060699463 
4.909819602966309 
7.618938446044922 
8.183065414428711 
4.913702011108398 
6.792050361633301 
5.205998420715332 
5.049151420593262 
6.53393030166626 
5.397518157958984 
5.0473713874816895 
5.21130895614624 
5.699663162231445 
5.232759952545166 
4.959281921386719 
5.425442218780518 
8.017613410949707 
5.014438629150391 
5.680524826049805 
4.975192546844482 
5.18588924407959 
5.108736038208008 
5.981148719787598 
5.056081771850586 
5.763265132904053 
6.7553606033325195 
5.0622758865356445 
5.131226539611816 
4.941432952880859 
5.085410118103027 
5.098323822021484 
4.946180820465088 
4.945921897888184 
5.136518955230713 
4.867120265960693 
6.988216400146484 
5.759987831115723 
4.9168925285339355 
4.995536804199219 
5.429335117340088 
5.118068695068359 
5.165345191955566 
7.306831359863281 
5.009583473205566 
4.967193126678467 
4.987435340881348 
6.720722675323486 
5.023958206176758 
5.065191268920898 
4.96963357925415 
5.095355987548828 
5.2016425132751465 
6.067037105560303 
5.386588096618652 
4.9162774085998535 
6.041853904724121 
5.418599605560303 
5.057033061981201 
5.702836513519287 
4.954642295837402 
4.903449535369873 
5.051568984985352 
5.23150634765625 
5.094856262207031 
5.179791450500488 
5.200963020324707 
5.285078048706055 
5.014416694641113 
5.250503063201904 
8.57761001586914 
5.007023811340332 
6.158841609954834 
5.138445854187012 
4.9941325187683105 
5.094214916229248 
8.266426086425781 
5.566057205200195 
5.245399475097656 
4.973576068878174 
6.631319046020508 
5.16633939743042 
5.084612846374512 
4.978543281555176 
4.880882740020752 
4.90583610534668 
5.714572429656982 
5.306374549865723 
6.343819618225098 
5.0909929275512695 
5.196056842803955 
5.063857078552246 
5.259180068969727 
5.252070426940918 
6.916689395904541 
5.945350646972656 
5.102148056030273 
5.25350284576416 
6.282710552215576 
4.845928192138672 
4.85283088684082 
5.000559329986572 
4.807433128356934 
5.161317825317383 
5.215516090393066 
5.160656452178955 
5.0790696144104 
5.147090435028076 
6.4169464111328125 
5.157528877258301 
4.91916561126709 
5.419487953186035 
5.514933109283447 
5.044249534606934 
8.225296020507812 
5.098618984222412 
5.095341205596924 
8.028614044189453 
4.880771636962891 
4.989438056945801 
5.039777755737305 
4.958313941955566 
5.991650581359863 
5.710506916046143 
5.133205413818359 
5.167909622192383 
5.1934614181518555 
5.0057148933410645 
5.120339870452881 
6.518826484680176 
5.310369491577148 
5.108057975769043 
7.472226619720459 
7.766656875610352 
4.976707458496094 
5.4392991065979 
5.530950546264648 
6.4328813552856445 
6.142225742340088 
4.943208694458008 
4.946526527404785 
5.267648696899414 
6.949756622314453 
5.007474899291992 
4.9712629318237305 
5.098074436187744 
5.05476713180542 
5.330077171325684 
6.1658711433410645 
5.461362838745117 
4.915309906005859 
4.999058723449707 
5.200803756713867 
4.92737340927124 
7.467808246612549 
5.236111640930176 
5.077674388885498 
4.947279930114746 
5.1165056228637695 
5.3529767990112305 
7.155625343322754 
5.651448726654053 
5.010261535644531 
5.074755668640137 
4.989322662353516 
9.803762435913086 
4.862890243530273 
5.292386054992676 
5.265751838684082 
4.9357194900512695 
5.06886100769043 
4.87196683883667 
5.03818416595459 
5.087252616882324 
5.23807430267334 
5.650422096252441 
4.94805908203125 
5.19920015335083 
4.954798698425293 
4.987842559814453 
4.874139308929443 
5.262483596801758 
4.9149627685546875 
5.557943344116211 
5.047360897064209 
6.40910530090332 
8.157233238220215 
4.909461975097656 
6.408459186553955 
5.172738552093506 
4.98991584777832 
5.33845329284668 
5.105415344238281 
5.0604472160339355 
5.057158470153809 
5.3413848876953125 
5.324985504150391 
5.155397415161133 
5.620428085327148 
5.129042148590088 
4.990683555603027 
4.960705280303955 
4.887788772583008 
4.994469165802002 
6.047433853149414 
5.096495628356934 
5.169990539550781 
5.560522079467773 
6.436131477355957 
5.020966053009033 
4.8953752517700195 
5.106569766998291 
