5.026000499725342 
5.096161365509033 
5.194091320037842 
5.172207832336426 
5.369750499725342 
5.2039690017700195 
5.147913932800293 
4.955829620361328 
5.113237380981445 
5.225401401519775 
5.48000955581665 
6.192439079284668 
5.3437700271606445 
4.8635125160217285 
5.124048233032227 
7.502060890197754 
5.774557590484619 
5.143004894256592 
7.61590576171875 
8.731106758117676 
6.314443111419678 
5.181662082672119 
8.513439178466797 
5.467658519744873 
5.354996204376221 
6.929617404937744 
5.35726261138916 
5.328548908233643 
5.2882561683654785 
6.912108898162842 
5.365612506866455 
5.661462306976318 
6.839388370513916 
5.253249168395996 
5.078486442565918 
5.545793056488037 
5.134734153747559 
5.654594898223877 
5.111835956573486 
5.2734293937683105 
5.620998859405518 
5.305064678192139 
5.029126167297363 
6.149906158447266 
6.876973628997803 
5.762628555297852 
5.1370158195495605 
5.93070650100708 
5.324893474578857 
5.69787073135376 
5.200542449951172 
4.939421653747559 
6.337574481964111 
5.22361946105957 
5.245702266693115 
5.2644524574279785 
5.696506977081299 
4.856287956237793 
5.3614678382873535 
4.913727283477783 
5.159961700439453 
5.083736896514893 
5.163896560668945 
5.154664516448975 
5.29896879196167 
5.037395000457764 
5.148355484008789 
7.132256507873535 
5.1045002937316895 
5.439448356628418 
5.583649158477783 
7.65870475769043 
4.709872722625732 
5.963547229766846 
5.284447193145752 
5.973275661468506 
5.110883712768555 
5.342458724975586 
4.708789348602295 
5.053567409515381 
5.15350866317749 
5.455444812774658 
5.218551158905029 
7.841896057128906 
5.22260046005249 
5.056009769439697 
5.555757999420166 
5.121584415435791 
5.320484638214111 
4.981536388397217 
5.000193119049072 
5.509263515472412 
4.91564416885376 
4.925347328186035 
4.937821865081787 
4.739955902099609 
5.3876848220825195 
5.527578830718994 
5.138778209686279 
5.558441638946533 
5.873426914215088 
5.149149417877197 
5.271535873413086 
5.885560035705566 
4.998171806335449 
5.2872490882873535 
5.32956600189209 
5.67871618270874 
5.30575704574585 
5.945863723754883 
5.0649237632751465 
5.574997425079346 
5.029632568359375 
5.159048080444336 
5.095671653747559 
5.374903202056885 
5.187753677368164 
4.838113307952881 
4.939298152923584 
5.59151554107666 
5.621324062347412 
5.598508358001709 
4.932467937469482 
5.498089790344238 
4.960638046264648 
5.427429676055908 
4.988770961761475 
5.33654260635376 
5.159461498260498 
5.212482929229736 
5.0303874015808105 
5.03629732131958 
5.199264049530029 
5.724738597869873 
4.922847270965576 
6.481655120849609 
5.472026824951172 
5.398763179779053 
5.315858364105225 
5.785306453704834 
5.029989719390869 
5.064090251922607 
5.098798751831055 
4.834231853485107 
5.350118637084961 
5.343894004821777 
4.912415027618408 
5.356321811676025 
5.465181827545166 
7.805039882659912 
5.318282604217529 
4.992315769195557 
5.361083030700684 
5.331064701080322 
5.983178615570068 
5.335330963134766 
5.958287715911865 
5.124596118927002 
5.210846424102783 
5.545255661010742 
6.855485916137695 
5.739978313446045 
5.678664684295654 
5.118014812469482 
5.379483699798584 
7.116827487945557 
5.085897445678711 
8.070903778076172 
5.339256763458252 
4.964990615844727 
5.2524333000183105 
6.043459415435791 
5.223365306854248 
5.104032039642334 
5.384657859802246 
5.243305683135986 
5.308689594268799 
6.648473739624023 
5.575167179107666 
5.6212158203125 
5.32226037979126 
5.15134859085083 
5.933366298675537 
6.842770576477051 
5.088247299194336 
5.857943534851074 
5.39781379699707 
5.012763023376465 
5.167909145355225 
5.147374629974365 
5.776368618011475 
4.948048114776611 
5.142211437225342 
5.0757527351379395 
6.396059513092041 
5.15452241897583 
5.402130126953125 
5.1968302726745605 
4.997488498687744 
5.069143295288086 
5.11789083480835 
5.335226535797119 
5.412944316864014 
5.693697452545166 
6.00302791595459 
5.285215854644775 
5.386315822601318 
6.766901969909668 
5.175791263580322 
5.7895121574401855 
7.149909973144531 
5.497401714324951 
5.194717884063721 
5.123796463012695 
5.240116119384766 
7.024041652679443 
6.367151260375977 
5.538222789764404 
5.336372375488281 
6.5659499168396 
5.386477947235107 
6.292686462402344 
5.222306728363037 
5.104162693023682 
5.581964015960693 
5.3594536781311035 
4.9018874168396 
8.182183265686035 
7.416727066040039 
5.180169582366943 
5.227805137634277 
5.394108295440674 
6.380642414093018 
6.312180519104004 
5.3536696434021 
5.01686429977417 
5.495133876800537 
5.2084879875183105 
5.328031063079834 
5.594796657562256 
7.650434970855713 
5.046656608581543 
5.352993488311768 
6.966207981109619 
5.403605937957764 
4.932157516479492 
5.076503276824951 
5.097240924835205 
5.616730213165283 
7.256096363067627 
5.262770175933838 
6.08180570602417 
5.506231784820557 
5.006117343902588 
5.216118335723877 
5.178792476654053 
5.093614101409912 
5.158939838409424 
5.106414794921875 
6.54443883895874 
4.700978755950928 
5.113517761230469 
5.6400933265686035 
4.888194561004639 
5.193907260894775 
5.669491767883301 
4.888837814331055 
5.218389987945557 
5.001890659332275 
6.5858025550842285 
5.5192131996154785 
5.855970859527588 
5.048523902893066 
5.3146796226501465 
5.073460578918457 
5.390427589416504 
5.4634108543396 
4.980698585510254 
5.261677265167236 
5.12870979309082 
5.247573375701904 
5.668025493621826 
5.58120584487915 
5.227290153503418 
5.065592288970947 
5.205206871032715 
5.429036617279053 
5.350707054138184 
5.192795753479004 
5.259859561920166 
5.926680564880371 
5.5419182777404785 
5.887591361999512 
4.7420525550842285 
4.8843207359313965 
5.353731155395508 
5.178835391998291 
5.154992580413818 
7.1027045249938965 
5.4690446853637695 
5.925440311431885 
5.392862796783447 
5.229883193969727 
5.347330093383789 
5.297931671142578 
5.325680732727051 
5.208172798156738 
5.172322750091553 
5.204063415527344 
5.056110858917236 
5.0251030921936035 
5.20679235458374 
5.288048267364502 
5.025412082672119 
5.473181247711182 
6.47396183013916 
5.959794521331787 
4.8288187980651855 
5.01419734954834 
5.372244358062744 
5.072976112365723 
5.092870235443115 
5.124600887298584 
5.131039142608643 
8.231844902038574 
6.38406229019165 
5.3174943923950195 
5.349404811859131 
5.945052623748779 
6.541553974151611 
5.145888805389404 
5.318910121917725 
6.0339179039001465 
4.929865837097168 
5.365856647491455 
5.884917736053467 
5.401777267456055 
5.0255446434021 
5.4788408279418945 
6.214722633361816 
5.357529163360596 
4.990077495574951 
4.932801723480225 
5.0567498207092285 
4.800806999206543 
5.121973037719727 
5.2965874671936035 
5.442742347717285 
4.790451526641846 
5.32289457321167 
5.7778544425964355 
5.321928024291992 
5.111051082611084 
5.1131815910339355 
5.274439334869385 
5.662295341491699 
4.971324443817139 
5.238954067230225 
5.369343280792236 
5.474409580230713 
5.882813930511475 
6.305869102478027 
5.027342796325684 
4.861627101898193 
5.564925670623779 
5.341419219970703 
5.193093299865723 
5.08302640914917 
5.1827521324157715 
5.38582181930542 
5.233400344848633 
5.257807731628418 
5.613730430603027 
5.226535320281982 
4.991654396057129 
5.370009422302246 
5.147909641265869 
6.031090259552002 
5.398036479949951 
5.588402271270752 
5.158954620361328 
7.671386241912842 
5.851865291595459 
5.471222877502441 
5.948601245880127 
5.585982799530029 
5.12061882019043 
5.313203811645508 
5.7184672355651855 
5.097425937652588 
5.032462120056152 
6.992106914520264 
5.606425762176514 
5.653304100036621 
5.478025436401367 
6.763145923614502 
5.828840732574463 
7.3735127449035645 
5.535152912139893 
5.12495231628418 
5.059308052062988 
5.343993663787842 
5.814303874969482 
5.857508659362793 
5.766937255859375 
5.446686267852783 
5.480428218841553 
5.3865509033203125 
5.273214340209961 
5.612625598907471 
5.68973970413208 
5.414523124694824 
5.911378383636475 
5.147982120513916 
5.25825834274292 
4.895206928253174 
5.008082866668701 
4.910390377044678 
5.32031774520874 
5.204538822174072 
5.710693836212158 
5.303040981292725 
5.616160869598389 
5.01560640335083 
5.14804220199585 
5.125158786773682 
8.033086776733398 
5.121833801269531 
5.283414363861084 
5.034508228302002 
4.926677703857422 
5.219654083251953 
9.261521339416504 
5.316157817840576 
5.088033199310303 
4.899172306060791 
4.878608226776123 
5.073029041290283 
5.199101448059082 
5.1726555824279785 
5.053995609283447 
5.317653656005859 
5.896823406219482 
5.509981632232666 
5.318922996520996 
5.482020378112793 
5.186920642852783 
5.500845432281494 
5.647559642791748 
4.821006774902344 
5.825015544891357 
5.134283542633057 
5.5592451095581055 
5.259997844696045 
5.445004940032959 
5.297372817993164 
5.213871002197266 
5.5161662101745605 
5.278928279876709 
5.1302971839904785 
5.147952079772949 
5.131181716918945 
5.5510993003845215 
6.215499401092529 
5.023537635803223 
5.648024082183838 
6.067971229553223 
5.804426193237305 
5.328064441680908 
6.669405460357666 
5.188101291656494 
5.272725582122803 
5.7672905921936035 
5.561275959014893 
5.44746732711792 
5.439225673675537 
5.425573825836182 
4.961306571960449 
5.3578782081604 
7.128302097320557 
5.118617534637451 
5.196436405181885 
5.307538032531738 
5.403045177459717 
4.946061611175537 
5.132827281951904 
5.168978214263916 
5.25939416885376 
5.4229817390441895 
5.196950435638428 
5.864552974700928 
5.389652729034424 
5.205470561981201 
5.15237283706665 
5.472870826721191 
5.107249736785889 
5.420558452606201 
5.43312406539917 
5.015988826751709 
5.40495491027832 
7.234811305999756 
5.105506420135498 
4.915306568145752 
5.279516696929932 
5.388513088226318 
5.053988933563232 
5.3682990074157715 
5.111316680908203 
6.510182857513428 
7.797561168670654 
4.869124889373779 
5.138159275054932 
5.129377841949463 
5.574512958526611 
5.17247200012207 
5.275384426116943 
5.1544108390808105 
5.48808479309082 
5.751004219055176 
7.646159648895264 
5.009888172149658 
5.4905571937561035 
5.085200786590576 
5.379983901977539 
6.142097473144531 
5.065675258636475 
5.582489013671875 
5.183683395385742 
5.131479740142822 
5.290907382965088 
5.104224681854248 
5.428328990936279 
6.002172946929932 
5.265268802642822 
5.3130784034729 
6.167627334594727 
5.105058193206787 
5.202208042144775 
5.324094295501709 
5.317436218261719 
5.19512414932251 
5.541593074798584 
5.138286113739014 
5.039027690887451 
8.733932495117188 
5.5817084312438965 
5.353195667266846 
5.221795558929443 
5.133841037750244 
5.196567058563232 
5.183329105377197 
4.988670825958252 
5.628178596496582 
5.232839107513428 
5.706982612609863 
5.339582920074463 
5.4988226890563965 
4.9733195304870605 
5.189711570739746 
5.381875038146973 
5.669400215148926 
5.0811848640441895 
5.1362223625183105 
6.492030620574951 
6.413064479827881 
5.263718128204346 
6.344047546386719 
7.227067947387695 
5.1072998046875 
5.150527000427246 
4.890986919403076 
5.159140586853027 
5.098687171936035 
5.712388515472412 
6.581827640533447 
5.368866443634033 
8.52446174621582 
5.038726329803467 
5.34280252456665 
5.186178684234619 
6.229041576385498 
5.744553565979004 
5.301530361175537 
6.713822841644287 
6.009472370147705 
5.223351001739502 
5.107928276062012 
7.4026007652282715 
6.396869659423828 
5.020441055297852 
5.326339244842529 
5.525418281555176 
4.631866455078125 
5.6318559646606445 
5.525824546813965 
5.863807678222656 
5.258064270019531 
8.695012092590332 
5.535164833068848 
5.535888195037842 
5.7793288230896 
5.352261066436768 
5.942955493927002 
4.87973690032959 
6.736398220062256 
6.354368686676025 
5.208068370819092 
5.358872413635254 
4.934530258178711 
4.8971076011657715 
5.442441463470459 
5.071581840515137 
5.262092113494873 
5.350374698638916 
6.39243745803833 
5.5493011474609375 
5.238295078277588 
5.620323181152344 
5.058859825134277 
5.3917694091796875 
5.681066989898682 
5.192131519317627 
5.249924182891846 
5.401866436004639 
5.490067005157471 
5.265035152435303 
5.277000904083252 
5.404053211212158 
5.632460117340088 
6.442198753356934 
5.785512447357178 
5.690889835357666 
5.257197856903076 
4.899799823760986 
5.2053914070129395 
5.170781135559082 
5.345357894897461 
5.183696746826172 
5.050606727600098 
5.177456378936768 
5.329658508300781 
5.237751483917236 
4.933503150939941 
5.1535325050354 
5.065356731414795 
7.082487106323242 
5.343438625335693 
6.0962395668029785 
6.649058818817139 
5.08279275894165 
5.3194260597229 
5.328431606292725 
5.237565994262695 
5.153415679931641 
5.520945072174072 
5.539555072784424 
5.349973678588867 
5.177093029022217 
5.227145671844482 
6.045995235443115 
5.307943344116211 
5.25897741317749 
5.010955333709717 
5.090744495391846 
6.646087169647217 
6.223835468292236 
5.1421380043029785 
5.429699897766113 
5.074355125427246 
5.6879191398620605 
4.964222431182861 
5.26492977142334 
5.393721103668213 
5.871212482452393 
5.031199932098389 
5.137718200683594 
5.271634101867676 
5.014573574066162 
5.3447184562683105 
5.051208019256592 
5.56165075302124 
5.454367160797119 
5.1517653465271 
5.656277656555176 
5.384791851043701 
5.287049293518066 
5.255119323730469 
5.36975622177124 
5.143203258514404 
4.983189582824707 
4.977381229400635 
5.43772554397583 
5.331369876861572 
5.212986469268799 
5.287112712860107 
4.997828483581543 
4.932856559753418 
5.618631839752197 
6.350870609283447 
5.291379928588867 
5.362752914428711 
5.172767162322998 
5.151081562042236 
5.772864818572998 
4.92719030380249 
5.0108418464660645 
5.175564289093018 
5.4269022941589355 
6.169780731201172 
4.81775426864624 
5.21509313583374 
5.287500858306885 
5.262073040008545 
5.089775085449219 
6.124363422393799 
5.077277660369873 
5.004635334014893 
5.693343162536621 
5.441137790679932 
5.14534330368042 
5.128374099731445 
5.367233753204346 
4.840641498565674 
7.3309526443481445 
6.674076557159424 
5.097973346710205 
5.874237060546875 
5.28277063369751 
5.163830280303955 
5.004667282104492 
4.978153705596924 
5.139804840087891 
5.102955341339111 
5.523165225982666 
5.132668972015381 
5.114097595214844 
5.302811622619629 
4.949611186981201 
5.2844557762146 
5.318657398223877 
5.230937480926514 
5.006446361541748 
5.255408763885498 
4.91621732711792 
5.174250602722168 
5.295826435089111 
5.199267864227295 
5.083221912384033 
5.580873012542725 
5.142507076263428 
4.822577953338623 
5.171055316925049 
5.453649997711182 
4.879910945892334 
5.116535663604736 
5.429872989654541 
5.2550482749938965 
5.9476141929626465 
5.299445152282715 
5.219598293304443 
5.146451473236084 
5.340485095977783 
5.889434337615967 
6.046017646789551 
5.159939289093018 
5.835656642913818 
5.195611000061035 
5.303236961364746 
5.103607177734375 
5.147368907928467 
5.337009906768799 
6.432552814483643 
6.736832141876221 
5.905544757843018 
4.983017444610596 
5.792318820953369 
5.098351001739502 
5.321736812591553 
5.8608784675598145 
5.083195686340332 
6.310464382171631 
5.556115627288818 
4.9701104164123535 
5.41963005065918 
5.341538906097412 
5.6970534324646 
5.86238431930542 
5.028400421142578 
5.468865871429443 
5.666557788848877 
5.262664794921875 
5.345810413360596 
4.903193950653076 
5.0898003578186035 
4.826198101043701 
5.330723762512207 
5.2864909172058105 
5.1881632804870605 
5.6933512687683105 
5.404519557952881 
5.091774940490723 
5.7948384284973145 
5.130570888519287 
5.09378719329834 
5.7768940925598145 
8.6848726272583 
5.218193531036377 
5.163756370544434 
9.248533248901367 
5.129947662353516 
5.651575088500977 
5.299325942993164 
5.355567455291748 
5.205658912658691 
5.044602870941162 
5.156060695648193 
5.13448429107666 
5.70472526550293 
5.289005279541016 
8.462690353393555 
5.230526447296143 
4.906515121459961 
6.126358985900879 
7.235427379608154 
7.867893695831299 
5.647833347320557 
5.201545238494873 
5.124018669128418 
5.351813316345215 
5.824872970581055 
5.22282600402832 
5.659596920013428 
4.983814716339111 
5.517806529998779 
7.3712382316589355 
5.2961201667785645 
5.448495388031006 
5.175367832183838 
8.360062599182129 
5.063187122344971 
6.989695072174072 
4.935361385345459 
6.138421058654785 
5.271220684051514 
5.142508029937744 
6.101110935211182 
6.178704738616943 
5.1287522315979 
4.937047481536865 
5.990182399749756 
4.894115924835205 
6.678287982940674 
5.019840717315674 
5.220223426818848 
5.528073310852051 
5.363548278808594 
5.129459857940674 
7.039397716522217 
5.479452133178711 
5.124500274658203 
5.24192476272583 
6.735171794891357 
6.822756767272949 
5.446041584014893 
5.214739799499512 
5.717293739318848 
5.159205436706543 
6.163309574127197 
5.421172618865967 
5.8604302406311035 
5.075273036956787 
5.033984184265137 
5.1876349449157715 
5.363032817840576 
4.986597537994385 
5.064048767089844 
5.499218940734863 
6.646986484527588 
5.7947678565979 
5.634725570678711 
5.329514026641846 
5.570515155792236 
5.275796413421631 
5.6229329109191895 
5.153680324554443 
5.124221324920654 
5.8021416664123535 
6.557290077209473 
4.992156505584717 
5.4178266525268555 
4.8943352699279785 
5.289607524871826 
5.364515781402588 
5.708323955535889 
5.476726531982422 
5.179044246673584 
5.271310329437256 
5.041653633117676 
5.268360614776611 
6.015450954437256 
4.875509738922119 
4.993223667144775 
5.352393627166748 
5.156662464141846 
5.2307233810424805 
5.085176944732666 
6.3688740730285645 
5.126776218414307 
6.21000337600708 
5.373470783233643 
5.034190654754639 
5.7090983390808105 
5.469885349273682 
5.463594913482666 
5.157250881195068 
4.999265193939209 
5.299638748168945 
6.201916217803955 
5.199081897735596 
5.087635517120361 
5.375716686248779 
6.9639201164245605 
4.843027591705322 
5.001430988311768 
5.328442573547363 
5.092626094818115 
5.314101696014404 
5.498646259307861 
5.3166890144348145 
4.982380390167236 
6.132456302642822 
5.677536487579346 
4.866016864776611 
5.048933506011963 
5.09404182434082 
5.1499505043029785 
5.083548069000244 
5.442830562591553 
5.056517601013184 
5.120863437652588 
5.200906276702881 
5.392561435699463 
5.357408046722412 
5.793173789978027 
5.157533645629883 
5.362454891204834 
5.157233715057373 
5.5335917472839355 
5.155305862426758 
5.544876575469971 
5.493751049041748 
5.390071392059326 
5.084322929382324 
5.4167799949646 
5.533350467681885 
4.7972331047058105 
5.3632588386535645 
5.3262152671813965 
4.828788757324219 
4.891972064971924 
5.324044704437256 
4.980797290802002 
5.021960735321045 
5.532419681549072 
5.8379340171813965 
5.125208377838135 
5.077590465545654 
5.853423118591309 
5.405018329620361 
5.1161980628967285 
5.402923583984375 
6.264614105224609 
5.611868858337402 
5.923490524291992 
4.951778411865234 
5.3708577156066895 
5.289989471435547 
5.310242176055908 
5.314145565032959 
8.067753791809082 
5.1106038093566895 
6.329038143157959 
5.239564418792725 
5.210096836090088 
5.118635177612305 
6.195950031280518 
5.386451721191406 
5.3239569664001465 
6.460934162139893 
4.969396114349365 
5.020915985107422 
4.644257068634033 
4.916574954986572 
6.555596828460693 
5.237155437469482 
5.362338066101074 
5.227101802825928 
5.141332626342773 
5.077375888824463 
6.212231159210205 
5.426802158355713 
4.879974842071533 
5.81392240524292 
4.773982524871826 
5.307072639465332 
5.277775287628174 
5.193786144256592 
5.226534843444824 
5.003899574279785 
5.539760589599609 
5.301558971405029 
5.420466899871826 
5.701300621032715 
5.247570037841797 
5.446807861328125 
5.179707050323486 
5.491652965545654 
5.131195068359375 
5.215339183807373 
5.467212200164795 
5.046899318695068 
4.927966594696045 
5.308373928070068 
5.048001766204834 
4.877844333648682 
7.960616111755371 
5.539733409881592 
5.738574504852295 
5.020680904388428 
5.166220188140869 
5.2497477531433105 
5.358283519744873 
5.31830358505249 
5.022736072540283 
7.5285964012146 
5.310182094573975 
5.575400352478027 
5.234004497528076 
5.368794918060303 
6.394169330596924 
4.857594966888428 
5.174930572509766 
4.9507832527160645 
5.297439098358154 
5.598042964935303 
5.23142671585083 
5.150416374206543 
5.050158977508545 
5.0570454597473145 
8.72516918182373 
5.125349521636963 
5.195385456085205 
5.303561687469482 
5.836416721343994 
7.988619327545166 
5.595756530761719 
5.487791538238525 
5.260520935058594 
5.189797878265381 
5.948869705200195 
5.158416271209717 
5.8493828773498535 
4.982821464538574 
6.037949085235596 
5.07520055770874 
5.67518424987793 
4.956114292144775 
5.1905412673950195 
5.3211565017700195 
4.918460369110107 
5.242156505584717 
4.979795455932617 
5.323713779449463 
5.2062153816223145 
5.268877029418945 
5.267756938934326 
5.383554935455322 
5.073747158050537 
6.951648235321045 
5.535802364349365 
4.9352898597717285 
5.001331806182861 
5.0952277183532715 
5.219120502471924 
5.153310298919678 
5.5445075035095215 
6.041097164154053 
5.2015275955200195 
5.177765846252441 
5.648834228515625 
5.0708909034729 
5.5109663009643555 
5.7003493309021 
5.063692569732666 
5.100458145141602 
4.948517322540283 
4.9623637199401855 
5.115976810455322 
5.192052364349365 
5.088569164276123 
5.899820804595947 
6.319804668426514 
5.5538411140441895 
5.408461093902588 
6.246321201324463 
5.011001110076904 
5.173639297485352 
5.16509485244751 
5.478030681610107 
5.652613162994385 
5.209418773651123 
5.485838413238525 
5.065963268280029 
5.125527858734131 
4.872762680053711 
5.068132400512695 
4.932949542999268 
5.3495659828186035 
5.431879043579102 
5.11956262588501 
7.691024303436279 
5.185234069824219 
5.239413261413574 
5.167868137359619 
6.970229625701904 
5.136272430419922 
5.223262310028076 
6.130867004394531 
5.200295925140381 
5.303098201751709 
4.904897212982178 
5.40479040145874 
5.8220696449279785 
5.572615146636963 
5.188981056213379 
6.316315174102783 
5.8092546463012695 
5.194385528564453 
5.432656288146973 
5.440612316131592 
6.585272789001465 
5.185665607452393 
5.170344829559326 
4.940364360809326 
5.363498210906982 
5.433647632598877 
5.140531063079834 
5.583496570587158 
5.102370262145996 
6.620067119598389 
6.417385578155518 
5.961075305938721 
4.810238361358643 
5.558000087738037 
5.1329545974731445 
5.307701587677002 
5.804704189300537 
4.963882923126221 
5.608405113220215 
6.900973796844482 
4.916454315185547 
5.648679733276367 
6.817886829376221 
5.350203990936279 
5.406514644622803 
5.946009159088135 
5.3789448738098145 
5.5810651779174805 
5.2773966789245605 
5.062201499938965 
6.061230659484863 
5.4326701164245605 
5.476781845092773 
5.171637535095215 
5.051314830780029 
5.135974407196045 
5.3538384437561035 
5.27793025970459 
5.612911701202393 
5.252346515655518 
5.372781753540039 
5.043288230895996 
5.7379631996154785 
5.028412342071533 
4.97769832611084 
6.212575435638428 
5.108868598937988 
5.320247650146484 
5.339238166809082 
5.154621601104736 
5.166478633880615 
5.1298828125 
5.205482006072998 
5.197988986968994 
5.6539998054504395 
5.317668437957764 
5.265030860900879 
5.454141139984131 
4.891128063201904 
5.15358304977417 
5.6360955238342285 
5.2134294509887695 
5.281564712524414 
5.465943813323975 
5.566366672515869 
5.123706340789795 
7.72894811630249 
4.9620184898376465 
5.229085445404053 
4.824977397918701 
5.352266788482666 
4.967210292816162 
6.556331157684326 
5.211636543273926 
4.793616771697998 
5.320958614349365 
5.12518835067749 
5.440717697143555 
5.50922155380249 
5.188453197479248 
5.611462116241455 
5.29437780380249 
4.790851593017578 
4.898447513580322 
5.289276599884033 
5.6564249992370605 
5.154891490936279 
5.0136399269104 
5.11972188949585 
5.305027008056641 
5.20861291885376 
5.390243053436279 
5.453469753265381 
5.146337985992432 
5.848039150238037 
5.170342445373535 
5.232236862182617 
5.438401699066162 
5.280215740203857 
5.233766555786133 
5.327569961547852 
5.183014392852783 
5.2217278480529785 
5.435281276702881 
5.251064777374268 
6.657765865325928 
4.994806289672852 
4.884314060211182 
5.0319437980651855 
5.263308048248291 
5.332756519317627 
4.823240280151367 
6.021862506866455 
5.011434078216553 
5.13987398147583 
8.330194473266602 
5.370969772338867 
5.35529088973999 
6.5606207847595215 
5.025645732879639 
5.452164649963379 
6.0021443367004395 
5.255283832550049 
4.9281535148620605 
9.065869331359863 
5.511617660522461 
5.322214603424072 
5.226257801055908 
5.3802618980407715 
5.203749179840088 
5.022693634033203 
5.860705375671387 
5.29497766494751 
5.493519306182861 
5.101624011993408 
5.807687282562256 
5.272969722747803 
5.134185314178467 
4.8296074867248535 
5.16653299331665 
5.447451114654541 
5.1186981201171875 
5.216054916381836 
9.31704330444336 
5.320924282073975 
5.0217814445495605 
5.2405571937561035 
5.671521186828613 
6.293769359588623 
5.327517986297607 
5.240309715270996 
5.456761837005615 
6.950626373291016 
5.174192905426025 
5.166055679321289 
5.372908115386963 
4.954273700714111 
5.441088676452637 
5.033511638641357 
6.771365642547607 
6.700650215148926 
5.225831508636475 
5.188621997833252 
5.446256160736084 
5.111356735229492 
5.120397090911865 
5.299637317657471 
5.802757740020752 
6.5831618309021 
5.182798385620117 
6.118424892425537 
5.129824161529541 
5.0407490730285645 
5.049779891967773 
4.924487113952637 
4.885118007659912 
5.608798503875732 
5.177628040313721 
4.987585067749023 
5.6124796867370605 
5.36254358291626 
5.288499355316162 
6.024940490722656 
5.089272499084473 
5.142484188079834 
5.480955600738525 
5.798393726348877 
5.102652072906494 
5.117835521697998 
5.083144664764404 
6.117591381072998 
6.165090084075928 
5.210376262664795 
5.436378002166748 
5.6538310050964355 
5.058995723724365 
6.339662075042725 
5.759181499481201 
5.118730068206787 
6.669564247131348 
5.096480846405029 
5.0559868812561035 
5.180817127227783 
5.385361194610596 
5.777552604675293 
5.036825656890869 
5.212181091308594 
5.1118035316467285 
4.893946170806885 
5.404483318328857 
5.6236772537231445 
5.136663913726807 
5.1151442527771 
5.215573310852051 
7.290873050689697 
5.180491924285889 
5.931987762451172 
5.4057440757751465 
5.406819820404053 
5.540425777435303 
5.159961223602295 
5.102458477020264 
5.102480888366699 
6.017277717590332 
4.990634441375732 
5.230506420135498 
6.085085391998291 
4.957064151763916 
5.30803108215332 
5.306156635284424 
5.550560474395752 
5.327774524688721 
5.180421352386475 
5.4354119300842285 
5.263688564300537 
5.295011043548584 
5.548783779144287 
5.144935131072998 
5.690683364868164 
4.913301944732666 
5.642467975616455 
5.058671474456787 
6.078314304351807 
7.00982141494751 
4.921652317047119 
5.259363174438477 
5.3978705406188965 
8.705577850341797 
5.2687668800354 
5.782279014587402 
5.345730304718018 
4.680041790008545 
5.0780181884765625 
5.020317554473877 
4.846922874450684 
5.843767166137695 
5.667897701263428 
5.577084541320801 
5.3783440589904785 
5.125227928161621 
5.297966480255127 
7.625651836395264 
5.865323543548584 
5.3350958824157715 
5.156970024108887 
5.109690189361572 
5.3136305809021 
5.138408184051514 
5.402237892150879 
5.15045690536499 
5.139904499053955 
5.194126605987549 
5.414248943328857 
5.378231525421143 
4.9810566902160645 
5.044212818145752 
5.15993070602417 
5.227960586547852 
5.180983066558838 
5.400434970855713 
5.855551242828369 
5.214625358581543 
5.658898830413818 
6.71393346786499 
5.030415058135986 
5.154315948486328 
4.902856826782227 
8.424101829528809 
5.317494869232178 
7.517366886138916 
5.113712310791016 
5.952156066894531 
6.046458721160889 
5.898855686187744 
6.939425945281982 
5.35631799697876 
6.241384983062744 
7.1570353507995605 
6.891942024230957 
6.2007155418396 
5.17932653427124 
6.870411396026611 
5.058262348175049 
5.237690448760986 
5.256781101226807 
5.43874979019165 
5.401900768280029 
5.340390205383301 
5.814493656158447 
5.267823696136475 
5.393763065338135 
5.241507053375244 
5.195193290710449 
5.577025413513184 
5.15460205078125 
5.376816272735596 
5.105462551116943 
5.364400386810303 
5.310428142547607 
5.165606498718262 
4.983638286590576 
5.099568843841553 
5.264688968658447 
5.172367095947266 
5.957321643829346 
5.195601463317871 
4.945001125335693 
5.693337917327881 
5.089319705963135 
5.110533714294434 
5.146793842315674 
4.927319526672363 
5.054996490478516 
5.2894768714904785 
5.390807151794434 
5.678849697113037 
5.221807956695557 
6.228861331939697 
6.25725793838501 
6.077521800994873 
5.589080333709717 
5.289524555206299 
5.108786582946777 
5.203526973724365 
5.90643835067749 
5.3545966148376465 
5.097271919250488 
5.526961803436279 
5.416635990142822 
5.6938347816467285 
6.960002422332764 
6.321723461151123 
5.249221324920654 
5.081723213195801 
5.2264814376831055 
5.144185543060303 
6.183958530426025 
5.809880256652832 
5.329288482666016 
5.137051105499268 
5.368476867675781 
5.5423054695129395 
5.076014995574951 
5.625817775726318 
5.020113945007324 
5.36169958114624 
5.043013572692871 
5.095337390899658 
