5.12537145614624 
4.820615291595459 
4.823078155517578 
6.638128757476807 
5.109783172607422 
4.946630954742432 
5.259006023406982 
4.9948272705078125 
4.939455986022949 
5.267213821411133 
5.131917953491211 
5.165058135986328 
6.465340614318848 
5.030123710632324 
4.736256122589111 
5.7074432373046875 
4.754248142242432 
5.793671131134033 
7.233160018920898 
5.047718524932861 
4.935769081115723 
4.854065895080566 
5.085493087768555 
6.269580364227295 
4.746179580688477 
4.935368537902832 
6.055578231811523 
4.742648124694824 
5.684006690979004 
5.14232063293457 
4.7253098487854 
5.250782012939453 
5.12133264541626 
4.971614837646484 
7.210084438323975 
5.02412223815918 
6.233828544616699 
5.064021110534668 
5.063767433166504 
5.358146667480469 
5.12069845199585 
4.843197345733643 
5.6054253578186035 
4.877875328063965 
5.356771469116211 
4.992791652679443 
5.986144542694092 
5.55963134765625 
5.229668140411377 
4.660196781158447 
5.999115467071533 
5.203838348388672 
4.972569942474365 
6.495766639709473 
5.03701114654541 
5.158645153045654 
4.895309925079346 
5.050210952758789 
4.874862194061279 
5.17228364944458 
5.930840492248535 
4.9162917137146 
6.807772159576416 
5.2085161209106445 
4.986235618591309 
4.848240852355957 
5.122317314147949 
4.930767059326172 
5.2109150886535645 
5.305105209350586 
5.328413486480713 
6.5974040031433105 
5.568582534790039 
4.881081581115723 
4.848295211791992 
6.167245388031006 
5.014315605163574 
5.36173677444458 
4.995142936706543 
5.208184719085693 
5.5996928215026855 
5.013622760772705 
4.854091644287109 
4.978861331939697 
5.737215042114258 
5.350247383117676 
5.422665119171143 
4.973069190979004 
5.348039150238037 
4.755724906921387 
5.2670745849609375 
5.259191989898682 
6.562663555145264 
5.043210029602051 
5.0272040367126465 
5.304050445556641 
5.067558765411377 
4.869388103485107 
5.098523139953613 
4.831330299377441 
5.119819641113281 
5.123516082763672 
4.917675018310547 
4.914610862731934 
5.234097480773926 
5.086441993713379 
4.947381973266602 
5.103574752807617 
4.774173736572266 
5.120271682739258 
6.011791229248047 
4.955394744873047 
5.028656959533691 
5.099337100982666 
5.330502510070801 
5.393937110900879 
5.794491291046143 
5.201971530914307 
5.425688743591309 
5.132137298583984 
6.889479160308838 
7.260479927062988 
5.914616584777832 
5.368084907531738 
5.102785587310791 
7.446044921875 
4.998869895935059 
4.726199150085449 
4.912380218505859 
5.0478339195251465 
6.836283206939697 
5.245087623596191 
5.191279888153076 
4.961304664611816 
5.047809600830078 
5.9381818771362305 
4.915616512298584 
4.823634624481201 
4.98084831237793 
4.926522254943848 
9.308708190917969 
5.201916694641113 
6.479730606079102 
5.487487316131592 
5.11456298828125 
5.045976638793945 
6.001562595367432 
5.39619255065918 
4.918455123901367 
6.734790325164795 
5.138959884643555 
4.95698881149292 
5.03848123550415 
5.1644487380981445 
6.378260135650635 
6.422979831695557 
5.57861328125 
5.086726665496826 
5.240432262420654 
4.965837001800537 
4.910168647766113 
5.0720038414001465 
5.219178199768066 
5.00096321105957 
5.26166296005249 
5.230679988861084 
5.193207740783691 
4.747782230377197 
6.790908336639404 
5.016797065734863 
6.420286178588867 
5.556530952453613 
4.76969575881958 
5.145772933959961 
5.1122236251831055 
5.205561637878418 
5.113364219665527 
5.299806594848633 
6.829967975616455 
4.8920207023620605 
4.846987724304199 
4.955726146697998 
5.414310455322266 
5.176523208618164 
5.347612380981445 
5.10014533996582 
6.01658821105957 
4.928598403930664 
6.2620954513549805 
4.8775858879089355 
6.429391384124756 
5.381354331970215 
4.978883743286133 
4.9846296310424805 
5.365544319152832 
5.18571138381958 
4.7466864585876465 
5.101876258850098 
4.859463691711426 
5.022013187408447 
4.957588195800781 
5.39894962310791 
6.401055812835693 
8.335123062133789 
5.0730791091918945 
5.030832290649414 
5.324767112731934 
5.58524227142334 
5.1581597328186035 
4.938257217407227 
5.39481258392334 
5.786320686340332 
5.016094207763672 
4.772600173950195 
4.80668830871582 
5.431305408477783 
4.8704938888549805 
5.109000205993652 
6.473196506500244 
5.208536148071289 
4.945189952850342 
5.0958404541015625 
5.227183818817139 
5.0461506843566895 
5.050830841064453 
5.404881000518799 
10.189301490783691 
5.728996276855469 
7.772253036499023 
4.930837631225586 
5.240849018096924 
5.0691962242126465 
6.2661895751953125 
4.8603434562683105 
6.501468658447266 
5.241372585296631 
5.75378942489624 
4.915052890777588 
5.208643913269043 
5.219356060028076 
4.963556289672852 
5.644739627838135 
4.737814426422119 
5.237759590148926 
5.202805519104004 
4.983414173126221 
5.074067115783691 
6.453333377838135 
5.008865833282471 
5.519799709320068 
5.942408561706543 
8.236795425415039 
5.341426849365234 
4.869042873382568 
4.914466857910156 
6.045271396636963 
4.934535980224609 
4.996310234069824 
4.982173442840576 
6.183780670166016 
6.112873077392578 
4.999904632568359 
4.985618591308594 
5.292476654052734 
5.834721565246582 
4.901404857635498 
4.82630729675293 
5.080966949462891 
4.864097595214844 
5.055656433105469 
5.2176103591918945 
4.883486747741699 
6.774985313415527 
5.266052722930908 
4.907115936279297 
5.377226829528809 
5.082703590393066 
7.012434005737305 
5.346553802490234 
5.501217842102051 
5.399413585662842 
5.2804765701293945 
5.123280048370361 
5.444838047027588 
5.307764053344727 
5.214537620544434 
5.901927471160889 
5.230518341064453 
5.409844398498535 
5.195683479309082 
5.330328464508057 
5.465384483337402 
5.193715572357178 
5.0414299964904785 
9.900907516479492 
6.432920455932617 
5.061352729797363 
5.581726551055908 
4.699446678161621 
5.792325019836426 
5.1151652336120605 
5.179540157318115 
4.987026214599609 
5.307380199432373 
5.4400129318237305 
5.8821702003479 
5.067959308624268 
5.21755313873291 
4.901895999908447 
4.770893096923828 
4.900119781494141 
5.292570114135742 
4.811689376831055 
5.044076919555664 
5.377318382263184 
5.385806560516357 
5.204784393310547 
5.005074501037598 
5.132140159606934 
5.469117641448975 
5.229822158813477 
5.42099142074585 
4.89182710647583 
5.150327682495117 
4.914812088012695 
5.162728309631348 
5.673984050750732 
4.922791004180908 
4.936023712158203 
7.249372482299805 
5.195691108703613 
5.110523223876953 
5.776365280151367 
4.863692283630371 
5.079498291015625 
5.095874786376953 
6.8582658767700195 
5.837233066558838 
4.966996192932129 
4.779903888702393 
4.7709760665893555 
5.294052600860596 
4.765795707702637 
5.0890655517578125 
5.33169412612915 
6.339056015014648 
7.8523664474487305 
4.843846321105957 
5.171008110046387 
4.758323669433594 
5.129533767700195 
5.034692764282227 
5.567558288574219 
5.208978176116943 
5.7730207443237305 
5.390970230102539 
4.877269744873047 
5.2644829750061035 
6.025293350219727 
4.835353374481201 
4.978934288024902 
5.086341381072998 
5.089715480804443 
5.759664535522461 
4.991421699523926 
4.992208957672119 
5.015194892883301 
5.966056823730469 
5.40693473815918 
5.362335681915283 
5.569582939147949 
4.791357040405273 
5.9799394607543945 
5.175724983215332 
5.571617603302002 
5.558602809906006 
5.087970733642578 
4.806174278259277 
5.978707790374756 
6.721066474914551 
5.471156120300293 
5.7257184982299805 
6.40268611907959 
5.196293830871582 
5.010433197021484 
4.582653999328613 
5.979846954345703 
5.197497367858887 
5.833747863769531 
4.999538421630859 
5.232975959777832 
4.820685386657715 
4.882256507873535 
5.023698806762695 
5.12692928314209 
6.211883544921875 
4.885590553283691 
5.310434341430664 
5.519076347351074 
5.097911357879639 
8.145167350769043 
5.080987453460693 
5.092259407043457 
4.999215126037598 
5.467044353485107 
6.3312668800354 
4.914340019226074 
4.839020729064941 
5.259268760681152 
7.423889636993408 
5.136697292327881 
5.7037129402160645 
5.171667575836182 
4.934673309326172 
5.251739501953125 
4.891582489013672 
9.323895454406738 
4.953911781311035 
5.213650703430176 
5.123558044433594 
4.747795581817627 
5.087536334991455 
4.971799850463867 
5.7485527992248535 
5.9450764656066895 
5.296807289123535 
4.991814613342285 
5.133073329925537 
4.838158130645752 
4.867864608764648 
4.934963226318359 
5.281575679779053 
4.921627521514893 
5.154603004455566 
4.846792221069336 
5.061929225921631 
5.560068130493164 
5.119714260101318 
5.921142578125 
5.142480850219727 
4.886786937713623 
5.047108173370361 
5.634180545806885 
5.321064472198486 
5.037773132324219 
5.205399990081787 
5.225628852844238 
4.922713756561279 
4.994069576263428 
5.289879322052002 
5.27677059173584 
5.024117946624756 
4.872208118438721 
5.387607574462891 
4.837039947509766 
4.99147891998291 
4.772729396820068 
4.859850883483887 
5.413485050201416 
5.515444278717041 
5.586244106292725 
5.347596168518066 
5.49294376373291 
5.186811447143555 
5.261277675628662 
4.954914093017578 
6.091644287109375 
5.30892276763916 
5.12099552154541 
4.9832329750061035 
6.904325485229492 
5.13609504699707 
5.072814464569092 
6.313736915588379 
6.754937648773193 
5.120319366455078 
5.318084716796875 
5.358339309692383 
8.894947052001953 
5.351132869720459 
5.2486467361450195 
5.230406761169434 
5.1347455978393555 
4.955643177032471 
9.44236946105957 
4.993986129760742 
5.04941463470459 
5.8787665367126465 
5.160783290863037 
5.1944050788879395 
5.602048873901367 
4.723928451538086 
4.923578262329102 
5.246309280395508 
4.926039695739746 
5.053985118865967 
5.103350639343262 
5.485478401184082 
5.485504150390625 
5.151889801025391 
4.9032697677612305 
5.910972595214844 
5.2018961906433105 
4.778194904327393 
5.5362019538879395 
7.434886932373047 
4.85764217376709 
5.558028221130371 
4.959774017333984 
5.702513694763184 
5.125816345214844 
5.010866165161133 
6.023362636566162 
6.0019636154174805 
5.202613353729248 
5.057863712310791 
5.9685845375061035 
5.1530866622924805 
5.153371334075928 
5.373639106750488 
4.994500160217285 
5.347489833831787 
4.936520576477051 
5.796141624450684 
5.293310642242432 
5.200477123260498 
5.166504859924316 
5.110106945037842 
5.342024326324463 
5.285729885101318 
8.476587295532227 
5.3288469314575195 
5.075259208679199 
4.9837327003479 
4.936727046966553 
6.347293853759766 
5.205694675445557 
4.922298431396484 
5.651251792907715 
5.174600601196289 
5.079957962036133 
6.829741477966309 
4.840807914733887 
5.118637561798096 
5.046165466308594 
6.25927734375 
5.002370357513428 
5.2860941886901855 
4.8093719482421875 
4.942317485809326 
4.908926010131836 
5.075991153717041 
4.802090644836426 
4.957409381866455 
5.440228462219238 
5.07326602935791 
5.191178321838379 
4.978873252868652 
5.115137100219727 
5.098662853240967 
5.126286506652832 
4.822691917419434 
4.956437110900879 
6.655689239501953 
5.275381088256836 
5.280600547790527 
5.051623344421387 
4.989405155181885 
4.898614883422852 
4.972867012023926 
5.095192909240723 
5.096990585327148 
7.2687811851501465 
4.985773086547852 
5.3515777587890625 
5.180410861968994 
6.246615409851074 
5.323368072509766 
5.108906269073486 
5.3174333572387695 
6.725184917449951 
5.125913143157959 
4.8451690673828125 
8.280867576599121 
4.952185153961182 
5.577287673950195 
4.88115119934082 
5.039756774902344 
5.157968521118164 
6.582762241363525 
5.291728496551514 
4.992883682250977 
5.072436332702637 
5.174289703369141 
5.050173759460449 
5.068121433258057 
7.183690071105957 
5.553504943847656 
6.6393961906433105 
5.864375114440918 
4.988221645355225 
4.908759117126465 
4.397912502288818 
4.87448263168335 
5.200172424316406 
5.361382484436035 
5.992799282073975 
8.139107704162598 
6.027228355407715 
5.359738349914551 
5.059416770935059 
5.570243835449219 
4.710546970367432 
5.03277587890625 
4.911305904388428 
5.134650230407715 
5.346549034118652 
5.937440872192383 
5.869074821472168 
7.789551734924316 
5.049863338470459 
4.9909467697143555 
4.8586201667785645 
6.216379642486572 
5.427473545074463 
5.192535400390625 
5.181839942932129 
5.002094268798828 
5.244065761566162 
4.925534248352051 
4.7019572257995605 
5.667227268218994 
5.968113422393799 
5.972977638244629 
6.091792583465576 
4.790441989898682 
4.863791465759277 
4.937186241149902 
5.531190872192383 
7.471393585205078 
5.046276569366455 
4.95402717590332 
5.14119815826416 
5.257734775543213 
5.286734580993652 
4.890773296356201 
5.432684898376465 
5.1434326171875 
4.89502477645874 
6.920596122741699 
6.834148406982422 
4.979392051696777 
5.029202461242676 
4.9659104347229 
5.178966999053955 
4.788955211639404 
5.746395111083984 
5.094403266906738 
8.227694511413574 
4.958475589752197 
4.82108211517334 
5.066679954528809 
5.172563552856445 
5.125331401824951 
7.007169723510742 
5.077151298522949 
4.9623494148254395 
5.261232852935791 
5.23838996887207 
5.2728071212768555 
6.745133876800537 
5.049679756164551 
5.105676651000977 
5.342051982879639 
4.9767374992370605 
5.223232746124268 
5.397109031677246 
7.368624687194824 
4.769840240478516 
7.451745986938477 
5.079809665679932 
5.180902481079102 
6.769372940063477 
5.405189514160156 
4.889162063598633 
5.193475246429443 
5.0112175941467285 
5.0969624519348145 
4.684736728668213 
5.330648899078369 
5.236889839172363 
4.7761688232421875 
5.273561477661133 
4.953091621398926 
5.802333831787109 
5.338706016540527 
5.169053077697754 
5.625052452087402 
5.003183364868164 
4.9933576583862305 
5.9281005859375 
5.173076629638672 
6.5763983726501465 
7.1765875816345215 
5.196378707885742 
5.0145158767700195 
4.934752941131592 
5.083701133728027 
5.075873374938965 
5.254997730255127 
5.321468830108643 
4.814871788024902 
7.748502254486084 
5.155433177947998 
5.525751113891602 
5.3514533042907715 
5.230948448181152 
4.889684677124023 
6.60637092590332 
4.803792953491211 
5.392529010772705 
5.841244220733643 
4.572883605957031 
4.729928493499756 
5.232377052307129 
6.024129867553711 
5.0030107498168945 
6.224924564361572 
6.795705318450928 
7.494685649871826 
5.815122604370117 
5.211668014526367 
5.030993461608887 
5.088282585144043 
6.9405364990234375 
5.099651336669922 
4.941003322601318 
5.061499118804932 
4.61997127532959 
8.334835052490234 
4.972414016723633 
5.049915313720703 
5.162500381469727 
5.06831169128418 
4.928369998931885 
4.891436576843262 
4.952866077423096 
5.135594844818115 
5.123003959655762 
8.175698280334473 
5.879286289215088 
5.644622802734375 
5.931260108947754 
5.157895088195801 
7.502903938293457 
5.38450813293457 
4.9143781661987305 
5.494321823120117 
5.140851020812988 
4.778957366943359 
5.129434585571289 
5.531754016876221 
6.295338153839111 
5.005532741546631 
5.077035903930664 
5.465629577636719 
5.125453948974609 
4.839415073394775 
5.736117362976074 
7.934459686279297 
4.84776496887207 
5.024085998535156 
4.920574188232422 
5.072823524475098 
6.373555660247803 
4.7133941650390625 
5.623867034912109 
5.037477493286133 
6.4392242431640625 
8.002917289733887 
6.702817916870117 
4.788962364196777 
6.15829610824585 
4.845193862915039 
5.849503993988037 
4.9994049072265625 
5.630350112915039 
5.185796737670898 
6.599323272705078 
5.140862941741943 
5.505184650421143 
5.373157978057861 
5.061254024505615 
4.991757869720459 
5.038209915161133 
4.889876365661621 
8.888480186462402 
5.2186198234558105 
6.990725517272949 
5.062074661254883 
5.171009063720703 
5.217430114746094 
6.046027183532715 
5.397217750549316 
5.26593017578125 
4.969198703765869 
5.165684700012207 
4.979172229766846 
5.253546714782715 
5.056023120880127 
4.956723690032959 
5.196916103363037 
7.367288589477539 
5.100966453552246 
8.504136085510254 
5.209630966186523 
4.944437503814697 
5.336954116821289 
4.953235149383545 
5.191084384918213 
5.101261138916016 
8.790168762207031 
5.262124538421631 
5.33250617980957 
4.765008926391602 
9.869897842407227 
4.934487819671631 
4.737545013427734 
6.152149200439453 
5.12520694732666 
5.115664482116699 
5.031520366668701 
5.753482341766357 
4.932187080383301 
4.920242786407471 
5.170114994049072 
6.623383045196533 
5.565700531005859 
5.6788506507873535 
5.755441188812256 
4.972718238830566 
5.026899337768555 
4.972576141357422 
5.023651599884033 
5.714970588684082 
5.169220924377441 
5.1921186447143555 
4.947988033294678 
7.352982521057129 
4.990452766418457 
5.475714683532715 
5.0830206871032715 
4.877372741699219 
6.230741500854492 
6.598522186279297 
5.244941711425781 
5.032741069793701 
4.744319438934326 
5.280102729797363 
5.166064739227295 
5.4821457862854 
6.090290069580078 
5.243058204650879 
5.038984775543213 
4.983606338500977 
5.343388557434082 
6.438017845153809 
5.017808437347412 
4.780523300170898 
6.639347076416016 
5.219759941101074 
5.2960124015808105 
5.361297130584717 
5.014404773712158 
8.345795631408691 
5.160571098327637 
4.9422783851623535 
5.235821723937988 
5.438515663146973 
5.1887288093566895 
5.066562652587891 
5.0095391273498535 
5.1119890213012695 
5.167877674102783 
5.274998188018799 
5.660921096801758 
4.842285633087158 
5.122040271759033 
5.17793607711792 
5.245379447937012 
5.02217960357666 
8.23763370513916 
6.4762282371521 
5.136438369750977 
5.082365036010742 
4.825547218322754 
6.294900894165039 
4.601451396942139 
6.411165714263916 
4.940507411956787 
5.078842639923096 
5.396121978759766 
4.75629186630249 
4.965428352355957 
5.541236877441406 
4.998152732849121 
6.053719520568848 
5.339238166809082 
4.790150165557861 
4.907608985900879 
4.720673561096191 
5.4126152992248535 
5.48165225982666 
5.087541580200195 
5.045893669128418 
6.65985107421875 
5.694028377532959 
6.674843788146973 
4.800341606140137 
5.5556640625 
5.330985069274902 
4.766068935394287 
5.0653605461120605 
6.094658374786377 
5.371905326843262 
5.591569423675537 
6.627974510192871 
4.885970592498779 
5.056267738342285 
5.300585746765137 
5.250380039215088 
7.014955520629883 
4.902999401092529 
5.13991641998291 
5.058999061584473 
4.810715198516846 
5.129062652587891 
4.789577960968018 
4.985703468322754 
5.2218241691589355 
4.737403869628906 
4.905727386474609 
5.3305182456970215 
4.933506011962891 
5.163888454437256 
5.914976119995117 
5.16871452331543 
4.525352954864502 
5.233303070068359 
5.227814197540283 
4.915732383728027 
5.13397741317749 
4.757568836212158 
5.449587345123291 
5.128828525543213 
4.7322611808776855 
5.504671096801758 
6.107946395874023 
5.085587501525879 
6.05124568939209 
5.437729358673096 
5.434434413909912 
4.904028415679932 
5.1433281898498535 
5.3683576583862305 
5.055383205413818 
4.893380165100098 
5.169294834136963 
4.93734073638916 
4.978231430053711 
6.619464874267578 
6.806384563446045 
4.992895603179932 
8.163567543029785 
6.842352390289307 
5.626237869262695 
5.2227606773376465 
5.009616851806641 
5.132917404174805 
5.407135009765625 
5.182462215423584 
4.89254093170166 
5.692432403564453 
5.182298183441162 
4.912624835968018 
4.817628860473633 
4.995685577392578 
5.0245842933654785 
5.979119300842285 
5.473771572113037 
4.763348579406738 
4.977149486541748 
5.090863227844238 
5.092520236968994 
5.367781639099121 
6.151543140411377 
5.798720359802246 
4.984879493713379 
4.978243350982666 
5.033951759338379 
5.129746437072754 
5.147545337677002 
5.636865615844727 
5.263199806213379 
7.998367786407471 
5.404777526855469 
4.835909843444824 
5.066278457641602 
5.99530029296875 
5.407935619354248 
5.809436321258545 
4.958155155181885 
5.198451995849609 
8.336731910705566 
4.765805721282959 
5.247317314147949 
5.1922078132629395 
5.151957988739014 
4.985332489013672 
5.040067672729492 
4.894122123718262 
7.585868835449219 
5.0392913818359375 
5.139763832092285 
5.240990161895752 
5.741991996765137 
5.130825042724609 
4.963847637176514 
5.299751281738281 
4.85353946685791 
5.194697380065918 
5.154513835906982 
5.725260257720947 
4.782947540283203 
6.267677307128906 
5.006297588348389 
5.006623268127441 
5.3842315673828125 
5.102575778961182 
5.090916156768799 
5.072656631469727 
4.700478553771973 
4.650303840637207 
5.196515083312988 
4.795740127563477 
5.019693374633789 
7.220403671264648 
5.034446716308594 
5.398438930511475 
5.63398551940918 
5.981438636779785 
4.553112030029297 
5.496100425720215 
5.136904716491699 
4.813511848449707 
6.001316070556641 
6.5242414474487305 
5.1309428215026855 
5.15084981918335 
5.364780902862549 
5.29975700378418 
5.390621662139893 
5.072460174560547 
4.9836931228637695 
5.18795108795166 
5.5648040771484375 
5.09891414642334 
4.8938398361206055 
5.128734588623047 
4.981331825256348 
5.096740245819092 
4.923968315124512 
5.249680519104004 
5.287964820861816 
4.970738410949707 
5.0856757164001465 
5.261991024017334 
7.0027337074279785 
5.423503875732422 
5.7451066970825195 
4.964507579803467 
4.942421913146973 
5.080320358276367 
5.295186996459961 
11.099546432495117 
5.137717247009277 
6.577604293823242 
5.413107395172119 
4.806910037994385 
6.017624855041504 
5.0569353103637695 
7.73747444152832 
5.0496931076049805 
5.0153422355651855 
5.124403476715088 
5.03611946105957 
5.0806708335876465 
4.967805862426758 
5.052989959716797 
5.044212341308594 
4.9555253982543945 
5.151097774505615 
5.240533828735352 
5.713486194610596 
5.580746650695801 
5.686185836791992 
4.943206310272217 
5.10569953918457 
4.99156379699707 
5.049633979797363 
5.136774063110352 
5.465240478515625 
4.860581398010254 
5.19734525680542 
4.8734517097473145 
5.247150897979736 
6.216372966766357 
4.730276107788086 
6.254815578460693 
5.2568182945251465 
4.837176322937012 
5.227936267852783 
4.839956283569336 
4.903634548187256 
4.452552795410156 
8.14408016204834 
5.085248947143555 
4.754000663757324 
5.053562164306641 
6.663743495941162 
4.88154411315918 
5.1597137451171875 
5.3563232421875 
4.720144271850586 
5.834634780883789 
5.630673885345459 
5.783869743347168 
5.032781600952148 
8.094198226928711 
5.0971503257751465 
5.034713268280029 
5.4029622077941895 
4.876101970672607 
4.940037727355957 
5.39369010925293 
6.246321201324463 
5.230680465698242 
5.418945789337158 
5.253666877746582 
4.800550937652588 
5.020724773406982 
5.754473686218262 
5.000604629516602 
6.289083957672119 
4.931304931640625 
5.21248722076416 
7.900564193725586 
4.972385406494141 
4.674447536468506 
4.897789478302002 
5.332238674163818 
6.7044572830200195 
6.8718132972717285 
4.840603828430176 
5.4765143394470215 
5.2025861740112305 
5.085190773010254 
4.949048042297363 
5.530564785003662 
5.2515716552734375 
7.189251899719238 
6.812996864318848 
5.915032863616943 
4.976343631744385 
4.576296329498291 
4.90973424911499 
4.868122100830078 
5.152393341064453 
5.1794819831848145 
5.014093399047852 
4.835679054260254 
4.9385528564453125 
4.918879508972168 
5.107479572296143 
4.975527763366699 
5.771303176879883 
5.015426158905029 
5.483279228210449 
5.576087951660156 
5.344949722290039 
5.308055877685547 
4.884873390197754 
5.323260307312012 
4.852839469909668 
5.085931777954102 
5.473305702209473 
4.856482028961182 
4.852250099182129 
4.772150993347168 
9.008251190185547 
4.984387397766113 
4.902835845947266 
5.159945964813232 
4.756337642669678 
5.2506632804870605 
4.9981160163879395 
5.060145378112793 
5.107913017272949 
5.577909469604492 
6.044095039367676 
5.371485233306885 
5.3140058517456055 
9.048168182373047 
8.296140670776367 
5.11555290222168 
5.179074764251709 
5.605987548828125 
4.902039051055908 
7.391017913818359 
4.962451934814453 
5.274136066436768 
5.01137113571167 
5.067002296447754 
6.148252010345459 
5.494308948516846 
4.9705023765563965 
4.9395365715026855 
4.857239246368408 
5.6382737159729 
5.073241233825684 
5.00678825378418 
4.827081203460693 
4.885546684265137 
5.144869804382324 
5.058678150177002 
5.281039237976074 
5.051863670349121 
5.204303741455078 
5.8981218338012695 
5.132538795471191 
5.143218040466309 
9.311311721801758 
6.495565414428711 
4.810737609863281 
5.135887145996094 
4.793744087219238 
4.909494400024414 
5.836418628692627 
8.039454460144043 
4.959865570068359 
4.958204746246338 
4.862735748291016 
5.050313949584961 
6.0449910163879395 
4.977737903594971 
5.17479944229126 
5.917356014251709 
5.8659348487854 
4.921037197113037 
4.7617387771606445 
5.2101616859436035 
5.084118366241455 
5.078007698059082 
5.144850254058838 
5.063181400299072 
4.94777250289917 
4.848548889160156 
5.758510589599609 
5.860124588012695 
6.5856547355651855 
5.375558853149414 
5.071105480194092 
5.438243389129639 
5.083160400390625 
5.033764839172363 
5.159879684448242 
5.027237892150879 
7.67535400390625 
5.7431817054748535 
5.123782157897949 
5.017914772033691 
5.279226779937744 
5.09645938873291 
5.101062297821045 
5.077190399169922 
5.125594615936279 
7.711400985717773 
4.96829891204834 
5.055566310882568 
4.891157150268555 
5.156157970428467 
5.126570224761963 
5.667690277099609 
4.989171028137207 
6.05138635635376 
5.128522872924805 
7.802513599395752 
4.786627769470215 
5.024449825286865 
5.480829238891602 
5.242275238037109 
5.297829627990723 
5.074462890625 
5.16180944442749 
6.120103359222412 
4.807918071746826 
5.410655498504639 
5.013801097869873 
5.920449256896973 
4.886190891265869 
6.090466022491455 
4.7895965576171875 
4.8924360275268555 
6.947605133056641 
5.244466781616211 
4.984800338745117 
5.220959663391113 
8.792283058166504 
5.155049800872803 
5.156223297119141 
5.228882789611816 
7.2150421142578125 
5.452385425567627 
5.024625301361084 
4.640562534332275 
5.313565254211426 
5.015973091125488 
5.189035415649414 
5.073471546173096 
5.185900688171387 
5.180473804473877 
5.308672904968262 
5.538829803466797 
4.889456272125244 
5.405307769775391 
5.50324821472168 
5.097631454467773 
5.072680473327637 
7.269536018371582 
5.450798511505127 
5.117493152618408 
5.20664644241333 
5.326496124267578 
5.011527061462402 
4.959100723266602 
4.837230682373047 
6.407815933227539 
6.472412109375 
5.1622185707092285 
7.043160915374756 
4.78793478012085 
5.057631015777588 
4.867609024047852 
5.180685997009277 
5.027496814727783 
4.984074115753174 
5.212738513946533 
4.912121772766113 
5.221455097198486 
5.079034328460693 
5.01124382019043 
5.183107376098633 
5.049558639526367 
5.43972635269165 
5.276207447052002 
5.030178546905518 
4.956778526306152 
5.566803932189941 
5.018993377685547 
5.54446268081665 
5.425471305847168 
5.4754252433776855 
4.91055965423584 
5.063592433929443 
6.473565101623535 
5.031149387359619 
4.7305498123168945 
4.9676618576049805 
7.381594181060791 
5.1121110916137695 
5.001682281494141 
5.397495746612549 
5.071972846984863 
6.528000831604004 
4.991140842437744 
4.754138946533203 
5.875353813171387 
4.719971179962158 
6.686787128448486 
6.370103359222412 
6.610736846923828 
4.92430305480957 
4.946474552154541 
5.03874397277832 
5.248169898986816 
4.688573837280273 
5.056316375732422 
5.321844100952148 
5.119579315185547 
5.399389743804932 
5.040589332580566 
7.901759147644043 
4.906412124633789 
5.3576555252075195 
8.028209686279297 
4.875550270080566 
6.025217056274414 
5.092935085296631 
5.0117034912109375 
4.964430809020996 
4.99715518951416 
7.361694812774658 
4.985262870788574 
4.959334373474121 
5.067338943481445 
5.062080383300781 
4.8390092849731445 
4.981037616729736 
4.838518142700195 
5.945698261260986 
5.196713447570801 
6.8187360763549805 
5.249741554260254 
4.994800567626953 
5.013803005218506 
5.3434157371521 
5.056136131286621 
5.31587028503418 
4.991207122802734 
4.906665325164795 
5.144435405731201 
5.251418590545654 
6.905296325683594 
5.020377159118652 
4.831242561340332 
5.2336626052856445 
6.076460838317871 
5.5240607261657715 
5.2061357498168945 
4.807051181793213 
4.8351287841796875 
5.1403069496154785 
4.866547107696533 
5.141220569610596 
7.088576793670654 
5.023041248321533 
5.201904296875 
4.96204948425293 
5.1322808265686035 
5.029980659484863 
5.399332046508789 
4.843679428100586 
5.141761779785156 
5.0505242347717285 
6.551939964294434 
5.041597366333008 
5.317009925842285 
4.890200138092041 
4.85282039642334 
7.5891337394714355 
5.73320198059082 
4.664580345153809 
5.1889262199401855 
5.021031379699707 
5.144861221313477 
5.696686744689941 
5.06112003326416 
5.046345233917236 
5.01877498626709 
4.715655326843262 
7.153779983520508 
5.199493885040283 
4.985715866088867 
6.246420383453369 
5.279472351074219 
5.237138748168945 
5.658684253692627 
4.895930290222168 
4.963650703430176 
5.033854007720947 
5.282182693481445 
5.1141815185546875 
6.447301864624023 
5.321201324462891 
5.3866071701049805 
5.017482757568359 
5.071221351623535 
6.231543064117432 
5.695331573486328 
5.140381813049316 
5.048251152038574 
5.081363201141357 
4.7690534591674805 
5.00258731842041 
5.129096031188965 
6.563108921051025 
5.18452262878418 
5.102669715881348 
5.214405059814453 
5.2509355545043945 
5.002412796020508 
4.770475387573242 
4.727489948272705 
4.903811931610107 
4.948695182800293 
6.223441123962402 
5.248341083526611 
5.081085205078125 
5.22838020324707 
5.786020278930664 
5.178384780883789 
5.098824501037598 
4.903744220733643 
4.912854194641113 
4.92432975769043 
5.183640003204346 
5.017782211303711 
5.216066360473633 
5.069394588470459 
5.9077043533325195 
5.098231315612793 
5.459261894226074 
5.024827003479004 
5.1375603675842285 
5.715813636779785 
5.160722732543945 
7.6628923416137695 
5.297367095947266 
5.118858337402344 
5.0776047706604 
5.431653022766113 
5.740072727203369 
4.548827171325684 
5.430356025695801 
5.080633163452148 
5.112791538238525 
5.239537715911865 
4.880927085876465 
4.910563945770264 
5.0614423751831055 
4.875095844268799 
4.966979026794434 
5.190190315246582 
7.975290298461914 
4.781686782836914 
4.665043830871582 
6.326611518859863 
5.226957321166992 
5.265830993652344 
6.586625099182129 
4.923205375671387 
5.216691017150879 
5.573211669921875 
5.197659492492676 
5.274116516113281 
7.331940174102783 
4.956567764282227 
5.96850061416626 
5.000563621520996 
4.998130798339844 
5.632587432861328 
5.107867240905762 
5.028184413909912 
5.248345851898193 
5.360043048858643 
5.292154312133789 
5.9028496742248535 
7.690084457397461 
5.02604866027832 
4.997503757476807 
5.657463073730469 
5.037710666656494 
4.902803897857666 
4.547322750091553 
5.191180229187012 
6.788201332092285 
4.966695785522461 
5.010598659515381 
5.329848289489746 
5.063957214355469 
4.868918418884277 
5.179638385772705 
4.914638996124268 
5.209808826446533 
4.955568313598633 
4.724580764770508 
5.434907913208008 
5.3367109298706055 
5.226134300231934 
5.002291202545166 
5.0023722648620605 
5.0197529792785645 
5.096319198608398 
5.050650119781494 
4.987540245056152 
5.010900974273682 
4.96182107925415 
5.661347389221191 
5.102005481719971 
5.0633649826049805 
6.062304496765137 
5.170329570770264 
7.357106685638428 
5.171181678771973 
6.262203693389893 
4.913547992706299 
5.237712860107422 
5.065159797668457 
5.247653007507324 
5.626518726348877 
6.660863399505615 
4.973814487457275 
5.0064263343811035 
4.5286030769348145 
5.512473106384277 
5.065456867218018 
4.93409538269043 
5.074300289154053 
4.881191253662109 
4.8986968994140625 
5.099645137786865 
4.974444389343262 
5.1498308181762695 
5.207209587097168 
4.794497489929199 
4.895837306976318 
4.894264221191406 
5.060910701751709 
4.989323616027832 
4.801641464233398 
5.082735061645508 
6.811212539672852 
4.8016133308410645 
5.0251078605651855 
5.36752986907959 
4.95123291015625 
5.621511459350586 
4.953029632568359 
4.9150071144104 
5.127283096313477 
5.041008949279785 
5.103342056274414 
5.18149471282959 
5.220384120941162 
4.788816928863525 
4.933438301086426 
4.926226615905762 
6.6499247550964355 
5.066719055175781 
6.412769317626953 
5.149991512298584 
5.280862331390381 
6.762576103210449 
5.0175371170043945 
5.110976696014404 
4.877819061279297 
5.285272121429443 
5.826440334320068 
5.078723907470703 
5.063320159912109 
5.108210563659668 
4.940365314483643 
4.7577619552612305 
8.28009033203125 
4.959127902984619 
5.835272789001465 
5.424167633056641 
5.095270156860352 
5.39167594909668 
5.073976516723633 
6.353924751281738 
5.267005443572998 
4.735659599304199 
5.501034736633301 
4.9464335441589355 
5.091549396514893 
5.099599838256836 
8.491843223571777 
5.557799339294434 
5.216835021972656 
5.35288143157959 
6.527643203735352 
6.058408260345459 
5.178193092346191 
5.034414291381836 
9.512267112731934 
9.106902122497559 
5.824846267700195 
5.959349632263184 
6.782648086547852 
5.071656227111816 
5.155917167663574 
5.970932960510254 
4.882237434387207 
5.2060866355896 
5.192842483520508 
4.961945533752441 
5.535621643066406 
4.952758312225342 
5.172021865844727 
5.191259860992432 
5.075162887573242 
4.719502925872803 
5.1154680252075195 
5.2583513259887695 
5.491908550262451 
6.18798828125 
5.040268421173096 
5.348109245300293 
4.988110065460205 
4.911540985107422 
5.49923849105835 
5.365579605102539 
6.3394904136657715 
4.8419036865234375 
4.8625030517578125 
5.030001640319824 
7.380021572113037 
5.513696670532227 
5.030640602111816 
9.34358024597168 
4.927958011627197 
5.491406440734863 
5.314007759094238 
5.8057966232299805 
4.915347576141357 
5.088093280792236 
5.508635520935059 
5.238162040710449 
4.84393310546875 
4.8835554122924805 
5.53936767578125 
5.129171848297119 
6.781259536743164 
5.263053894042969 
5.136225700378418 
5.307979583740234 
6.560812473297119 
5.1109843254089355 
4.840902328491211 
4.723182678222656 
5.013976097106934 
6.320183277130127 
5.792444705963135 
5.6716156005859375 
5.2094879150390625 
5.317403793334961 
4.714968681335449 
5.400907039642334 
5.119966983795166 
4.778900146484375 
5.880063533782959 
5.152888298034668 
4.992151260375977 
5.043989658355713 
5.083508014678955 
5.046821594238281 
5.356510639190674 
8.1852445602417 
5.2719550132751465 
6.549178123474121 
4.932062149047852 
4.750516891479492 
4.946985721588135 
5.31813907623291 
4.931748867034912 
5.126950263977051 
5.0806732177734375 
5.075995922088623 
5.007137298583984 
5.078648090362549 
6.1448187828063965 
5.028545379638672 
5.2903032302856445 
5.024868011474609 
5.214322090148926 
5.264085292816162 
4.969855785369873 
5.474336624145508 
5.296647071838379 
5.099493980407715 
4.867767333984375 
5.783914566040039 
4.914495468139648 
5.467833042144775 
5.564549446105957 
5.103217601776123 
5.1062188148498535 
4.792074203491211 
5.110354423522949 
6.363065242767334 
5.084064483642578 
4.9539289474487305 
4.8444294929504395 
4.906229496002197 
4.906710147857666 
5.2928242683410645 
5.444461345672607 
4.871711730957031 
5.033801078796387 
5.116589069366455 
4.971739292144775 
5.040415287017822 
6.159432888031006 
6.084591865539551 
7.649407863616943 
5.2195234298706055 
5.036177635192871 
5.1388092041015625 
5.397617816925049 
5.171339988708496 
5.121953964233398 
5.629044532775879 
4.996514320373535 
5.0566325187683105 
5.108782768249512 
5.988848686218262 
5.115061283111572 
5.180171966552734 
4.92574405670166 
5.2139410972595215 
4.995569229125977 
4.9744343757629395 
5.2118377685546875 
5.399074077606201 
5.016881465911865 
6.387440204620361 
4.8624773025512695 
4.888416767120361 
5.220977783203125 
5.821410179138184 
4.992685794830322 
5.281409740447998 
5.517405033111572 
4.9786834716796875 
5.2769012451171875 
5.764692306518555 
5.883315086364746 
5.215636253356934 
5.013392925262451 
6.239234447479248 
6.20750093460083 
5.382135391235352 
5.324766159057617 
5.184235095977783 
6.376172065734863 
5.061209201812744 
5.014283657073975 
5.300417900085449 
6.879935264587402 
6.0562334060668945 
4.937331676483154 
5.9748640060424805 
4.970556259155273 
4.709747314453125 
4.832032203674316 
5.318351745605469 
5.325875282287598 
5.13475227355957 
5.418817520141602 
4.874771595001221 
5.088338375091553 
4.96534538269043 
5.834602355957031 
5.090168476104736 
5.214082717895508 
5.0330119132995605 
7.292910575866699 
5.42433500289917 
5.3717145919799805 
5.060096740722656 
5.169013023376465 
5.104995250701904 
5.169760704040527 
5.677163124084473 
5.075603008270264 
5.067923545837402 
5.278377056121826 
5.07218599319458 
4.966347694396973 
5.2051191329956055 
5.411471843719482 
5.10696268081665 
5.816385269165039 
4.809985160827637 
4.900594711303711 
4.872254371643066 
5.058629989624023 
5.199037551879883 
5.372257232666016 
5.144319534301758 
6.0451860427856445 
4.743663787841797 
5.187132835388184 
5.229641437530518 
4.8544464111328125 
5.206854343414307 
5.07877254486084 
5.580722332000732 
7.263942718505859 
7.386778354644775 
5.507530689239502 
5.40381383895874 
6.665576934814453 
5.168325901031494 
4.995397567749023 
4.86680269241333 
5.104199409484863 
5.331917762756348 
5.313841819763184 
5.028354644775391 
7.164775371551514 
5.152413845062256 
4.741315841674805 
6.231719493865967 
5.037281513214111 
5.149293422698975 
5.564008712768555 
5.311481952667236 
4.971857070922852 
5.220444679260254 
5.215920448303223 
5.310382843017578 
4.968029499053955 
4.961853981018066 
4.966552734375 
6.154007911682129 
5.203089237213135 
4.9356207847595215 
5.07376766204834 
4.866483688354492 
5.126379013061523 
5.672921180725098 
5.661704063415527 
6.345625877380371 
5.387375354766846 
5.151054382324219 
4.954010963439941 
4.874045372009277 
5.692151069641113 
5.931994438171387 
5.127585411071777 
4.864107131958008 
6.073909759521484 
5.252654075622559 
4.979551315307617 
4.894741535186768 
5.4210920333862305 
4.90933895111084 
4.808614253997803 
6.147287368774414 
5.872066020965576 
4.8929123878479 
4.998737812042236 
7.058681964874268 
6.690323829650879 
6.048486709594727 
4.884303092956543 
5.569138050079346 
5.402552604675293 
5.396470069885254 
5.317599773406982 
6.175548553466797 
5.342158317565918 
5.595264434814453 
5.048171043395996 
5.2767744064331055 
4.766483783721924 
5.698849678039551 
4.8029046058654785 
4.977807998657227 
5.15009880065918 
5.182834148406982 
5.411584377288818 
4.910980224609375 
4.866752624511719 
5.071428298950195 
5.025378704071045 
4.96689510345459 
5.094912528991699 
6.458343982696533 
5.457467079162598 
6.287210464477539 
5.1302995681762695 
9.083891868591309 
5.024495601654053 
5.351114273071289 
5.133036136627197 
5.161323547363281 
5.251847267150879 
5.5676984786987305 
5.087230682373047 
4.9959611892700195 
5.0528364181518555 
6.906390190124512 
4.896400451660156 
4.854796886444092 
5.421393871307373 
5.1891255378723145 
5.058985233306885 
5.300708770751953 
4.978906631469727 
4.919045925140381 
5.147446155548096 
4.989030838012695 
5.1678385734558105 
5.143183708190918 
5.0281782150268555 
5.402186393737793 
4.843808174133301 
5.235192775726318 
5.29427433013916 
5.309666156768799 
4.981630802154541 
4.8790459632873535 
5.009902477264404 
5.280289173126221 
5.000534534454346 
4.890490531921387 
4.796704292297363 
4.8393073081970215 
6.5321221351623535 
5.02193546295166 
5.123574256896973 
5.439498424530029 
5.03518533706665 
5.143206596374512 
6.246517658233643 
5.215641021728516 
5.102932929992676 
5.631286144256592 
5.002505302429199 
6.459282875061035 
4.867395401000977 
5.21793794631958 
4.778731822967529 
7.296297073364258 
5.281811714172363 
6.046228408813477 
5.141932010650635 
5.4550652503967285 
5.020953178405762 
6.036473751068115 
6.4608612060546875 
7.559343338012695 
5.018269062042236 
5.0234270095825195 
5.112504005432129 
4.966241836547852 
5.147594451904297 
5.076608180999756 
5.280089855194092 
4.8016791343688965 
4.933163642883301 
5.286338806152344 
4.971931457519531 
5.643901824951172 
5.053462505340576 
7.000202178955078 
5.270898818969727 
6.631473541259766 
4.986438274383545 
4.823307991027832 
5.356433868408203 
5.389936447143555 
5.334972858428955 
5.538973808288574 
5.485162734985352 
5.361443996429443 
4.889225482940674 
5.888452053070068 
5.130256175994873 
5.947843074798584 
4.930671215057373 
4.994552135467529 
6.6298418045043945 
4.985820770263672 
5.155882835388184 
4.345038414001465 
5.354306221008301 
4.771215438842773 
4.92120885848999 
5.011690139770508 
5.8739166259765625 
7.139845371246338 
5.2295427322387695 
5.29437255859375 
5.506895065307617 
5.150151252746582 
5.961452484130859 
5.105138301849365 
5.156489372253418 
5.5794243812561035 
5.0321807861328125 
6.997580528259277 
4.818325996398926 
5.1740851402282715 
4.838435173034668 
5.235539436340332 
5.176871299743652 
5.132086753845215 
6.229902267456055 
5.259619235992432 
5.2834672927856445 
5.506840705871582 
5.352624416351318 
8.70354175567627 
6.588717460632324 
5.043854236602783 
5.07371711730957 
5.345067977905273 
6.982972621917725 
5.358529090881348 
5.039531707763672 
5.734414100646973 
5.125945091247559 
5.193179130554199 
5.154378890991211 
5.570540428161621 
4.651121139526367 
4.788768291473389 
5.355027675628662 
5.176522254943848 
5.976625442504883 
4.861762046813965 
5.162010192871094 
6.018344879150391 
6.214107513427734 
5.114614009857178 
4.977417945861816 
5.289597988128662 
5.019959449768066 
6.948559761047363 
4.986860752105713 
5.224209308624268 
5.184168815612793 
4.973119258880615 
4.968618392944336 
4.962637901306152 
5.034934997558594 
5.426238059997559 
5.135457515716553 
5.1560845375061035 
4.9365234375 
5.2538862228393555 
6.582942008972168 
4.994647979736328 
6.510566711425781 
4.878487586975098 
5.361538887023926 
4.9456329345703125 
5.079761981964111 
5.053515434265137 
5.305023670196533 
4.989463806152344 
4.82131814956665 
5.194556713104248 
5.4484405517578125 
4.777902603149414 
4.687154769897461 
5.276125907897949 
4.913262367248535 
5.736502647399902 
5.025859832763672 
6.9340105056762695 
4.76420783996582 
5.427546977996826 
4.7594170570373535 
5.361685276031494 
5.291259288787842 
4.902805328369141 
4.947337627410889 
5.079043388366699 
4.809534072875977 
4.991739273071289 
5.076798439025879 
5.051331996917725 
5.791706085205078 
6.382464408874512 
5.275995254516602 
4.994146347045898 
4.853734970092773 
7.643712043762207 
5.241724491119385 
5.225437164306641 
4.854016304016113 
5.298676490783691 
5.317659378051758 
5.227517604827881 
5.4669189453125 
5.596258163452148 
5.22770357131958 
5.0835795402526855 
5.0588908195495605 
7.06040096282959 
5.040119647979736 
4.693878650665283 
5.062337875366211 
5.656554222106934 
4.871509552001953 
8.461417198181152 
5.071094512939453 
5.216817855834961 
6.508783340454102 
4.916374683380127 
4.932512283325195 
5.4902024269104 
4.995161533355713 
5.0633745193481445 
5.0037312507629395 
5.214543342590332 
5.666094779968262 
5.149871349334717 
5.058280944824219 
4.908271789550781 
5.055917263031006 
4.9505486488342285 
5.693976879119873 
5.860176086425781 
4.894637584686279 
5.06824254989624 
4.924066543579102 
4.959447383880615 
8.05394172668457 
6.2083048820495605 
4.903354167938232 
4.913083076477051 
5.13556432723999 
7.241436958312988 
5.098675727844238 
5.71771240234375 
8.502046585083008 
9.036152839660645 
5.301581382751465 
5.161245822906494 
4.8788347244262695 
5.051366329193115 
4.870160102844238 
5.09902286529541 
5.131498336791992 
5.008453845977783 
4.859421730041504 
6.039497375488281 
5.2997846603393555 
5.203739643096924 
5.263548851013184 
5.053877830505371 
5.547524452209473 
5.306314468383789 
5.333237648010254 
5.380615234375 
5.000003814697266 
6.006769180297852 
6.760725975036621 
5.1578450202941895 
5.162577152252197 
4.895840644836426 
4.835953712463379 
6.132906913757324 
5.101672172546387 
5.778646469116211 
4.654408931732178 
5.1116132736206055 
5.169209957122803 
5.248128890991211 
4.982803821563721 
5.624237537384033 
5.869987964630127 
5.1396660804748535 
4.803136825561523 
5.467733383178711 
5.735476970672607 
4.479512691497803 
4.9388251304626465 
5.227285385131836 
5.254887580871582 
5.323116779327393 
7.553251266479492 
5.076664924621582 
5.768069267272949 
5.2362799644470215 
5.169532775878906 
7.279096603393555 
5.075153350830078 
5.18402624130249 
6.877589225769043 
4.872330188751221 
5.145543098449707 
4.949549198150635 
5.1525163650512695 
5.480860710144043 
5.00625467300415 
4.876132965087891 
5.47148323059082 
4.984733581542969 
4.987318515777588 
5.3150105476379395 
6.836609840393066 
5.759683132171631 
5.436366081237793 
5.795225143432617 
6.7887396812438965 
4.983955383300781 
5.1081767082214355 
5.123159408569336 
4.664729118347168 
5.94279146194458 
4.872026443481445 
5.152552127838135 
5.3465576171875 
4.910171985626221 
4.986120700836182 
5.050599575042725 
5.043710708618164 
6.542922019958496 
5.146056175231934 
6.079740524291992 
5.365442276000977 
5.180624485015869 
5.078564643859863 
5.0153913497924805 
4.8897271156311035 
6.055941581726074 
6.135217189788818 
5.033232688903809 
4.967923164367676 
5.065543174743652 
5.082023620605469 
4.856212139129639 
4.9789605140686035 
5.0372633934021 
5.505512237548828 
5.507835388183594 
8.290247917175293 
5.571352958679199 
5.037671089172363 
6.739415645599365 
5.119803428649902 
6.084907531738281 
5.078105926513672 
6.693033695220947 
4.902896404266357 
4.9832658767700195 
4.869480133056641 
4.805612087249756 
5.08876895904541 
4.9912800788879395 
5.482615947723389 
5.382448673248291 
5.003353118896484 
6.747664928436279 
6.6406707763671875 
5.224167823791504 
5.699654579162598 
5.633108139038086 
5.19847297668457 
5.076844215393066 
6.575817108154297 
5.338375091552734 
4.817050457000732 
4.950765609741211 
5.0201287269592285 
4.995423316955566 
4.775952339172363 
5.551368713378906 
5.1423749923706055 
5.630642890930176 
4.926018238067627 
5.498965263366699 
5.203888416290283 
5.143613815307617 
5.914743423461914 
5.68890380859375 
5.265186309814453 
6.169183254241943 
5.360145568847656 
5.105736255645752 
5.1241536140441895 
5.062558174133301 
5.377649307250977 
5.301818370819092 
5.230624198913574 
4.97146463394165 
5.125871658325195 
5.108025074005127 
5.01853609085083 
5.153088569641113 
4.904321193695068 
5.398982524871826 
5.1995344161987305 
5.2322235107421875 
5.147642612457275 
5.316145896911621 
4.8954339027404785 
5.068270206451416 
5.087454795837402 
4.465859413146973 
5.4324469566345215 
5.372788429260254 
4.8680500984191895 
5.163059234619141 
5.972312927246094 
5.0004682540893555 
5.189062595367432 
5.216640472412109 
5.93753719329834 
4.9559502601623535 
5.552856922149658 
5.396479606628418 
5.157802104949951 
5.901637554168701 
5.148379325866699 
5.319155693054199 
5.090614318847656 
5.3227949142456055 
4.767744541168213 
5.253905296325684 
5.211434841156006 
5.057308197021484 
5.053108215332031 
4.826450347900391 
5.139753341674805 
8.67408275604248 
5.663735866546631 
5.125716209411621 
4.997623443603516 
5.142601013183594 
4.72905158996582 
5.556246757507324 
5.172118186950684 
4.841794013977051 
6.3411359786987305 
5.092836380004883 
5.258020877838135 
5.214842796325684 
5.0090203285217285 
7.113740921020508 
4.783504009246826 
4.901430606842041 
4.979782581329346 
6.145479202270508 
4.913149833679199 
5.033234596252441 
4.6889848709106445 
5.336037635803223 
7.429573059082031 
5.140953540802002 
5.038185119628906 
5.205347537994385 
5.799593925476074 
5.278468608856201 
5.143868446350098 
6.146421432495117 
5.031589984893799 
4.922843933105469 
4.778261661529541 
4.922679424285889 
6.078618049621582 
5.050530433654785 
4.871225833892822 
4.810513019561768 
5.334383010864258 
4.947240829467773 
5.102431774139404 
4.997625350952148 
5.4602274894714355 
5.245301246643066 
5.152921676635742 
5.226047039031982 
4.972533702850342 
5.276237487792969 
6.188663482666016 
5.5582404136657715 
4.906914710998535 
5.10382604598999 
5.12501335144043 
5.139608860015869 
5.395583629608154 
5.175589561462402 
4.868079662322998 
5.219368934631348 
5.2555646896362305 
5.318963527679443 
5.134545803070068 
5.207291603088379 
5.195911407470703 
5.1616058349609375 
5.210484504699707 
4.889593601226807 
6.231788635253906 
4.886446475982666 
4.951370716094971 
5.014203071594238 
4.926371097564697 
5.293861389160156 
5.068436622619629 
5.215281963348389 
5.027841091156006 
5.236429691314697 
5.782007217407227 
5.106935501098633 
4.810696601867676 
5.3692827224731445 
5.031159400939941 
4.85667610168457 
4.827191352844238 
5.162004470825195 
4.851651191711426 
5.373903274536133 
4.928949356079102 
4.867414474487305 
5.411158561706543 
5.022870063781738 
5.390344619750977 
5.119350433349609 
5.828114986419678 
4.94411563873291 
5.125114440917969 
4.927058696746826 
4.917215347290039 
5.017733573913574 
5.296905040740967 
5.736272811889648 
4.688859939575195 
5.621039390563965 
5.076831817626953 
5.028643608093262 
4.917994022369385 
5.08494758605957 
4.937108993530273 
4.843334197998047 
4.930903911590576 
5.70983362197876 
5.500149726867676 
5.6705756187438965 
4.9829511642456055 
4.854611396789551 
5.241774082183838 
6.050145149230957 
4.823631286621094 
5.121816635131836 
5.157902240753174 
5.3370490074157715 
5.368202209472656 
5.1615753173828125 
4.969714641571045 
7.260303497314453 
5.454050540924072 
5.1371235847473145 
5.312982559204102 
6.120551586151123 
5.158603668212891 
5.4535064697265625 
4.780799388885498 
5.053407192230225 
4.977574825286865 
5.251842498779297 
5.511268615722656 
5.027509689331055 
7.171018600463867 
6.072933197021484 
5.416473865509033 
4.938275337219238 
5.887619495391846 
5.066476821899414 
5.024233818054199 
5.629758834838867 
5.124007701873779 
5.961668014526367 
5.983260631561279 
5.492804527282715 
5.862685203552246 
5.124694347381592 
7.986072540283203 
5.003386497497559 
6.014828681945801 
4.816596508026123 
4.79257345199585 
5.001737594604492 
5.559704303741455 
5.401006698608398 
5.182517051696777 
4.924501419067383 
5.1973466873168945 
5.011446952819824 
5.133709907531738 
5.624444484710693 
5.535754680633545 
4.957980155944824 
5.520298957824707 
8.765957832336426 
6.435930252075195 
5.042353630065918 
6.248619556427002 
7.217685222625732 
6.794280052185059 
4.867375373840332 
5.029218673706055 
4.982302188873291 
5.573563098907471 
7.12958288192749 
4.928435325622559 
5.310765743255615 
5.185945510864258 
5.455745220184326 
5.150838851928711 
5.426767826080322 
5.310748100280762 
5.1351752281188965 
5.162444114685059 
5.333164691925049 
5.289839744567871 
4.905231475830078 
5.219853401184082 
5.163525104522705 
4.982604503631592 
5.022552967071533 
5.449894905090332 
6.261117935180664 
5.091251373291016 
4.902118682861328 
5.181978702545166 
7.215760231018066 
4.803861141204834 
5.064943313598633 
4.9768524169921875 
4.9941086769104 
5.327871799468994 
6.219985008239746 
5.086095333099365 
4.744762420654297 
5.283768177032471 
5.128451824188232 
5.141319751739502 
5.17881965637207 
7.856505393981934 
4.7392778396606445 
4.780128002166748 
5.233470916748047 
8.234620094299316 
4.867776393890381 
5.116417407989502 
5.408901214599609 
4.90688943862915 
5.013345718383789 
6.193093299865723 
5.225717544555664 
4.945659637451172 
5.31660270690918 
5.054272651672363 
5.109774112701416 
5.821573734283447 
4.638491630554199 
5.1486287117004395 
4.917056083679199 
5.899306774139404 
5.414947032928467 
5.004354953765869 
6.410160064697266 
4.9531121253967285 
6.141014099121094 
6.906337738037109 
5.175229072570801 
5.161464691162109 
4.791131496429443 
6.164477348327637 
4.772177219390869 
5.287820339202881 
5.112591743469238 
4.987481594085693 
5.573034763336182 
5.1391706466674805 
5.0159759521484375 
5.100188732147217 
5.207776069641113 
5.256932258605957 
5.156050205230713 
5.590599060058594 
4.99632453918457 
5.751549243927002 
5.192268371582031 
4.741052627563477 
4.987246513366699 
5.196268081665039 
5.092249393463135 
5.3799285888671875 
5.103482246398926 
5.032172203063965 
6.111085891723633 
5.101534843444824 
5.24228048324585 
4.808231353759766 
6.092065811157227 
4.721749782562256 
6.559567451477051 
5.46964693069458 
5.508421897888184 
4.6350789070129395 
5.253329277038574 
5.04771614074707 
6.3608293533325195 
4.827122688293457 
5.580683708190918 
4.919532775878906 
4.847716808319092 
6.65351676940918 
7.689776420593262 
5.387648582458496 
5.183919906616211 
5.1400275230407715 
5.667967796325684 
5.379352569580078 
5.0198774337768555 
6.657627582550049 
5.676373481750488 
5.49929141998291 
5.0019001960754395 
5.2778520584106445 
5.2418317794799805 
5.292474269866943 
5.640232086181641 
5.052384853363037 
5.142019271850586 
8.516449928283691 
6.739315509796143 
5.549282073974609 
5.529598712921143 
5.392858505249023 
5.341159820556641 
4.8651933670043945 
5.609932899475098 
5.594196319580078 
4.663214683532715 
5.026412487030029 
5.0419206619262695 
7.82442045211792 
5.5897722244262695 
6.556692123413086 
5.2221832275390625 
4.7745490074157715 
5.166499614715576 
4.998997688293457 
4.983489036560059 
6.147700309753418 
4.8438591957092285 
5.190121650695801 
5.078447341918945 
4.9107513427734375 
4.936524391174316 
5.56899356842041 
5.037386894226074 
4.747277736663818 
5.6556196212768555 
5.440726280212402 
4.705784320831299 
4.844033241271973 
5.761519432067871 
5.303130149841309 
4.963759422302246 
5.044989585876465 
5.675453186035156 
5.023308277130127 
5.690030097961426 
5.229936122894287 
5.103395938873291 
5.235850811004639 
9.662935256958008 
8.485505104064941 
4.947606086730957 
5.433956623077393 
4.981959342956543 
4.956048488616943 
5.017225742340088 
5.2015252113342285 
5.11415433883667 
4.781741619110107 
5.322436332702637 
4.873716354370117 
5.057460308074951 
4.917247772216797 
5.086536884307861 
4.7189249992370605 
5.766125679016113 
5.07479190826416 
5.6106061935424805 
4.927957534790039 
5.575564861297607 
5.325994491577148 
4.994093418121338 
5.098468780517578 
5.001537322998047 
4.8225202560424805 
5.047719955444336 
5.436546802520752 
5.630834579467773 
5.09657096862793 
4.9709978103637695 
5.894552230834961 
5.84092903137207 
5.109691143035889 
7.133920669555664 
4.819386005401611 
5.127415657043457 
4.792575836181641 
4.792695999145508 
4.9368896484375 
5.110881805419922 
6.047117710113525 
4.9244537353515625 
4.747929096221924 
5.150555610656738 
4.953927040100098 
4.917235374450684 
5.173408508300781 
5.088300704956055 
4.716511249542236 
5.164299011230469 
5.238480567932129 
5.560020923614502 
5.110171318054199 
5.494388580322266 
5.916167259216309 
4.5995097160339355 
4.958317756652832 
5.68673038482666 
5.054401397705078 
5.18422794342041 
4.877593040466309 
5.110132694244385 
4.884434700012207 
5.0846123695373535 
5.2398576736450195 
4.886843204498291 
5.911367416381836 
5.3682403564453125 
6.504090309143066 
5.057890892028809 
4.918360710144043 
5.011927604675293 
4.877958297729492 
5.096649646759033 
5.944136619567871 
5.20333194732666 
6.259556770324707 
5.00863790512085 
5.709498405456543 
5.193220138549805 
5.072388648986816 
5.790500640869141 
5.280148983001709 
5.397795677185059 
5.319771766662598 
5.098919868469238 
5.021238803863525 
5.228787422180176 
4.900740623474121 
4.955307483673096 
6.165404319763184 
5.387510299682617 
5.86989688873291 
9.232024192810059 
5.70338249206543 
5.315214157104492 
4.98404598236084 
5.404876708984375 
5.184272766113281 
4.768072128295898 
5.003131866455078 
5.178367614746094 
5.063089370727539 
5.796208381652832 
5.070967197418213 
5.159929275512695 
5.565831661224365 
4.891002178192139 
8.02415943145752 
5.111244201660156 
4.824091911315918 
4.7253828048706055 
5.45756196975708 
5.164764404296875 
5.712864398956299 
6.058797836303711 
5.409820556640625 
5.000433921813965 
5.1155595779418945 
6.208674430847168 
5.565727233886719 
4.948360919952393 
6.517284870147705 
6.780473709106445 
4.898001670837402 
6.551342964172363 
5.339376449584961 
5.7480316162109375 
6.986934185028076 
6.133520126342773 
5.01241397857666 
5.049539566040039 
5.279383659362793 
5.000968933105469 
5.366429328918457 
5.519726753234863 
7.204760551452637 
5.110186576843262 
9.187066078186035 
4.846954345703125 
5.12192440032959 
5.252326965332031 
6.524085521697998 
5.327325344085693 
5.1785759925842285 
5.7870402336120605 
5.243553161621094 
5.188680648803711 
5.0192413330078125 
5.286988735198975 
7.180140495300293 
6.54312801361084 
5.320126533508301 
5.28327751159668 
5.287025451660156 
5.063880443572998 
5.1147661209106445 
5.217775344848633 
5.021756649017334 
5.130268573760986 
6.497912406921387 
7.344135284423828 
5.356681823730469 
4.7606353759765625 
5.294277191162109 
5.125101089477539 
5.40737247467041 
5.136434078216553 
5.487791538238525 
4.981703281402588 
4.764286518096924 
4.815252304077148 
5.0803985595703125 
7.288332939147949 
4.982010841369629 
5.178389549255371 
5.04118537902832 
4.904216766357422 
4.93337869644165 
5.559101104736328 
4.918203353881836 
4.99630069732666 
5.522991180419922 
5.178728103637695 
5.302630424499512 
5.302258014678955 
5.914181709289551 
5.403337478637695 
5.166779041290283 
5.211162567138672 
5.297793388366699 
5.067365646362305 
5.064654350280762 
4.90613317489624 
5.284712791442871 
5.15943717956543 
5.166279315948486 
5.009533882141113 
5.995851993560791 
5.009408950805664 
5.797685146331787 
5.432312965393066 
4.886629581451416 
5.143796920776367 
5.380004405975342 
5.172584533691406 
4.946639060974121 
5.176717758178711 
6.950598239898682 
5.212471961975098 
4.947016716003418 
5.152956485748291 
5.21034049987793 
5.1885881423950195 
5.024796485900879 
4.97974157333374 
4.744039058685303 
4.990297317504883 
5.120718002319336 
5.046321868896484 
4.908476829528809 
5.242347717285156 
5.025961399078369 
4.997770309448242 
4.50449800491333 
6.586029052734375 
5.950679302215576 
4.81438684463501 
5.047233581542969 
5.042641639709473 
4.8003034591674805 
4.992006301879883 
8.213676452636719 
5.970953941345215 
5.48475456237793 
5.266592979431152 
5.580264568328857 
5.141221523284912 
5.008866310119629 
5.150985240936279 
5.503684043884277 
5.126081466674805 
5.495205879211426 
4.79990816116333 
5.048981666564941 
5.1964545249938965 
4.99031925201416 
4.6937432289123535 
5.080478668212891 
5.00172233581543 
5.166807174682617 
5.03610372543335 
5.249893665313721 
5.4094953536987305 
5.356159210205078 
4.836723327636719 
4.886448383331299 
5.589217185974121 
5.217716217041016 
4.985404014587402 
4.639697551727295 
5.090823173522949 
5.377893447875977 
5.40634822845459 
5.018463134765625 
4.927693843841553 
5.966798782348633 
5.09798526763916 
5.1017351150512695 
4.930839538574219 
8.957859992980957 
5.32365608215332 
4.851545333862305 
5.446260929107666 
5.343106269836426 
5.052372932434082 
4.807132244110107 
5.22569465637207 
5.199291229248047 
4.734495162963867 
5.433778762817383 
5.535991191864014 
5.024339199066162 
5.19737434387207 
4.963512897491455 
5.08669900894165 
4.802052021026611 
5.063761234283447 
5.3487043380737305 
6.523399353027344 
5.164276123046875 
4.816868305206299 
4.874569892883301 
4.903085708618164 
5.431221961975098 
5.008544921875 
5.264764785766602 
4.878968715667725 
7.128235816955566 
5.387469291687012 
5.861036777496338 
4.775274276733398 
7.165812969207764 
5.18660306930542 
5.530574321746826 
5.09415340423584 
4.960794448852539 
4.994961738586426 
4.928800582885742 
5.414573669433594 
4.955119609832764 
5.497768878936768 
7.08660888671875 
5.072570323944092 
5.086672306060791 
4.934356689453125 
4.944494724273682 
4.99228572845459 
5.3292622566223145 
4.937232971191406 
5.099203109741211 
5.174020290374756 
4.981363773345947 
5.09815788269043 
8.700104713439941 
8.317679405212402 
5.245223045349121 
5.134632110595703 
5.4375386238098145 
5.432214736938477 
4.858312606811523 
5.192493438720703 
5.394495487213135 
5.383569240570068 
5.078258514404297 
5.065062046051025 
5.575201034545898 
5.00501012802124 
4.890378475189209 
5.456119537353516 
4.863760471343994 
5.045957565307617 
5.428583145141602 
5.185308933258057 
7.246067047119141 
6.827244281768799 
4.99057674407959 
4.957271099090576 
4.881202697753906 
7.143193244934082 
4.991646766662598 
5.6776347160339355 
4.88231897354126 
4.61501932144165 
5.51026725769043 
4.8695149421691895 
4.647489070892334 
5.082084655761719 
5.274997234344482 
5.52191162109375 
5.213602066040039 
5.149860382080078 
5.48963737487793 
5.237831115722656 
5.0047149658203125 
5.249104976654053 
5.000150680541992 
5.204278945922852 
5.071725845336914 
4.742204666137695 
7.471683979034424 
5.121405124664307 
5.1550493240356445 
4.888990879058838 
6.021126747131348 
5.2068681716918945 
5.126643180847168 
5.006194591522217 
5.146366596221924 
5.058707237243652 
5.009130477905273 
5.117020606994629 
5.116710662841797 
5.043766021728516 
5.55018424987793 
5.088788032531738 
5.573040008544922 
5.10677433013916 
5.058370113372803 
5.1151323318481445 
4.8167805671691895 
4.974564552307129 
5.239462852478027 
5.438648700714111 
4.884245872497559 
5.023161888122559 
4.707794666290283 
5.213968276977539 
5.102463245391846 
4.863905906677246 
5.3785810470581055 
5.187729835510254 
5.211736679077148 
6.224454879760742 
5.003461837768555 
4.912744998931885 
6.220990180969238 
5.804917335510254 
5.47495174407959 
5.146944522857666 
5.45689582824707 
5.300865173339844 
5.091217994689941 
7.581215858459473 
7.887493133544922 
4.812423229217529 
7.419323921203613 
4.912001609802246 
5.113828182220459 
5.003360271453857 
4.882735252380371 
5.134619235992432 
5.147791862487793 
5.496286869049072 
6.001873970031738 
9.882991790771484 
5.314735412597656 
7.063962936401367 
5.1843461990356445 
5.058554649353027 
5.270941734313965 
4.874931335449219 
5.092954635620117 
5.116459369659424 
4.841690540313721 
5.112249851226807 
5.446085453033447 
5.016565322875977 
4.818320274353027 
5.019486904144287 
5.140597820281982 
5.335602283477783 
5.617417812347412 
4.927723407745361 
4.957779407501221 
5.109069347381592 
4.860929489135742 
5.23290491104126 
5.217173099517822 
4.980138778686523 
5.051308631896973 
5.073274612426758 
5.036686897277832 
5.387566566467285 
5.424118518829346 
4.796908378601074 
5.940649032592773 
4.988248825073242 
5.597025394439697 
5.124398231506348 
5.116846561431885 
6.096272945404053 
4.747806549072266 
5.178438186645508 
6.16846227645874 
5.98886775970459 
5.050704479217529 
5.303653717041016 
6.2818779945373535 
7.0786566734313965 
5.2466912269592285 
4.931111812591553 
4.967392444610596 
5.172526836395264 
4.753523826599121 
5.542466163635254 
6.01894474029541 
4.603300094604492 
5.303125381469727 
5.148257732391357 
4.7921953201293945 
5.12854528427124 
5.222026824951172 
5.125839710235596 
5.192852973937988 
4.995837211608887 
5.7054338455200195 
5.083587646484375 
5.6726837158203125 
6.862790107727051 
4.930310249328613 
5.198322296142578 
4.873343467712402 
4.780400276184082 
5.783296585083008 
4.951482772827148 
4.94147253036499 
5.432857990264893 
7.847504615783691 
5.174359321594238 
6.197236061096191 
5.215705871582031 
5.551678657531738 
5.536996364593506 
4.887726306915283 
5.287933826446533 
4.9423675537109375 
5.041055202484131 
5.063534259796143 
4.878793716430664 
7.088063716888428 
4.938235282897949 
4.691004753112793 
5.2747344970703125 
4.883141040802002 
4.787142753601074 
4.989781856536865 
5.410365104675293 
4.740838527679443 
4.877170562744141 
5.13862419128418 
4.897488117218018 
8.391672134399414 
5.249269008636475 
6.969744682312012 
4.8917083740234375 
5.248440265655518 
5.59782600402832 
7.546332836151123 
4.90919303894043 
5.175343990325928 
6.923767566680908 
5.370168685913086 
4.789346694946289 
5.743289470672607 
5.298591136932373 
5.1244893074035645 
5.071153163909912 
7.825052261352539 
5.0211639404296875 
5.500296592712402 
5.206080436706543 
5.06477165222168 
5.310818195343018 
5.049821376800537 
5.125908851623535 
4.784275054931641 
6.309000015258789 
5.093946933746338 
5.1005048751831055 
5.111787796020508 
5.291188716888428 
4.89431619644165 
6.968618869781494 
4.922175884246826 
4.955946922302246 
5.053324222564697 
4.979825019836426 
4.930551528930664 
4.784102439880371 
5.178286552429199 
5.024966239929199 
5.986932754516602 
4.912936687469482 
5.08327579498291 
5.372149467468262 
5.564824104309082 
4.767083168029785 
4.901309967041016 
5.023603916168213 
5.355799198150635 
5.256793022155762 
4.840584754943848 
6.442676067352295 
4.964163780212402 
5.693202495574951 
4.942183017730713 
6.033482074737549 
5.128784656524658 
6.119265079498291 
4.917924404144287 
5.153982639312744 
5.160154819488525 
5.412835121154785 
5.1480488777160645 
5.0703816413879395 
5.36673641204834 
4.739096641540527 
5.215230941772461 
5.281280040740967 
5.284665107727051 
5.429926872253418 
5.208057403564453 
5.000308990478516 
5.006783485412598 
4.852199554443359 
5.216775417327881 
5.075117111206055 
5.010220527648926 
5.192418098449707 
6.093642234802246 
5.0900959968566895 
4.971169471740723 
4.772944450378418 
5.43575382232666 
4.979002952575684 
5.21733283996582 
5.088001251220703 
5.139769554138184 
4.905607223510742 
5.561834335327148 
7.879636764526367 
5.502335071563721 
7.5523529052734375 
5.098855018615723 
4.988529205322266 
5.170998573303223 
5.571524143218994 
4.916688442230225 
5.473670959472656 
4.834527969360352 
5.152317047119141 
5.40878963470459 
5.169380187988281 
5.04061222076416 
5.156511306762695 
5.281534671783447 
5.182226181030273 
5.529400825500488 
4.7398834228515625 
4.985841751098633 
4.981060028076172 
4.819056510925293 
5.087027072906494 
5.345146656036377 
7.818912982940674 
5.266358375549316 
5.036240577697754 
5.291849613189697 
5.2639641761779785 
5.566461086273193 
5.0700273513793945 
6.121520042419434 
5.124630451202393 
5.345639228820801 
5.2628278732299805 
5.042949199676514 
6.926833152770996 
4.954052925109863 
5.302504539489746 
5.111032485961914 
5.045810222625732 
5.596356391906738 
