7.925172805786133 
5.932344913482666 
4.760881423950195 
8.574678421020508 
6.638030052185059 
4.923919677734375 
6.0000319480896 
6.946716785430908 
5.574422359466553 
6.271039962768555 
5.984889030456543 
4.988070011138916 
6.1392011642456055 
6.702420234680176 
9.224239349365234 
7.196534156799316 
6.579265594482422 
6.31359338760376 
7.017745018005371 
7.530404090881348 
6.464954853057861 
5.149101257324219 
6.666891098022461 
6.3727803230285645 
5.230813026428223 
5.489870548248291 
5.562108039855957 
6.961304187774658 
6.384001731872559 
6.198642730712891 
5.309967517852783 
5.442408561706543 
6.339847564697266 
8.32926082611084 
6.4223809242248535 
6.223859786987305 
5.419556140899658 
6.6009979248046875 
6.338139057159424 
6.764554023742676 
8.875513076782227 
5.62712287902832 
7.305380344390869 
5.5102643966674805 
6.7320733070373535 
5.860951900482178 
5.287469863891602 
8.19189739227295 
7.231860160827637 
6.149085998535156 
6.371138572692871 
6.597602367401123 
7.723222732543945 
5.4570112228393555 
5.107550621032715 
6.200540542602539 
5.378345489501953 
6.382914066314697 
6.460565567016602 
7.300304412841797 
9.251004219055176 
4.834079742431641 
7.756293296813965 
8.983020782470703 
5.690871238708496 
6.7849531173706055 
5.1317596435546875 
6.303520202636719 
5.524517059326172 
5.839843273162842 
5.83908748626709 
6.6178998947143555 
6.0559468269348145 
5.475284576416016 
7.751972198486328 
7.197812080383301 
8.222750663757324 
5.803701400756836 
5.285039901733398 
5.631105422973633 
6.355369567871094 
6.785757541656494 
5.037315368652344 
5.84205961227417 
5.267335414886475 
7.160143852233887 
5.868508338928223 
6.946443557739258 
5.302383899688721 
6.062692642211914 
5.9247331619262695 
4.460294723510742 
5.798271179199219 
5.278411388397217 
6.444483757019043 
5.001494884490967 
5.467656135559082 
5.404239177703857 
5.6504926681518555 
8.794931411743164 
4.981038570404053 
5.583746433258057 
5.922648906707764 
7.318174362182617 
7.698109149932861 
5.8639020919799805 
5.3757734298706055 
5.529842376708984 
6.06787109375 
7.234292984008789 
7.0225067138671875 
6.237948417663574 
5.598540306091309 
6.585890769958496 
5.711126327514648 
9.758040428161621 
5.273935317993164 
5.119119644165039 
5.396883010864258 
7.176016807556152 
8.060425758361816 
6.277413368225098 
5.188419342041016 
8.226956367492676 
5.947942733764648 
7.237612724304199 
6.442464351654053 
7.326621055603027 
8.430066108703613 
5.050249099731445 
5.564266204833984 
7.278913497924805 
6.450292110443115 
6.197127342224121 
6.203703880310059 
5.557668685913086 
6.092638969421387 
5.7086286544799805 
7.010992050170898 
6.329448699951172 
7.793531894683838 
6.991084098815918 
5.258219242095947 
7.071541786193848 
6.738994598388672 
8.3765869140625 
8.48463249206543 
7.344083309173584 
6.325094223022461 
6.267384052276611 
6.019484519958496 
5.811724662780762 
5.961361885070801 
6.072654724121094 
5.376561164855957 
6.002448081970215 
6.748401165008545 
7.0192155838012695 
6.827450752258301 
10.58793830871582 
6.192960262298584 
6.43354606628418 
5.622849941253662 
5.783534526824951 
6.261635780334473 
8.588899612426758 
4.959171295166016 
5.548178195953369 
5.3183488845825195 
5.923863410949707 
5.951390266418457 
7.159116744995117 
6.976771354675293 
8.417205810546875 
9.539396286010742 
8.26420783996582 
4.949863433837891 
5.883203983306885 
7.224618434906006 
7.711206912994385 
7.156939506530762 
7.476263999938965 
6.25049352645874 
5.452686309814453 
7.400216579437256 
6.180530548095703 
7.510662078857422 
6.550973892211914 
9.522688865661621 
6.7341532707214355 
6.522587299346924 
5.745572090148926 
7.213623523712158 
5.630037784576416 
7.859004974365234 
6.081121444702148 
6.557672500610352 
5.462634086608887 
5.456820487976074 
7.54121208190918 
5.589456558227539 
6.694051265716553 
4.898927688598633 
6.547837257385254 
7.413023948669434 
6.196861267089844 
5.7815728187561035 
8.850918769836426 
7.827587604522705 
5.780063629150391 
7.494111061096191 
7.064465522766113 
6.2190775871276855 
5.480129718780518 
5.502959251403809 
6.140373706817627 
4.319576740264893 
6.352801322937012 
5.321444511413574 
5.412295341491699 
6.3899078369140625 
6.000049114227295 
7.415347099304199 
6.672187805175781 
7.224637508392334 
5.6251115798950195 
6.348099231719971 
7.337364196777344 
7.148726463317871 
5.395779609680176 
6.2565460205078125 
6.826486587524414 
6.359030723571777 
6.810756206512451 
9.041581153869629 
4.899280548095703 
5.179950714111328 
6.237602233886719 
5.585993766784668 
5.633984088897705 
4.822746276855469 
5.631433486938477 
5.400760173797607 
5.888991355895996 
6.122969627380371 
6.13858699798584 
8.361146926879883 
6.677635192871094 
7.060151100158691 
5.392019748687744 
6.342562675476074 
6.10703706741333 
6.005711078643799 
5.695873260498047 
6.194307327270508 
7.056859016418457 
6.683154582977295 
7.741456508636475 
5.8740034103393555 
7.171547889709473 
6.475073337554932 
5.403037071228027 
7.856235504150391 
6.2673420906066895 
6.333824157714844 
6.448588848114014 
7.011775493621826 
9.655378341674805 
6.908228874206543 
6.413250923156738 
5.777711868286133 
7.770443439483643 
5.940385818481445 
7.05152702331543 
8.876370429992676 
6.85727596282959 
6.220787525177002 
5.368067741394043 
6.050785064697266 
6.2372636795043945 
7.726963043212891 
6.4351911544799805 
5.751801013946533 
6.706734657287598 
6.2688307762146 
5.829134941101074 
5.500601768493652 
7.152997016906738 
6.240290641784668 
6.259634971618652 
5.981077194213867 
8.61562442779541 
6.588732719421387 
7.103388786315918 
5.334811210632324 
6.9838361740112305 
5.38260555267334 
5.6027607917785645 
7.17941951751709 
6.807575225830078 
7.309110641479492 
6.354364395141602 
5.4908246994018555 
6.4977803230285645 
6.082183361053467 
6.177104949951172 
5.248946189880371 
5.522522926330566 
7.692500591278076 
5.235738754272461 
5.5228776931762695 
7.475728988647461 
6.274419784545898 
5.937546730041504 
6.766843795776367 
5.687017440795898 
6.179134368896484 
5.4571919441223145 
5.880210876464844 
7.0219926834106445 
4.871387481689453 
7.672778129577637 
4.585022449493408 
6.308241367340088 
7.168403625488281 
5.973057746887207 
5.884281635284424 
5.969124794006348 
5.398220062255859 
6.159986972808838 
6.514255523681641 
7.339134216308594 
7.0277204513549805 
6.565982818603516 
5.319962978363037 
5.452701568603516 
5.6912336349487305 
4.718718528747559 
6.102306365966797 
7.007881164550781 
6.840079307556152 
6.302590370178223 
6.003329753875732 
7.541924476623535 
7.82254695892334 
6.491612911224365 
6.332557201385498 
6.091034889221191 
4.880400657653809 
5.956453800201416 
6.144672870635986 
5.52705192565918 
6.959227561950684 
6.735753536224365 
7.013650417327881 
6.109418869018555 
8.016989707946777 
4.822138786315918 
7.355036735534668 
5.995837688446045 
6.263345718383789 
6.464573383331299 
6.780936241149902 
7.098102569580078 
6.923096179962158 
5.190167427062988 
7.07572078704834 
5.504853248596191 
5.725434303283691 
5.119142532348633 
8.489923477172852 
6.43036413192749 
6.620399475097656 
6.234468460083008 
7.590710163116455 
6.658237457275391 
5.278128623962402 
6.216381549835205 
5.516206741333008 
6.102578639984131 
5.81377649307251 
6.050768852233887 
7.579470634460449 
7.72512674331665 
7.208515167236328 
5.232010841369629 
6.549365997314453 
6.0735979080200195 
7.350113868713379 
6.0929107666015625 
5.927970886230469 
6.743568420410156 
5.594250679016113 
6.204489231109619 
5.529250621795654 
5.619368553161621 
8.327305793762207 
6.230889320373535 
5.364373207092285 
6.500854015350342 
7.02545166015625 
6.877603530883789 
6.694333076477051 
5.680652141571045 
5.5530500411987305 
7.1543965339660645 
5.655519485473633 
6.195784091949463 
6.66012716293335 
5.95773983001709 
5.4621262550354 
5.050997734069824 
8.820201873779297 
8.818251609802246 
6.186104774475098 
7.060348987579346 
5.697704315185547 
5.463612079620361 
5.94981575012207 
6.769306659698486 
8.470623016357422 
5.93770170211792 
7.992692470550537 
7.14473295211792 
6.6712236404418945 
5.790051460266113 
6.749670505523682 
5.337319850921631 
5.400191783905029 
5.449382781982422 
4.685128688812256 
4.638085842132568 
6.070120811462402 
5.6071929931640625 
7.280291557312012 
6.47432804107666 
8.153467178344727 
6.586911201477051 
6.189911842346191 
4.532776832580566 
6.438774108886719 
5.737006664276123 
7.507514953613281 
5.676518440246582 
5.127219200134277 
5.292601585388184 
6.563623428344727 
5.801034450531006 
8.942955017089844 
5.237506866455078 
5.6573076248168945 
7.578173637390137 
6.068211555480957 
6.778255462646484 
5.597814083099365 
6.168010711669922 
7.311363220214844 
8.131697654724121 
6.98007345199585 
5.835962295532227 
5.619274139404297 
6.260189533233643 
6.819820404052734 
4.906791687011719 
6.149929046630859 
6.798625469207764 
6.1507768630981445 
5.80218505859375 
6.818149089813232 
7.187005043029785 
9.595934867858887 
5.867347717285156 
6.235185623168945 
5.8224196434021 
4.931526184082031 
9.927186965942383 
8.988077163696289 
5.279119491577148 
5.496403694152832 
7.656253337860107 
6.346002578735352 
8.34151840209961 
6.053205966949463 
6.263677597045898 
7.534108638763428 
6.512030601501465 
5.045718669891357 
6.04990816116333 
6.635477542877197 
6.276811122894287 
6.4097676277160645 
6.329280376434326 
6.002411842346191 
4.765045166015625 
4.966436386108398 
8.140681266784668 
6.062093257904053 
7.213170528411865 
5.587253570556641 
8.670669555664062 
5.318526744842529 
5.615683555603027 
8.120270729064941 
6.829574108123779 
7.794842720031738 
5.973031044006348 
6.015803337097168 
6.757392883300781 
5.79586124420166 
6.588802337646484 
6.021805763244629 
5.364019870758057 
6.073675155639648 
5.4002203941345215 
4.775393486022949 
6.794214725494385 
5.370770454406738 
5.458215236663818 
6.290250778198242 
4.72188663482666 
11.640575408935547 
4.499122619628906 
5.254975318908691 
6.162917137145996 
6.891754150390625 
5.847224235534668 
8.789793014526367 
7.388935089111328 
6.521538734436035 
7.703155040740967 
8.806648254394531 
4.736284255981445 
6.277068138122559 
8.496988296508789 
7.134583950042725 
5.458892822265625 
6.848546028137207 
6.524819374084473 
4.447190284729004 
7.857171535491943 
5.528270244598389 
8.30870246887207 
5.3011298179626465 
5.312198162078857 
5.742536544799805 
6.0696306228637695 
7.679213047027588 
5.467264175415039 
5.575697898864746 
8.022623062133789 
5.887124061584473 
10.348214149475098 
6.391086578369141 
6.943441390991211 
5.945111274719238 
7.581010818481445 
6.381228446960449 
5.422516822814941 
5.483207702636719 
6.423525810241699 
6.712593078613281 
8.659317016601562 
4.742419719696045 
7.810593605041504 
7.871330738067627 
6.1783905029296875 
5.348308563232422 
4.931954383850098 
7.787557601928711 
6.917125701904297 
6.154819488525391 
5.630332946777344 
5.688758373260498 
5.637765407562256 
7.022700309753418 
6.579276084899902 
5.386483192443848 
5.196694374084473 
5.751565933227539 
8.032669067382812 
8.359320640563965 
4.825479507446289 
7.787818908691406 
7.666508674621582 
6.881504535675049 
8.908823013305664 
5.662341117858887 
5.323138236999512 
6.473744869232178 
7.901096820831299 
5.995863914489746 
4.865175247192383 
6.355714797973633 
5.009378910064697 
8.244352340698242 
7.312463283538818 
5.026374816894531 
6.190659523010254 
5.680205345153809 
6.258056640625 
6.7137556076049805 
7.836467742919922 
5.146827220916748 
8.819557189941406 
6.3783111572265625 
5.429537296295166 
5.399312973022461 
5.996755599975586 
5.8521623611450195 
5.802480697631836 
8.375680923461914 
5.805638790130615 
6.057489395141602 
5.55280876159668 
8.55348014831543 
5.274961471557617 
6.870514392852783 
5.778000354766846 
5.784012317657471 
6.590276718139648 
5.657536506652832 
10.960328102111816 
6.2556939125061035 
6.246883869171143 
5.340267181396484 
6.253278732299805 
7.478433609008789 
5.3647236824035645 
7.679759502410889 
6.9010114669799805 
6.285466194152832 
7.449615955352783 
5.671282768249512 
4.869245529174805 
5.561674118041992 
8.992025375366211 
7.266866683959961 
5.76583194732666 
6.042695045471191 
7.903409481048584 
6.085428237915039 
8.41247272491455 
7.624419212341309 
5.213125228881836 
6.020445346832275 
6.392177581787109 
5.503210067749023 
5.831136703491211 
6.8356523513793945 
5.607254505157471 
6.086820125579834 
6.087650299072266 
6.444443702697754 
6.042357444763184 
6.4925336837768555 
7.537320137023926 
6.261630058288574 
6.860607147216797 
6.064386367797852 
5.288277626037598 
5.539451599121094 
6.020193099975586 
6.046548366546631 
6.558684825897217 
6.064999103546143 
5.846698760986328 
5.567400932312012 
5.056975364685059 
5.778794288635254 
6.452398300170898 
5.318624496459961 
6.969165802001953 
7.6750311851501465 
5.0222930908203125 
7.837406158447266 
5.377968788146973 
5.756404876708984 
7.455086708068848 
6.682497978210449 
5.5830535888671875 
5.883312225341797 
5.509395122528076 
6.327987194061279 
4.613409042358398 
5.551100730895996 
5.788033485412598 
6.549481391906738 
6.549458026885986 
4.762176036834717 
6.073643684387207 
9.170482635498047 
5.291630744934082 
6.2753376960754395 
4.945950508117676 
6.136707305908203 
6.493209362030029 
5.406558990478516 
6.676062107086182 
7.316068172454834 
5.521265983581543 
6.229007720947266 
7.923983097076416 
5.876530647277832 
7.341389179229736 
6.547952651977539 
6.183352470397949 
6.403094291687012 
4.99819278717041 
6.144336223602295 
6.765050411224365 
6.440681457519531 
5.963779449462891 
5.28464937210083 
4.930644989013672 
5.956202507019043 
5.531438827514648 
7.513692855834961 
6.143182277679443 
6.14838981628418 
6.632721900939941 
7.03269100189209 
6.404455184936523 
6.470102787017822 
4.833064079284668 
6.412820816040039 
6.307050704956055 
8.861490249633789 
6.083505630493164 
6.131298065185547 
6.250160217285156 
6.331272125244141 
6.616052627563477 
5.976607322692871 
6.39148473739624 
5.218360900878906 
6.717990875244141 
6.737730979919434 
6.182162284851074 
8.11086368560791 
8.670659065246582 
5.731098175048828 
6.702053070068359 
6.195432186126709 
8.477055549621582 
6.909332275390625 
6.465059280395508 
5.7716240882873535 
9.524765014648438 
5.67978572845459 
6.935633182525635 
6.769423484802246 
5.978984832763672 
5.49299955368042 
5.280108451843262 
6.935625076293945 
5.019211769104004 
7.1805877685546875 
6.60991907119751 
4.877255916595459 
7.854513168334961 
5.7689080238342285 
5.992612838745117 
6.410732269287109 
6.998082160949707 
7.380788803100586 
7.130954742431641 
5.916809558868408 
5.330443382263184 
6.626883506774902 
5.550290107727051 
5.980180740356445 
5.061211109161377 
6.434999465942383 
6.278072357177734 
6.387885570526123 
7.234806537628174 
5.86144495010376 
6.072701454162598 
7.80467414855957 
5.395666122436523 
6.206657409667969 
6.791784763336182 
6.932982444763184 
6.673862934112549 
5.9972639083862305 
6.444417953491211 
5.161890983581543 
8.989498138427734 
7.008905410766602 
5.953250885009766 
7.562856674194336 
6.81141996383667 
5.864494323730469 
5.982152938842773 
5.106796741485596 
7.4554643630981445 
6.616381645202637 
8.415604591369629 
6.753137111663818 
4.880914688110352 
5.271431922912598 
5.190846920013428 
4.972875595092773 
5.9851837158203125 
7.314610004425049 
5.375162124633789 
6.312274932861328 
5.341625213623047 
8.24586296081543 
5.642746448516846 
8.027127265930176 
5.47916316986084 
7.007537841796875 
5.390632152557373 
5.266406059265137 
4.927301406860352 
5.689132213592529 
5.7981061935424805 
7.488276481628418 
6.57852029800415 
5.9045610427856445 
8.205385208129883 
5.90926456451416 
5.1846466064453125 
6.91671085357666 
7.163773059844971 
5.912276268005371 
6.6667585372924805 
5.4259538650512695 
6.103508949279785 
7.238180160522461 
5.342996597290039 
7.878521919250488 
4.784724712371826 
5.7077436447143555 
7.757756233215332 
5.023028373718262 
8.135555267333984 
7.310330867767334 
6.468955993652344 
6.094226360321045 
4.460213661193848 
6.1670403480529785 
5.855399131774902 
5.557641506195068 
5.930682182312012 
5.863108158111572 
6.621040344238281 
6.030527114868164 
5.205442428588867 
6.990250587463379 
7.2211761474609375 
5.868386745452881 
7.626251220703125 
8.306368827819824 
5.895356178283691 
6.702002048492432 
6.486003875732422 
5.73504114151001 
5.87737512588501 
7.12307596206665 
5.778948783874512 
5.570821762084961 
8.32851791381836 
10.073583602905273 
5.3977837562561035 
6.74099063873291 
7.744869709014893 
5.876153945922852 
5.603664398193359 
6.392930030822754 
5.525866508483887 
6.407580375671387 
8.267024993896484 
8.757759094238281 
5.689949035644531 
5.602595329284668 
8.180852890014648 
6.1310319900512695 
6.539973258972168 
7.8204545974731445 
7.077446937561035 
5.429580211639404 
6.597966194152832 
6.128792762756348 
6.928411483764648 
5.582209587097168 
4.791675567626953 
8.510294914245605 
5.763084411621094 
6.07894229888916 
7.352457046508789 
7.550959587097168 
5.692765712738037 
5.7538862228393555 
6.15711784362793 
7.934291362762451 
7.190911769866943 
6.213766574859619 
5.113067626953125 
6.110390663146973 
5.0189056396484375 
5.784566402435303 
5.303504943847656 
6.336827754974365 
6.6271467208862305 
6.3748321533203125 
6.865836143493652 
7.788583755493164 
4.837482452392578 
6.54487419128418 
6.586943626403809 
6.60162353515625 
5.82399320602417 
5.713561058044434 
6.860289573669434 
9.217415809631348 
6.231741905212402 
9.219761848449707 
6.615901470184326 
6.370229721069336 
5.1058831214904785 
6.4456586837768555 
8.593862533569336 
5.520944595336914 
6.104311943054199 
8.124589920043945 
6.324291229248047 
5.744916915893555 
6.51698637008667 
5.310641288757324 
7.544079780578613 
7.802966594696045 
6.065190315246582 
5.74798583984375 
8.367405891418457 
5.944049835205078 
6.558985710144043 
6.0768609046936035 
5.592656135559082 
6.44025993347168 
5.998845100402832 
5.396539688110352 
5.393471717834473 
10.078596115112305 
8.298019409179688 
5.305527687072754 
6.024018287658691 
4.723269462585449 
6.21135139465332 
5.130864143371582 
6.447640419006348 
5.691099166870117 
8.791529655456543 
8.791679382324219 
6.076033592224121 
6.216547966003418 
6.224071502685547 
5.327919006347656 
7.075676441192627 
6.711368083953857 
5.2083539962768555 
4.9764604568481445 
6.548202991485596 
6.18348503112793 
6.553586006164551 
7.797460079193115 
6.126011371612549 
7.9261250495910645 
5.727597236633301 
6.935132026672363 
5.837635517120361 
7.867079257965088 
5.378355979919434 
6.1230034828186035 
5.673537254333496 
6.490165710449219 
7.300566673278809 
5.474067687988281 
5.615894317626953 
5.633143424987793 
4.907555103302002 
5.659082412719727 
6.656970024108887 
8.837921142578125 
6.414912223815918 
6.450613021850586 
7.614819526672363 
5.927792072296143 
7.041087627410889 
6.070311546325684 
5.817230224609375 
7.98179292678833 
8.640329360961914 
6.103002548217773 
7.369389057159424 
8.193635940551758 
7.041543960571289 
6.971607208251953 
6.469666481018066 
6.80771541595459 
6.325678825378418 
5.497182369232178 
8.504531860351562 
7.11835241317749 
6.709136962890625 
5.623297214508057 
5.044439792633057 
5.618470668792725 
5.555744171142578 
5.287287712097168 
6.004607200622559 
5.5407633781433105 
5.111377716064453 
6.455194473266602 
9.025066375732422 
5.69539213180542 
6.732957363128662 
10.1766357421875 
5.605003833770752 
5.025657653808594 
5.336213111877441 
7.17179012298584 
6.788946151733398 
5.863234519958496 
6.204411506652832 
5.236266613006592 
8.644834518432617 
6.212675094604492 
6.198262691497803 
4.882920742034912 
6.942665100097656 
5.891141414642334 
8.679168701171875 
5.879152297973633 
8.718639373779297 
5.4296722412109375 
6.969105243682861 
6.271255970001221 
6.510127067565918 
6.535432815551758 
5.9983296394348145 
6.9261627197265625 
5.487705230712891 
6.016916751861572 
5.271300315856934 
5.14338493347168 
5.912497520446777 
6.7563371658325195 
8.551981925964355 
6.7084856033325195 
6.431740760803223 
7.582925319671631 
6.552623748779297 
7.788686752319336 
8.233220100402832 
8.044586181640625 
5.9050703048706055 
6.0484843254089355 
5.028860569000244 
6.564587593078613 
5.633510589599609 
8.18476676940918 
5.550541400909424 
5.969842433929443 
7.841314792633057 
6.279027938842773 
5.746151924133301 
6.028742790222168 
5.775022983551025 
7.105465888977051 
5.853099822998047 
5.382692813873291 
7.425354480743408 
6.254057884216309 
6.778029441833496 
6.047669410705566 
6.19061279296875 
6.226694107055664 
7.471258640289307 
8.010645866394043 
5.382568836212158 
6.697297096252441 
6.547522068023682 
4.944355010986328 
6.486246585845947 
5.917020797729492 
4.973125457763672 
7.443547248840332 
6.063966751098633 
5.80610990524292 
6.201460838317871 
6.103568077087402 
6.349825382232666 
8.747608184814453 
7.3010101318359375 
5.306771278381348 
6.3773112297058105 
5.47442102432251 
5.250423431396484 
6.4601240158081055 
6.971636772155762 
5.397308349609375 
6.2658891677856445 
5.374716758728027 
6.056346893310547 
6.771808624267578 
5.646994590759277 
6.235495090484619 
8.025275230407715 
8.02964973449707 
7.9250335693359375 
6.408150672912598 
6.2228193283081055 
6.823611259460449 
5.7725830078125 
5.196723937988281 
5.019216060638428 
8.052506446838379 
7.104004859924316 
5.6816887855529785 
7.625000953674316 
6.02550745010376 
6.136662483215332 
6.045732498168945 
5.219995498657227 
6.284685134887695 
6.382135391235352 
6.298172950744629 
6.13191032409668 
8.227864265441895 
5.8980278968811035 
8.600380897521973 
6.51413631439209 
6.343164920806885 
6.425889015197754 
8.586311340332031 
5.7115797996521 
6.285515308380127 
6.852354526519775 
5.545295715332031 
6.161647796630859 
5.414207935333252 
8.091833114624023 
7.1928253173828125 
5.397144317626953 
6.140538215637207 
5.33556604385376 
6.428009986877441 
6.323802947998047 
7.823641300201416 
5.722647666931152 
6.673988342285156 
5.396568298339844 
8.059175491333008 
9.056520462036133 
5.640049457550049 
6.721654891967773 
7.909080982208252 
8.186663627624512 
7.835294723510742 
4.653411388397217 
4.87349271774292 
7.965697765350342 
7.224924087524414 
4.87180233001709 
6.048691749572754 
5.693127632141113 
5.7622222900390625 
5.990301132202148 
5.89105224609375 
6.208909511566162 
4.983255386352539 
8.890443801879883 
8.775086402893066 
5.861664295196533 
8.408845901489258 
9.85685920715332 
4.707148551940918 
8.078123092651367 
5.480852127075195 
5.431233882904053 
6.636564254760742 
5.5247344970703125 
6.916183948516846 
6.284767150878906 
4.505221366882324 
5.76322603225708 
6.974009990692139 
5.3763837814331055 
7.263522148132324 
5.527878761291504 
5.902825832366943 
6.088238716125488 
8.905033111572266 
6.475399971008301 
5.83638858795166 
5.918448448181152 
8.960919380187988 
5.874216079711914 
6.507726669311523 
7.51505184173584 
5.704102516174316 
6.379367828369141 
8.155633926391602 
6.461996078491211 
7.1697821617126465 
6.120221138000488 
8.746788024902344 
6.675866603851318 
7.2741312980651855 
5.864800453186035 
5.329065322875977 
8.110349655151367 
5.40112829208374 
4.826851844787598 
6.669528007507324 
6.339050769805908 
6.102960586547852 
6.270184516906738 
4.994914531707764 
7.328447341918945 
6.103555202484131 
5.198497772216797 
7.346108436584473 
6.057855606079102 
7.684521198272705 
7.0374755859375 
9.209571838378906 
7.3267998695373535 
5.391504287719727 
5.412572383880615 
5.655144214630127 
5.190713882446289 
6.191593170166016 
5.18165397644043 
6.4723992347717285 
7.841787815093994 
8.647823333740234 
6.417021751403809 
7.357329368591309 
5.998432159423828 
8.242856979370117 
6.164205551147461 
8.926642417907715 
5.805347442626953 
6.937473297119141 
5.626603126525879 
7.0438761711120605 
6.359118461608887 
7.145122528076172 
5.214893817901611 
5.721672058105469 
8.26135540008545 
7.430570125579834 
6.607838153839111 
6.665863990783691 
7.310981273651123 
4.886137962341309 
7.3475189208984375 
6.206679821014404 
5.492552757263184 
6.37477970123291 
5.7065935134887695 
5.418793678283691 
5.840915679931641 
4.785207748413086 
8.049156188964844 
6.18269681930542 
6.719264030456543 
7.189959526062012 
6.49552059173584 
6.083347320556641 
5.953413486480713 
9.25098991394043 
9.419841766357422 
5.745439529418945 
5.946016311645508 
7.7955427169799805 
7.625598907470703 
7.160547256469727 
8.373433113098145 
6.122908592224121 
4.609315872192383 
5.903045654296875 
4.8211870193481445 
7.397703170776367 
7.552262306213379 
6.378043174743652 
6.448545455932617 
9.732547760009766 
5.992508888244629 
6.638808727264404 
5.687782287597656 
7.181736469268799 
7.217563629150391 
8.771072387695312 
5.7915849685668945 
4.852058410644531 
6.32697868347168 
6.205410003662109 
7.193785667419434 
6.2349395751953125 
5.938175201416016 
8.880690574645996 
6.600822448730469 
5.38569974899292 
7.98675012588501 
6.760909080505371 
8.839076042175293 
6.196004390716553 
6.78106689453125 
5.37135124206543 
6.760429382324219 
7.211180686950684 
5.616464138031006 
6.272221565246582 
4.781764984130859 
8.033148765563965 
6.323814392089844 
8.443614959716797 
5.826617240905762 
6.0721893310546875 
8.172722816467285 
4.868845462799072 
6.556235313415527 
6.007852077484131 
5.733030796051025 
8.514209747314453 
5.13066291809082 
8.083381652832031 
5.327954292297363 
8.226662635803223 
6.157113075256348 
5.616396903991699 
6.37266731262207 
6.353714942932129 
6.20938777923584 
5.003235816955566 
7.440580368041992 
5.518832206726074 
5.565499305725098 
5.165500640869141 
7.229562759399414 
5.6037821769714355 
6.035697937011719 
5.281391143798828 
8.669675827026367 
8.674717903137207 
6.391629219055176 
7.383899688720703 
6.181616306304932 
5.6828155517578125 
5.5565385818481445 
5.168453216552734 
5.419920921325684 
5.517539024353027 
5.7164387702941895 
5.022809982299805 
7.5107011795043945 
7.991037368774414 
6.707390308380127 
5.904170513153076 
5.243788242340088 
5.052182674407959 
4.9218339920043945 
5.7965826988220215 
6.78151273727417 
6.552022933959961 
7.916957855224609 
6.640073776245117 
5.701442241668701 
6.758571624755859 
6.223535537719727 
5.526949882507324 
4.899802207946777 
7.881709098815918 
8.294036865234375 
6.9085588455200195 
6.153077602386475 
5.856175422668457 
5.142884731292725 
7.630581855773926 
8.168755531311035 
7.662880897521973 
5.558234691619873 
7.522430419921875 
8.7468900680542 
5.3808135986328125 
6.3959059715271 
5.792373180389404 
6.900881767272949 
6.200197219848633 
5.609991550445557 
6.754375457763672 
5.501884460449219 
5.6569294929504395 
8.127402305603027 
6.1500654220581055 
4.969571113586426 
5.990464210510254 
6.627386093139648 
6.200931549072266 
9.28836727142334 
6.466656684875488 
5.7161126136779785 
6.858818054199219 
6.219328880310059 
6.496468544006348 
6.514245986938477 
6.38755989074707 
5.8322296142578125 
5.7216691970825195 
6.786972999572754 
5.148436546325684 
5.980305194854736 
5.471706390380859 
7.33649206161499 
5.772863388061523 
8.118557929992676 
7.177661418914795 
6.316710472106934 
6.508270740509033 
7.691669940948486 
6.93416166305542 
4.95196533203125 
6.232078552246094 
4.7700700759887695 
9.132055282592773 
6.941276550292969 
6.352126121520996 
5.733896255493164 
6.269839286804199 
6.447822093963623 
8.54773998260498 
6.522396087646484 
7.693223476409912 
7.633140563964844 
6.075319290161133 
7.952668190002441 
5.933816909790039 
5.5246477127075195 
5.589710235595703 
7.096856594085693 
5.014033317565918 
6.075129985809326 
6.357821464538574 
4.837069988250732 
5.2421875 
5.086226463317871 
9.1160306930542 
7.6939263343811035 
6.099080562591553 
6.1700286865234375 
5.048908710479736 
8.353727340698242 
6.661457061767578 
5.020493507385254 
6.1934590339660645 
5.528647422790527 
7.454831123352051 
5.488188743591309 
5.828503608703613 
4.848803520202637 
8.351990699768066 
6.221385478973389 
7.834851264953613 
6.292463779449463 
5.842228889465332 
7.127702713012695 
9.257647514343262 
7.700159549713135 
6.785420894622803 
5.978872299194336 
6.161462783813477 
5.893303871154785 
8.9771146774292 
5.262756824493408 
8.469608306884766 
5.829875469207764 
6.836361408233643 
5.401378631591797 
6.218145370483398 
7.85504150390625 
5.525166034698486 
8.653392791748047 
5.245584011077881 
7.298718452453613 
5.485515594482422 
6.95738410949707 
6.058371067047119 
6.76487922668457 
6.519179344177246 
6.000304222106934 
8.58866024017334 
5.033774375915527 
6.908010482788086 
6.087994575500488 
5.776242256164551 
7.454739093780518 
5.403363227844238 
5.806630611419678 
8.214977264404297 
8.497339248657227 
6.9768853187561035 
6.711060523986816 
6.68717098236084 
6.931600570678711 
7.134357452392578 
6.194192886352539 
7.339765548706055 
6.0101423263549805 
7.704505920410156 
5.541624069213867 
5.9131178855896 
7.149192810058594 
6.087853908538818 
7.1405205726623535 
5.558775901794434 
7.200155258178711 
6.245028495788574 
6.4492034912109375 
7.042110443115234 
5.974108695983887 
5.6972455978393555 
6.074123382568359 
5.656331539154053 
4.6990132331848145 
6.7343645095825195 
6.146395206451416 
6.417878150939941 
7.563488960266113 
9.013143539428711 
6.613941192626953 
6.72794246673584 
5.642111778259277 
6.108146667480469 
4.9171648025512695 
9.28091049194336 
5.000009059906006 
7.324853897094727 
6.146268844604492 
7.3929243087768555 
6.349623203277588 
6.878088474273682 
5.418704986572266 
6.170317649841309 
8.3453369140625 
8.045345306396484 
6.881909370422363 
5.341868877410889 
5.859665393829346 
5.854726791381836 
6.973628997802734 
5.742304801940918 
8.501428604125977 
5.72187614440918 
7.069552898406982 
6.506767272949219 
6.255504608154297 
7.607028484344482 
5.991179466247559 
6.537453651428223 
6.076562881469727 
6.335029602050781 
6.8266119956970215 
7.852275848388672 
5.635941505432129 
6.969233512878418 
5.816612243652344 
6.406925201416016 
6.316041469573975 
4.720791339874268 
4.947776794433594 
5.743160247802734 
4.785898685455322 
6.286409378051758 
5.958556175231934 
6.796906471252441 
5.560822486877441 
4.966531753540039 
5.798229217529297 
5.902699947357178 
5.9444756507873535 
6.003201961517334 
6.636168003082275 
5.345258712768555 
9.35308837890625 
5.902474880218506 
8.10180377960205 
7.615570068359375 
5.645654201507568 
5.259973049163818 
5.116279602050781 
5.217120170593262 
5.245260238647461 
6.985997200012207 
5.591220855712891 
7.886223793029785 
8.741436004638672 
7.0119452476501465 
6.6278581619262695 
6.692173957824707 
5.356744289398193 
5.970808029174805 
5.3435564041137695 
6.399056911468506 
6.1563215255737305 
6.458609580993652 
6.039553165435791 
6.402046203613281 
4.883135795593262 
7.257290840148926 
7.88162899017334 
5.53118371963501 
7.530355453491211 
7.045967102050781 
5.219584941864014 
6.022431373596191 
7.143466949462891 
5.865635871887207 
6.211589813232422 
7.218640327453613 
7.133933067321777 
6.737565040588379 
5.444295883178711 
6.78962516784668 
5.246110916137695 
6.6262969970703125 
6.054904937744141 
5.77421760559082 
7.385227680206299 
7.94571590423584 
5.6293792724609375 
7.296274185180664 
5.3076701164245605 
8.849176406860352 
5.340553283691406 
7.1564435958862305 
6.583962440490723 
6.306449890136719 
5.930839538574219 
6.004707336425781 
5.611553192138672 
7.107363700866699 
6.675295829772949 
6.425213813781738 
8.624402046203613 
5.621776580810547 
7.057631492614746 
5.429675102233887 
7.015019416809082 
6.810682773590088 
5.7360711097717285 
7.0608673095703125 
5.5034098625183105 
5.047173023223877 
5.742083549499512 
6.302182674407959 
6.97015905380249 
6.824550628662109 
6.8300604820251465 
5.580306053161621 
5.92136287689209 
8.174098014831543 
5.783720016479492 
5.334472179412842 
11.380972862243652 
7.053846836090088 
6.903949737548828 
8.868790626525879 
8.385210037231445 
5.653785705566406 
9.454004287719727 
5.878186225891113 
5.716521739959717 
6.878260135650635 
6.077234268188477 
7.686012268066406 
5.08454704284668 
5.899860858917236 
6.450434684753418 
4.890567302703857 
7.217297554016113 
5.786645889282227 
8.100440979003906 
6.962786674499512 
5.744215965270996 
7.373452186584473 
7.364594459533691 
8.049758911132812 
5.256378173828125 
7.018970489501953 
4.5070648193359375 
7.818835735321045 
5.627200126647949 
6.579442024230957 
6.192866802215576 
6.305721282958984 
7.056168079376221 
7.059199333190918 
8.189228057861328 
8.016688346862793 
7.636858940124512 
9.023605346679688 
8.192279815673828 
4.926905632019043 
6.8682451248168945 
7.889891147613525 
7.101279258728027 
5.979471206665039 
6.974554061889648 
7.043399810791016 
6.001989364624023 
4.6558637619018555 
6.165558338165283 
6.395890712738037 
6.809646129608154 
6.495491027832031 
5.310824871063232 
5.869056224822998 
6.651375770568848 
8.538375854492188 
6.465763092041016 
7.112773418426514 
6.837320327758789 
6.638680458068848 
5.976906776428223 
5.514618396759033 
5.096807479858398 
5.1754255294799805 
5.203300476074219 
8.685308456420898 
5.975126266479492 
5.592057704925537 
7.764760494232178 
4.80134916305542 
6.069879531860352 
6.52175235748291 
7.683229446411133 
6.637021064758301 
7.598132133483887 
6.7682294845581055 
5.594415664672852 
6.247720241546631 
8.137956619262695 
6.861294746398926 
10.41590690612793 
7.088630676269531 
7.337470054626465 
4.300229072570801 
6.651938438415527 
6.371129989624023 
5.848598480224609 
5.055375099182129 
5.538799285888672 
6.9848432540893555 
6.9943766593933105 
6.830343246459961 
5.243274211883545 
6.65831184387207 
8.087515830993652 
5.735949993133545 
7.2173357009887695 
5.058314800262451 
6.879602432250977 
6.406433582305908 
7.702731609344482 
7.436184406280518 
6.448580265045166 
4.9979729652404785 
6.025030136108398 
5.362520217895508 
5.296437740325928 
7.4446516036987305 
6.639763832092285 
7.760608673095703 
4.585593223571777 
4.871964454650879 
6.525235176086426 
5.801944732666016 
5.760635852813721 
6.428038597106934 
6.690827369689941 
5.936943531036377 
4.774430274963379 
6.141019344329834 
7.398087501525879 
5.6147332191467285 
6.44365119934082 
4.924196243286133 
6.298229217529297 
5.935595512390137 
5.4275994300842285 
5.857114791870117 
5.320779800415039 
5.436464309692383 
7.828928470611572 
7.320066452026367 
6.77264404296875 
5.438183307647705 
6.299342155456543 
4.9434123039245605 
6.25075626373291 
6.010229587554932 
9.346094131469727 
7.163764476776123 
5.363448619842529 
6.400430679321289 
6.05534553527832 
5.630147457122803 
8.848987579345703 
5.442933082580566 
6.466287612915039 
5.886900901794434 
5.343750953674316 
6.032707214355469 
7.080177307128906 
8.493675231933594 
5.60067081451416 
8.048084259033203 
6.286273002624512 
8.45953369140625 
4.857251167297363 
4.9215545654296875 
9.228527069091797 
9.13344955444336 
7.37687873840332 
5.9498419761657715 
6.238264083862305 
4.9666056632995605 
6.758930206298828 
6.119208812713623 
5.113824844360352 
5.823784351348877 
4.839689254760742 
4.672524452209473 
6.979138374328613 
5.60036563873291 
9.638038635253906 
7.777616500854492 
6.389826774597168 
4.606422424316406 
6.61195182800293 
6.7491278648376465 
5.069652557373047 
6.838204860687256 
6.1499552726745605 
6.503572940826416 
6.667218208312988 
7.137149810791016 
6.044529914855957 
7.346930503845215 
8.474905014038086 
5.589535236358643 
5.515331745147705 
7.939801216125488 
6.543291091918945 
6.6046037673950195 
5.934056282043457 
5.714997291564941 
5.565737724304199 
5.5374979972839355 
4.546310901641846 
6.545323371887207 
5.7796630859375 
5.534677982330322 
6.67626953125 
6.491434097290039 
7.3444719314575195 
5.772265434265137 
5.886776924133301 
7.279160499572754 
4.192564487457275 
5.708555221557617 
5.580532550811768 
6.596055030822754 
6.6698079109191895 
6.904697418212891 
7.46886682510376 
6.774142265319824 
5.890766143798828 
7.2081804275512695 
8.368812561035156 
5.428630828857422 
5.579644203186035 
5.638483047485352 
5.921131610870361 
4.900235176086426 
4.778743743896484 
6.284249782562256 
6.173863410949707 
7.378896713256836 
6.9614105224609375 
5.889632701873779 
5.733677864074707 
6.086428165435791 
7.6383185386657715 
5.97841739654541 
6.1599321365356445 
4.176362037658691 
7.677699089050293 
6.31932258605957 
8.16810131072998 
4.9709014892578125 
7.159677028656006 
7.046337127685547 
6.138240337371826 
5.99350643157959 
7.100929260253906 
6.455829620361328 
7.653994560241699 
5.88773250579834 
5.379189968109131 
7.985378742218018 
5.747506141662598 
7.562741756439209 
6.894576072692871 
6.409704685211182 
5.762703895568848 
5.400789260864258 
5.823480606079102 
8.030843734741211 
8.515411376953125 
5.92789363861084 
6.638822078704834 
6.978937149047852 
4.624030590057373 
6.253543853759766 
6.157854080200195 
9.035655975341797 
5.476774215698242 
7.480255126953125 
6.981755256652832 
5.178462982177734 
7.150494575500488 
5.083614349365234 
8.205970764160156 
5.636407852172852 
8.1318941116333 
6.322819709777832 
7.485688209533691 
6.21768856048584 
5.692590713500977 
6.013660430908203 
6.740983963012695 
5.841869831085205 
8.012816429138184 
10.71169376373291 
5.710304260253906 
5.881008148193359 
6.291292667388916 
7.665136337280273 
6.110776901245117 
8.519529342651367 
5.395367622375488 
5.979739189147949 
5.491005897521973 
5.235753059387207 
6.300695419311523 
6.201854705810547 
5.905951023101807 
6.241303443908691 
6.711612224578857 
6.22374153137207 
6.438873767852783 
7.512934684753418 
7.843533039093018 
9.399517059326172 
4.863145351409912 
5.09653377532959 
5.2132768630981445 
4.839248180389404 
5.658426761627197 
5.973902702331543 
7.776123046875 
8.5380277633667 
6.056723117828369 
5.780095100402832 
5.7329182624816895 
5.170415878295898 
7.165487289428711 
6.897605895996094 
4.502260208129883 
5.9210944175720215 
6.0878143310546875 
5.470110893249512 
6.68975830078125 
5.620363712310791 
5.5856218338012695 
5.713252067565918 
7.139605522155762 
6.040225028991699 
6.910555362701416 
7.233987808227539 
6.299500942230225 
4.783728122711182 
4.044145584106445 
4.91927433013916 
7.21844482421875 
6.363880634307861 
8.358448028564453 
5.892935752868652 
4.88612174987793 
4.863874912261963 
6.501591682434082 
5.3370256423950195 
5.807569980621338 
7.264594078063965 
6.7552642822265625 
6.113962173461914 
7.208457946777344 
6.57117223739624 
6.770280361175537 
5.495685577392578 
6.333765029907227 
5.853814601898193 
6.392578125 
8.922298431396484 
7.983704090118408 
5.421004295349121 
6.213083267211914 
9.195615768432617 
4.999502182006836 
7.328359603881836 
6.402299880981445 
5.68483829498291 
7.910660743713379 
6.75778865814209 
6.515742778778076 
8.523475646972656 
5.84608793258667 
9.576543807983398 
5.242341041564941 
6.848535537719727 
5.323588848114014 
7.473782539367676 
5.241110801696777 
6.946498870849609 
7.224235534667969 
6.199558258056641 
7.4561052322387695 
6.8070292472839355 
6.708977222442627 
7.348119735717773 
8.014019966125488 
7.1180291175842285 
7.138990879058838 
8.103911399841309 
6.076593399047852 
5.834744453430176 
5.532590389251709 
5.670676231384277 
5.623156547546387 
6.481720924377441 
7.048259735107422 
6.359103202819824 
5.9616289138793945 
6.065032005310059 
7.327144622802734 
5.221614837646484 
6.612644195556641 
5.771296501159668 
5.419313907623291 
5.575068950653076 
5.396867752075195 
6.029356479644775 
5.332098007202148 
5.494932651519775 
5.851350784301758 
6.56215238571167 
5.263338565826416 
5.794471740722656 
5.743448257446289 
5.6428446769714355 
5.9893903732299805 
6.430277347564697 
6.156693458557129 
5.474945068359375 
6.100454330444336 
6.0158491134643555 
6.832342147827148 
5.537317276000977 
5.915862083435059 
4.258921146392822 
5.486893653869629 
5.7713117599487305 
8.750837326049805 
5.618142127990723 
7.346686363220215 
9.341952323913574 
5.841561317443848 
7.314373016357422 
6.17535400390625 
6.778097152709961 
6.021642684936523 
5.236001014709473 
8.83077335357666 
5.895173072814941 
4.640383243560791 
5.710443496704102 
7.716036796569824 
8.99162769317627 
9.365739822387695 
6.610043048858643 
6.499106407165527 
6.658347129821777 
5.101620674133301 
5.742814064025879 
6.528223037719727 
7.402309417724609 
6.053171157836914 
4.952414512634277 
5.177170753479004 
5.902989387512207 
5.164385795593262 
6.123072147369385 
7.17341423034668 
5.083446502685547 
5.284980297088623 
5.557415008544922 
6.521792411804199 
6.795804977416992 
5.978102684020996 
5.209078788757324 
4.447685241699219 
8.801137924194336 
6.933302879333496 
5.5497636795043945 
6.474184989929199 
5.191751480102539 
6.080860137939453 
7.271777153015137 
7.105266571044922 
8.376717567443848 
5.232114791870117 
5.823960304260254 
7.606912136077881 
6.577723026275635 
5.867312908172607 
6.8032989501953125 
4.555889129638672 
5.4124298095703125 
9.690546989440918 
5.731084823608398 
5.6110639572143555 
5.767226219177246 
6.159659385681152 
6.562811851501465 
8.004289627075195 
6.265552520751953 
5.3270063400268555 
6.398131847381592 
8.54971981048584 
6.07041072845459 
6.384541034698486 
7.177566051483154 
5.603118896484375 
6.92494010925293 
6.799342155456543 
7.09836483001709 
5.416672706604004 
5.937012672424316 
4.823755264282227 
5.411746978759766 
6.406012535095215 
5.168618202209473 
7.432353496551514 
6.3283915519714355 
7.662593841552734 
6.895557403564453 
7.1633524894714355 
7.083238124847412 
6.157808303833008 
5.847216606140137 
6.263237953186035 
7.197195053100586 
8.028151512145996 
6.24717903137207 
7.238608360290527 
9.079808235168457 
5.999688148498535 
6.539112567901611 
7.541836738586426 
5.636901378631592 
5.625541687011719 
8.379383087158203 
6.058526515960693 
6.387131690979004 
6.453647136688232 
5.626784801483154 
4.883201599121094 
5.914588928222656 
9.733235359191895 
6.000015735626221 
6.273593425750732 
9.038933753967285 
8.121832847595215 
6.768185615539551 
6.593555927276611 
6.740578651428223 
6.168926239013672 
5.434861183166504 
7.572967529296875 
5.290760517120361 
6.222110748291016 
6.8513970375061035 
5.288677215576172 
6.372414588928223 
7.533763885498047 
5.727472305297852 
7.672801971435547 
6.6784257888793945 
5.278953552246094 
5.3909454345703125 
6.718317031860352 
5.40618896484375 
9.339072227478027 
4.9567413330078125 
8.438730239868164 
6.192548751831055 
7.280398368835449 
7.504728317260742 
6.7135162353515625 
8.445076942443848 
5.467896938323975 
6.3112263679504395 
10.255911827087402 
5.707058429718018 
4.784421920776367 
6.840854644775391 
5.822718620300293 
5.606756687164307 
4.515614032745361 
7.765283584594727 
5.331498146057129 
7.970073699951172 
7.255496978759766 
6.046842098236084 
6.533289909362793 
6.543676376342773 
7.215558052062988 
6.4308953285217285 
7.163158416748047 
7.851422309875488 
6.9770402908325195 
5.5877366065979 
7.258209228515625 
5.113325119018555 
6.138251304626465 
6.364048004150391 
5.145329475402832 
5.483703136444092 
7.547533988952637 
6.1788177490234375 
5.529489994049072 
5.401226997375488 
7.917156219482422 
7.915123462677002 
6.698212623596191 
5.614927291870117 
6.301598072052002 
5.484091281890869 
6.331905364990234 
5.865676403045654 
9.980887413024902 
7.37091064453125 
4.715869903564453 
6.648215293884277 
7.698040962219238 
4.863795757293701 
6.41228723526001 
5.802469253540039 
5.753276824951172 
8.355031967163086 
6.336003303527832 
5.584524154663086 
7.175156593322754 
4.613981246948242 
5.735004425048828 
8.052234649658203 
7.2889404296875 
5.07790470123291 
6.3156585693359375 
7.4933929443359375 
7.761532783508301 
6.067244529724121 
5.855708122253418 
6.445779800415039 
8.484148979187012 
6.578968524932861 
6.170215606689453 
6.0425310134887695 
8.247437477111816 
8.20075798034668 
5.845502853393555 
5.6862993240356445 
5.170665740966797 
8.310606956481934 
5.553929328918457 
7.152398109436035 
5.401249408721924 
5.235285758972168 
5.690373420715332 
7.412937164306641 
8.320446014404297 
6.035049915313721 
7.168201923370361 
6.0038909912109375 
5.9659624099731445 
6.116388320922852 
10.75975227355957 
6.625686168670654 
6.930224418640137 
5.554433345794678 
5.40955924987793 
5.699308395385742 
5.432241439819336 
7.476553440093994 
5.141520977020264 
5.914763450622559 
5.196808815002441 
7.170765399932861 
6.385217666625977 
5.671306610107422 
5.790472030639648 
7.001086235046387 
8.086030006408691 
7.5048956871032715 
6.628870010375977 
7.24226713180542 
7.730438709259033 
5.6479926109313965 
6.439665794372559 
6.723596096038818 
7.55754280090332 
5.490071773529053 
4.946931838989258 
5.303215503692627 
9.688913345336914 
4.948882102966309 
6.691710948944092 
5.957954406738281 
5.4156718254089355 
9.129718780517578 
8.574012756347656 
6.638367652893066 
5.553012847900391 
6.247713565826416 
5.829202175140381 
7.283314228057861 
4.780646324157715 
5.014651775360107 
9.027776718139648 
8.594440460205078 
4.860774993896484 
5.27677059173584 
5.976263999938965 
4.770707607269287 
6.273321151733398 
5.949397087097168 
6.970999717712402 
8.295089721679688 
5.774019241333008 
5.167959213256836 
7.926984786987305 
6.75219202041626 
5.985709190368652 
5.733014106750488 
8.813682556152344 
6.522008895874023 
8.797794342041016 
4.933330535888672 
6.7560319900512695 
9.143606185913086 
6.19439697265625 
6.5764994621276855 
8.259961128234863 
5.346317768096924 
6.806138038635254 
5.690001010894775 
6.336061477661133 
8.769550323486328 
9.4396390914917 
6.139332294464111 
4.414928913116455 
6.240169525146484 
6.327154636383057 
8.972208023071289 
5.684787750244141 
7.46268367767334 
6.527565956115723 
5.9561767578125 
5.775577545166016 
6.342403888702393 
6.867429733276367 
8.952852249145508 
4.864869594573975 
8.935730934143066 
4.984888076782227 
7.718972682952881 
6.994903564453125 
6.340354919433594 
4.278356552124023 
7.207791805267334 
6.610752105712891 
5.363805294036865 
9.375421524047852 
5.398593902587891 
4.9833574295043945 
6.09190559387207 
5.904915809631348 
6.371049404144287 
5.518161773681641 
5.407843589782715 
6.635296821594238 
6.063859462738037 
4.621616363525391 
7.449977874755859 
6.073037147521973 
6.651683330535889 
6.054356098175049 
5.465359687805176 
6.135054588317871 
6.151194095611572 
8.316654205322266 
7.744718551635742 
5.953177452087402 
6.188763618469238 
5.391459941864014 
7.767350196838379 
6.956031799316406 
5.998594284057617 
7.340569972991943 
5.87990140914917 
5.682124614715576 
5.307256698608398 
5.521506309509277 
5.86408805847168 
6.790421009063721 
6.380926132202148 
7.651495933532715 
7.874408721923828 
5.4112677574157715 
7.358193874359131 
6.312038898468018 
4.868130683898926 
5.875003814697266 
6.688214302062988 
5.8828325271606445 
5.221229553222656 
3.662707805633545 
5.680286407470703 
6.018373489379883 
5.913631439208984 
7.278656482696533 
8.415267944335938 
6.923068046569824 
8.173469543457031 
8.122962951660156 
4.89381217956543 
5.816344261169434 
5.136728286743164 
9.091947555541992 
7.167299747467041 
6.570229530334473 
4.594491958618164 
8.420385360717773 
5.855597496032715 
7.055088520050049 
6.830939292907715 
5.775371074676514 
8.566007614135742 
6.8872389793396 
7.1415228843688965 
8.502825736999512 
6.506357669830322 
5.711498260498047 
6.397470474243164 
6.256033897399902 
7.317442417144775 
7.298336029052734 
5.740258693695068 
6.213379383087158 
5.803895950317383 
7.436988830566406 
5.718358993530273 
5.9170145988464355 
6.121593475341797 
6.8242950439453125 
6.133880615234375 
6.356118202209473 
7.423375129699707 
5.780137062072754 
7.611866474151611 
4.879025459289551 
5.863390922546387 
6.120813846588135 
6.133840084075928 
6.216142654418945 
5.716700077056885 
7.104366779327393 
7.092555046081543 
7.7675557136535645 
6.403519153594971 
7.561537265777588 
6.594782829284668 
7.939122676849365 
6.192309379577637 
5.941627502441406 
8.074122428894043 
6.499150276184082 
6.178347587585449 
8.559942245483398 
5.252840042114258 
7.5750017166137695 
5.9635396003723145 
6.121217727661133 
5.424775123596191 
4.625677108764648 
6.122160911560059 
7.812723159790039 
6.480095386505127 
6.2112812995910645 
5.6493964195251465 
8.225711822509766 
6.966683864593506 
6.377932548522949 
6.313563346862793 
5.335590362548828 
5.76566219329834 
5.540187835693359 
7.046871185302734 
7.58908748626709 
7.11372184753418 
6.365152835845947 
10.016169548034668 
6.653271675109863 
6.00931453704834 
6.578141212463379 
8.658699989318848 
5.515232086181641 
5.686085224151611 
6.268307685852051 
5.759866714477539 
7.632632255554199 
5.983017444610596 
5.90550422668457 
8.099979400634766 
5.110042572021484 
8.300524711608887 
5.430628776550293 
5.810415744781494 
6.4664812088012695 
6.771859169006348 
9.93937873840332 
5.216209411621094 
6.14653205871582 
8.338194847106934 
7.518581390380859 
7.0172343254089355 
5.728219032287598 
7.875460624694824 
9.03653335571289 
5.18651008605957 
6.807031154632568 
5.9376349449157715 
9.004966735839844 
6.195895671844482 
7.842881202697754 
8.046334266662598 
5.775186061859131 
6.379311561584473 
5.501029014587402 
6.230510711669922 
6.416568279266357 
5.885406017303467 
7.598421096801758 
6.490420341491699 
5.706056594848633 
5.981875419616699 
6.5190582275390625 
7.32637882232666 
7.25692081451416 
4.990029335021973 
7.044780731201172 
6.359636306762695 
6.328646659851074 
7.909060478210449 
5.303022384643555 
6.7579145431518555 
5.718118190765381 
7.641382694244385 
7.819830417633057 
7.70559549331665 
5.838039398193359 
6.076408386230469 
6.715430736541748 
5.678875923156738 
5.871975898742676 
7.858036041259766 
8.38861083984375 
5.278378963470459 
4.7236127853393555 
5.322443962097168 
10.394011497497559 
5.849052906036377 
5.7595953941345215 
4.840353965759277 
8.284729957580566 
5.644042015075684 
6.328788757324219 
4.912065029144287 
6.316704750061035 
6.79627799987793 
6.971013069152832 
7.433125972747803 
8.131444931030273 
6.082324028015137 
5.374781608581543 
7.80926513671875 
8.493316650390625 
6.192058086395264 
6.703793048858643 
6.491562843322754 
5.42506742477417 
5.215754508972168 
5.282941818237305 
7.62769889831543 
6.003067970275879 
5.103694438934326 
6.559415817260742 
5.692289352416992 
7.340471267700195 
5.305646896362305 
7.2422590255737305 
4.720486640930176 
6.956750392913818 
5.450741767883301 
5.837806701660156 
5.371495246887207 
7.259248733520508 
6.5939531326293945 
5.906899452209473 
5.490447044372559 
9.497479438781738 
5.791027069091797 
6.767643928527832 
7.930814743041992 
7.275162696838379 
5.6287055015563965 
5.665217399597168 
6.92274284362793 
5.751006126403809 
7.813854694366455 
6.324765205383301 
6.899637222290039 
5.268545150756836 
5.50894832611084 
5.922271728515625 
5.601898193359375 
5.433321952819824 
6.733234882354736 
5.630816459655762 
5.0373992919921875 
7.940299987792969 
5.450019836425781 
6.421088218688965 
6.022645950317383 
9.061622619628906 
9.135414123535156 
7.017836570739746 
5.624051094055176 
8.116510391235352 
5.6109161376953125 
8.365362167358398 
7.871804237365723 
5.1623215675354 
6.429104804992676 
7.106140613555908 
5.054352760314941 
7.846976280212402 
7.365339279174805 
5.321760654449463 
4.643002510070801 
8.169713973999023 
6.813077926635742 
5.123712062835693 
7.710881233215332 
6.300055503845215 
5.855524063110352 
5.835362434387207 
4.7763800621032715 
6.132719039916992 
6.06535005569458 
7.1262030601501465 
7.745855808258057 
8.22396183013916 
5.964999198913574 
5.82559061050415 
6.419374465942383 
5.607404708862305 
5.62159538269043 
6.367184162139893 
6.204482078552246 
6.993813514709473 
5.631912708282471 
6.53264045715332 
7.21036958694458 
8.087331771850586 
5.7666473388671875 
8.367259979248047 
6.221837520599365 
7.174470901489258 
6.65369987487793 
8.13453197479248 
5.484847068786621 
5.17055082321167 
6.824644565582275 
8.837959289550781 
6.538514614105225 
5.641101837158203 
6.525959014892578 
7.204244136810303 
7.964756011962891 
7.713764667510986 
7.41964054107666 
5.5078864097595215 
5.924047470092773 
7.613512992858887 
5.039577960968018 
8.49941635131836 
5.897949695587158 
5.968538284301758 
7.756494522094727 
6.463505744934082 
5.269063472747803 
6.136257171630859 
5.302546977996826 
6.896577835083008 
8.279346466064453 
6.028927803039551 
5.951531410217285 
7.899667739868164 
7.103697776794434 
6.615565299987793 
5.620344638824463 
6.47690486907959 
5.2777180671691895 
6.051503658294678 
8.31417179107666 
8.836721420288086 
8.532682418823242 
9.877399444580078 
5.828958988189697 
7.901035308837891 
6.566858768463135 
7.659379482269287 
5.6352362632751465 
5.206123352050781 
7.590744495391846 
6.2030134201049805 
5.779165267944336 
5.901663780212402 
5.740146636962891 
5.244622230529785 
6.200239658355713 
5.62100887298584 
4.88436222076416 
5.5518951416015625 
8.37625503540039 
8.501726150512695 
8.318090438842773 
6.32096004486084 
8.376425743103027 
5.500137805938721 
5.672270774841309 
7.021167755126953 
5.726467132568359 
6.393298149108887 
5.554928779602051 
6.518138408660889 
5.7673797607421875 
7.366854667663574 
5.3682332038879395 
6.265506744384766 
5.410941123962402 
7.29606819152832 
6.860744476318359 
8.356164932250977 
7.515594005584717 
5.4425883293151855 
6.712449073791504 
6.705564498901367 
5.2837677001953125 
6.014591217041016 
5.4484052658081055 
5.096940994262695 
8.241220474243164 
5.703435897827148 
10.533477783203125 
6.133322715759277 
5.497480392456055 
5.691226005554199 
7.692863464355469 
6.228728294372559 
7.121354103088379 
9.412633895874023 
5.781140327453613 
5.268580913543701 
6.158052444458008 
6.587854385375977 
6.924495697021484 
6.143701553344727 
5.521541595458984 
4.96380615234375 
8.143643379211426 
6.006986141204834 
5.268355369567871 
7.183145523071289 
8.526180267333984 
9.081585884094238 
5.4672441482543945 
4.820617198944092 
6.261038303375244 
5.45589542388916 
7.06760311126709 
5.748565673828125 
6.380920886993408 
5.322451591491699 
6.782632827758789 
9.392831802368164 
6.8670196533203125 
7.741461753845215 
7.529590606689453 
5.566560745239258 
6.273314476013184 
5.787314414978027 
5.609531402587891 
7.839816570281982 
5.353071689605713 
6.265528678894043 
7.0652875900268555 
5.922963619232178 
6.5387797355651855 
5.5670366287231445 
6.24514102935791 
5.134591102600098 
6.378940582275391 
8.86244010925293 
9.623587608337402 
5.838290691375732 
6.107883453369141 
6.152606010437012 
6.276819229125977 
5.54269552230835 
6.83134126663208 
6.858360290527344 
5.146914005279541 
6.241405487060547 
5.581246376037598 
6.60883903503418 
5.654693603515625 
7.93204402923584 
5.347372055053711 
6.022330284118652 
5.931100368499756 
7.594045162200928 
9.1611328125 
6.0758137702941895 
6.397924423217773 
4.453391075134277 
5.849612712860107 
5.14863920211792 
7.521066665649414 
5.3916826248168945 
5.430123329162598 
6.392246246337891 
5.669726371765137 
6.43257999420166 
6.068608283996582 
5.90814733505249 
7.497771263122559 
5.513338088989258 
6.509151458740234 
5.956242561340332 
7.381660461425781 
7.057168006896973 
5.859137535095215 
6.037766456604004 
5.525691509246826 
5.412076950073242 
8.91494369506836 
6.128888130187988 
6.276287078857422 
6.475579261779785 
6.197911262512207 
7.688225269317627 
6.776788711547852 
5.260605812072754 
5.9016499519348145 
5.898684501647949 
7.242688179016113 
7.657748222351074 
7.0243449211120605 
8.906463623046875 
5.3829450607299805 
6.337721824645996 
7.517745494842529 
7.252889156341553 
5.558372974395752 
6.1100335121154785 
7.207663536071777 
6.313279151916504 
6.357246398925781 
6.686427116394043 
7.340425491333008 
6.08660888671875 
8.922195434570312 
5.2069525718688965 
5.893850326538086 
7.562667369842529 
8.242072105407715 
7.2197771072387695 
6.926767826080322 
6.1857404708862305 
6.75417423248291 
5.129130840301514 
6.334631443023682 
5.513518333435059 
6.345617294311523 
5.434277534484863 
6.552172660827637 
8.017098426818848 
6.361652851104736 
5.980899810791016 
8.392597198486328 
6.681611061096191 
5.023772716522217 
6.6750054359436035 
6.128856658935547 
6.549206733703613 
5.478874683380127 
4.700717926025391 
5.194995880126953 
5.152059555053711 
8.786787033081055 
7.749150276184082 
6.201523780822754 
5.120461463928223 
5.949332237243652 
6.2169342041015625 
4.90494441986084 
7.991957664489746 
8.352349281311035 
5.695441246032715 
6.525547027587891 
5.519625186920166 
5.969136714935303 
5.899397373199463 
5.5025177001953125 
5.2131452560424805 
6.7729010581970215 
5.899183750152588 
8.406789779663086 
8.183037757873535 
5.953304290771484 
5.402057647705078 
5.92677116394043 
5.243065357208252 
5.522019863128662 
5.135890007019043 
6.367902755737305 
7.3580641746521 
5.8186798095703125 
5.55277681350708 
8.479694366455078 
7.65535831451416 
7.415683746337891 
5.209903717041016 
6.407029151916504 
5.532138347625732 
5.655526161193848 
7.676583290100098 
5.59262228012085 
5.9074811935424805 
5.421817302703857 
6.501526355743408 
5.555724143981934 
4.853305339813232 
5.6360626220703125 
7.52241849899292 
6.020773887634277 
6.067707061767578 
6.01746940612793 
5.672900676727295 
5.983724594116211 
7.36701774597168 
5.5330376625061035 
8.696380615234375 
5.777968406677246 
5.52448844909668 
7.104095935821533 
6.216615676879883 
7.437660217285156 
6.99409294128418 
6.408374309539795 
5.431657791137695 
6.446576118469238 
8.192180633544922 
6.64449405670166 
5.883745193481445 
6.866968631744385 
7.31920051574707 
4.851531982421875 
5.140878677368164 
6.759094715118408 
4.650238037109375 
5.477654457092285 
6.095888614654541 
5.749641418457031 
5.558524131774902 
6.775063514709473 
6.0966796875 
5.269952297210693 
5.903018951416016 
5.100496768951416 
5.863625526428223 
7.555515289306641 
5.981273651123047 
6.905355453491211 
9.229421615600586 
6.585156440734863 
5.635084629058838 
5.973816871643066 
4.923844337463379 
6.886017799377441 
5.412058353424072 
5.881097316741943 
6.855757713317871 
8.334278106689453 
5.138880729675293 
5.480587005615234 
7.335915565490723 
6.234951019287109 
5.863155841827393 
6.117851257324219 
5.924467086791992 
5.522036552429199 
7.021944999694824 
6.418052673339844 
6.37541389465332 
6.177419662475586 
5.900257587432861 
5.116322040557861 
5.8553056716918945 
6.51998233795166 
5.449042320251465 
4.805955410003662 
8.33366584777832 
6.127475261688232 
5.441768646240234 
6.42333459854126 
6.201141357421875 
5.424330234527588 
8.103092193603516 
5.60250186920166 
6.887413501739502 
6.664273738861084 
6.26978063583374 
4.572073936462402 
7.309760093688965 
5.955261707305908 
6.00076961517334 
7.8933939933776855 
7.469031810760498 
6.6470489501953125 
6.466120719909668 
5.786953449249268 
6.661990165710449 
5.128698348999023 
5.347979545593262 
7.2438273429870605 
6.900782108306885 
6.2356462478637695 
6.951386451721191 
8.678726196289062 
5.495484352111816 
6.369901657104492 
7.503677845001221 
5.412372589111328 
6.744107723236084 
5.455384254455566 
7.359903335571289 
6.438776969909668 
6.34205436706543 
4.373745441436768 
6.961233615875244 
6.8744797706604 
7.219241619110107 
6.007524490356445 
5.822823524475098 
7.832298278808594 
5.760085105895996 
5.68536376953125 
6.857562065124512 
8.212920188903809 
5.726293563842773 
5.376214981079102 
7.274202346801758 
6.389147758483887 
6.004383563995361 
6.084985733032227 
5.817812919616699 
7.381969928741455 
5.7613725662231445 
6.473099231719971 
6.691215515136719 
5.639647960662842 
6.109812259674072 
6.558107376098633 
6.149837970733643 
7.904290199279785 
7.098651885986328 
7.20596981048584 
8.448036193847656 
5.246703624725342 
5.266204833984375 
6.896247863769531 
5.041684150695801 
5.2301130294799805 
5.024499893188477 
6.292173385620117 
5.266495227813721 
6.343632698059082 
8.956869125366211 
5.72977876663208 
5.265231132507324 
6.436627388000488 
7.798876762390137 
5.736636161804199 
5.139434337615967 
7.853428840637207 
7.905452728271484 
7.399248123168945 
7.464963912963867 
6.047489643096924 
5.6733551025390625 
5.575623035430908 
7.51759147644043 
5.780055999755859 
8.872291564941406 
7.012217044830322 
7.8000593185424805 
6.2594194412231445 
6.67109489440918 
7.3807783126831055 
7.741232872009277 
6.155306339263916 
5.671247959136963 
5.48256778717041 
8.235979080200195 
7.313874244689941 
8.207742691040039 
5.134273529052734 
4.253639221191406 
7.013711929321289 
5.799870491027832 
6.31336784362793 
5.858415126800537 
5.985471248626709 
7.6707258224487305 
6.111976623535156 
6.42148494720459 
6.455671310424805 
6.36024284362793 
6.022599220275879 
5.347753524780273 
9.254668235778809 
5.645143032073975 
5.3147196769714355 
9.561330795288086 
8.128188133239746 
6.495975494384766 
4.9533562660217285 
6.258713722229004 
5.011170387268066 
6.968448162078857 
7.586121082305908 
5.894129753112793 
5.380573272705078 
5.148634910583496 
6.354007720947266 
7.710882663726807 
6.411066055297852 
6.210450649261475 
7.726003170013428 
6.71773099899292 
6.4168195724487305 
7.867653846740723 
6.249590873718262 
7.181631088256836 
5.891666412353516 
5.4333906173706055 
5.925995826721191 
6.8163533210754395 
7.057901382446289 
5.25949239730835 
6.171361923217773 
4.852108955383301 
5.383759498596191 
6.904319763183594 
6.661383628845215 
8.56016731262207 
4.885409355163574 
5.989569664001465 
6.313948631286621 
5.658075332641602 
5.692618370056152 
5.470150947570801 
6.191083908081055 
6.376533508300781 
5.2584452629089355 
8.179960250854492 
5.963212966918945 
6.434301853179932 
6.434264659881592 
6.721632957458496 
5.843696594238281 
8.86611270904541 
7.049409866333008 
5.9146833419799805 
7.792816162109375 
8.02396011352539 
10.007861137390137 
6.426241874694824 
6.901417255401611 
7.224206447601318 
6.169704437255859 
6.97841739654541 
7.795604705810547 
6.444791316986084 
6.113266944885254 
7.038355827331543 
5.673431396484375 
9.1356201171875 
5.669029712677002 
6.738498687744141 
6.626649856567383 
7.825788497924805 
4.542654037475586 
6.020724773406982 
6.397409439086914 
7.296438217163086 
6.000126361846924 
6.843575954437256 
5.683899879455566 
7.055580139160156 
9.18250846862793 
5.042483329772949 
5.967851638793945 
5.986063003540039 
5.926714897155762 
6.638570785522461 
5.162232398986816 
5.600979804992676 
7.541882514953613 
7.246676445007324 
4.522891998291016 
6.119039058685303 
5.451177597045898 
5.144646644592285 
5.760717391967773 
6.194141387939453 
6.2886962890625 
9.183609008789062 
8.029586791992188 
7.746270656585693 
5.460324764251709 
6.479429244995117 
5.432889461517334 
6.924021244049072 
5.905600547790527 
5.132053375244141 
6.162938117980957 
7.316760540008545 
8.008360862731934 
7.823591709136963 
10.077923774719238 
5.414592742919922 
5.42921781539917 
8.397276878356934 
6.3953657150268555 
6.7470293045043945 
4.825888633728027 
6.808358192443848 
6.442707061767578 
6.965860843658447 
6.167047500610352 
6.029434680938721 
7.313637733459473 
5.353133201599121 
9.879444122314453 
5.946932792663574 
6.450276851654053 
8.023090362548828 
7.448545455932617 
7.914373397827148 
6.598151683807373 
4.973827838897705 
5.3110246658325195 
8.0868501663208 
5.954646587371826 
7.702320098876953 
6.034254550933838 
5.580025672912598 
6.3100080490112305 
7.8632001876831055 
7.537311553955078 
4.816302299499512 
6.385408401489258 
5.883254051208496 
10.370081901550293 
6.067813873291016 
8.624095916748047 
6.370327472686768 
6.39470100402832 
9.104852676391602 
5.706185340881348 
5.768405914306641 
8.12331771850586 
4.823982238769531 
9.157373428344727 
6.155681610107422 
7.361337184906006 
8.0308198928833 
6.037530899047852 
5.896701812744141 
9.53207015991211 
9.357370376586914 
5.896723747253418 
7.106072425842285 
5.855854034423828 
6.008260726928711 
8.318696975708008 
7.717864990234375 
8.482995986938477 
5.753406524658203 
5.53266716003418 
4.86470890045166 
5.854816436767578 
6.121378421783447 
7.316161155700684 
6.411469459533691 
6.009031772613525 
5.140250205993652 
5.0920867919921875 
7.583817481994629 
8.347346305847168 
6.396162986755371 
6.045000076293945 
6.078112602233887 
7.669671535491943 
5.103809356689453 
5.6660284996032715 
4.961911201477051 
7.939743995666504 
5.601456642150879 
5.674866676330566 
7.640656471252441 
6.115331649780273 
6.166649341583252 
5.6489410400390625 
5.881058216094971 
5.367554664611816 
5.533556938171387 
6.160416603088379 
5.377636432647705 
8.360869407653809 
8.392175674438477 
5.834591865539551 
7.063842296600342 
6.723689079284668 
5.624757766723633 
8.930639266967773 
7.3222761154174805 
6.548753261566162 
7.602612018585205 
8.563251495361328 
5.301690578460693 
9.070945739746094 
5.693724155426025 
8.09902572631836 
7.944516181945801 
6.117664337158203 
6.559671401977539 
5.849120140075684 
8.03880500793457 
6.397609710693359 
8.070473670959473 
6.977508068084717 
6.222002983093262 
5.496308326721191 
5.8315534591674805 
6.026819705963135 
5.211989402770996 
5.115386962890625 
6.209531784057617 
8.968688011169434 
6.081139087677002 
7.3397216796875 
5.034974098205566 
8.601177215576172 
6.39926815032959 
7.700778007507324 
5.333945274353027 
5.677826404571533 
5.0566534996032715 
7.588964462280273 
7.734172821044922 
4.818012237548828 
5.62136173248291 
9.465617179870605 
6.5715718269348145 
8.855525016784668 
5.704728126525879 
5.904294013977051 
6.882997512817383 
5.548216819763184 
7.451518535614014 
5.933844566345215 
4.797832012176514 
6.420511245727539 
6.0500946044921875 
4.782681465148926 
6.095755100250244 
5.682932376861572 
5.604459762573242 
5.6443939208984375 
5.84526252746582 
6.208410263061523 
8.383928298950195 
6.16840934753418 
4.885240077972412 
8.1219482421875 
6.470882415771484 
7.029483795166016 
5.435734748840332 
6.428194046020508 
8.113083839416504 
6.181105136871338 
7.147148132324219 
4.661815643310547 
4.937726974487305 
5.865702152252197 
7.328805923461914 
5.62628698348999 
5.458327293395996 
9.171483039855957 
7.557006359100342 
7.005579948425293 
8.542932510375977 
5.523394584655762 
5.817933082580566 
6.479296684265137 
6.288549423217773 
6.0652265548706055 
5.174903392791748 
5.702038288116455 
5.761146068572998 
5.228156089782715 
5.491016864776611 
6.279051303863525 
7.799691677093506 
5.382063865661621 
6.189002513885498 
5.80320930480957 
7.522238731384277 
5.854012966156006 
6.461763858795166 
6.719903469085693 
5.637566566467285 
6.803622245788574 
7.0590691566467285 
7.5142011642456055 
7.0381999015808105 
6.052460670471191 
6.334367752075195 
6.377048492431641 
8.819311141967773 
5.289815902709961 
4.7996625900268555 
8.170143127441406 
6.791670799255371 
4.726446151733398 
5.734714508056641 
5.074738502502441 
8.256050109863281 
7.672309875488281 
5.94773006439209 
6.578338146209717 
6.206203460693359 
6.411096572875977 
5.2406182289123535 
6.428424835205078 
7.698043346405029 
4.40403413772583 
6.28779935836792 
5.700861930847168 
5.5903472900390625 
6.603790760040283 
6.817755222320557 
6.073971748352051 
6.7528862953186035 
6.242805480957031 
5.56278133392334 
6.081605911254883 
6.657410621643066 
6.083003997802734 
9.388446807861328 
4.527677536010742 
4.833099365234375 
5.030823707580566 
6.377447128295898 
5.249109268188477 
7.840372085571289 
4.995626449584961 
5.805380821228027 
5.8327741622924805 
7.606972694396973 
7.494007110595703 
7.980484962463379 
5.769134521484375 
10.004352569580078 
6.935791015625 
6.681303024291992 
6.415891647338867 
6.7329254150390625 
7.8756561279296875 
8.189117431640625 
6.324921607971191 
6.125382900238037 
5.780783653259277 
4.978635787963867 
5.950470447540283 
6.003015518188477 
6.227260589599609 
5.4876813888549805 
8.394393920898438 
5.7105865478515625 
5.902660369873047 
5.234029769897461 
6.759015083312988 
6.158881187438965 
5.995199203491211 
7.22727108001709 
5.568746566772461 
7.755031585693359 
8.06550407409668 
7.948974609375 
6.3357062339782715 
6.050044536590576 
7.180751323699951 
7.911937236785889 
8.20522689819336 
6.133626937866211 
6.662559509277344 
6.366166114807129 
6.757277011871338 
5.867975234985352 
5.77836799621582 
6.580966472625732 
5.751935958862305 
7.042501926422119 
5.741941928863525 
7.905350685119629 
6.675189018249512 
5.727902889251709 
5.859037399291992 
4.959977626800537 
5.755249977111816 
5.182178497314453 
6.020357131958008 
5.197709560394287 
7.3753862380981445 
6.002229690551758 
6.511649131774902 
7.446349143981934 
5.827363014221191 
10.128972053527832 
6.7008137702941895 
8.34920597076416 
6.298550605773926 
7.073633193969727 
6.464757919311523 
7.03377628326416 
5.5521650314331055 
7.183362007141113 
5.234475135803223 
6.355633735656738 
7.072881698608398 
8.195816040039062 
5.524074554443359 
5.810101509094238 
6.742560386657715 
7.917689800262451 
6.414155006408691 
6.448514938354492 
5.872397422790527 
5.86805534362793 
8.927338600158691 
5.433807373046875 
6.320779800415039 
6.611319541931152 
7.046635150909424 
5.9911346435546875 
4.560793399810791 
5.833395004272461 
8.294921875 
8.110055923461914 
5.950132369995117 
5.932999134063721 
4.717870712280273 
8.461698532104492 
6.170245170593262 
5.795558929443359 
8.990730285644531 
8.118043899536133 
8.124073028564453 
5.0937066078186035 
7.197165012359619 
8.342863082885742 
6.549893379211426 
6.150123119354248 
6.1183342933654785 
4.867942810058594 
8.384568214416504 
7.800450801849365 
6.596600532531738 
7.06437873840332 
5.568502426147461 
6.033967018127441 
6.327376365661621 
6.283370018005371 
5.991023063659668 
6.1254425048828125 
5.7219414710998535 
5.578289985656738 
10.365446090698242 
5.843753337860107 
6.829682350158691 
5.834338188171387 
6.10809326171875 
5.728528022766113 
6.023390769958496 
6.150551795959473 
