7.286553859710693 
4.6305952072143555 
6.430840969085693 
5.451303958892822 
5.189994812011719 
5.559441089630127 
6.18394660949707 
5.779086112976074 
4.705524921417236 
6.90076208114624 
6.273664951324463 
4.843476295471191 
6.413069725036621 
5.073741436004639 
4.949331283569336 
5.442351341247559 
7.421568870544434 
6.277409076690674 
7.560401916503906 
5.855032444000244 
6.447402477264404 
5.828778266906738 
5.938838005065918 
4.6269211769104 
5.708714962005615 
9.450050354003906 
5.975518226623535 
4.381539344787598 
7.162099838256836 
5.4864420890808105 
5.840293884277344 
5.018855571746826 
6.424179553985596 
4.556059837341309 
5.916768550872803 
5.8456525802612305 
6.3458147048950195 
7.579733848571777 
6.1504058837890625 
6.943375110626221 
5.292749404907227 
5.737634658813477 
6.288518905639648 
5.901278972625732 
6.144869804382324 
5.06227445602417 
7.759941577911377 
5.504715442657471 
8.97977066040039 
5.786657810211182 
5.147366523742676 
5.652472972869873 
6.646002769470215 
6.663500785827637 
5.099213600158691 
5.634015083312988 
6.260078430175781 
7.904191970825195 
5.743199825286865 
6.345602035522461 
5.148782730102539 
6.759227275848389 
6.686933517456055 
4.940033912658691 
5.588138580322266 
7.661578178405762 
5.426212787628174 
5.6573591232299805 
4.665682792663574 
5.710837364196777 
7.581730842590332 
4.79833459854126 
6.420848369598389 
5.523277282714844 
6.347907066345215 
7.567684173583984 
5.637935161590576 
5.5130181312561035 
5.295094966888428 
5.140101432800293 
6.2209038734436035 
7.8236589431762695 
5.490756034851074 
5.591428756713867 
4.508708953857422 
5.772078037261963 
6.155442714691162 
4.569116592407227 
5.781050205230713 
6.548630714416504 
7.1099853515625 
4.618515968322754 
4.413486003875732 
5.303056716918945 
6.893993377685547 
6.658295154571533 
4.6803693771362305 
7.253744125366211 
5.534108638763428 
6.101034164428711 
7.036312103271484 
6.6129865646362305 
7.03338098526001 
5.081128120422363 
5.1940789222717285 
7.5899786949157715 
5.88446044921875 
5.921896457672119 
7.528863906860352 
4.733541488647461 
8.95357894897461 
5.940455436706543 
6.00999641418457 
7.014760494232178 
5.070667743682861 
5.24783992767334 
5.900455474853516 
9.595474243164062 
5.62281608581543 
5.417877197265625 
7.130395889282227 
4.6874494552612305 
6.009434700012207 
5.654995918273926 
7.098681926727295 
4.775357723236084 
4.666139602661133 
7.00851583480835 
5.518465995788574 
7.124966621398926 
6.268016815185547 
6.42556095123291 
5.66891622543335 
7.282488822937012 
5.236296653747559 
7.234195709228516 
7.329415321350098 
5.064916610717773 
6.1960554122924805 
7.157524585723877 
5.541765213012695 
7.743608474731445 
7.190176486968994 
6.1854023933410645 
6.503730773925781 
4.835529327392578 
6.840465068817139 
4.755049228668213 
4.136134624481201 
5.988348960876465 
5.650018215179443 
6.931760787963867 
7.026977062225342 
7.25311279296875 
7.185559272766113 
6.194003105163574 
6.99863338470459 
6.049554824829102 
4.547266006469727 
4.9675679206848145 
5.151794910430908 
6.680065155029297 
7.591263771057129 
6.597914218902588 
5.406155109405518 
4.93880558013916 
7.724984169006348 
4.697734832763672 
6.623526573181152 
5.9326982498168945 
5.05470085144043 
6.936863422393799 
5.803528785705566 
5.856729984283447 
5.463037014007568 
6.049442291259766 
4.687283992767334 
6.205751895904541 
8.736786842346191 
7.135870456695557 
7.086297988891602 
4.855091094970703 
4.374661922454834 
6.099681854248047 
5.047612190246582 
8.147771835327148 
6.333499908447266 
5.401860237121582 
5.091089248657227 
5.583004951477051 
6.973877906799316 
5.655457496643066 
5.973694801330566 
5.804465293884277 
5.0249199867248535 
6.175259113311768 
5.915098190307617 
5.194504737854004 
6.148646831512451 
6.430349349975586 
6.074031829833984 
6.021058082580566 
5.682669162750244 
5.719440460205078 
7.356760501861572 
5.1522111892700195 
5.462474822998047 
5.863188743591309 
5.798406600952148 
6.280718803405762 
7.988653182983398 
6.2638750076293945 
7.303001403808594 
5.684634208679199 
8.69239616394043 
7.954692363739014 
4.7079339027404785 
6.7755889892578125 
6.383268356323242 
5.242008209228516 
5.876387596130371 
6.473748207092285 
5.637292861938477 
6.376425743103027 
5.380998134613037 
5.8272705078125 
8.129820823669434 
7.357678413391113 
5.353089332580566 
5.552424430847168 
6.997766494750977 
6.660640239715576 
8.420910835266113 
9.39301872253418 
5.1897993087768555 
5.483956336975098 
6.841034889221191 
6.901341915130615 
5.407275199890137 
4.80072546005249 
5.921103000640869 
7.0308074951171875 
5.9061784744262695 
6.009668350219727 
5.156627655029297 
7.429253578186035 
5.396555423736572 
6.47477912902832 
6.262619495391846 
5.548887729644775 
5.875007629394531 
8.428377151489258 
5.6608195304870605 
8.657342910766602 
7.219338417053223 
6.399628162384033 
6.536333084106445 
6.870264053344727 
4.956744194030762 
4.824112415313721 
4.871257781982422 
6.454408645629883 
7.823483943939209 
5.28741455078125 
6.024471282958984 
5.053862571716309 
4.824221611022949 
5.665369987487793 
6.634964942932129 
6.7679123878479 
4.942962646484375 
4.930023193359375 
6.292771816253662 
6.071510314941406 
4.628434658050537 
4.948328018188477 
5.941688537597656 
7.641741752624512 
6.1852874755859375 
6.436599254608154 
6.398280143737793 
6.912422180175781 
5.253371715545654 
6.683479309082031 
6.056241989135742 
6.599698066711426 
6.601508617401123 
6.288537502288818 
6.061788558959961 
6.329960346221924 
5.874066352844238 
5.077441215515137 
4.6079230308532715 
6.665999889373779 
4.699225902557373 
6.766012668609619 
4.345834255218506 
5.75937032699585 
6.0764617919921875 
4.919485092163086 
5.717062473297119 
6.530430316925049 
5.305215835571289 
6.471733093261719 
7.318403720855713 
9.267881393432617 
5.557116508483887 
6.421540260314941 
7.923137187957764 
6.095456123352051 
5.744838714599609 
6.872874736785889 
6.455931663513184 
6.36251163482666 
5.625864028930664 
5.482432842254639 
5.7955827713012695 
5.280712127685547 
7.014835357666016 
4.930942535400391 
6.543140888214111 
5.169588088989258 
6.8412322998046875 
6.851893424987793 
5.521574020385742 
5.914888381958008 
6.4051103591918945 
5.188244342803955 
4.8593950271606445 
5.970554828643799 
5.840765476226807 
5.840810775756836 
5.834708213806152 
5.7399067878723145 
4.763025283813477 
5.362038612365723 
5.847705841064453 
5.539331912994385 
4.916078567504883 
6.414880752563477 
6.523952484130859 
8.208578109741211 
6.271376609802246 
8.808759689331055 
4.979503631591797 
6.232907295227051 
5.548718452453613 
6.1507158279418945 
6.753022193908691 
6.680238723754883 
4.523274898529053 
5.222953796386719 
7.835444927215576 
5.26177978515625 
4.523337364196777 
6.29936408996582 
6.661614894866943 
8.563115119934082 
6.996791839599609 
4.382570743560791 
7.666178226470947 
7.926114559173584 
7.193390846252441 
5.695770263671875 
4.964488983154297 
5.397382736206055 
5.679581642150879 
6.262118816375732 
7.598598480224609 
6.110559463500977 
6.297233581542969 
6.256087303161621 
5.772705554962158 
8.605639457702637 
6.329196929931641 
4.829314231872559 
8.556132316589355 
5.787830352783203 
8.260985374450684 
6.7644944190979 
6.542290210723877 
6.244239807128906 
5.753683090209961 
5.7718048095703125 
8.44767951965332 
6.7766313552856445 
3.8855443000793457 
5.449046611785889 
7.841215133666992 
5.533853530883789 
5.4897613525390625 
6.856194019317627 
6.13949728012085 
5.873566627502441 
6.003587245941162 
5.446224689483643 
5.509438514709473 
5.039148330688477 
6.927573204040527 
5.60688591003418 
7.157552719116211 
7.550682544708252 
5.645078659057617 
5.285776615142822 
7.218838691711426 
5.743760108947754 
5.647295951843262 
7.309119701385498 
5.60289192199707 
5.19364070892334 
8.467883110046387 
5.070138454437256 
5.7344651222229 
5.767911434173584 
6.851873397827148 
6.40723180770874 
5.69050407409668 
6.155372619628906 
7.983703136444092 
6.919413089752197 
6.2496795654296875 
5.199169158935547 
7.150634765625 
6.9696946144104 
5.831945419311523 
5.026513576507568 
5.353227615356445 
7.272881507873535 
4.5918965339660645 
6.319774627685547 
5.99659538269043 
7.283444404602051 
6.921086311340332 
5.387123107910156 
4.940221786499023 
5.458740234375 
6.573785781860352 
5.642696380615234 
6.931249618530273 
5.852024078369141 
7.073914051055908 
5.387393951416016 
7.180967330932617 
5.573541641235352 
5.46694278717041 
6.821231842041016 
4.7606282234191895 
5.168178558349609 
6.1352081298828125 
4.466820240020752 
6.223118782043457 
6.123163223266602 
5.706613540649414 
5.703052043914795 
4.816676616668701 
5.846989154815674 
6.083627700805664 
7.001011848449707 
4.960499286651611 
6.356607437133789 
5.612271308898926 
5.530302047729492 
6.463738441467285 
5.201171875 
7.672764778137207 
5.604519844055176 
6.420127868652344 
6.398747444152832 
5.385937690734863 
6.0529584884643555 
6.612509727478027 
5.939165115356445 
5.310976028442383 
7.626192569732666 
7.014258861541748 
6.230307579040527 
4.3711066246032715 
5.789560317993164 
5.339240074157715 
5.725605010986328 
4.192773818969727 
7.015621662139893 
8.910961151123047 
7.219325065612793 
6.524323463439941 
5.686530113220215 
5.927197456359863 
7.540401458740234 
5.983454704284668 
7.437168598175049 
5.925544738769531 
7.331356048583984 
7.533949375152588 
4.533825397491455 
6.097372055053711 
6.197089195251465 
8.00100326538086 
6.450538158416748 
6.315838813781738 
6.660236835479736 
5.892887115478516 
5.975676536560059 
4.828224182128906 
6.220285892486572 
6.684725284576416 
4.624724388122559 
4.478034496307373 
8.847391128540039 
5.349654197692871 
7.165700435638428 
5.0563483238220215 
4.789493560791016 
6.286312103271484 
5.740069389343262 
6.8147382736206055 
4.922284126281738 
5.127586364746094 
6.091947555541992 
5.88253927230835 
7.203243255615234 
6.711026191711426 
8.874879837036133 
6.305071830749512 
7.025571823120117 
5.819225311279297 
5.680818557739258 
6.991884708404541 
6.339685916900635 
8.789536476135254 
5.287420272827148 
5.906203269958496 
4.601574897766113 
5.959046363830566 
4.464956283569336 
5.468259811401367 
6.420596122741699 
6.323432922363281 
5.3994927406311035 
5.5355377197265625 
6.083568096160889 
5.698831081390381 
5.544674396514893 
7.520258903503418 
7.755638122558594 
5.712978363037109 
4.797599792480469 
5.74014949798584 
4.5052571296691895 
5.707442760467529 
5.738003730773926 
4.852935791015625 
6.456963539123535 
6.941633224487305 
5.499415397644043 
6.783409595489502 
5.867259979248047 
6.032268524169922 
5.958950996398926 
6.345034599304199 
7.419157028198242 
7.020857810974121 
7.15391206741333 
8.288310050964355 
4.9388427734375 
8.285435676574707 
7.893960952758789 
8.841079711914062 
6.681753158569336 
6.237403392791748 
5.815497875213623 
6.34398078918457 
5.3072919845581055 
4.938275337219238 
5.502842903137207 
6.439885139465332 
5.143573760986328 
7.3036603927612305 
6.15639066696167 
6.353857040405273 
5.326809883117676 
5.674907684326172 
5.533674240112305 
6.778995513916016 
5.938323020935059 
5.880795001983643 
6.3334550857543945 
5.149270534515381 
6.036349773406982 
5.221490859985352 
5.720171928405762 
7.667713642120361 
4.746730804443359 
6.355428695678711 
5.06353759765625 
6.8882575035095215 
5.435423374176025 
5.616890907287598 
5.723130226135254 
6.671144962310791 
6.188090801239014 
6.820328712463379 
9.185423851013184 
8.498527526855469 
8.73961353302002 
6.00441837310791 
4.063007831573486 
4.479595184326172 
4.43789529800415 
6.340560436248779 
6.8576765060424805 
7.240391731262207 
6.728132247924805 
7.021418571472168 
7.766977310180664 
7.629656791687012 
6.313923358917236 
6.927188873291016 
6.34271764755249 
6.773028373718262 
5.64314079284668 
7.215309143066406 
7.328939437866211 
5.164261341094971 
7.4465203285217285 
6.91813325881958 
6.902937889099121 
7.881156921386719 
5.134703159332275 
7.328631401062012 
5.656108856201172 
8.901747703552246 
5.416559219360352 
5.542021751403809 
5.916393280029297 
5.225083351135254 
5.299386978149414 
8.1900634765625 
5.441566467285156 
8.117566108703613 
8.759416580200195 
6.1440653800964355 
6.923779487609863 
6.812339782714844 
7.880292892456055 
7.004308700561523 
7.59298038482666 
5.893368721008301 
5.421987056732178 
5.794641971588135 
5.880703926086426 
8.22397232055664 
4.581097602844238 
7.488014221191406 
5.471231460571289 
4.84279727935791 
6.62173318862915 
6.792064666748047 
5.2775349617004395 
5.713991641998291 
4.966076850891113 
6.659690856933594 
8.953387260437012 
8.11931324005127 
7.200573444366455 
4.675458908081055 
5.609931945800781 
5.481721878051758 
7.31165885925293 
5.607855319976807 
5.641757011413574 
7.7934112548828125 
5.817415237426758 
6.015532493591309 
6.298507213592529 
5.4050703048706055 
5.6985602378845215 
6.740273475646973 
5.680206298828125 
7.935825347900391 
5.096485137939453 
6.04872989654541 
6.306809902191162 
5.139688014984131 
5.884690284729004 
5.244457244873047 
7.185154914855957 
6.924954414367676 
6.133879661560059 
9.284093856811523 
4.855437278747559 
5.362221717834473 
5.5577850341796875 
5.237117767333984 
8.544894218444824 
5.653593063354492 
7.820398330688477 
5.84262752532959 
7.134369850158691 
6.114531993865967 
4.726079940795898 
6.185510635375977 
4.437052249908447 
7.270380020141602 
6.425808429718018 
4.8558173179626465 
6.822129249572754 
7.465435981750488 
5.6320929527282715 
4.997285842895508 
6.1760101318359375 
4.764313697814941 
7.647624969482422 
7.04296875 
5.685548782348633 
5.034914016723633 
6.184389114379883 
5.837453365325928 
5.461498737335205 
4.914740562438965 
5.434096336364746 
6.277334213256836 
7.015623092651367 
6.052162170410156 
8.13625431060791 
5.528729438781738 
4.844541072845459 
7.235515594482422 
6.350901126861572 
7.806183815002441 
5.963081359863281 
6.986114501953125 
6.858546257019043 
6.874296188354492 
5.642557144165039 
8.663665771484375 
6.53587007522583 
6.074420928955078 
6.605247497558594 
6.654821395874023 
8.074411392211914 
5.157496452331543 
4.430373668670654 
5.754322052001953 
7.7098612785339355 
6.776517868041992 
5.651334285736084 
4.961977958679199 
8.278698921203613 
6.701480865478516 
6.54193639755249 
7.09451961517334 
7.938977241516113 
6.769488334655762 
6.072553634643555 
5.849754810333252 
5.860837459564209 
8.186110496520996 
8.490117073059082 
10.01205062866211 
5.036574363708496 
8.288647651672363 
5.91243839263916 
6.470017433166504 
5.302297592163086 
4.914264678955078 
5.118849754333496 
6.114313125610352 
7.082956314086914 
5.963234901428223 
8.792960166931152 
6.618331432342529 
5.4880828857421875 
7.165467262268066 
6.508859157562256 
6.167898178100586 
7.595843315124512 
7.110538005828857 
7.53709602355957 
6.472938537597656 
6.221446990966797 
5.705717086791992 
6.837822437286377 
5.932367324829102 
7.039697647094727 
5.725884914398193 
5.3644490242004395 
5.173539638519287 
5.36873722076416 
4.97368049621582 
5.698640823364258 
5.286591529846191 
6.456891059875488 
5.403436183929443 
5.533360481262207 
6.641171932220459 
5.7160539627075195 
5.84022331237793 
5.928910732269287 
5.7299041748046875 
7.884840965270996 
7.969464302062988 
5.850419521331787 
5.12153434753418 
5.699721336364746 
7.131793975830078 
5.108968734741211 
7.655674457550049 
5.040737152099609 
4.184668064117432 
6.5615668296813965 
5.233327865600586 
6.933398246765137 
7.282353401184082 
7.093173980712891 
6.180253028869629 
5.200024604797363 
6.910526275634766 
6.519661903381348 
4.503162384033203 
5.340089797973633 
4.477513313293457 
4.898231506347656 
7.271162033081055 
6.319504737854004 
6.652210235595703 
5.434225082397461 
6.458451271057129 
5.392461776733398 
5.597516059875488 
5.874516487121582 
6.008679389953613 
6.84330940246582 
5.717889785766602 
5.410466194152832 
7.14574670791626 
5.420217514038086 
6.974282264709473 
5.166090488433838 
6.913344860076904 
6.129921913146973 
8.361014366149902 
6.490447044372559 
6.728713035583496 
6.573129653930664 
6.991402626037598 
5.533599376678467 
7.997505187988281 
6.755411148071289 
4.377444267272949 
7.574596881866455 
6.426729202270508 
4.634740829467773 
4.963479042053223 
6.544302463531494 
5.691333770751953 
5.60488224029541 
8.627311706542969 
6.647377014160156 
8.769932746887207 
5.675999641418457 
5.182894706726074 
5.211812973022461 
6.19228458404541 
4.907807350158691 
4.748928070068359 
4.3901567459106445 
5.104333877563477 
7.875308990478516 
7.4176106452941895 
5.828681468963623 
6.2187700271606445 
5.718743801116943 
6.426633834838867 
6.577808856964111 
6.354430198669434 
5.075868129730225 
4.792889595031738 
6.288890838623047 
5.605655670166016 
5.249924659729004 
6.642348289489746 
5.091516971588135 
6.365279197692871 
6.221024513244629 
6.46173620223999 
8.14203929901123 
6.462133407592773 
8.412493705749512 
4.502552509307861 
8.549798011779785 
5.059535503387451 
5.137336730957031 
7.523868083953857 
4.749886512756348 
5.986710548400879 
6.2240729331970215 
7.859619140625 
6.5718841552734375 
5.4805498123168945 
6.748044490814209 
5.929509162902832 
5.607038974761963 
5.419867515563965 
5.445168495178223 
6.691121578216553 
6.476799011230469 
6.543386459350586 
6.39981746673584 
5.789499759674072 
6.814779281616211 
5.352296829223633 
5.1066083908081055 
5.839102268218994 
8.752317428588867 
5.956606864929199 
5.999249458312988 
6.348538875579834 
8.550127983093262 
5.416193008422852 
4.514842510223389 
6.019164562225342 
8.07108211517334 
8.478747367858887 
6.5198259353637695 
6.865001201629639 
5.499166965484619 
6.019559860229492 
4.803253173828125 
4.764838695526123 
5.280132293701172 
4.852150917053223 
7.245016098022461 
5.48597526550293 
7.403897285461426 
6.4625983238220215 
6.552759170532227 
5.5982513427734375 
5.706396102905273 
6.091835975646973 
5.0542802810668945 
5.373329162597656 
7.2951860427856445 
5.851238250732422 
5.751099586486816 
5.583963871002197 
5.326340675354004 
4.980449676513672 
5.5526628494262695 
5.377662658691406 
7.140078544616699 
6.589207172393799 
6.095711708068848 
7.492640495300293 
6.460538864135742 
5.204613208770752 
4.676695346832275 
5.931042671203613 
4.980313777923584 
6.4744181632995605 
5.0557451248168945 
7.259405136108398 
4.568935871124268 
4.857206344604492 
4.604957103729248 
6.341127872467041 
5.7579345703125 
6.7869343757629395 
7.51943302154541 
4.570693016052246 
5.577274799346924 
5.813093185424805 
4.880706787109375 
6.821945667266846 
4.263186454772949 
6.174379348754883 
4.852997303009033 
6.8654632568359375 
7.497707366943359 
6.485404014587402 
6.379014015197754 
5.741507053375244 
6.704350471496582 
6.635769844055176 
5.191973686218262 
6.092780113220215 
7.724489212036133 
6.222394943237305 
6.759037494659424 
6.353432655334473 
7.633108139038086 
5.99351167678833 
7.88068962097168 
5.535272598266602 
7.879108905792236 
4.924343109130859 
5.978665351867676 
5.318995952606201 
6.234474182128906 
6.461702346801758 
5.659303665161133 
7.222410202026367 
4.927848815917969 
6.053986072540283 
6.514413833618164 
6.082040309906006 
5.184575080871582 
6.708982944488525 
8.180658340454102 
6.843723297119141 
5.34012508392334 
6.00092077255249 
6.114956855773926 
4.551983833312988 
8.718938827514648 
6.358953475952148 
6.429204940795898 
5.57473087310791 
5.578677177429199 
5.770477771759033 
6.533200740814209 
6.143740653991699 
6.585346221923828 
5.442226409912109 
6.163951873779297 
7.254392623901367 
6.429430961608887 
9.261114120483398 
5.389546871185303 
6.542046070098877 
7.213212013244629 
5.216469764709473 
7.924694061279297 
5.301730155944824 
5.798095226287842 
5.9652204513549805 
5.256560325622559 
5.5713653564453125 
6.249176025390625 
7.25007438659668 
5.553101539611816 
6.3017683029174805 
5.282736778259277 
7.537914276123047 
7.229394912719727 
7.062956809997559 
5.1366987228393555 
7.721904277801514 
6.447408199310303 
6.825997352600098 
7.742434501647949 
6.0074143409729 
6.695031642913818 
4.453622817993164 
5.407474040985107 
5.586716175079346 
6.466427803039551 
5.012973785400391 
5.488682270050049 
5.46661901473999 
8.925810813903809 
6.512803077697754 
8.077605247497559 
6.279994964599609 
6.973926544189453 
6.303473472595215 
6.618798732757568 
5.6862311363220215 
6.000802040100098 
6.642148494720459 
7.500529766082764 
5.865323543548584 
6.257587432861328 
5.213312149047852 
7.034013271331787 
6.169517517089844 
5.262463569641113 
5.605609893798828 
6.809084892272949 
5.172876834869385 
6.786420822143555 
5.245491981506348 
4.373717784881592 
8.484671592712402 
5.055402755737305 
4.153676509857178 
5.746862888336182 
5.504215717315674 
4.4327006340026855 
5.66771125793457 
5.646785736083984 
5.204054355621338 
7.8546857833862305 
6.081165313720703 
6.6356024742126465 
6.56025505065918 
8.243328094482422 
5.286658763885498 
6.385101318359375 
5.024213790893555 
6.46590518951416 
5.1295928955078125 
7.80645751953125 
6.402640342712402 
4.719928741455078 
4.960543632507324 
5.778969764709473 
7.293621063232422 
6.893533229827881 
4.874390602111816 
5.69094705581665 
5.049506187438965 
6.197649002075195 
4.886865139007568 
6.0949931144714355 
5.679756164550781 
6.600252151489258 
5.25108528137207 
6.157527923583984 
8.915096282958984 
5.904889106750488 
6.660758972167969 
7.850446701049805 
7.269162654876709 
6.845631122589111 
7.665126800537109 
4.8359527587890625 
4.765596389770508 
7.115067958831787 
10.715539932250977 
7.267870903015137 
7.039548397064209 
5.315217018127441 
5.932986736297607 
5.565208435058594 
4.608235836029053 
6.10582971572876 
6.2175679206848145 
8.036384582519531 
5.85947322845459 
5.944967746734619 
8.04884147644043 
6.4861907958984375 
6.434230804443359 
6.294306755065918 
5.090615749359131 
5.9258270263671875 
6.128889083862305 
5.3053483963012695 
5.8332929611206055 
6.32569694519043 
5.9527387619018555 
6.926959991455078 
5.535414218902588 
4.855697154998779 
6.034353256225586 
5.978052139282227 
5.715751647949219 
5.157901287078857 
4.973692893981934 
5.575516700744629 
6.4298858642578125 
5.769649982452393 
7.300126075744629 
4.90770959854126 
5.777132034301758 
5.157718658447266 
6.429307460784912 
6.14784574508667 
6.519312381744385 
5.154060363769531 
5.519372463226318 
4.798783779144287 
9.163516998291016 
4.311050891876221 
6.513857841491699 
5.474827766418457 
4.821378707885742 
7.085930824279785 
6.187000274658203 
6.711155891418457 
5.513895034790039 
4.812901496887207 
7.079244613647461 
5.1991987228393555 
4.664064407348633 
4.939664840698242 
4.916923999786377 
5.184164047241211 
5.817252159118652 
6.703796863555908 
4.539279937744141 
7.91227912902832 
5.745112895965576 
6.354713439941406 
6.376755714416504 
7.9003143310546875 
4.883934020996094 
7.789270401000977 
4.141878128051758 
7.159940719604492 
5.051063537597656 
4.892755508422852 
6.133179187774658 
6.9697113037109375 
4.540647029876709 
7.597236156463623 
6.513484001159668 
7.696412086486816 
6.771744728088379 
7.0739898681640625 
6.0210466384887695 
4.991447448730469 
7.47914457321167 
5.7500104904174805 
5.657176494598389 
6.04662561416626 
5.952733039855957 
5.522841453552246 
7.188952922821045 
5.098021984100342 
6.62876558303833 
8.241460800170898 
6.671089172363281 
6.889575004577637 
5.362795829772949 
6.026622295379639 
8.720727920532227 
5.287779808044434 
6.0853447914123535 
7.063602447509766 
5.378829002380371 
7.098010063171387 
6.152839183807373 
5.3060407638549805 
5.6757354736328125 
5.725176811218262 
5.355722904205322 
5.722529411315918 
4.50454044342041 
6.133945465087891 
7.20560359954834 
7.077526092529297 
7.624693870544434 
7.758492946624756 
6.163779258728027 
5.573158264160156 
7.177209854125977 
5.589045524597168 
6.859254837036133 
7.156153678894043 
8.215428352355957 
6.652963638305664 
7.013594627380371 
5.988455772399902 
6.879232406616211 
6.250855922698975 
5.023697853088379 
7.2355241775512695 
6.960437297821045 
4.682223796844482 
7.136693000793457 
6.04972505569458 
5.901082992553711 
5.103794097900391 
5.288961410522461 
4.710494041442871 
5.183725357055664 
7.403740406036377 
8.110250473022461 
5.654088020324707 
5.790353775024414 
7.896601676940918 
5.267263412475586 
6.539375305175781 
7.976174354553223 
6.803617477416992 
4.859903335571289 
6.287616729736328 
5.237475395202637 
7.8203020095825195 
6.0792694091796875 
6.191078186035156 
7.162992477416992 
5.8800458908081055 
4.940573215484619 
5.764084815979004 
6.495139122009277 
5.357588768005371 
7.955911636352539 
5.259234428405762 
4.694571018218994 
5.461674690246582 
7.3773088455200195 
6.6083173751831055 
8.855748176574707 
5.974553108215332 
5.541732311248779 
7.494901657104492 
5.011775970458984 
6.070263385772705 
6.927367210388184 
7.32472038269043 
4.774700164794922 
7.192141532897949 
11.364053726196289 
5.324434280395508 
8.319499969482422 
5.948781967163086 
5.331817626953125 
5.1794819831848145 
7.9023027420043945 
6.208026885986328 
7.588469505310059 
5.734219074249268 
6.610600471496582 
5.3958234786987305 
5.756361961364746 
7.175278186798096 
4.622085094451904 
6.961747646331787 
7.30172061920166 
4.990124702453613 
9.24128532409668 
5.9206390380859375 
4.876615047454834 
6.167279243469238 
5.785369873046875 
6.712820053100586 
8.541830062866211 
7.079113960266113 
5.270247459411621 
7.193939208984375 
4.615243434906006 
5.9598236083984375 
5.030294418334961 
5.384472846984863 
5.662088394165039 
5.607475280761719 
8.369261741638184 
5.772383689880371 
5.241832733154297 
5.034848213195801 
5.9736785888671875 
4.797130107879639 
7.119617462158203 
6.191407203674316 
5.251540184020996 
6.382706642150879 
6.292629241943359 
5.490910530090332 
8.443990707397461 
5.503464698791504 
5.384730339050293 
5.176175117492676 
7.454520225524902 
6.375464916229248 
4.955863952636719 
5.45579719543457 
7.456628799438477 
5.776122093200684 
7.67365837097168 
5.580766201019287 
6.820606231689453 
5.575292587280273 
7.522575378417969 
7.43898868560791 
8.749354362487793 
5.0976972579956055 
7.904383659362793 
5.107118129730225 
5.8693084716796875 
7.000485420227051 
6.390739440917969 
4.350003719329834 
6.8416032791137695 
6.636734485626221 
7.274832248687744 
5.929059982299805 
6.4883952140808105 
5.787332534790039 
5.3144025802612305 
7.836514472961426 
7.402963638305664 
5.669299125671387 
5.3438262939453125 
6.843006610870361 
7.220402240753174 
6.132969856262207 
7.12446403503418 
5.034633636474609 
5.594905376434326 
7.528789520263672 
5.600234031677246 
5.68699312210083 
7.388077735900879 
5.740760803222656 
5.456160545349121 
6.977472305297852 
6.0753068923950195 
7.622846603393555 
4.631106376647949 
7.6130242347717285 
5.495525360107422 
5.45479679107666 
5.691682815551758 
4.850688934326172 
5.204026222229004 
6.140210151672363 
6.58024787902832 
7.66986083984375 
6.714876651763916 
5.250576972961426 
7.394431114196777 
5.829261302947998 
6.546683311462402 
6.9647626876831055 
6.067142486572266 
7.430096626281738 
6.4076714515686035 
5.670562267303467 
5.644255638122559 
4.651996612548828 
4.2893452644348145 
5.248136520385742 
5.637271881103516 
6.686205863952637 
6.4486284255981445 
6.499281883239746 
7.597711086273193 
5.354193687438965 
5.743785381317139 
7.015300273895264 
5.996840476989746 
5.64578914642334 
6.35936164855957 
4.729452610015869 
5.963754653930664 
5.601836204528809 
5.977357864379883 
5.202594757080078 
5.7584333419799805 
5.683035373687744 
7.962996482849121 
5.531561851501465 
6.093902587890625 
7.5956621170043945 
6.536614418029785 
4.366313934326172 
5.743486404418945 
5.1997904777526855 
5.394243240356445 
7.794273376464844 
8.511312484741211 
5.373139381408691 
5.363306522369385 
4.7212934494018555 
8.082962036132812 
5.658929347991943 
4.5274200439453125 
8.057574272155762 
5.828022480010986 
5.295124530792236 
5.618279457092285 
5.431987762451172 
5.276326656341553 
6.369442462921143 
6.310559272766113 
6.383091926574707 
7.189486503601074 
5.987966060638428 
6.040090560913086 
5.455043792724609 
7.271498203277588 
4.805773735046387 
4.531713008880615 
7.666776180267334 
5.798976421356201 
6.673664093017578 
7.953056335449219 
5.468009948730469 
6.498527526855469 
7.164997100830078 
5.875950336456299 
6.518064498901367 
7.827549457550049 
5.862156867980957 
4.834888458251953 
7.662842750549316 
8.43327522277832 
5.47422456741333 
5.671726226806641 
4.699932098388672 
4.970427989959717 
6.666088104248047 
5.412411212921143 
6.0117292404174805 
7.542868137359619 
7.830794811248779 
4.799891471862793 
7.30465841293335 
7.673916816711426 
6.096285820007324 
6.660898208618164 
5.369630813598633 
5.495506286621094 
6.308119297027588 
5.149755001068115 
4.703219413757324 
6.007572174072266 
4.412248134613037 
5.275444984436035 
5.515705108642578 
4.988348960876465 
6.892252445220947 
4.7458295822143555 
6.300695419311523 
7.8764543533325195 
6.346798419952393 
5.576162815093994 
5.990100860595703 
5.760619640350342 
6.046588897705078 
5.409604549407959 
7.542776107788086 
5.70611047744751 
7.063521385192871 
4.924153804779053 
5.094735622406006 
6.656272888183594 
6.390021324157715 
5.638876438140869 
5.7028398513793945 
6.15446662902832 
6.373213291168213 
5.238480091094971 
6.139963626861572 
7.674674987792969 
5.430739879608154 
5.125231742858887 
4.177692413330078 
5.742049694061279 
8.057130813598633 
4.828213691711426 
9.269694328308105 
5.996841907501221 
6.717153072357178 
5.193158149719238 
8.14544677734375 
5.825627326965332 
6.978776931762695 
6.977863311767578 
7.450601577758789 
4.758955478668213 
4.567110061645508 
5.141829967498779 
6.1259989738464355 
6.040533065795898 
4.863040924072266 
6.145834922790527 
6.572955131530762 
6.448387145996094 
5.581803798675537 
4.41258430480957 
5.263762474060059 
5.628667831420898 
5.593865394592285 
5.174806594848633 
4.711223602294922 
5.021278381347656 
6.810110569000244 
5.46201229095459 
8.564566612243652 
7.656042098999023 
5.778167247772217 
6.90399169921875 
5.865708351135254 
4.299147605895996 
6.288426399230957 
5.918734550476074 
5.335701942443848 
6.101129531860352 
5.596524238586426 
5.896749973297119 
4.83871603012085 
7.728930950164795 
5.769564151763916 
7.38411808013916 
5.064653396606445 
6.975461959838867 
6.063999176025391 
5.352102279663086 
6.2372589111328125 
6.204021453857422 
5.784372329711914 
5.022789001464844 
5.342026233673096 
4.612742900848389 
5.494105339050293 
4.432440757751465 
6.122578144073486 
5.356204986572266 
6.494741439819336 
6.162653923034668 
5.081060886383057 
4.852766990661621 
8.041302680969238 
7.167097091674805 
4.827905178070068 
6.723472595214844 
5.246406555175781 
5.419888496398926 
6.340372562408447 
6.209120750427246 
5.147285461425781 
5.428410053253174 
6.507453918457031 
7.530370235443115 
5.640592575073242 
6.120627403259277 
8.670722961425781 
7.4134907722473145 
7.770503044128418 
7.740042686462402 
5.246516704559326 
5.540630340576172 
5.950879096984863 
6.28721809387207 
6.397151947021484 
7.725909233093262 
6.990625381469727 
5.910999298095703 
6.728649139404297 
5.677454948425293 
7.9506096839904785 
5.1652116775512695 
5.054433822631836 
8.183246612548828 
5.850382328033447 
6.091133117675781 
7.872846603393555 
9.44948959350586 
5.887211799621582 
7.908371925354004 
5.3480329513549805 
5.420645713806152 
5.063388824462891 
5.61051082611084 
6.040830612182617 
10.020940780639648 
8.882059097290039 
6.5364556312561035 
5.194363594055176 
8.034029960632324 
5.506494998931885 
7.763825416564941 
5.547540664672852 
6.28663444519043 
6.626461982727051 
8.426346778869629 
5.503661155700684 
6.824241638183594 
6.925758361816406 
6.505161285400391 
5.505074977874756 
5.332396507263184 
6.276817321777344 
5.856751441955566 
6.404022216796875 
7.566478729248047 
5.849273681640625 
7.32757568359375 
5.436910629272461 
6.03621768951416 
5.175537109375 
5.005136966705322 
5.199812889099121 
6.094357490539551 
6.81355094909668 
4.763920783996582 
5.991986274719238 
6.8322906494140625 
7.893969535827637 
7.5616655349731445 
5.346169471740723 
7.622889518737793 
5.4063496589660645 
6.159316062927246 
4.146993160247803 
5.862959861755371 
8.973249435424805 
6.752127170562744 
5.350720405578613 
6.419638156890869 
5.678166389465332 
4.858111381530762 
6.953715801239014 
7.166248798370361 
6.636342525482178 
4.894904613494873 
5.301645278930664 
4.697103023529053 
4.288657188415527 
6.882946014404297 
7.299185276031494 
5.60500955581665 
5.9710469245910645 
6.260745525360107 
9.628744125366211 
4.37059211730957 
6.002264022827148 
8.009042739868164 
6.5792083740234375 
6.977108955383301 
5.843842029571533 
8.216368675231934 
5.056074142456055 
6.136541366577148 
6.6350908279418945 
4.63217306137085 
7.971330165863037 
5.667838096618652 
5.844022750854492 
4.840045928955078 
6.4205427169799805 
6.0753173828125 
7.039656639099121 
7.416409969329834 
6.9763360023498535 
5.3896379470825195 
7.6236162185668945 
4.233747482299805 
6.28429651260376 
4.707431793212891 
4.371515274047852 
4.530065536499023 
8.447895050048828 
8.109535217285156 
5.955572605133057 
5.7319135665893555 
6.125933647155762 
7.003270626068115 
5.9081573486328125 
5.709790229797363 
6.244406700134277 
7.445186614990234 
5.526296615600586 
6.228748798370361 
6.024344444274902 
6.990490913391113 
6.9838056564331055 
5.514249324798584 
6.585637092590332 
8.649831771850586 
4.967861175537109 
6.241950035095215 
7.81093692779541 
5.910456657409668 
4.731291770935059 
7.209756851196289 
5.507798671722412 
5.599665641784668 
4.932825565338135 
6.716457366943359 
4.989402770996094 
6.618355751037598 
5.638876914978027 
5.707021713256836 
6.209810733795166 
6.419701099395752 
6.028961181640625 
6.967965126037598 
7.136111259460449 
5.682933330535889 
5.8948774337768555 
6.7317938804626465 
8.246780395507812 
5.614365577697754 
5.837017059326172 
5.30421257019043 
4.595827579498291 
5.984279632568359 
4.460021018981934 
6.990052223205566 
7.015959739685059 
5.422582626342773 
6.503199577331543 
5.945619583129883 
5.020925998687744 
6.744196891784668 
5.682755470275879 
7.836582183837891 
4.601246356964111 
6.816326141357422 
7.032535552978516 
6.003931045532227 
8.186147689819336 
5.401177406311035 
7.572585105895996 
5.553546905517578 
5.189072608947754 
5.924777030944824 
6.774810791015625 
4.528692245483398 
4.821415901184082 
6.191354274749756 
5.837706089019775 
5.748150825500488 
5.766395092010498 
4.960422992706299 
4.448483943939209 
4.996410369873047 
6.8270134925842285 
5.129236221313477 
9.307287216186523 
4.937599182128906 
7.780735015869141 
7.215075492858887 
5.652578353881836 
7.387688636779785 
6.585896015167236 
5.435389518737793 
6.523151397705078 
5.477307319641113 
5.394848823547363 
4.842494010925293 
6.99959659576416 
5.880603790283203 
6.249325752258301 
7.551976203918457 
4.554327487945557 
5.094451904296875 
5.7747344970703125 
7.646392822265625 
5.348918914794922 
8.381821632385254 
4.853201866149902 
5.464880466461182 
6.369675636291504 
5.51475191116333 
5.893507957458496 
5.279818534851074 
6.954420566558838 
6.198134422302246 
6.55026912689209 
5.8784379959106445 
8.262742042541504 
7.550498008728027 
8.687910079956055 
6.023665428161621 
6.154412269592285 
6.644579887390137 
6.373756408691406 
8.386716842651367 
5.9408769607543945 
5.504555702209473 
6.563138008117676 
5.57996940612793 
5.0333099365234375 
6.27714729309082 
5.301047325134277 
7.053729057312012 
6.626004219055176 
4.765605926513672 
6.460638999938965 
5.363061904907227 
6.110213279724121 
7.466493606567383 
7.070600509643555 
6.3419904708862305 
5.5947370529174805 
6.085980415344238 
6.332274436950684 
7.698878288269043 
5.1123151779174805 
6.293680191040039 
7.770592212677002 
5.242629051208496 
7.834653854370117 
4.958928108215332 
5.776889801025391 
5.170682430267334 
5.299956321716309 
5.292885780334473 
7.728315353393555 
5.378562927246094 
8.62533187866211 
5.601336479187012 
8.088705062866211 
6.532268524169922 
6.304746627807617 
8.347457885742188 
7.991549491882324 
6.368815898895264 
5.228985786437988 
5.304600715637207 
5.69911003112793 
6.763321876525879 
5.948603630065918 
4.951539039611816 
8.030713081359863 
6.98039436340332 
5.228475570678711 
6.517930507659912 
5.63027286529541 
5.406749725341797 
7.329812049865723 
6.329150676727295 
7.239719867706299 
5.642395973205566 
5.98213005065918 
6.377652168273926 
6.144656658172607 
5.065019607543945 
7.18243408203125 
5.354508876800537 
5.321286201477051 
5.638266563415527 
8.159296035766602 
6.929471969604492 
6.373153209686279 
5.8322343826293945 
7.181078910827637 
5.85013484954834 
6.624672889709473 
6.387809753417969 
6.612985134124756 
4.498255729675293 
7.44590425491333 
5.459023475646973 
6.586160659790039 
6.588656425476074 
5.216216087341309 
5.259461402893066 
5.115409851074219 
6.161323547363281 
6.664867401123047 
6.336503028869629 
5.756477355957031 
5.218103885650635 
5.17064094543457 
7.513394832611084 
5.467841625213623 
4.728557586669922 
5.998298168182373 
5.892494201660156 
5.406064987182617 
5.017132759094238 
4.9368462562561035 
4.785726547241211 
7.121590614318848 
6.4726152420043945 
6.900733947753906 
5.660022735595703 
5.504773139953613 
6.041084289550781 
6.375699996948242 
5.090031623840332 
6.446104049682617 
5.210207939147949 
5.949700355529785 
5.127743721008301 
7.058603286743164 
7.243407249450684 
5.725183486938477 
4.920489311218262 
6.011919975280762 
6.469143867492676 
6.913689613342285 
6.258061408996582 
5.799312591552734 
8.288546562194824 
5.2822394371032715 
6.294314384460449 
4.864798069000244 
5.963432312011719 
5.877403259277344 
7.013566970825195 
5.601753234863281 
4.925996780395508 
7.147622108459473 
5.516345977783203 
7.238143444061279 
5.162933349609375 
5.264767646789551 
9.220582962036133 
5.48214054107666 
5.649710655212402 
5.399725914001465 
6.645218849182129 
6.594184398651123 
7.430270195007324 
4.590601921081543 
4.949382305145264 
6.138328552246094 
7.447122573852539 
6.589732646942139 
6.456785202026367 
6.259685516357422 
5.76060152053833 
6.431941032409668 
5.853110313415527 
6.218475341796875 
6.419670104980469 
8.94255256652832 
6.251167297363281 
5.26650333404541 
5.773088455200195 
6.510285377502441 
6.989931106567383 
7.043205261230469 
5.526275634765625 
7.941465377807617 
5.035106658935547 
6.198578357696533 
5.731401443481445 
5.287496566772461 
6.34947395324707 
5.243838787078857 
5.904386520385742 
4.824293613433838 
5.510153770446777 
6.604946613311768 
6.833779335021973 
5.404577255249023 
6.412721633911133 
6.0420379638671875 
5.276340007781982 
6.180793762207031 
4.882061004638672 
6.697241306304932 
5.415656089782715 
5.876392364501953 
4.628084659576416 
6.201230525970459 
5.299551010131836 
6.258896350860596 
6.225619316101074 
6.439766883850098 
5.917199611663818 
5.86970329284668 
4.822941780090332 
5.547690391540527 
5.420807838439941 
5.5250396728515625 
4.761470794677734 
5.578746318817139 
6.993711471557617 
4.822333335876465 
6.357900619506836 
5.231490612030029 
6.047484397888184 
6.46182918548584 
7.49354887008667 
5.087408542633057 
6.583888053894043 
6.2996416091918945 
4.9093499183654785 
6.035295486450195 
5.0373005867004395 
6.679535865783691 
6.723354339599609 
6.946727752685547 
6.6066389083862305 
5.023643493652344 
4.209543704986572 
7.122801780700684 
6.662336349487305 
6.3975067138671875 
4.5677876472473145 
5.177027702331543 
8.843985557556152 
5.698227882385254 
5.629053592681885 
8.869695663452148 
6.143190383911133 
5.45883846282959 
5.990730285644531 
5.621390342712402 
8.563515663146973 
6.417936325073242 
7.856435775756836 
5.143553733825684 
6.28550910949707 
6.380570411682129 
5.812287330627441 
6.249482154846191 
5.650063514709473 
7.790731430053711 
6.2025146484375 
5.45509147644043 
5.212923049926758 
5.532132625579834 
6.940924644470215 
7.724574089050293 
5.203094482421875 
7.572782516479492 
6.3631696701049805 
9.344515800476074 
4.442811489105225 
5.88728141784668 
7.879934787750244 
8.545454025268555 
5.809185028076172 
7.883305549621582 
6.4382171630859375 
6.081300735473633 
6.9228596687316895 
6.881434440612793 
6.606876373291016 
5.842957496643066 
4.352571487426758 
6.086681842803955 
5.685795783996582 
4.880640506744385 
5.72629976272583 
5.860782623291016 
5.60698127746582 
5.429652214050293 
6.0790605545043945 
5.995347499847412 
5.751021385192871 
7.234071731567383 
6.6424102783203125 
7.413236618041992 
5.516667366027832 
8.026806831359863 
6.1368513107299805 
5.82332706451416 
6.221487045288086 
4.907349109649658 
5.778311729431152 
6.307643413543701 
9.088712692260742 
5.977749347686768 
5.102283000946045 
6.454729080200195 
5.096013069152832 
7.190026760101318 
6.946303367614746 
6.207088470458984 
6.09466552734375 
5.651365280151367 
5.751247406005859 
6.4235382080078125 
7.967921733856201 
6.461205005645752 
4.770905494689941 
5.554708957672119 
5.080952167510986 
6.66795015335083 
5.413112640380859 
7.9569196701049805 
4.578507900238037 
5.038002967834473 
5.670261383056641 
5.959781646728516 
7.649470329284668 
7.418980598449707 
6.636373996734619 
5.2388763427734375 
6.707679748535156 
5.275528907775879 
6.459409713745117 
5.797730922698975 
5.629844665527344 
4.715066432952881 
4.86276912689209 
4.610141754150391 
4.899238109588623 
5.514156341552734 
5.111126899719238 
7.0477142333984375 
5.070862770080566 
6.252801895141602 
5.933207035064697 
7.431207656860352 
7.251688003540039 
7.874625205993652 
6.565059185028076 
7.203563690185547 
5.998753547668457 
4.89933967590332 
6.490090370178223 
5.682175636291504 
5.697336196899414 
5.950703144073486 
7.170059680938721 
6.020257472991943 
5.913725852966309 
6.639441967010498 
6.686681747436523 
6.2316999435424805 
6.661341667175293 
6.4378557205200195 
5.782147407531738 
7.000152587890625 
6.7991204261779785 
5.880943298339844 
5.082101821899414 
6.103320598602295 
5.331664085388184 
5.626140117645264 
7.756557464599609 
5.48126220703125 
6.3181962966918945 
5.005129814147949 
5.691666603088379 
7.614150047302246 
9.280485153198242 
7.203632831573486 
5.9706621170043945 
9.007575988769531 
7.055035591125488 
5.525600433349609 
7.867790222167969 
7.270084381103516 
7.269948959350586 
5.776524066925049 
5.2560648918151855 
5.208927154541016 
5.107769012451172 
5.635787487030029 
5.1549601554870605 
7.606175422668457 
6.443955421447754 
6.086207389831543 
5.4250688552856445 
6.330010890960693 
5.601269245147705 
6.1402788162231445 
5.854518890380859 
7.074836730957031 
5.3377838134765625 
5.945767879486084 
6.332108497619629 
4.316830158233643 
4.638596057891846 
6.224760055541992 
7.265822887420654 
6.378396034240723 
5.839388847351074 
6.914304733276367 
6.795444011688232 
9.099613189697266 
8.809036254882812 
6.060975074768066 
7.73292350769043 
6.729931831359863 
6.744968414306641 
6.657708168029785 
6.7877655029296875 
7.302867889404297 
4.712011337280273 
4.551435470581055 
7.891513347625732 
5.00755500793457 
5.73507833480835 
6.925594806671143 
7.526381969451904 
5.995989799499512 
6.948171138763428 
4.9477386474609375 
6.2517194747924805 
4.525716304779053 
4.755685806274414 
7.0958075523376465 
6.791437149047852 
9.079885482788086 
4.517715930938721 
6.227377891540527 
6.9714813232421875 
4.838376045227051 
4.5479631423950195 
6.542150497436523 
4.158938407897949 
5.778431415557861 
5.211568832397461 
6.103058815002441 
5.272035598754883 
6.580380916595459 
6.150782585144043 
7.538806915283203 
5.897270202636719 
6.364760398864746 
5.463666915893555 
6.655078887939453 
6.426114082336426 
8.11983585357666 
6.340960502624512 
4.911001205444336 
6.9143524169921875 
8.970640182495117 
6.706891059875488 
5.402669906616211 
6.3363213539123535 
6.077888011932373 
5.752274990081787 
7.320099353790283 
10.513860702514648 
6.029197692871094 
7.279769420623779 
5.790374755859375 
6.189366340637207 
5.644890785217285 
6.404824256896973 
6.836277961730957 
5.590704917907715 
4.2343668937683105 
6.238524436950684 
6.409258842468262 
7.038447380065918 
5.038514137268066 
5.427914619445801 
5.263271331787109 
6.115480422973633 
5.946438789367676 
7.316841125488281 
5.520929336547852 
6.024656295776367 
6.815003395080566 
7.7503437995910645 
6.409679889678955 
5.684198379516602 
5.831769943237305 
5.959179401397705 
6.153757095336914 
6.017581939697266 
4.955498218536377 
5.87352180480957 
5.0228776931762695 
5.231184959411621 
5.451846122741699 
8.361194610595703 
5.322024345397949 
8.811861991882324 
6.633510589599609 
6.171704292297363 
4.620461463928223 
5.152956962585449 
6.8199310302734375 
6.107743263244629 
8.478589057922363 
7.436285495758057 
5.337644577026367 
7.452282905578613 
5.120108604431152 
8.554277420043945 
5.562034606933594 
5.417065143585205 
7.647833347320557 
4.730405807495117 
6.298327445983887 
8.356571197509766 
7.899693965911865 
5.552370071411133 
5.076163291931152 
5.1429877281188965 
5.317466735839844 
6.924437522888184 
7.489593505859375 
7.974903106689453 
9.110057830810547 
5.954228401184082 
6.003053665161133 
8.035077095031738 
4.709956169128418 
5.42568826675415 
8.337532997131348 
6.1146626472473145 
5.377429485321045 
4.919233798980713 
7.031818866729736 
8.4768705368042 
7.938007354736328 
6.262429714202881 
5.043078422546387 
5.928928375244141 
5.125251770019531 
5.813961982727051 
7.869200706481934 
5.857093811035156 
5.354182720184326 
6.003218173980713 
6.361943244934082 
6.708978652954102 
6.473336696624756 
5.237863540649414 
6.54484748840332 
4.801575660705566 
5.868736743927002 
6.138498783111572 
7.9366774559021 
6.296252250671387 
6.314618110656738 
7.379783630371094 
5.413186073303223 
6.190579414367676 
8.293155670166016 
4.512491226196289 
5.874431610107422 
5.74212646484375 
6.905587673187256 
5.29292106628418 
4.818482875823975 
6.990780353546143 
5.270747184753418 
6.4683051109313965 
5.544905662536621 
4.82759952545166 
7.06608772277832 
5.420525550842285 
6.1038665771484375 
6.271698951721191 
7.325100421905518 
4.972023963928223 
7.045374870300293 
5.315506935119629 
5.165924549102783 
6.039058685302734 
6.385515213012695 
5.609532833099365 
5.421987533569336 
5.263740539550781 
5.385484218597412 
4.723063945770264 
5.995875358581543 
4.442920207977295 
7.277649879455566 
6.448835372924805 
5.243119239807129 
7.2097649574279785 
6.447603225708008 
4.711647033691406 
6.61334228515625 
4.535080909729004 
4.8840227127075195 
5.180500030517578 
4.820836544036865 
5.842528343200684 
5.768345832824707 
5.497479438781738 
4.925230979919434 
5.96804141998291 
4.625144958496094 
5.695630073547363 
7.355789661407471 
5.812957763671875 
5.929069995880127 
4.766613960266113 
5.707113265991211 
7.162500381469727 
7.583136558532715 
6.020653247833252 
3.9135420322418213 
6.050817012786865 
5.76962947845459 
5.514059066772461 
5.8334856033325195 
7.301662445068359 
6.625119209289551 
5.552226543426514 
6.088753700256348 
5.2468767166137695 
7.250810146331787 
6.265256881713867 
6.654755592346191 
5.774284362792969 
5.975948333740234 
7.892350196838379 
6.275641441345215 
7.6716814041137695 
5.337284564971924 
5.722424507141113 
4.736721038818359 
5.720081329345703 
6.242871284484863 
6.4059038162231445 
6.288599967956543 
5.001793384552002 
5.283586025238037 
5.395275115966797 
8.307723999023438 
5.080076217651367 
5.5466156005859375 
5.4025068283081055 
6.946063995361328 
6.400192737579346 
7.018864631652832 
5.041710376739502 
5.907025337219238 
6.906641960144043 
5.325087547302246 
6.2256317138671875 
7.516545295715332 
4.542868137359619 
4.905755996704102 
6.619549751281738 
4.961285591125488 
4.833238124847412 
6.2325334548950195 
6.569638252258301 
4.6281208992004395 
4.61542272567749 
5.184974670410156 
5.013116359710693 
5.328680992126465 
5.715958118438721 
7.924342155456543 
5.5429229736328125 
5.498163223266602 
7.69490909576416 
7.194916725158691 
5.679244041442871 
7.654626846313477 
8.197428703308105 
4.8661789894104 
5.761454105377197 
6.267664909362793 
5.184540271759033 
6.14725923538208 
7.644210338592529 
6.47265625 
5.230606555938721 
6.295399188995361 
5.53794527053833 
5.691838264465332 
5.058590412139893 
5.552651405334473 
6.095064163208008 
7.7463884353637695 
6.153519630432129 
6.052246570587158 
5.410426139831543 
5.208315849304199 
6.153728485107422 
5.766145706176758 
5.925816535949707 
6.497867107391357 
5.255823612213135 
6.548276901245117 
5.2162251472473145 
5.357976913452148 
5.829958915710449 
6.895028591156006 
5.811949729919434 
6.1126556396484375 
6.767558574676514 
5.688875198364258 
7.3879194259643555 
6.619802474975586 
5.466464042663574 
5.533693313598633 
4.603639602661133 
5.729477405548096 
5.3071608543396 
8.090493202209473 
5.116183280944824 
5.7655134201049805 
6.030524253845215 
7.337130546569824 
5.653729438781738 
7.295297622680664 
4.778970241546631 
5.878650665283203 
5.098291397094727 
5.709329605102539 
6.645749092102051 
7.8805389404296875 
5.796317100524902 
5.252870559692383 
5.483456611633301 
7.528565406799316 
6.497720718383789 
5.29860782623291 
6.433192253112793 
6.506150722503662 
4.864053249359131 
5.841003894805908 
7.589812278747559 
5.654898166656494 
5.582363128662109 
6.665040016174316 
6.280360221862793 
5.572464942932129 
6.073453426361084 
7.695324897766113 
5.604224681854248 
7.401371002197266 
5.82935905456543 
7.277371406555176 
7.255395889282227 
5.474493503570557 
7.508206367492676 
6.467360496520996 
8.301962852478027 
4.608336448669434 
4.727395534515381 
4.43337345123291 
5.92003059387207 
5.659806251525879 
6.792281150817871 
6.323375225067139 
5.00278902053833 
5.8651275634765625 
5.609087944030762 
5.20635461807251 
6.200620174407959 
5.559969425201416 
7.033005237579346 
5.499533653259277 
7.677356719970703 
6.055458068847656 
6.908395767211914 
6.591437339782715 
4.973787784576416 
7.26669979095459 
5.63167667388916 
4.555530071258545 
6.521674156188965 
7.422144889831543 
5.549132347106934 
5.614033222198486 
5.148958206176758 
5.9343719482421875 
6.880871772766113 
7.328366279602051 
5.75963020324707 
7.337355613708496 
5.819362640380859 
8.831069946289062 
5.480902194976807 
6.135044097900391 
5.694173336029053 
7.715641975402832 
5.438533782958984 
7.533921241760254 
6.451657295227051 
7.385992050170898 
6.206538200378418 
6.989213466644287 
5.997697830200195 
6.323966026306152 
5.151340484619141 
7.890749931335449 
6.376943111419678 
5.9555511474609375 
6.664859771728516 
6.749429702758789 
6.265507698059082 
5.7575297355651855 
4.758915424346924 
7.264257431030273 
4.51040506362915 
5.946059226989746 
4.396810054779053 
5.5948991775512695 
5.851441860198975 
5.459639072418213 
5.778633117675781 
5.281053066253662 
5.394237041473389 
4.946447372436523 
4.511971950531006 
6.913983345031738 
6.402200698852539 
7.594747543334961 
7.118843078613281 
5.899389266967773 
5.407563209533691 
7.717189788818359 
6.260042190551758 
6.164297103881836 
5.887864112854004 
6.747304439544678 
5.270379066467285 
5.236907482147217 
5.541164398193359 
7.097665309906006 
6.470518112182617 
5.830415725708008 
4.728792667388916 
4.894376754760742 
5.449899673461914 
7.730523586273193 
6.976034164428711 
5.936910152435303 
5.595592021942139 
5.243697166442871 
4.891618251800537 
5.217845916748047 
5.81201171875 
5.262454032897949 
7.254368305206299 
6.399827003479004 
5.405057907104492 
6.276976108551025 
6.521320819854736 
8.023714065551758 
5.544912338256836 
6.738134384155273 
7.559452533721924 
6.517233371734619 
5.58087158203125 
6.749630928039551 
5.686724662780762 
4.435046672821045 
4.17512321472168 
6.23057222366333 
4.2151713371276855 
5.983938217163086 
5.376997947692871 
5.5737810134887695 
7.106761932373047 
4.623953819274902 
6.417043685913086 
6.924175262451172 
5.536625862121582 
4.903450012207031 
4.950885772705078 
5.718372344970703 
8.315191268920898 
6.819982051849365 
5.362744331359863 
6.309161186218262 
6.148698806762695 
5.898736000061035 
5.797245979309082 
8.04720401763916 
7.886025428771973 
7.430350303649902 
6.260006904602051 
6.605678081512451 
7.075329780578613 
6.812351226806641 
5.808720111846924 
5.914691925048828 
5.07534646987915 
5.475975036621094 
8.019936561584473 
6.370787620544434 
5.97731876373291 
5.718625068664551 
5.217196941375732 
6.013371467590332 
7.20899772644043 
6.79760217666626 
7.588594436645508 
5.647432327270508 
7.182210922241211 
5.953441619873047 
6.045025825500488 
5.551845550537109 
8.032535552978516 
6.197694778442383 
5.307431221008301 
6.413749694824219 
5.009750843048096 
5.264993667602539 
5.10843563079834 
4.488844394683838 
5.696620941162109 
7.730583190917969 
5.949845314025879 
5.592366695404053 
6.056049823760986 
7.720868110656738 
6.335291385650635 
5.0755767822265625 
5.762970447540283 
5.294083595275879 
5.294896125793457 
5.517245769500732 
6.193274021148682 
6.746614933013916 
8.936759948730469 
6.057710647583008 
5.96150541305542 
6.061195373535156 
8.533958435058594 
5.269213676452637 
5.498964309692383 
4.959751129150391 
7.181575298309326 
6.724459648132324 
6.159084320068359 
7.1375579833984375 
8.3056001663208 
6.033033847808838 
6.08419132232666 
5.215890884399414 
6.774579048156738 
5.5023908615112305 
5.40234375 
7.6998114585876465 
5.276959419250488 
6.055037498474121 
5.973877906799316 
5.734121322631836 
5.3862738609313965 
5.193097114562988 
4.818669319152832 
7.625851631164551 
6.419288635253906 
7.336380958557129 
5.923017978668213 
7.530505180358887 
5.886762619018555 
6.556973457336426 
6.082218170166016 
5.757150650024414 
6.216261386871338 
8.605719566345215 
7.041928291320801 
4.950488567352295 
6.25388240814209 
9.45281982421875 
5.575373649597168 
6.0070343017578125 
5.555985927581787 
4.861192226409912 
5.208154201507568 
5.57008171081543 
6.793272018432617 
5.365530490875244 
5.863969802856445 
4.9135870933532715 
6.2816925048828125 
6.5650787353515625 
7.123631000518799 
5.020511150360107 
6.113622665405273 
5.906721115112305 
5.128747463226318 
6.131999492645264 
6.188747406005859 
5.152735710144043 
6.140279769897461 
5.557981491088867 
5.959959983825684 
7.776932716369629 
4.4493489265441895 
5.870888710021973 
5.3182148933410645 
6.145387649536133 
5.703265190124512 
8.083053588867188 
5.594820022583008 
6.278519630432129 
5.32060432434082 
4.883975028991699 
5.165488243103027 
8.180535316467285 
5.343232154846191 
6.42788028717041 
5.416961193084717 
6.352888584136963 
4.544774055480957 
5.55313777923584 
6.336950778961182 
5.645266532897949 
6.0003252029418945 
6.316459655761719 
5.470884323120117 
8.420273780822754 
4.011601448059082 
6.136887550354004 
7.130299091339111 
6.911051273345947 
6.603389739990234 
6.06072998046875 
6.238950729370117 
5.258077621459961 
6.202480316162109 
6.477328300476074 
5.771598815917969 
8.91297435760498 
5.721611022949219 
8.028616905212402 
6.390803337097168 
9.966192245483398 
5.670499801635742 
5.626771926879883 
6.210190773010254 
5.623161315917969 
7.03769588470459 
5.722254753112793 
6.096005439758301 
6.461399555206299 
6.581664562225342 
8.431269645690918 
6.441581726074219 
6.607720375061035 
6.321237564086914 
5.367637634277344 
5.248517990112305 
5.3598103523254395 
4.772841453552246 
6.792720794677734 
5.022680282592773 
3.9513680934906006 
4.589967250823975 
5.607163429260254 
5.297476768493652 
7.1725640296936035 
6.050078868865967 
6.3768415451049805 
7.886083602905273 
5.942936420440674 
5.954859256744385 
4.890351295471191 
7.208131313323975 
5.194174766540527 
6.096061706542969 
6.754071235656738 
7.053448677062988 
6.286435604095459 
4.395007610321045 
5.7362775802612305 
7.117335319519043 
8.284886360168457 
6.629589557647705 
7.762341499328613 
6.004946708679199 
8.171524047851562 
6.134151458740234 
9.572137832641602 
5.513526916503906 
5.28028678894043 
7.095022201538086 
6.661417007446289 
5.40225076675415 
7.431118011474609 
5.668170928955078 
4.644180774688721 
6.217215538024902 
6.530037879943848 
5.54970645904541 
5.366415500640869 
5.762979507446289 
7.148495674133301 
5.76226282119751 
4.394406318664551 
5.189046382904053 
6.651716232299805 
6.7536163330078125 
8.357806205749512 
5.35709810256958 
5.696239471435547 
8.80410099029541 
6.420046329498291 
5.467694282531738 
5.712057590484619 
4.8127875328063965 
5.424283027648926 
6.1369123458862305 
6.567354202270508 
5.392425537109375 
5.011730194091797 
5.406439781188965 
7.420100688934326 
6.547738075256348 
5.52965784072876 
6.960355758666992 
4.800502300262451 
5.05881404876709 
5.502966403961182 
7.939027309417725 
5.624785423278809 
6.8885345458984375 
7.866846561431885 
5.378337860107422 
6.9197845458984375 
5.146147727966309 
5.427212238311768 
7.685258865356445 
5.183023929595947 
7.121054649353027 
8.267762184143066 
5.593627452850342 
7.946807861328125 
7.389561176300049 
7.545149803161621 
5.547735214233398 
6.9288105964660645 
5.004500865936279 
8.133684158325195 
5.592056751251221 
6.218791961669922 
8.816675186157227 
5.060952186584473 
6.000675201416016 
6.456343650817871 
6.786523342132568 
4.793199062347412 
5.067727088928223 
4.783327102661133 
5.679773330688477 
6.101099014282227 
7.2318115234375 
7.137813568115234 
5.011982440948486 
5.520933151245117 
9.254892349243164 
6.406289577484131 
7.539580821990967 
4.833701133728027 
5.475802898406982 
7.280147552490234 
5.705085277557373 
6.386135101318359 
7.504461765289307 
6.446385860443115 
5.462175369262695 
7.676015377044678 
5.810544967651367 
6.031530380249023 
5.844845771789551 
5.994806289672852 
5.737651348114014 
6.505727291107178 
4.477843284606934 
4.749945640563965 
6.445828437805176 
5.242906093597412 
7.046552658081055 
7.353210926055908 
5.870613098144531 
6.226070880889893 
6.659924507141113 
5.683135032653809 
5.922100067138672 
7.141479015350342 
4.793749809265137 
4.918095588684082 
5.0444440841674805 
8.018662452697754 
6.102207660675049 
5.580362319946289 
6.327399253845215 
7.835812568664551 
5.710505485534668 
6.4416913986206055 
4.536768436431885 
5.802221775054932 
5.96597957611084 
5.133148670196533 
8.177709579467773 
5.9895734786987305 
5.244324684143066 
9.594653129577637 
4.751981735229492 
7.9930572509765625 
4.892842769622803 
5.836470603942871 
5.382678985595703 
7.518441200256348 
7.02607536315918 
5.684107780456543 
4.722820281982422 
8.021778106689453 
6.720048427581787 
5.790557384490967 
7.1418538093566895 
7.057064056396484 
6.328508377075195 
5.431921482086182 
5.333874702453613 
5.589285850524902 
5.784802436828613 
5.282793998718262 
6.278775691986084 
6.892343997955322 
6.8548054695129395 
4.823921203613281 
5.172771453857422 
4.925341606140137 
6.168826580047607 
6.868002891540527 
5.325394630432129 
6.241787433624268 
5.986166000366211 
6.607889175415039 
5.650917053222656 
4.43450927734375 
5.772530555725098 
7.016677379608154 
9.844669342041016 
7.626951217651367 
5.831933975219727 
6.988032341003418 
5.219976425170898 
6.330254554748535 
5.039275169372559 
4.725140571594238 
6.452488422393799 
5.660428524017334 
6.11627721786499 
7.17401123046875 
5.973724365234375 
8.190449714660645 
4.5686821937561035 
4.834859848022461 
6.335839748382568 
7.531308650970459 
6.612189292907715 
5.081605911254883 
9.408620834350586 
5.687195777893066 
6.124292850494385 
6.159020900726318 
8.085041046142578 
5.444690227508545 
5.271568775177002 
4.647744178771973 
5.87127685546875 
5.164205551147461 
7.19880485534668 
5.028528213500977 
6.266195774078369 
5.467704772949219 
6.458702087402344 
6.026171684265137 
6.207806587219238 
5.731169700622559 
5.623661994934082 
4.928457736968994 
5.939983367919922 
5.967765808105469 
6.422116756439209 
5.274513244628906 
8.068781852722168 
5.680794715881348 
5.1777825355529785 
7.8750505447387695 
7.674555778503418 
6.704463958740234 
6.197828769683838 
7.898782730102539 
5.16183614730835 
6.374520778656006 
6.796555519104004 
4.932792663574219 
4.558014392852783 
4.535089015960693 
4.979903221130371 
6.125823974609375 
7.156742095947266 
7.393104076385498 
5.8859639167785645 
7.063167572021484 
7.43989372253418 
7.770602226257324 
5.9471330642700195 
6.019473075866699 
5.49418306350708 
7.473834037780762 
5.627588748931885 
6.0049285888671875 
7.180489540100098 
6.072018623352051 
4.584412574768066 
7.182459831237793 
5.103601455688477 
5.8740129470825195 
5.0786333084106445 
7.558500289916992 
6.497377872467041 
6.759740829467773 
7.363604545593262 
6.934267044067383 
8.590328216552734 
7.206319808959961 
5.283019065856934 
6.828372955322266 
6.5131731033325195 
5.716208457946777 
6.142609596252441 
6.339933395385742 
5.7096123695373535 
5.0699567794799805 
6.22904109954834 
5.398958206176758 
5.727183818817139 
5.960718154907227 
5.227714538574219 
7.501981735229492 
6.191814422607422 
7.382797718048096 
5.418692111968994 
7.822098731994629 
6.188405990600586 
5.952710151672363 
5.520298957824707 
6.63554048538208 
4.67979621887207 
7.567037105560303 
6.679394245147705 
7.183578968048096 
5.490946292877197 
6.535945892333984 
6.389533519744873 
7.753467559814453 
4.917113304138184 
6.703298568725586 
7.203302383422852 
6.114462852478027 
7.178436279296875 
5.43215274810791 
5.33150577545166 
5.474465370178223 
7.8375701904296875 
6.42547607421875 
8.025232315063477 
5.548841953277588 
5.691187381744385 
4.913576126098633 
6.576923847198486 
6.435377597808838 
7.472574710845947 
5.996086120605469 
5.703497886657715 
7.852110385894775 
7.302412033081055 
7.25318717956543 
6.864002227783203 
6.330639362335205 
7.676651954650879 
5.561169147491455 
8.078678131103516 
6.089969635009766 
4.172298908233643 
8.503778457641602 
6.090428829193115 
7.126283645629883 
5.911599159240723 
4.988727569580078 
5.834090709686279 
7.75284481048584 
5.288416862487793 
4.462209701538086 
5.430102348327637 
8.834393501281738 
5.531833171844482 
6.320124626159668 
6.236196041107178 
5.760517597198486 
5.132099151611328 
5.460501670837402 
4.682849884033203 
6.234115123748779 
4.649324417114258 
6.670288562774658 
4.508505821228027 
6.737205505371094 
4.45924711227417 
6.044032096862793 
5.651357650756836 
7.477325439453125 
7.63179349899292 
6.533064842224121 
5.83416748046875 
7.024484634399414 
5.805540084838867 
6.72373628616333 
5.683632850646973 
6.782086372375488 
6.520673751831055 
7.015649318695068 
5.703660011291504 
5.1672258377075195 
5.6897687911987305 
6.719944000244141 
5.392786026000977 
5.754993438720703 
4.849515914916992 
5.855825901031494 
7.301120758056641 
4.941051483154297 
6.0282392501831055 
6.831781387329102 
6.216960906982422 
7.9103193283081055 
5.295770645141602 
5.193634986877441 
6.029599666595459 
4.6950860023498535 
4.15062141418457 
8.347480773925781 
5.419411659240723 
7.798217296600342 
6.5223388671875 
5.431845664978027 
7.6373820304870605 
5.298944473266602 
6.9795026779174805 
4.728835582733154 
7.719979286193848 
5.0297393798828125 
5.5296430587768555 
4.6865739822387695 
4.717594146728516 
5.62833833694458 
5.10084342956543 
7.324743270874023 
5.578800201416016 
5.593841552734375 
6.903090000152588 
5.972919464111328 
5.694100379943848 
5.892143249511719 
5.654077529907227 
7.747780799865723 
6.3419389724731445 
5.058842658996582 
8.449736595153809 
6.300394058227539 
5.0281171798706055 
6.311288833618164 
4.72682523727417 
4.683785438537598 
4.99479866027832 
6.855195999145508 
4.414865016937256 
5.9795823097229 
5.682825088500977 
4.533837795257568 
5.758112907409668 
6.765971660614014 
5.701294898986816 
7.643102645874023 
5.595102787017822 
5.567456245422363 
4.873591423034668 
5.258725166320801 
5.350924491882324 
8.080208778381348 
4.810267448425293 
5.992016315460205 
5.784505844116211 
7.257507801055908 
6.158928871154785 
5.150697708129883 
7.412317276000977 
6.952618598937988 
7.0837202072143555 
5.0558977127075195 
5.703775405883789 
5.493412017822266 
7.084819793701172 
7.391477108001709 
6.205960273742676 
7.7551116943359375 
6.1046462059021 
5.824848175048828 
5.5826945304870605 
7.645776748657227 
5.680455207824707 
6.286194801330566 
6.784250736236572 
5.9216437339782715 
5.5326385498046875 
5.7243852615356445 
4.3012614250183105 
7.310876369476318 
6.2074360847473145 
7.68149471282959 
4.863811492919922 
5.924213409423828 
6.327018737792969 
5.332609176635742 
7.388639450073242 
5.733663558959961 
7.261057376861572 
5.196536540985107 
4.718129634857178 
5.462183952331543 
8.892979621887207 
5.338509559631348 
8.528984069824219 
5.112545967102051 
5.962111473083496 
6.014472961425781 
7.914945125579834 
5.597720146179199 
6.956581115722656 
5.669455528259277 
5.385601997375488 
5.192437648773193 
5.328573703765869 
6.056852340698242 
7.263979911804199 
7.270883560180664 
7.139410972595215 
4.904622554779053 
5.09490442276001 
5.819687843322754 
5.595486640930176 
5.220996379852295 
6.3601884841918945 
5.9656782150268555 
5.3007354736328125 
4.640035152435303 
5.169159889221191 
7.034662246704102 
5.734199523925781 
4.811908721923828 
4.316307544708252 
9.186101913452148 
5.3390302658081055 
6.2675347328186035 
5.064680576324463 
5.28288459777832 
5.3733320236206055 
5.546570301055908 
6.560213565826416 
5.2608537673950195 
5.594106674194336 
5.177657127380371 
4.888462066650391 
5.849656105041504 
5.4575395584106445 
5.74183464050293 
7.136417388916016 
5.310297012329102 
5.7991108894348145 
5.921631813049316 
7.070644378662109 
5.563528060913086 
4.780051231384277 
5.480167388916016 
5.396726608276367 
9.263388633728027 
4.507777214050293 
4.549249649047852 
6.434389114379883 
6.056304931640625 
7.442623138427734 
6.370583534240723 
5.342068672180176 
6.36212158203125 
5.05781364440918 
5.788491249084473 
6.827997207641602 
5.335031986236572 
4.868252754211426 
7.371521949768066 
5.730552673339844 
8.856857299804688 
5.321066856384277 
6.779345512390137 
6.317470073699951 
8.747239112854004 
4.848447799682617 
6.979129314422607 
7.060192108154297 
8.778199195861816 
5.574332237243652 
5.258848190307617 
6.9259233474731445 
5.374133110046387 
5.317822456359863 
5.9686279296875 
6.764288425445557 
5.611425399780273 
7.6236701011657715 
5.741321563720703 
6.828440189361572 
6.943268299102783 
5.880653381347656 
5.097296714782715 
5.787230968475342 
4.399526119232178 
4.931398391723633 
6.15977668762207 
6.872231960296631 
8.019381523132324 
4.314087867736816 
4.782042503356934 
6.240118980407715 
4.670588493347168 
4.689788341522217 
4.852034568786621 
6.868192672729492 
7.258817672729492 
9.517133712768555 
4.830799102783203 
5.193559646606445 
5.451181411743164 
6.767533302307129 
7.285131454467773 
5.213233947753906 
7.923465728759766 
5.4399871826171875 
7.730644226074219 
5.269905090332031 
5.7303972244262695 
5.740914344787598 
7.071462154388428 
5.348959445953369 
5.674134254455566 
6.409187316894531 
7.4712066650390625 
6.325954437255859 
5.6715989112854 
4.47138786315918 
6.690134525299072 
6.969464302062988 
7.24147891998291 
5.653942108154297 
6.863489151000977 
8.340897560119629 
5.2682647705078125 
4.8914642333984375 
5.838106155395508 
5.649001121520996 
7.31210470199585 
8.111699104309082 
5.787881851196289 
5.377039432525635 
6.2074995040893555 
5.294901371002197 
6.274778842926025 
5.225426197052002 
5.472400665283203 
5.506035804748535 
5.896215438842773 
8.094929695129395 
4.943367004394531 
4.58258056640625 
4.952362060546875 
5.158714771270752 
7.439074516296387 
6.409969806671143 
7.17143440246582 
5.366456985473633 
4.7515411376953125 
6.316858291625977 
5.295406341552734 
5.766994953155518 
5.460573196411133 
8.416824340820312 
6.109857082366943 
5.442335605621338 
6.2103962898254395 
5.654362678527832 
4.604248046875 
7.82774543762207 
5.912685394287109 
5.663738250732422 
6.38254976272583 
6.002836227416992 
5.657696723937988 
5.862523078918457 
6.162586212158203 
5.613636016845703 
6.391571521759033 
6.222391128540039 
7.855935573577881 
5.802611351013184 
5.677689552307129 
8.020126342773438 
7.88823938369751 
7.758028030395508 
5.891478538513184 
5.87644100189209 
6.236043453216553 
4.705164432525635 
5.638065814971924 
5.266236782073975 
6.242264747619629 
6.038101673126221 
5.567739486694336 
6.820770740509033 
5.293064594268799 
5.286073207855225 
5.443758487701416 
7.5359601974487305 
5.3208818435668945 
5.251487731933594 
4.973199367523193 
4.846274375915527 
6.851266860961914 
6.058027744293213 
6.399280548095703 
7.131799697875977 
5.635382652282715 
9.323352813720703 
7.450255393981934 
4.5646562576293945 
5.416022777557373 
4.882651329040527 
5.847236156463623 
5.37996244430542 
7.5642900466918945 
5.334469795227051 
4.442785263061523 
7.59423828125 
6.854333877563477 
5.6392412185668945 
4.485898971557617 
6.56760311126709 
5.7248735427856445 
6.068929672241211 
7.385532379150391 
7.539577484130859 
5.792234897613525 
6.244447708129883 
5.655965805053711 
6.840329647064209 
4.999200820922852 
5.703376770019531 
5.745790004730225 
5.941669940948486 
6.444270133972168 
6.012114524841309 
6.484418869018555 
7.3932390213012695 
5.124571800231934 
6.255300521850586 
5.036808967590332 
6.379127025604248 
6.227865219116211 
8.32093620300293 
5.478856086730957 
6.801008224487305 
6.982089519500732 
5.311131000518799 
3.5089151859283447 
4.293970584869385 
5.480390548706055 
4.2358598709106445 
7.437270164489746 
5.462717056274414 
7.923515319824219 
8.086366653442383 
8.673921585083008 
5.202798366546631 
5.893904209136963 
5.408316612243652 
5.072473526000977 
5.472485542297363 
7.806181907653809 
4.886734962463379 
6.094437599182129 
6.347522735595703 
6.9953484535217285 
5.046282768249512 
8.740178108215332 
5.312577247619629 
7.2556352615356445 
4.880833148956299 
5.262221336364746 
7.081993103027344 
4.599261283874512 
8.430500984191895 
5.287990570068359 
7.444161415100098 
4.407901287078857 
5.595616340637207 
7.8694963455200195 
8.83082389831543 
5.1763458251953125 
7.694347381591797 
6.440485954284668 
6.858627796173096 
6.271699905395508 
5.101058006286621 
6.133641242980957 
8.066221237182617 
5.655429840087891 
8.912171363830566 
5.802639007568359 
7.077115058898926 
6.9149627685546875 
5.7644782066345215 
6.627935409545898 
5.813525199890137 
6.894439697265625 
5.8074822425842285 
5.309422492980957 
5.493030548095703 
5.782093048095703 
4.51351261138916 
6.080502510070801 
6.600909233093262 
5.321768760681152 
5.615711688995361 
5.34965181350708 
4.737739562988281 
6.556663513183594 
5.359663009643555 
5.9687418937683105 
6.268161773681641 
4.987913131713867 
6.735370635986328 
5.272744178771973 
7.224882125854492 
7.150327682495117 
5.589035987854004 
6.103571891784668 
5.159507751464844 
7.007915496826172 
5.705888748168945 
6.322088718414307 
6.023433208465576 
8.135591506958008 
6.350570201873779 
6.68898868560791 
6.179892063140869 
7.356566905975342 
4.53116512298584 
6.476397514343262 
6.12071418762207 
4.93094539642334 
6.969527244567871 
8.120208740234375 
6.352081298828125 
6.233388900756836 
5.885514736175537 
6.608060836791992 
4.938808441162109 
7.8571038246154785 
5.6341423988342285 
8.05803394317627 
7.210673809051514 
4.409300804138184 
5.442873954772949 
6.659930229187012 
5.440949440002441 
4.7896575927734375 
5.34575891494751 
5.059826850891113 
8.304832458496094 
6.142515182495117 
5.912136554718018 
5.22873592376709 
6.092881202697754 
4.746991157531738 
5.284328460693359 
5.853348255157471 
5.364715576171875 
4.483414173126221 
6.784595012664795 
6.303490161895752 
5.725037574768066 
4.561977863311768 
6.882293701171875 
6.457876205444336 
6.035705089569092 
5.632829189300537 
7.004649639129639 
4.625215530395508 
7.257498741149902 
6.532375812530518 
4.984734535217285 
5.878178596496582 
5.290973663330078 
4.3871283531188965 
7.477845191955566 
6.6476006507873535 
7.245728969573975 
7.921564102172852 
5.544208526611328 
4.016231536865234 
4.844405174255371 
5.479276657104492 
7.820119857788086 
6.68113899230957 
3.961759328842163 
5.154632091522217 
6.307906627655029 
5.468303203582764 
4.931260108947754 
7.916552543640137 
4.645337104797363 
7.268157958984375 
5.811317443847656 
5.622585296630859 
6.495894432067871 
5.912616729736328 
6.167206764221191 
4.57428503036499 
6.56207799911499 
6.66702938079834 
5.3777008056640625 
5.750775337219238 
4.8848114013671875 
6.082973957061768 
8.562179565429688 
5.133119583129883 
6.339434623718262 
5.002048492431641 
4.9532318115234375 
6.555248737335205 
9.364255905151367 
5.8222856521606445 
6.625192642211914 
6.612391471862793 
6.635846138000488 
7.685732841491699 
5.255073547363281 
5.563931941986084 
6.298198699951172 
4.956046104431152 
6.245481491088867 
5.338923454284668 
7.076786994934082 
6.212906837463379 
6.749126434326172 
6.418037414550781 
6.661375045776367 
7.373165130615234 
6.236244201660156 
4.842580318450928 
7.4691667556762695 
5.233170509338379 
5.828454971313477 
5.918424606323242 
5.567462921142578 
5.7279558181762695 
5.589592933654785 
4.75322961807251 
5.315285682678223 
5.081820487976074 
5.237178802490234 
5.388075351715088 
5.1297760009765625 
6.403401851654053 
6.286138534545898 
5.933099269866943 
5.469143867492676 
6.159807205200195 
4.93820333480835 
7.1995134353637695 
5.363166809082031 
5.613578796386719 
6.122774600982666 
5.917522430419922 
4.539443492889404 
9.36298942565918 
5.2553863525390625 
5.107179641723633 
7.084810733795166 
6.107237815856934 
6.04068660736084 
4.496756553649902 
7.253381729125977 
6.862028121948242 
6.386537551879883 
5.3156328201293945 
8.54648494720459 
6.707167148590088 
5.888622283935547 
5.818574905395508 
6.176852703094482 
5.690072059631348 
7.420826435089111 
5.828293800354004 
5.443933486938477 
5.577273368835449 
5.672451019287109 
5.640371322631836 
9.510063171386719 
8.007512092590332 
4.853314399719238 
5.272285461425781 
4.8917951583862305 
8.086567878723145 
6.211575031280518 
5.387051582336426 
7.957752227783203 
6.103243827819824 
6.060266971588135 
6.556689262390137 
5.702888488769531 
5.6455159187316895 
5.490720748901367 
4.645315170288086 
6.220335960388184 
6.301626205444336 
6.97323751449585 
6.653554916381836 
8.568227767944336 
7.378028869628906 
5.388206481933594 
6.525565147399902 
7.725691795349121 
7.018728256225586 
6.462607383728027 
5.001891136169434 
7.291712284088135 
5.619940280914307 
7.150983810424805 
7.166353225708008 
