5.832347869873047 
7.352358818054199 
9.526912689208984 
6.636740684509277 
7.501737594604492 
7.661495208740234 
7.919715881347656 
5.805290699005127 
6.696717262268066 
8.473511695861816 
7.795066833496094 
8.244422912597656 
6.6833086013793945 
9.526022911071777 
6.428077697753906 
5.666264057159424 
6.819793224334717 
7.186054229736328 
6.377913951873779 
6.827175140380859 
5.686010360717773 
4.932054042816162 
6.3564653396606445 
6.4498610496521 
5.412731170654297 
7.321354389190674 
8.101652145385742 
5.879319190979004 
6.740499973297119 
7.399054527282715 
5.63136100769043 
6.898863315582275 
6.627335548400879 
6.344850540161133 
6.018338203430176 
6.912810802459717 
8.327032089233398 
5.980334281921387 
5.814633846282959 
8.097728729248047 
6.330782413482666 
5.033261299133301 
7.055978298187256 
6.756918907165527 
6.021710395812988 
5.955958366394043 
4.769615173339844 
6.8213300704956055 
6.9830322265625 
5.512703895568848 
6.388160228729248 
6.424689292907715 
8.718318939208984 
7.366089820861816 
6.560487747192383 
5.8879289627075195 
9.516327857971191 
5.845464706420898 
4.851162910461426 
8.127639770507812 
7.9569172859191895 
8.238104820251465 
8.471802711486816 
5.942638874053955 
8.236066818237305 
8.084510803222656 
6.131117820739746 
7.3413825035095215 
5.368854522705078 
8.076998710632324 
6.395213603973389 
6.866501808166504 
7.7051286697387695 
6.9715728759765625 
6.480177879333496 
5.553831577301025 
8.152426719665527 
7.725649833679199 
8.71108341217041 
6.6464338302612305 
6.633061408996582 
5.50257682800293 
6.4734601974487305 
6.794777870178223 
6.5972700119018555 
8.375014305114746 
8.015116691589355 
6.788277626037598 
6.609283924102783 
5.270893096923828 
6.925437927246094 
5.39599609375 
6.042352676391602 
5.641141891479492 
5.892549991607666 
8.865226745605469 
6.656989574432373 
6.891243934631348 
6.617578506469727 
7.771819114685059 
8.048644065856934 
5.993541240692139 
5.953608512878418 
7.655926704406738 
8.894245147705078 
7.05000114440918 
8.389111518859863 
8.229255676269531 
6.779294490814209 
8.188295364379883 
6.496158123016357 
6.023756980895996 
4.639182090759277 
6.374666213989258 
7.564454078674316 
7.304409980773926 
5.862753868103027 
6.275171279907227 
4.761476516723633 
7.033322334289551 
8.048280715942383 
5.748695373535156 
6.069699287414551 
5.909524440765381 
6.584065914154053 
6.5506696701049805 
5.787147521972656 
7.028041839599609 
7.232578277587891 
6.145605564117432 
5.170582294464111 
6.933777809143066 
5.374588966369629 
5.425302505493164 
7.228015899658203 
5.914726257324219 
5.799685955047607 
8.23791217803955 
5.748875617980957 
6.398808002471924 
6.459772109985352 
5.204594612121582 
4.648146629333496 
5.988380432128906 
6.878205299377441 
6.167015552520752 
8.127540588378906 
5.814286231994629 
6.774335861206055 
6.073915004730225 
6.04193115234375 
6.982540130615234 
6.91628885269165 
7.559528350830078 
5.5652570724487305 
5.534573554992676 
6.418693542480469 
7.756674766540527 
6.773447036743164 
9.83650016784668 
6.9715046882629395 
7.923371315002441 
5.438738822937012 
5.909415245056152 
7.0826849937438965 
7.454541206359863 
6.759187698364258 
6.4539690017700195 
5.9647393226623535 
7.346128463745117 
6.206737995147705 
4.929769515991211 
6.909300804138184 
7.949216842651367 
7.325910568237305 
6.048349857330322 
5.516741752624512 
6.554835319519043 
6.081725120544434 
6.514858245849609 
5.196834087371826 
6.3382487297058105 
5.480426788330078 
5.550209999084473 
6.37389612197876 
7.59175968170166 
7.495611190795898 
5.841736793518066 
6.21272611618042 
4.725041389465332 
6.050507545471191 
6.721907615661621 
7.566816806793213 
5.850194931030273 
5.525697231292725 
6.520989418029785 
6.796696186065674 
6.401861667633057 
8.16645622253418 
6.379593372344971 
5.777050971984863 
6.058818817138672 
6.903221607208252 
6.232547283172607 
7.775938987731934 
7.773778438568115 
6.894255638122559 
7.215683937072754 
7.366265296936035 
5.840216636657715 
6.631056308746338 
7.256781578063965 
5.762110233306885 
5.930465221405029 
6.897814750671387 
5.895804405212402 
7.163959503173828 
7.0871477127075195 
7.025130271911621 
5.871490478515625 
6.369204521179199 
8.25721549987793 
6.310577869415283 
6.600846767425537 
5.5688934326171875 
7.179841041564941 
6.78599214553833 
8.666406631469727 
5.68325138092041 
6.697929859161377 
5.895455360412598 
5.914681434631348 
6.008434295654297 
5.818906784057617 
5.280162811279297 
6.325933456420898 
5.847789764404297 
5.887660026550293 
5.703938961029053 
7.181222438812256 
5.936872482299805 
6.34324836730957 
6.12265682220459 
5.233904838562012 
8.411051750183105 
7.688232421875 
7.087685585021973 
6.574471473693848 
6.209869861602783 
7.133168697357178 
5.521466255187988 
6.031293869018555 
6.452143669128418 
6.100846767425537 
5.86915397644043 
6.159293174743652 
5.444929122924805 
5.44414758682251 
7.336907863616943 
7.354653835296631 
7.041264533996582 
6.763979911804199 
6.162739276885986 
6.692187309265137 
6.710182189941406 
9.164236068725586 
6.407674789428711 
9.307193756103516 
4.7786359786987305 
8.290428161621094 
5.809234619140625 
6.512363433837891 
6.548506736755371 
5.591176986694336 
5.800310134887695 
7.317326068878174 
7.175117492675781 
5.425632953643799 
7.40875768661499 
6.644858360290527 
6.594676494598389 
6.325375556945801 
5.706773281097412 
4.841489791870117 
7.043203353881836 
5.0795416831970215 
8.612436294555664 
7.131534576416016 
6.259779930114746 
6.61062479019165 
6.359340667724609 
6.633663177490234 
7.917738914489746 
6.238781452178955 
6.797568321228027 
5.7086052894592285 
9.45095443725586 
4.642951011657715 
5.500664234161377 
6.174215316772461 
6.917501449584961 
6.254117965698242 
5.92147970199585 
6.0807600021362305 
6.343469142913818 
6.61220645904541 
5.373642444610596 
6.48826265335083 
6.330964088439941 
5.854287147521973 
5.904557704925537 
5.544686317443848 
6.874298572540283 
5.646339416503906 
5.594734191894531 
8.227895736694336 
5.655376434326172 
6.024572372436523 
7.544759750366211 
6.19342565536499 
6.9636735916137695 
6.029043197631836 
5.64925479888916 
5.656651496887207 
6.556410789489746 
6.591168403625488 
7.720737457275391 
6.266636848449707 
8.381465911865234 
7.825593948364258 
6.104750633239746 
5.859492301940918 
6.931717872619629 
6.505707740783691 
6.836485862731934 
6.943575859069824 
6.383005142211914 
4.834383964538574 
7.192604064941406 
6.604587554931641 
7.22053337097168 
6.715297698974609 
5.963025093078613 
6.258744239807129 
5.716762065887451 
8.065454483032227 
6.717123508453369 
9.961923599243164 
4.796624660491943 
8.306414604187012 
7.260591506958008 
5.112125873565674 
5.097403049468994 
5.965914726257324 
6.026796340942383 
8.249242782592773 
6.304379463195801 
7.261688232421875 
5.695435523986816 
6.650989532470703 
5.432005882263184 
6.883500099182129 
4.287627220153809 
6.1335248947143555 
5.987433433532715 
6.623124599456787 
7.078108310699463 
6.923490047454834 
6.079034805297852 
5.5730133056640625 
6.485450744628906 
7.637984752655029 
6.1075921058654785 
5.751935958862305 
5.679722785949707 
5.715973854064941 
5.789951324462891 
6.363502502441406 
6.214073181152344 
5.311382293701172 
8.492870330810547 
5.431495189666748 
7.189752578735352 
8.264219284057617 
5.489530563354492 
7.443161964416504 
6.658479690551758 
5.099447250366211 
5.292648792266846 
7.129392147064209 
6.111148834228516 
6.940903663635254 
8.394689559936523 
5.15817928314209 
5.470860481262207 
6.613295555114746 
6.334475517272949 
5.595491886138916 
6.080743789672852 
6.283933639526367 
5.763248920440674 
6.318901538848877 
7.629398345947266 
6.117735862731934 
6.236785888671875 
6.000064849853516 
5.452365875244141 
11.203947067260742 
6.144518852233887 
6.632589340209961 
5.871707916259766 
5.33644962310791 
6.346587181091309 
6.252427101135254 
7.517805576324463 
7.399755477905273 
6.927525997161865 
5.705772876739502 
6.557394981384277 
6.287055015563965 
6.22865104675293 
6.662440299987793 
6.637482166290283 
7.1527485847473145 
7.771566390991211 
4.8819804191589355 
6.870670318603516 
6.632471084594727 
6.622217178344727 
8.857879638671875 
5.750358581542969 
7.757218360900879 
6.989686012268066 
8.594488143920898 
7.526905059814453 
4.9233598709106445 
7.198041915893555 
6.6256279945373535 
6.023988723754883 
7.909456253051758 
8.20734977722168 
7.162864685058594 
7.268546104431152 
5.546069145202637 
6.482600212097168 
6.587443828582764 
6.485774040222168 
6.0829758644104 
7.850246429443359 
6.300268173217773 
6.28085470199585 
6.703352928161621 
5.975821495056152 
5.022788047790527 
6.307092666625977 
6.151433944702148 
8.024648666381836 
7.439142227172852 
6.617985248565674 
6.126495361328125 
6.304335594177246 
6.7315216064453125 
6.35200309753418 
7.735602378845215 
6.329898834228516 
5.874197006225586 
9.07143497467041 
6.535220146179199 
4.600812911987305 
8.756300926208496 
6.7711181640625 
5.6428728103637695 
6.822324752807617 
6.421161651611328 
5.948173522949219 
7.749093055725098 
5.669637203216553 
5.573000431060791 
10.859527587890625 
7.0034942626953125 
6.441733360290527 
7.684362411499023 
4.692851543426514 
6.622979164123535 
5.831482410430908 
5.922496795654297 
6.172488212585449 
6.758796691894531 
4.733644962310791 
5.813582420349121 
5.663940906524658 
6.366944313049316 
6.357250213623047 
5.20503044128418 
6.7444868087768555 
6.948407173156738 
8.665895462036133 
5.410512924194336 
5.403780937194824 
6.282539367675781 
6.452913284301758 
7.296340465545654 
6.764222621917725 
5.598894119262695 
5.019367218017578 
7.454845428466797 
5.124701023101807 
5.972182750701904 
6.249046325683594 
7.733377456665039 
6.242728233337402 
5.359422206878662 
7.274660110473633 
6.013121604919434 
5.729958534240723 
6.07850456237793 
5.718512535095215 
6.32732629776001 
6.258864879608154 
4.825167655944824 
6.232106685638428 
7.316773414611816 
5.70255708694458 
7.466285705566406 
5.354099750518799 
7.561763763427734 
5.955320358276367 
6.873625755310059 
6.627144813537598 
6.161892890930176 
4.971254825592041 
6.667849540710449 
6.050678730010986 
6.024143218994141 
6.421342849731445 
7.396435737609863 
6.376832008361816 
5.656252861022949 
6.037952899932861 
5.399368762969971 
6.015049934387207 
6.801187515258789 
8.318819046020508 
6.712095737457275 
7.330513000488281 
5.832109451293945 
5.611495018005371 
7.929474353790283 
5.669652938842773 
8.727161407470703 
4.453195571899414 
5.550135612487793 
6.306030750274658 
5.509512901306152 
4.631621360778809 
6.3322954177856445 
8.575641632080078 
7.122077941894531 
6.330443859100342 
7.393424987792969 
7.477694511413574 
6.795549392700195 
5.496679306030273 
5.039140701293945 
5.644949913024902 
7.529928207397461 
7.246102333068848 
6.079319477081299 
5.282787322998047 
7.341430187225342 
5.666834354400635 
7.087860107421875 
5.162932395935059 
6.249623775482178 
6.1725172996521 
6.329845905303955 
5.914205074310303 
8.356088638305664 
6.080824851989746 
5.667257785797119 
6.040996551513672 
7.537971496582031 
6.0243072509765625 
6.555718898773193 
6.876399993896484 
5.846169471740723 
5.114133834838867 
5.250553131103516 
5.621576309204102 
7.14549446105957 
7.069369316101074 
6.159189224243164 
6.102776527404785 
6.447426795959473 
9.41279411315918 
5.603485584259033 
6.201296806335449 
6.088339805603027 
6.5952911376953125 
5.990934371948242 
7.0254669189453125 
5.6132097244262695 
7.429627418518066 
6.954117774963379 
6.661932945251465 
6.209468364715576 
7.1337432861328125 
6.503567218780518 
6.985836982727051 
7.055027008056641 
5.351355075836182 
7.688376426696777 
6.295310974121094 
5.960737228393555 
8.620092391967773 
6.927243232727051 
8.551118850708008 
5.220432758331299 
5.586212158203125 
6.164725303649902 
5.835880279541016 
6.7222490310668945 
8.696978569030762 
7.589147090911865 
6.280012130737305 
6.214797019958496 
6.227468490600586 
5.455811023712158 
5.286977291107178 
8.246891975402832 
7.600887298583984 
7.763256072998047 
5.990999221801758 
5.483458042144775 
6.533953666687012 
7.384053707122803 
5.739652633666992 
7.049863815307617 
8.04531192779541 
5.521270275115967 
6.453259468078613 
7.58624267578125 
6.269040107727051 
5.326871871948242 
6.383936882019043 
6.096636772155762 
5.947535514831543 
5.5221052169799805 
6.926709175109863 
7.932100296020508 
7.94120979309082 
5.421897888183594 
8.818535804748535 
6.473779678344727 
5.857481956481934 
5.989060878753662 
5.75153112411499 
6.921675682067871 
5.433128356933594 
6.712182521820068 
6.241626739501953 
6.582644462585449 
6.952512741088867 
5.145379543304443 
6.769975662231445 
5.653299331665039 
7.378731727600098 
7.745813369750977 
6.927119731903076 
8.658498764038086 
7.360116004943848 
5.893752098083496 
6.4471235275268555 
6.038352966308594 
7.9769768714904785 
6.630893707275391 
5.864089012145996 
6.002341270446777 
6.570679664611816 
6.108565807342529 
7.115471363067627 
5.257951736450195 
5.877414703369141 
7.204673767089844 
7.887343406677246 
6.2950568199157715 
5.615938663482666 
5.82441520690918 
6.535841464996338 
6.217493057250977 
6.199162483215332 
7.666094779968262 
5.611023426055908 
6.162497043609619 
10.129175186157227 
5.658445835113525 
7.271590232849121 
6.490602016448975 
6.050975799560547 
6.807565689086914 
6.183860778808594 
7.2665510177612305 
5.988567352294922 
8.988996505737305 
6.720300197601318 
6.767070770263672 
6.732943058013916 
5.470828533172607 
6.582299709320068 
7.882040977478027 
5.585957050323486 
5.208841323852539 
6.318141460418701 
7.3135809898376465 
6.768246173858643 
7.092307090759277 
5.848791122436523 
6.521139144897461 
5.851396560668945 
5.02443265914917 
6.153477668762207 
7.168441295623779 
6.318814277648926 
6.841658115386963 
5.430661201477051 
7.2808942794799805 
6.9346022605896 
9.109527587890625 
6.282752990722656 
6.322690963745117 
6.499346733093262 
8.181852340698242 
8.904021263122559 
7.483999252319336 
6.444827079772949 
5.889617919921875 
7.320603370666504 
6.362176895141602 
5.9532790184021 
5.141901969909668 
8.211255073547363 
6.086483001708984 
5.044344902038574 
5.138187408447266 
7.146440505981445 
6.939276695251465 
6.08870792388916 
7.548577308654785 
8.117815017700195 
6.1247992515563965 
6.720876693725586 
7.235459804534912 
5.449894905090332 
9.822628021240234 
6.4578728675842285 
6.12982177734375 
6.002836227416992 
9.581404685974121 
8.491409301757812 
5.64323091506958 
6.334512710571289 
5.437146186828613 
5.843285083770752 
6.685362815856934 
6.2204179763793945 
6.085883140563965 
6.6818766593933105 
7.47463321685791 
7.0711188316345215 
6.052273750305176 
5.569003105163574 
6.8397722244262695 
5.940369606018066 
6.690675735473633 
6.188939094543457 
9.297752380371094 
6.069438934326172 
5.018653869628906 
6.0999555587768555 
8.482061386108398 
7.021921157836914 
6.891769886016846 
5.4894633293151855 
7.641965866088867 
6.713552474975586 
5.3146796226501465 
6.2295942306518555 
7.578854560852051 
6.71457576751709 
6.6961259841918945 
7.004511833190918 
7.805179595947266 
7.085925102233887 
6.488908767700195 
7.648120880126953 
7.2532219886779785 
7.434782028198242 
7.089337348937988 
6.5434064865112305 
5.608671188354492 
6.366432189941406 
8.01867961883545 
5.783627033233643 
8.216093063354492 
6.805421352386475 
6.468079566955566 
6.223617076873779 
6.201682090759277 
8.538816452026367 
6.271660804748535 
6.409709930419922 
6.575933933258057 
5.882857322692871 
5.106194019317627 
4.997182846069336 
7.038355827331543 
5.867361068725586 
6.145841121673584 
5.705173492431641 
6.19020938873291 
5.411418914794922 
6.308647155761719 
6.369537353515625 
6.222251892089844 
5.93996524810791 
5.707878112792969 
6.150295257568359 
7.364067554473877 
5.982549667358398 
6.869163990020752 
6.939223289489746 
8.286213874816895 
5.285976409912109 
7.702019691467285 
6.123472213745117 
8.306884765625 
4.656044960021973 
6.665976524353027 
9.09342098236084 
5.287257194519043 
5.847888946533203 
5.6489715576171875 
6.428306579589844 
6.690995216369629 
4.273897171020508 
6.004591941833496 
8.372857093811035 
4.3945631980896 
7.448566436767578 
5.770648002624512 
6.406045436859131 
5.723237037658691 
6.228205680847168 
7.180548667907715 
4.806484222412109 
6.324491024017334 
6.206325531005859 
7.333215236663818 
6.519631385803223 
6.047677040100098 
6.310096740722656 
7.48076057434082 
5.378966808319092 
6.341065406799316 
7.419426918029785 
5.94903039932251 
6.361234664916992 
7.833011627197266 
6.434823513031006 
6.197751045227051 
5.903570175170898 
5.782774925231934 
8.427665710449219 
9.806242942810059 
8.174378395080566 
7.265766620635986 
6.356782913208008 
7.385210990905762 
5.828520774841309 
6.1792755126953125 
5.559897422790527 
9.068674087524414 
7.005437850952148 
6.481072425842285 
5.733519554138184 
5.736952781677246 
5.837014198303223 
6.6648268699646 
7.289490699768066 
5.785792827606201 
6.198569297790527 
6.296915054321289 
8.730433464050293 
6.905122756958008 
5.974259853363037 
7.830964088439941 
5.77307653427124 
6.324643135070801 
5.749764442443848 
7.034283638000488 
6.886785507202148 
6.035614013671875 
7.887218952178955 
4.847328186035156 
7.156115531921387 
7.35125732421875 
8.791093826293945 
8.577140808105469 
7.142187118530273 
5.718249320983887 
7.1658477783203125 
5.921460151672363 
9.772817611694336 
8.024784088134766 
4.965775489807129 
7.2560319900512695 
6.030251502990723 
7.304568767547607 
6.526641845703125 
6.5901007652282715 
4.944392204284668 
7.183174133300781 
6.327259540557861 
5.519599914550781 
5.57092809677124 
6.1249613761901855 
5.922661781311035 
7.22182559967041 
6.269293785095215 
7.668544769287109 
5.471348762512207 
6.150125026702881 
5.222707271575928 
6.097282409667969 
7.006198406219482 
5.7819061279296875 
7.239596366882324 
6.46963357925415 
5.805851936340332 
6.746747016906738 
7.887598037719727 
6.628993988037109 
6.834110260009766 
8.909954071044922 
8.468167304992676 
5.689149379730225 
7.008736610412598 
5.840058326721191 
7.197103977203369 
7.642368316650391 
8.855596542358398 
6.3867692947387695 
7.386391639709473 
6.407634735107422 
6.157147407531738 
6.24176025390625 
5.304996490478516 
6.248602867126465 
4.9234418869018555 
5.861149787902832 
6.263080596923828 
6.564265251159668 
8.800827026367188 
8.984792709350586 
6.0204315185546875 
8.053364753723145 
5.392557144165039 
5.502891540527344 
6.756550312042236 
6.654928684234619 
5.2850775718688965 
6.136047840118408 
8.25490951538086 
5.0762224197387695 
5.343259334564209 
7.866686820983887 
5.500744819641113 
7.607122421264648 
7.89883279800415 
6.276543617248535 
6.264421463012695 
6.599627494812012 
5.940213203430176 
6.3117780685424805 
5.296202182769775 
5.573725700378418 
6.33030891418457 
6.09416389465332 
5.209451675415039 
5.968779563903809 
5.359487533569336 
6.3491363525390625 
6.606792449951172 
9.819963455200195 
5.637810230255127 
7.437453269958496 
6.636232376098633 
4.272158622741699 
6.882230758666992 
7.890493392944336 
5.488836288452148 
6.3909525871276855 
6.230526924133301 
5.518465518951416 
6.26740837097168 
9.51673698425293 
7.482460975646973 
6.257054328918457 
7.571291923522949 
7.992425918579102 
6.446039199829102 
8.763818740844727 
5.946930885314941 
6.898557186126709 
6.419981002807617 
5.806009292602539 
5.972840309143066 
7.188904285430908 
5.880558490753174 
6.614818572998047 
5.697962284088135 
8.711939811706543 
7.879309177398682 
6.2984724044799805 
6.568544864654541 
5.586859703063965 
6.642521858215332 
7.296685218811035 
5.432827472686768 
5.621323585510254 
7.618948936462402 
5.999636650085449 
6.254941940307617 
7.0443315505981445 
6.19536018371582 
5.316205978393555 
8.349976539611816 
5.722203731536865 
5.796533584594727 
6.777861595153809 
6.662384986877441 
7.435461521148682 
9.118062973022461 
5.564461708068848 
8.150054931640625 
5.9176530838012695 
8.581024169921875 
7.016317367553711 
8.832956314086914 
4.9686808586120605 
5.5487141609191895 
5.35800313949585 
7.220397472381592 
6.144185543060303 
7.751319885253906 
6.32038688659668 
7.113303184509277 
4.9210896492004395 
6.530270576477051 
5.983919143676758 
8.789384841918945 
7.296826362609863 
6.509034156799316 
8.040543556213379 
6.945695877075195 
5.179856300354004 
5.649205684661865 
5.398873329162598 
7.021063804626465 
8.834426879882812 
6.848336219787598 
7.55251407623291 
7.079129219055176 
7.748538017272949 
5.907746315002441 
8.817737579345703 
6.573548316955566 
5.576604843139648 
5.924690246582031 
7.056597709655762 
6.278733253479004 
6.226422309875488 
4.7801055908203125 
5.992617607116699 
5.3265862464904785 
7.5122551918029785 
6.043076992034912 
5.935840606689453 
7.441532611846924 
7.319634437561035 
6.489339828491211 
9.66316032409668 
5.426088333129883 
6.115598678588867 
6.026684761047363 
6.185080051422119 
6.263323783874512 
5.877370834350586 
7.2898383140563965 
6.605541229248047 
5.475461483001709 
9.237911224365234 
8.737615585327148 
9.353540420532227 
5.81273078918457 
8.608281135559082 
6.177908897399902 
6.814583778381348 
4.92584228515625 
8.706262588500977 
5.938638687133789 
7.257256507873535 
5.601609230041504 
5.929582118988037 
4.4488115310668945 
5.918780326843262 
8.193798065185547 
6.5916428565979 
6.053570747375488 
5.7791876792907715 
8.237000465393066 
7.894387245178223 
5.701272964477539 
6.164492607116699 
5.591705322265625 
5.850313186645508 
6.90546989440918 
6.887606620788574 
4.766090393066406 
6.363091468811035 
6.998807430267334 
5.976891994476318 
6.912958145141602 
5.518552780151367 
5.883756160736084 
8.019306182861328 
6.11716365814209 
6.370223522186279 
8.162884712219238 
4.9269208908081055 
5.427985191345215 
4.9111785888671875 
5.881159782409668 
6.806181907653809 
5.822464466094971 
9.49748706817627 
7.313266754150391 
6.351806640625 
6.736696243286133 
6.352021217346191 
6.988425254821777 
5.581727027893066 
5.609655380249023 
7.0739827156066895 
6.580155849456787 
8.112879753112793 
6.095516204833984 
7.194544315338135 
6.199774742126465 
5.73057222366333 
7.322299480438232 
5.558541297912598 
5.802675724029541 
5.975597858428955 
5.377548694610596 
7.691920280456543 
6.601523399353027 
7.066929817199707 
5.7218217849731445 
7.056000709533691 
5.01023530960083 
6.408139705657959 
6.179938316345215 
7.602851867675781 
7.365601539611816 
5.389240264892578 
5.600916862487793 
6.5336151123046875 
6.675904750823975 
5.577563285827637 
5.8366217613220215 
5.660643100738525 
7.934238910675049 
7.188758850097656 
5.655248165130615 
6.312643051147461 
6.01706075668335 
6.8867974281311035 
7.193122386932373 
6.433091163635254 
6.950186729431152 
6.673815727233887 
6.98372745513916 
7.590659141540527 
5.949909687042236 
7.268190860748291 
6.564895153045654 
5.80094051361084 
5.872564315795898 
8.022303581237793 
7.733203887939453 
8.240797996520996 
8.279212951660156 
5.895657062530518 
7.907739639282227 
8.243865966796875 
6.194036483764648 
5.829556465148926 
6.222410678863525 
9.131261825561523 
5.785261154174805 
7.46945858001709 
7.726888179779053 
6.568732261657715 
8.110347747802734 
6.008449554443359 
6.992023944854736 
7.139863014221191 
6.220356464385986 
5.8946213722229 
7.879697322845459 
7.879744052886963 
5.6771955490112305 
6.306382179260254 
5.988673686981201 
5.250836372375488 
5.390172004699707 
5.911293029785156 
8.828587532043457 
8.0514554977417 
5.637031555175781 
7.3914875984191895 
6.639629364013672 
6.364394664764404 
7.91496467590332 
6.086884498596191 
6.293227195739746 
9.37019157409668 
6.839241027832031 
5.342681407928467 
5.701471328735352 
8.250557899475098 
4.519495964050293 
5.311783790588379 
5.576150894165039 
7.219766616821289 
5.707036972045898 
8.305551528930664 
7.194736480712891 
5.356954574584961 
5.663608074188232 
6.058293342590332 
6.081403732299805 
8.22184944152832 
4.787224769592285 
7.608942031860352 
6.859994888305664 
7.230032444000244 
6.772339820861816 
7.3717451095581055 
5.6246137619018555 
6.632895469665527 
6.153052806854248 
6.261336326599121 
4.0965256690979 
7.233908653259277 
6.195994853973389 
6.968278884887695 
7.248933792114258 
6.268099784851074 
6.389651298522949 
7.5185394287109375 
6.9223809242248535 
4.843123912811279 
6.752636432647705 
5.780391693115234 
6.701320648193359 
7.316776275634766 
6.992239952087402 
6.065680503845215 
7.835933685302734 
6.988303184509277 
5.976222515106201 
5.828165054321289 
7.005068778991699 
5.949589252471924 
6.287086486816406 
6.455940246582031 
7.6511640548706055 
8.643184661865234 
9.157007217407227 
6.110012054443359 
5.260173320770264 
6.171459197998047 
5.585280418395996 
8.031923294067383 
6.917829990386963 
7.3625569343566895 
5.956658363342285 
5.898127555847168 
6.597192764282227 
8.375797271728516 
4.367406845092773 
5.4853973388671875 
5.677299976348877 
7.921804904937744 
5.969175338745117 
5.493927001953125 
6.381451606750488 
6.492041110992432 
7.1088433265686035 
6.202441215515137 
5.95109224319458 
6.914608478546143 
6.770898818969727 
6.446071624755859 
6.824554443359375 
8.11517333984375 
10.078213691711426 
6.744884967803955 
5.559942245483398 
6.978484153747559 
6.1768903732299805 
7.591671943664551 
5.899298667907715 
6.308088779449463 
6.059057712554932 
8.320048332214355 
6.768573760986328 
7.791378498077393 
5.692685127258301 
6.517701148986816 
7.99934720993042 
7.339447021484375 
8.357063293457031 
7.613330841064453 
6.813450813293457 
5.682244300842285 
5.495916366577148 
6.230106353759766 
8.011274337768555 
7.314023971557617 
6.267895698547363 
5.300335884094238 
6.715547561645508 
6.432893753051758 
6.0463547706604 
5.750774383544922 
6.385519981384277 
7.668759822845459 
6.762419700622559 
6.34635066986084 
5.237011909484863 
9.175451278686523 
7.1851043701171875 
9.706022262573242 
8.088456153869629 
7.698936462402344 
6.871610164642334 
6.625382900238037 
9.255642890930176 
7.537919998168945 
6.183383941650391 
6.5555877685546875 
7.736763000488281 
9.69005012512207 
7.691925048828125 
6.209797382354736 
7.345129013061523 
6.134988784790039 
6.151767253875732 
5.885127067565918 
7.597347259521484 
6.958052635192871 
7.204981327056885 
8.271860122680664 
5.796806812286377 
5.877923965454102 
7.500960350036621 
6.839664459228516 
5.715005874633789 
6.55877685546875 
6.63796329498291 
5.984060764312744 
5.810385227203369 
6.113515853881836 
7.9613037109375 
5.525995254516602 
5.977778434753418 
5.954256534576416 
6.119101047515869 
5.91794490814209 
4.897741794586182 
7.576098442077637 
5.555496692657471 
7.9177069664001465 
8.728597640991211 
6.601614952087402 
7.291842937469482 
5.910772800445557 
7.041003227233887 
6.368160247802734 
9.329008102416992 
6.386905670166016 
5.535800457000732 
5.853236675262451 
7.86969518661499 
5.685598850250244 
6.848245143890381 
7.107862949371338 
8.301584243774414 
7.376518249511719 
5.751272201538086 
8.730639457702637 
7.771827697753906 
5.840548038482666 
7.877262115478516 
5.212021350860596 
6.0230021476745605 
6.597999095916748 
6.224167823791504 
6.665055274963379 
6.117084503173828 
7.058241844177246 
6.727445602416992 
7.074049949645996 
7.230009078979492 
6.6021270751953125 
5.7334794998168945 
6.893404960632324 
6.157343864440918 
8.671882629394531 
5.3840837478637695 
5.5078301429748535 
8.329299926757812 
7.535857200622559 
8.06562614440918 
7.276113510131836 
6.694127082824707 
5.22672176361084 
5.877010345458984 
4.941512107849121 
6.219938278198242 
5.6302809715271 
7.463753700256348 
7.851130485534668 
8.087568283081055 
8.282472610473633 
8.117610931396484 
7.788381099700928 
8.801193237304688 
5.672504901885986 
5.3345232009887695 
7.030545711517334 
7.110790729522705 
8.894718170166016 
6.384505271911621 
6.744621276855469 
5.293425559997559 
6.998988151550293 
4.533962249755859 
6.911586761474609 
6.259271621704102 
7.726584434509277 
5.361350059509277 
8.501190185546875 
5.957063674926758 
5.8854546546936035 
5.784181594848633 
6.477060794830322 
6.838644027709961 
6.490528583526611 
8.001957893371582 
5.900140762329102 
5.3631591796875 
5.6243672370910645 
6.218934535980225 
7.273192405700684 
8.163415908813477 
6.364009857177734 
7.200141429901123 
5.474260330200195 
7.983719825744629 
5.614950180053711 
5.703675270080566 
6.673864364624023 
7.812410831451416 
6.020028114318848 
6.170075416564941 
6.320751190185547 
4.977533340454102 
8.448476791381836 
6.918697834014893 
8.580699920654297 
6.153721809387207 
7.586018085479736 
5.488572120666504 
5.745710372924805 
7.588133811950684 
6.4619140625 
4.706171035766602 
6.485445976257324 
9.410895347595215 
6.478867530822754 
7.158485412597656 
8.67155933380127 
5.8988776206970215 
7.101292610168457 
6.795580863952637 
8.788018226623535 
6.740821838378906 
5.941397666931152 
5.873382568359375 
6.632291793823242 
8.352046966552734 
5.581870079040527 
6.299571990966797 
5.946118354797363 
8.130041122436523 
8.032472610473633 
7.174896240234375 
6.489713668823242 
6.810797691345215 
7.544754981994629 
5.384737968444824 
6.006779670715332 
6.1946916580200195 
8.139004707336426 
8.326129913330078 
7.0818376541137695 
6.288440227508545 
8.062417030334473 
7.443835258483887 
5.946145057678223 
5.70638370513916 
6.1114654541015625 
5.880853652954102 
9.669513702392578 
5.760840892791748 
6.336450576782227 
7.081725597381592 
6.173897743225098 
6.614797592163086 
6.101485252380371 
5.540761470794678 
6.649302959442139 
7.758790016174316 
7.018678665161133 
6.683431625366211 
5.952447891235352 
7.738731861114502 
9.660871505737305 
7.445769309997559 
7.940791130065918 
6.508807182312012 
5.323610305786133 
7.578529357910156 
9.397385597229004 
7.379047393798828 
8.214742660522461 
5.990654468536377 
6.287008285522461 
5.2038044929504395 
5.742677688598633 
5.910464286804199 
7.671973705291748 
8.427568435668945 
9.929558753967285 
5.290055751800537 
6.0999603271484375 
6.374281883239746 
6.612831115722656 
6.088282585144043 
6.299908638000488 
5.774347305297852 
5.625000953674316 
5.706942081451416 
8.922292709350586 
6.228400230407715 
6.9520978927612305 
5.916897773742676 
6.319196701049805 
5.859983444213867 
6.657600402832031 
6.12152099609375 
6.412690162658691 
7.585843086242676 
6.688320159912109 
6.843459129333496 
6.172351360321045 
10.057411193847656 
7.003751754760742 
7.023341178894043 
5.053238391876221 
7.038724899291992 
5.796938896179199 
5.91722297668457 
5.732804298400879 
8.364128112792969 
6.969539642333984 
6.225672721862793 
7.229330062866211 
8.382007598876953 
5.4423298835754395 
6.637199878692627 
7.54368782043457 
6.472046852111816 
6.167028427124023 
4.711999893188477 
6.068367004394531 
5.870736122131348 
6.681295394897461 
6.6035261154174805 
6.242792129516602 
7.430020332336426 
6.012202262878418 
6.268372058868408 
6.466378211975098 
6.442503452301025 
5.923684597015381 
7.722973823547363 
8.123811721801758 
7.467961311340332 
5.780536651611328 
9.104517936706543 
6.435163497924805 
5.88676643371582 
8.029094696044922 
8.147104263305664 
7.872447967529297 
5.1967668533325195 
6.484654426574707 
6.350621223449707 
7.833308219909668 
9.141654968261719 
7.655370235443115 
7.803189277648926 
5.885354042053223 
5.732027053833008 
5.8729963302612305 
7.061641693115234 
7.0492658615112305 
6.149023056030273 
5.602746963500977 
6.0119781494140625 
7.410057067871094 
5.329057693481445 
5.102302074432373 
7.167736053466797 
6.413707733154297 
6.013012886047363 
8.32791519165039 
5.248965263366699 
5.441997528076172 
6.781940937042236 
6.7477874755859375 
6.610686779022217 
6.728111267089844 
6.284097671508789 
6.0260009765625 
6.596569061279297 
5.721185684204102 
5.960625648498535 
7.746784210205078 
5.4937639236450195 
5.60883903503418 
6.310581684112549 
9.319595336914062 
5.967935562133789 
5.613246440887451 
6.410452365875244 
8.498278617858887 
7.299638748168945 
6.104718208312988 
6.0987701416015625 
6.197437286376953 
6.370018482208252 
6.191023826599121 
7.468873977661133 
5.9388227462768555 
5.406134605407715 
5.45743465423584 
7.030568599700928 
6.318258285522461 
5.654546737670898 
6.6815643310546875 
6.867709159851074 
4.651778221130371 
6.160435676574707 
5.101503849029541 
5.243382930755615 
6.472487449645996 
9.16906452178955 
7.688182830810547 
5.953724384307861 
5.76134729385376 
7.411221504211426 
7.133299827575684 
5.736485004425049 
6.827509880065918 
4.572161674499512 
6.514989376068115 
5.933403015136719 
5.9030256271362305 
6.463204383850098 
6.084939479827881 
5.735234260559082 
6.275348663330078 
6.8250837326049805 
5.766509532928467 
4.932731628417969 
6.172216892242432 
7.276950359344482 
5.662280559539795 
5.592592239379883 
7.559025764465332 
5.9882965087890625 
6.9347944259643555 
8.231760025024414 
7.319337844848633 
6.159639358520508 
10.311189651489258 
8.361936569213867 
5.879149913787842 
6.0752410888671875 
7.358020782470703 
7.005544185638428 
6.205913543701172 
5.150137901306152 
6.197622776031494 
6.171463489532471 
7.299285888671875 
7.472613334655762 
8.672128677368164 
7.075075149536133 
6.244209289550781 
7.379707336425781 
5.83846378326416 
5.534548282623291 
5.809558391571045 
5.096034049987793 
5.979184627532959 
5.965852737426758 
5.326234817504883 
8.026202201843262 
7.247890472412109 
5.796232223510742 
6.222524642944336 
6.477548599243164 
7.867728233337402 
6.315761566162109 
6.599074363708496 
6.682209014892578 
6.458163261413574 
5.453081130981445 
8.245955467224121 
5.758279800415039 
8.411686897277832 
6.634296417236328 
6.816045761108398 
6.264501571655273 
6.542171478271484 
6.6724042892456055 
9.55196475982666 
7.274761199951172 
9.470366477966309 
7.372078895568848 
7.426469326019287 
5.03572416305542 
6.23134708404541 
6.947108268737793 
5.592068195343018 
7.810009956359863 
6.5966668128967285 
6.197772979736328 
8.767648696899414 
6.04611873626709 
7.276015281677246 
5.57820463180542 
6.405052185058594 
5.9788618087768555 
6.880288600921631 
9.394742965698242 
6.637321472167969 
5.673545837402344 
6.778273105621338 
5.974152565002441 
7.629174709320068 
7.965301513671875 
6.828861713409424 
6.4384636878967285 
6.893191337585449 
7.770947456359863 
7.213490962982178 
6.117918491363525 
7.827882766723633 
5.8828444480896 
6.646701335906982 
6.125255584716797 
6.155961036682129 
8.221609115600586 
6.746286392211914 
5.909327507019043 
8.61968994140625 
5.776386737823486 
6.213377952575684 
9.411552429199219 
6.747554779052734 
6.694113731384277 
5.998559951782227 
6.357526779174805 
5.52998685836792 
5.2870893478393555 
8.679628372192383 
9.342266082763672 
8.004134178161621 
8.119742393493652 
6.442206859588623 
5.336245536804199 
5.929063320159912 
8.342784881591797 
6.344949722290039 
7.405926704406738 
8.308354377746582 
5.681234359741211 
7.593324184417725 
5.941279888153076 
6.205023288726807 
7.474419593811035 
5.278766632080078 
8.303552627563477 
8.308626174926758 
8.572885513305664 
5.1380133628845215 
5.11386775970459 
5.961836814880371 
8.690431594848633 
5.222953796386719 
4.71750020980835 
6.4854736328125 
5.247894287109375 
6.076371669769287 
6.648074150085449 
6.480225563049316 
9.208555221557617 
8.031929969787598 
6.0489583015441895 
9.044675827026367 
7.529803276062012 
6.985896587371826 
6.955765724182129 
6.682512283325195 
6.652520179748535 
6.1786909103393555 
5.83359432220459 
8.109771728515625 
6.46916389465332 
6.1620635986328125 
8.002943992614746 
4.670884609222412 
7.982362270355225 
6.675144195556641 
5.90144157409668 
5.9763102531433105 
5.925967693328857 
6.57974910736084 
7.403319358825684 
6.589974880218506 
6.860201835632324 
8.485803604125977 
5.999370098114014 
7.526090145111084 
5.039148330688477 
5.714812755584717 
6.097306251525879 
7.018972396850586 
5.9726152420043945 
5.671488285064697 
6.1578049659729 
6.02277135848999 
6.907866477966309 
8.952407836914062 
6.429442405700684 
8.711496353149414 
6.971503257751465 
6.133728981018066 
4.95269250869751 
6.9344801902771 
6.03034782409668 
6.339343547821045 
6.88088846206665 
6.448975086212158 
6.776920318603516 
5.188697814941406 
7.004131317138672 
7.585359573364258 
4.808269500732422 
6.172090530395508 
6.370822906494141 
6.945748329162598 
5.60474157333374 
5.757332801818848 
6.820228576660156 
5.087972640991211 
9.051949501037598 
6.372385025024414 
6.071537494659424 
8.085348129272461 
5.062910556793213 
7.5422563552856445 
6.131153106689453 
7.0278215408325195 
5.0452752113342285 
7.434353828430176 
5.75137996673584 
7.349276542663574 
6.477823734283447 
6.358565330505371 
6.356995582580566 
6.184268951416016 
8.009329795837402 
6.33686637878418 
6.262373447418213 
6.408992767333984 
7.122348785400391 
6.229876518249512 
5.445390701293945 
6.907696723937988 
6.438456058502197 
6.599969387054443 
5.656189918518066 
7.171115875244141 
6.913562774658203 
7.248414039611816 
6.192312240600586 
6.3715901374816895 
6.312855243682861 
5.283818244934082 
6.710071086883545 
6.1845479011535645 
5.438999176025391 
7.702297210693359 
6.798052787780762 
6.027497291564941 
8.414083480834961 
6.0044169425964355 
5.0935845375061035 
6.268060684204102 
5.665975093841553 
6.786645412445068 
7.393400192260742 
7.296598434448242 
7.872455596923828 
7.685797691345215 
6.066123008728027 
7.037177085876465 
5.4128570556640625 
5.693408966064453 
5.526711463928223 
6.854834079742432 
8.03249454498291 
6.890101432800293 
8.596440315246582 
7.214378356933594 
6.419589042663574 
7.322892189025879 
5.484745025634766 
8.323343276977539 
6.286694049835205 
6.734893798828125 
5.429217338562012 
6.4022016525268555 
5.741171836853027 
6.186709880828857 
7.068387031555176 
6.021430015563965 
5.49830436706543 
9.617971420288086 
7.5974955558776855 
7.304068565368652 
6.615316390991211 
8.325981140136719 
8.641721725463867 
5.9337077140808105 
6.2185540199279785 
6.723835468292236 
8.584514617919922 
6.513607025146484 
5.844793319702148 
6.608682632446289 
7.130340099334717 
7.71232795715332 
6.958314895629883 
7.4335455894470215 
8.137513160705566 
6.19016170501709 
6.132935047149658 
7.261745452880859 
7.56113862991333 
6.586119174957275 
6.462388515472412 
4.826394081115723 
7.006502151489258 
6.334742546081543 
6.402721881866455 
5.7469072341918945 
5.758913516998291 
5.685491561889648 
5.870984077453613 
7.5999555587768555 
8.467543601989746 
5.053626537322998 
6.549566268920898 
6.168430328369141 
6.8456878662109375 
7.150259017944336 
7.045998573303223 
6.802675247192383 
5.632288932800293 
5.352952480316162 
7.115449905395508 
6.124016284942627 
6.9390974044799805 
6.76181173324585 
6.707252502441406 
6.183746337890625 
6.354663372039795 
7.887519836425781 
6.617432117462158 
6.0036797523498535 
6.166501522064209 
8.032665252685547 
6.568495750427246 
6.010651111602783 
5.9457926750183105 
8.76116943359375 
6.247829437255859 
6.283494472503662 
7.781612396240234 
7.047637462615967 
5.515255928039551 
6.966054439544678 
6.950516700744629 
6.364048004150391 
7.805817127227783 
9.697086334228516 
5.347048759460449 
7.398216247558594 
6.043735027313232 
6.847270965576172 
7.100218772888184 
5.029409408569336 
7.0382561683654785 
6.060194969177246 
6.025242805480957 
6.278300762176514 
7.9377522468566895 
7.743917465209961 
5.873976707458496 
5.8935770988464355 
6.64967155456543 
7.437196731567383 
6.90420389175415 
6.993339538574219 
5.780824661254883 
6.195103645324707 
7.619895935058594 
4.963702201843262 
6.56170654296875 
5.461481094360352 
8.830827713012695 
9.090980529785156 
4.604182243347168 
8.450536727905273 
6.353039741516113 
5.679323673248291 
8.540075302124023 
5.655334949493408 
8.064352035522461 
5.6045122146606445 
6.191274166107178 
5.961871147155762 
7.801394939422607 
5.999776840209961 
5.103262901306152 
8.112813949584961 
6.3332672119140625 
5.145412921905518 
6.631350040435791 
5.634140491485596 
7.060807228088379 
6.698675155639648 
8.38381576538086 
5.340855598449707 
8.526141166687012 
6.082449913024902 
6.239681243896484 
5.032316207885742 
6.475492477416992 
6.61844539642334 
6.1271748542785645 
5.230404376983643 
6.155782699584961 
5.6523237228393555 
6.219605445861816 
8.704824447631836 
6.780189514160156 
7.928147315979004 
7.8065266609191895 
6.304510116577148 
6.45108699798584 
5.9902849197387695 
7.019134521484375 
6.444684982299805 
6.173900604248047 
9.250009536743164 
6.121118545532227 
7.238572597503662 
5.307155132293701 
6.2411651611328125 
7.469719886779785 
4.7417707443237305 
6.062140941619873 
6.6499457359313965 
5.574817657470703 
7.198516845703125 
7.011502742767334 
6.553666114807129 
5.736175537109375 
6.903222560882568 
6.528361797332764 
6.175985336303711 
6.568262100219727 
6.215548515319824 
5.946286201477051 
8.3797607421875 
6.948448181152344 
5.214292526245117 
5.559423446655273 
7.440730094909668 
8.731132507324219 
5.922357082366943 
7.27840518951416 
6.946493148803711 
6.767576217651367 
9.843008995056152 
5.322836875915527 
5.714725017547607 
6.398837089538574 
5.602997779846191 
5.508701324462891 
6.781358242034912 
6.041099548339844 
7.120730400085449 
5.286831855773926 
5.818750381469727 
8.092700958251953 
6.120065689086914 
5.937268257141113 
5.767982482910156 
6.419341087341309 
6.238776206970215 
5.702088356018066 
7.2984466552734375 
5.391429901123047 
5.261571884155273 
6.373867034912109 
5.057801723480225 
6.394211769104004 
7.919002532958984 
7.625716209411621 
8.081048965454102 
6.448136329650879 
6.416711807250977 
5.516008377075195 
6.904518127441406 
6.021877288818359 
7.174061298370361 
5.208516597747803 
9.448616027832031 
7.380096912384033 
7.495181083679199 
5.966015338897705 
7.397884368896484 
6.83565616607666 
8.474139213562012 
7.337789535522461 
7.556811332702637 
7.431222915649414 
6.259235382080078 
7.7040510177612305 
6.274779796600342 
6.20390510559082 
6.1793928146362305 
6.924172401428223 
6.109193801879883 
5.995809555053711 
7.887266635894775 
6.138612747192383 
5.682610511779785 
9.819278717041016 
8.705151557922363 
5.881541728973389 
8.292213439941406 
6.684598922729492 
8.573366165161133 
8.170188903808594 
6.288652420043945 
7.159511566162109 
6.974641799926758 
6.558712482452393 
7.951685905456543 
7.157107353210449 
5.914517402648926 
4.775707244873047 
5.722883224487305 
4.706789970397949 
6.647922515869141 
7.566202640533447 
6.63216495513916 
5.771181106567383 
8.448888778686523 
6.2731218338012695 
7.889753818511963 
9.575583457946777 
6.457128524780273 
5.688512802124023 
6.448179244995117 
6.283822059631348 
6.3304762840271 
7.186713695526123 
5.399394989013672 
5.692281246185303 
6.620075225830078 
6.085485935211182 
5.1034088134765625 
5.272037982940674 
5.118244171142578 
5.784870147705078 
7.084818363189697 
7.258934020996094 
10.191095352172852 
7.153487682342529 
6.688200950622559 
5.893867015838623 
8.364060401916504 
6.161582946777344 
6.1869072914123535 
6.052885055541992 
5.229853630065918 
6.498990535736084 
6.18653678894043 
5.6447553634643555 
5.108810901641846 
6.478766918182373 
6.369537830352783 
6.784381866455078 
6.023091793060303 
7.884030342102051 
6.330506324768066 
6.04635763168335 
7.692618370056152 
7.212362289428711 
5.942089557647705 
5.689518928527832 
7.2636003494262695 
7.146441459655762 
4.921475410461426 
7.29228401184082 
6.100829601287842 
6.552857875823975 
5.470047950744629 
6.230175971984863 
5.090466022491455 
5.761276721954346 
6.26773738861084 
5.07608699798584 
6.002469062805176 
6.219956398010254 
5.424111843109131 
5.385242462158203 
6.4611430168151855 
7.46776008605957 
6.257182598114014 
6.628086090087891 
10.649148941040039 
4.404959678649902 
5.113457202911377 
9.904863357543945 
8.018024444580078 
5.511457443237305 
6.281363487243652 
5.386474609375 
8.674468994140625 
6.017556190490723 
5.16045618057251 
5.799426078796387 
6.054847717285156 
7.482137680053711 
5.593263149261475 
6.568979263305664 
7.309421062469482 
6.492195129394531 
6.537765979766846 
6.138527870178223 
8.396796226501465 
5.292930603027344 
6.110801696777344 
6.146078109741211 
5.52003288269043 
10.635729789733887 
7.5872344970703125 
7.229943752288818 
5.871151924133301 
6.2288031578063965 
6.0745849609375 
6.770727157592773 
6.051921367645264 
7.8037238121032715 
5.7856292724609375 
7.227803707122803 
7.067534923553467 
5.015817165374756 
6.362415313720703 
6.9748406410217285 
6.3940887451171875 
7.680899620056152 
5.329898834228516 
6.617668151855469 
6.395310401916504 
7.311384201049805 
7.584074974060059 
5.409930229187012 
6.303071022033691 
5.179347991943359 
7.5218305587768555 
7.179649353027344 
8.411141395568848 
5.340948581695557 
5.583713531494141 
7.525269508361816 
6.060995101928711 
8.30983829498291 
6.335240840911865 
6.451175689697266 
7.356589317321777 
6.251637935638428 
5.533625602722168 
4.854997634887695 
6.777104377746582 
6.301074981689453 
5.6148200035095215 
5.9491095542907715 
5.324568271636963 
6.621494770050049 
6.403500080108643 
6.955779075622559 
5.614047050476074 
6.013617515563965 
7.384573936462402 
7.40057373046875 
5.388172149658203 
5.5431318283081055 
6.663265705108643 
7.800870895385742 
6.505122184753418 
6.978037357330322 
6.986878395080566 
6.104355812072754 
6.304917335510254 
6.037692070007324 
6.604568958282471 
5.608054161071777 
6.742338180541992 
7.7711968421936035 
8.05250358581543 
8.818074226379395 
6.539280891418457 
5.834006309509277 
6.409189701080322 
6.808920860290527 
5.177943229675293 
7.846412658691406 
7.722746849060059 
6.824668884277344 
8.213075637817383 
4.806937217712402 
4.643515110015869 
6.917910575866699 
8.530461311340332 
6.868271827697754 
5.911787509918213 
6.7691450119018555 
5.853468418121338 
6.6545257568359375 
6.220767021179199 
6.9891133308410645 
5.901006698608398 
5.87724494934082 
6.718585014343262 
5.668772220611572 
6.2584381103515625 
8.6840181350708 
5.586915969848633 
7.870100975036621 
6.808980464935303 
8.461323738098145 
5.888689041137695 
4.998647689819336 
6.124868392944336 
8.268354415893555 
6.09724235534668 
5.78334903717041 
5.427433967590332 
5.768533706665039 
7.967597007751465 
6.36849308013916 
6.010917663574219 
5.981344699859619 
6.16044282913208 
6.362044334411621 
7.976531982421875 
7.938897132873535 
7.56508731842041 
5.356943607330322 
5.652522087097168 
5.677257537841797 
7.192216873168945 
5.882750034332275 
5.814383506774902 
8.00664234161377 
7.544179916381836 
6.091998100280762 
6.385437965393066 
6.541170120239258 
8.30276107788086 
5.451193809509277 
7.491594314575195 
6.1081109046936035 
10.455923080444336 
4.926883697509766 
5.750520706176758 
7.2398881912231445 
8.41376781463623 
9.269319534301758 
7.0273823738098145 
6.24387264251709 
6.18610954284668 
6.528703689575195 
5.374146461486816 
6.817248344421387 
6.584680557250977 
6.527369499206543 
8.136560440063477 
5.959586143493652 
7.810415744781494 
6.000611305236816 
5.962737083435059 
6.9486236572265625 
6.020418167114258 
6.722338676452637 
6.475648403167725 
7.01578426361084 
5.73771858215332 
7.963029861450195 
5.826468467712402 
6.65341854095459 
7.704461097717285 
6.1251540184021 
7.498247146606445 
5.66596794128418 
5.461859226226807 
6.444990634918213 
6.812902450561523 
6.131159782409668 
5.621249198913574 
9.942432403564453 
6.072532653808594 
8.541601181030273 
5.8603081703186035 
5.51116943359375 
7.321023941040039 
6.17020320892334 
7.687169075012207 
8.697988510131836 
5.845705986022949 
5.817349433898926 
6.670245170593262 
6.100072860717773 
6.279476165771484 
7.582606315612793 
6.486929893493652 
5.903985977172852 
6.344082832336426 
8.40791130065918 
6.253200531005859 
6.671745777130127 
6.5269975662231445 
7.125057220458984 
8.676254272460938 
7.801586627960205 
6.069587230682373 
8.164962768554688 
5.705456256866455 
6.334408283233643 
6.470048427581787 
7.530706405639648 
6.222325801849365 
5.840317726135254 
7.6800384521484375 
8.085371971130371 
5.313830375671387 
7.917612075805664 
8.297269821166992 
6.9457597732543945 
6.404348850250244 
5.9340410232543945 
8.22777271270752 
5.47222900390625 
6.006270408630371 
8.7303466796875 
7.543553352355957 
7.400398254394531 
8.625236511230469 
6.0124616622924805 
6.021206855773926 
6.599682807922363 
5.6822509765625 
5.256216049194336 
7.78028678894043 
6.000862121582031 
6.278167247772217 
6.718802452087402 
7.098886489868164 
6.70650577545166 
7.5270514488220215 
8.165465354919434 
6.246098041534424 
7.230381965637207 
7.112874984741211 
6.082055568695068 
6.006373405456543 
5.470708847045898 
6.4069952964782715 
9.212600708007812 
7.658688545227051 
7.478106498718262 
7.100856781005859 
6.058213233947754 
7.030624866485596 
7.4210429191589355 
5.168442249298096 
6.686388969421387 
6.494335174560547 
7.030277252197266 
6.51706600189209 
5.6515913009643555 
9.848843574523926 
5.608611106872559 
6.467801094055176 
8.120199203491211 
6.140590667724609 
5.938561916351318 
6.173327922821045 
6.924327850341797 
5.694245338439941 
5.977614402770996 
4.839772701263428 
5.692620277404785 
7.1681809425354 
6.410208225250244 
6.608665466308594 
5.6877007484436035 
8.499905586242676 
6.6371917724609375 
6.3112921714782715 
7.160884380340576 
5.981262683868408 
6.407723426818848 
6.226250648498535 
6.159048080444336 
6.618380069732666 
4.949777603149414 
9.046403884887695 
5.068788051605225 
7.461284637451172 
8.44078254699707 
8.385682106018066 
6.625080585479736 
7.027535438537598 
5.473058223724365 
7.467588901519775 
6.206621170043945 
6.0653977394104 
5.293025970458984 
5.995937824249268 
8.813985824584961 
7.365085124969482 
5.138641834259033 
6.342435359954834 
5.830977916717529 
5.298282623291016 
6.987507343292236 
5.959951400756836 
6.172887802124023 
8.239662170410156 
8.051947593688965 
4.734148025512695 
6.036635398864746 
5.731698989868164 
6.438776016235352 
6.077215194702148 
5.417500972747803 
8.967960357666016 
6.069164276123047 
6.966009140014648 
6.377289772033691 
6.08277702331543 
5.939133167266846 
7.64750337600708 
5.566954135894775 
6.543763160705566 
6.886061668395996 
6.362582206726074 
7.022416591644287 
7.190141677856445 
7.558598518371582 
8.675592422485352 
7.757451057434082 
5.472294807434082 
5.719747543334961 
5.484344005584717 
9.680548667907715 
6.577743053436279 
5.485077857971191 
7.20894193649292 
5.402910232543945 
8.870500564575195 
7.072600364685059 
5.786880016326904 
7.121273040771484 
5.329059600830078 
6.385291576385498 
6.603849411010742 
6.085216522216797 
7.34224796295166 
6.322780132293701 
6.628727912902832 
5.950944900512695 
6.35557222366333 
6.726083278656006 
6.218051910400391 
6.07813024520874 
5.8469977378845215 
7.825877666473389 
5.409743309020996 
6.4900617599487305 
6.298069953918457 
6.251344203948975 
7.8367390632629395 
6.814214706420898 
6.5606842041015625 
5.844964027404785 
7.798259735107422 
6.87433385848999 
7.903983116149902 
6.817873954772949 
4.29290246963501 
6.315760612487793 
7.380251884460449 
6.2722249031066895 
6.571291923522949 
7.587790489196777 
6.488656044006348 
6.970757961273193 
7.1374311447143555 
6.424226760864258 
6.340472221374512 
8.339603424072266 
6.771632671356201 
5.529182434082031 
5.762943267822266 
6.946418762207031 
9.019832611083984 
6.252870559692383 
7.5468549728393555 
6.089945316314697 
6.045705795288086 
8.46042251586914 
6.75466251373291 
6.266060829162598 
6.855063438415527 
8.212395668029785 
5.494032859802246 
5.80162239074707 
7.4324445724487305 
7.2648115158081055 
5.589090347290039 
6.528672218322754 
5.486035346984863 
5.806653022766113 
6.562317848205566 
5.558989524841309 
6.221189022064209 
8.197998046875 
7.024503707885742 
6.649704933166504 
6.109127998352051 
5.560614585876465 
6.023211479187012 
5.973268985748291 
7.29456901550293 
6.255039691925049 
6.276129722595215 
5.61314058303833 
7.308829307556152 
5.495149612426758 
5.851274013519287 
5.292219161987305 
7.456110000610352 
6.783969879150391 
5.933293342590332 
5.796607494354248 
5.811189651489258 
4.64223575592041 
7.956883430480957 
6.492701530456543 
6.952567100524902 
6.1293840408325195 
5.9493818283081055 
7.403999328613281 
7.630601406097412 
5.649044036865234 
9.141605377197266 
7.432755470275879 
5.960607528686523 
6.134036064147949 
8.574617385864258 
6.081850051879883 
6.468696594238281 
6.053656578063965 
5.2669477462768555 
6.688776016235352 
7.02292537689209 
5.9990715980529785 
6.23182487487793 
6.181067943572998 
6.840631008148193 
6.970621585845947 
9.323607444763184 
6.104698181152344 
5.460911273956299 
6.211033821105957 
6.453022003173828 
6.340991020202637 
7.146398544311523 
7.776482582092285 
5.364673614501953 
5.933938503265381 
8.590092658996582 
6.344421863555908 
7.297784805297852 
5.710596084594727 
6.052707672119141 
8.841300964355469 
5.978259086608887 
4.702633857727051 
7.258615970611572 
5.391575813293457 
6.0871806144714355 
6.030899524688721 
5.657959938049316 
6.1450419425964355 
5.503267288208008 
6.335910320281982 
6.4005937576293945 
6.464787006378174 
7.038183212280273 
7.361357688903809 
8.98231315612793 
5.520976543426514 
5.516821384429932 
6.790960311889648 
7.080400466918945 
5.714585781097412 
6.206031322479248 
8.318521499633789 
6.8925065994262695 
5.956813812255859 
5.523402214050293 
7.611397743225098 
6.775354385375977 
6.013197898864746 
4.070302486419678 
5.277118682861328 
8.191781997680664 
6.119011878967285 
6.667614936828613 
6.324790954589844 
7.300364971160889 
5.894770622253418 
6.6062164306640625 
10.739166259765625 
6.073574066162109 
5.386708736419678 
6.976994514465332 
4.586243629455566 
6.175532341003418 
7.63188362121582 
6.425769805908203 
7.085805892944336 
6.349091053009033 
7.336664199829102 
6.037545204162598 
5.8846282958984375 
4.9718170166015625 
5.25308084487915 
7.698541641235352 
6.6844987869262695 
7.339940071105957 
6.624053478240967 
9.019916534423828 
4.972927570343018 
6.009321212768555 
7.0725908279418945 
8.413484573364258 
5.969727993011475 
5.736459732055664 
6.438319206237793 
5.699291229248047 
5.964621543884277 
7.026087284088135 
7.021391868591309 
4.878885746002197 
6.493051052093506 
8.021920204162598 
6.321157932281494 
4.611752510070801 
8.018665313720703 
7.020908355712891 
6.015626907348633 
7.445590019226074 
6.373502254486084 
6.643584251403809 
6.227993965148926 
4.907098770141602 
5.506702423095703 
7.152427673339844 
8.155285835266113 
7.314122200012207 
5.548138618469238 
5.865464687347412 
6.527972221374512 
5.741285800933838 
6.811460971832275 
5.934159278869629 
5.821023941040039 
8.343465805053711 
5.483841896057129 
8.04564094543457 
6.342541694641113 
6.66571044921875 
6.794189453125 
5.426592826843262 
7.418092727661133 
6.602487564086914 
6.883412837982178 
7.065556526184082 
8.211746215820312 
5.601077079772949 
7.414587020874023 
5.886990547180176 
6.83823299407959 
6.263637065887451 
6.920071125030518 
7.833666801452637 
7.141528129577637 
5.020461082458496 
6.090983867645264 
5.859047889709473 
7.9798359870910645 
5.222517967224121 
5.7000412940979 
8.05267333984375 
6.336686134338379 
5.4035491943359375 
6.091658115386963 
5.564479351043701 
5.342218399047852 
6.3230485916137695 
5.718760013580322 
6.150958061218262 
8.074567794799805 
6.023504734039307 
8.29364013671875 
7.093279838562012 
6.391338348388672 
9.653539657592773 
5.969072341918945 
6.080873012542725 
6.155986309051514 
7.495824813842773 
6.575736999511719 
5.196931838989258 
8.59931755065918 
9.544683456420898 
5.356637954711914 
6.296076774597168 
6.7248992919921875 
6.402125358581543 
7.189272403717041 
6.223686218261719 
6.6423516273498535 
5.148412704467773 
6.566051006317139 
6.882461071014404 
5.92353630065918 
6.145997524261475 
6.35453987121582 
7.296720504760742 
7.535517692565918 
6.271315574645996 
7.59329891204834 
6.540968418121338 
6.566485404968262 
5.19773006439209 
5.965497970581055 
6.222323894500732 
6.198998928070068 
6.604513168334961 
6.658295631408691 
6.168268203735352 
4.867527961730957 
6.260523796081543 
8.854589462280273 
6.76401424407959 
5.944378852844238 
8.169938087463379 
5.836023330688477 
6.118797302246094 
5.810634613037109 
5.820254802703857 
5.834345817565918 
5.821943283081055 
6.341497898101807 
8.411909103393555 
8.829050064086914 
7.875426769256592 
7.38043737411499 
4.77838134765625 
5.893855571746826 
6.050179481506348 
6.7989349365234375 
6.377302169799805 
7.79684591293335 
5.712944984436035 
5.779589653015137 
6.5106201171875 
6.012140274047852 
6.196503162384033 
6.236194610595703 
7.33160400390625 
6.221042156219482 
6.029270172119141 
6.670190811157227 
7.090265274047852 
6.527104377746582 
6.701569080352783 
6.176861763000488 
5.882723331451416 
6.816688537597656 
6.578327655792236 
4.96938943862915 
7.88861083984375 
5.836407661437988 
6.403519630432129 
6.105080604553223 
4.756626129150391 
6.866861343383789 
5.384716987609863 
4.773621082305908 
7.7195234298706055 
5.330202102661133 
5.983087539672852 
5.93203067779541 
6.142796993255615 
6.076615333557129 
6.191116809844971 
5.502127647399902 
6.530569076538086 
6.40283203125 
5.192026138305664 
7.46334171295166 
8.71225643157959 
5.662334442138672 
6.586129188537598 
7.666114807128906 
5.717704772949219 
8.45074462890625 
6.064864158630371 
6.58268404006958 
7.2973785400390625 
8.198610305786133 
6.917596817016602 
6.231975555419922 
6.538998603820801 
5.510776042938232 
6.77940559387207 
7.648931503295898 
5.324212074279785 
6.69905424118042 
6.290270805358887 
8.72297477722168 
8.058099746704102 
5.764396667480469 
5.47863245010376 
6.2470598220825195 
6.210068702697754 
4.911652565002441 
6.189582347869873 
6.406113147735596 
6.874342918395996 
5.863409996032715 
7.599639892578125 
6.574862480163574 
7.230903148651123 
6.687973499298096 
6.216504096984863 
5.263108730316162 
5.947630882263184 
7.6070637702941895 
9.164192199707031 
8.473073959350586 
6.039874076843262 
5.967281341552734 
6.2118048667907715 
8.481377601623535 
7.467662334442139 
7.582175254821777 
6.9296722412109375 
7.6311211585998535 
5.631692886352539 
5.07942008972168 
7.481367111206055 
6.594472885131836 
5.721168518066406 
5.871249198913574 
6.462500095367432 
5.579758167266846 
7.101382732391357 
6.0167741775512695 
5.349714279174805 
5.873961925506592 
7.167516708374023 
5.526583671569824 
8.827873229980469 
5.69257926940918 
7.242508888244629 
6.634319305419922 
4.676950454711914 
6.300590515136719 
7.227766990661621 
5.795084476470947 
5.220508575439453 
6.585691928863525 
7.8014116287231445 
7.052482604980469 
5.512454986572266 
5.66912841796875 
6.397645950317383 
7.754314422607422 
7.429501533508301 
6.466222763061523 
6.360084533691406 
9.39444637298584 
5.725183486938477 
6.132189750671387 
7.50191593170166 
5.686814308166504 
7.016692161560059 
6.428637504577637 
5.086691379547119 
5.862896919250488 
7.93463659286499 
6.75458288192749 
4.990063667297363 
5.409759998321533 
6.609836578369141 
7.538632392883301 
6.81925106048584 
6.894575119018555 
5.936931133270264 
6.569814205169678 
6.4125213623046875 
5.567953109741211 
5.78537130355835 
7.077375411987305 
5.289056301116943 
5.500514984130859 
6.656125545501709 
5.582310676574707 
6.8459014892578125 
5.581087589263916 
9.017353057861328 
7.051714897155762 
7.067730903625488 
7.589842796325684 
6.237799644470215 
6.514312744140625 
6.006368160247803 
5.570598602294922 
5.788020610809326 
5.669736385345459 
8.375802993774414 
7.857611656188965 
9.327906608581543 
7.607063293457031 
5.856202125549316 
5.675136089324951 
5.930218696594238 
6.208643436431885 
5.852287769317627 
6.1033477783203125 
6.223702430725098 
4.876666069030762 
8.048675537109375 
6.101747035980225 
6.856525897979736 
6.390371799468994 
5.801407337188721 
6.9509711265563965 
6.96345329284668 
5.563811302185059 
6.087162971496582 
6.72072172164917 
5.951469421386719 
4.701603889465332 
7.677568435668945 
6.274089336395264 
7.129326343536377 
6.497108459472656 
7.9701924324035645 
6.217402458190918 
6.549489974975586 
4.75742244720459 
6.870482921600342 
6.531631946563721 
5.5941925048828125 
5.801175117492676 
5.9675116539001465 
7.587244033813477 
6.536284446716309 
6.834574222564697 
6.606812000274658 
5.586567401885986 
7.251884937286377 
5.855936527252197 
4.592596530914307 
6.115126609802246 
6.358929634094238 
6.818083763122559 
6.61644983291626 
6.3763532638549805 
7.365603446960449 
5.314390182495117 
7.492439270019531 
5.998875617980957 
7.545051097869873 
6.460176467895508 
5.397527694702148 
5.257362365722656 
7.7052202224731445 
6.8379998207092285 
6.207724571228027 
5.767124176025391 
6.321062088012695 
5.147389888763428 
6.336569786071777 
7.237217426300049 
7.146419525146484 
5.751969814300537 
6.174756050109863 
8.106680870056152 
5.5807976722717285 
6.625707149505615 
6.0353851318359375 
6.443350791931152 
6.280178070068359 
9.149406433105469 
7.5497236251831055 
7.055432319641113 
7.4882917404174805 
6.0944013595581055 
5.234923362731934 
9.235982894897461 
8.319339752197266 
7.925748825073242 
7.92940616607666 
8.234420776367188 
6.364175796508789 
6.890284061431885 
6.460448741912842 
5.883687973022461 
6.200932502746582 
6.2559428215026855 
7.513113975524902 
6.3103437423706055 
4.974352836608887 
7.002741813659668 
6.895108699798584 
8.356689453125 
6.146031379699707 
8.184671401977539 
7.8836989402771 
6.357268333435059 
7.405950546264648 
6.677411079406738 
5.773886680603027 
5.081106185913086 
10.039033889770508 
7.335514068603516 
5.385300636291504 
9.629070281982422 
6.963320255279541 
6.166075229644775 
6.696567058563232 
6.058461666107178 
6.08377742767334 
7.282320022583008 
5.690255165100098 
6.085395812988281 
6.5521087646484375 
7.25917387008667 
8.468563079833984 
5.676825523376465 
8.58259391784668 
7.091956615447998 
7.294848442077637 
6.710912704467773 
5.876316070556641 
6.2201080322265625 
6.3839874267578125 
7.542447090148926 
5.959394931793213 
7.33932638168335 
5.641356468200684 
6.498547077178955 
6.351445198059082 
5.28781795501709 
7.432046413421631 
6.480465888977051 
8.353325843811035 
6.332518577575684 
6.449925899505615 
7.269035339355469 
8.054315567016602 
5.563136577606201 
7.940906524658203 
9.040960311889648 
8.365728378295898 
6.195036888122559 
6.325649261474609 
7.850159168243408 
6.042952537536621 
5.994012832641602 
6.5523681640625 
6.864911079406738 
5.844001770019531 
7.597758769989014 
6.730666160583496 
6.451015472412109 
5.496282577514648 
6.392784595489502 
6.18709659576416 
5.459022045135498 
6.925755500793457 
8.55697250366211 
4.606254577636719 
7.138777256011963 
6.355175018310547 
6.867950916290283 
5.4451398849487305 
5.540345668792725 
9.272890090942383 
7.141544818878174 
8.485079765319824 
6.3949737548828125 
7.942812442779541 
5.598074436187744 
10.32093620300293 
6.223772048950195 
6.2821197509765625 
5.8458781242370605 
8.10495376586914 
7.878582000732422 
7.157253265380859 
5.849925994873047 
5.751583099365234 
7.495969295501709 
7.440462112426758 
7.019859313964844 
5.650908946990967 
6.074763774871826 
5.843289375305176 
5.543626308441162 
6.360474586486816 
6.056446552276611 
5.774723052978516 
5.916375160217285 
6.1779866218566895 
5.516940116882324 
6.284505844116211 
5.355794906616211 
6.575221061706543 
6.996530532836914 
6.401373863220215 
6.075380325317383 
5.542253494262695 
6.136746406555176 
8.507076263427734 
7.355257511138916 
5.995621681213379 
6.832648277282715 
7.771471977233887 
6.050547122955322 
8.420601844787598 
5.453732967376709 
5.885773181915283 
7.001683712005615 
7.85576868057251 
6.214035987854004 
6.060665130615234 
5.845125675201416 
7.298901557922363 
8.352269172668457 
7.095778465270996 
6.894672393798828 
7.086761951446533 
5.323657989501953 
5.894967079162598 
6.052038669586182 
7.806419849395752 
5.758717060089111 
7.012204170227051 
9.099991798400879 
6.830016136169434 
6.9105706214904785 
6.337254524230957 
5.794615745544434 
5.34837532043457 
7.026891708374023 
5.922330856323242 
5.9128875732421875 
6.767690658569336 
6.688529968261719 
6.6605448722839355 
8.153675079345703 
7.603013038635254 
6.147280693054199 
7.409535884857178 
6.867352485656738 
6.038885116577148 
5.433665752410889 
9.594118118286133 
6.578690528869629 
7.0554914474487305 
7.06779670715332 
6.936132431030273 
7.201302528381348 
8.083108901977539 
6.564547538757324 
6.510644435882568 
4.942322254180908 
5.528414726257324 
7.044369697570801 
8.218761444091797 
6.922107696533203 
6.465581893920898 
6.006861686706543 
5.469249725341797 
5.936731815338135 
6.582981109619141 
8.033963203430176 
6.9116411209106445 
7.7251482009887695 
5.861591815948486 
6.199619293212891 
5.082071781158447 
5.415261745452881 
8.436466217041016 
8.750459671020508 
6.246860504150391 
7.63432502746582 
6.91303825378418 
5.9965314865112305 
8.676056861877441 
7.58121919631958 
8.037849426269531 
5.4597296714782715 
5.773764610290527 
5.766683101654053 
6.843776702880859 
5.86870813369751 
4.79826545715332 
6.3692946434021 
6.067008972167969 
5.627293109893799 
6.202954292297363 
6.314469337463379 
6.60066032409668 
5.638308048248291 
7.986794471740723 
4.787872314453125 
7.386465072631836 
7.729095458984375 
6.859500408172607 
5.946956634521484 
6.524526119232178 
8.381560325622559 
6.899239540100098 
6.725866317749023 
5.186737060546875 
5.9528656005859375 
8.779003143310547 
8.03442096710205 
6.014459609985352 
8.288690567016602 
6.608063697814941 
5.723990440368652 
7.777859210968018 
5.534427642822266 
6.720654487609863 
6.4881510734558105 
7.542469501495361 
6.759091377258301 
6.301519870758057 
5.556117057800293 
6.891487121582031 
6.229287147521973 
6.653326988220215 
6.477041244506836 
5.814033508300781 
6.018465042114258 
6.0610504150390625 
6.151078224182129 
6.093531608581543 
5.949337005615234 
7.640061378479004 
5.655866622924805 
6.881855487823486 
7.513333320617676 
5.773501873016357 
7.143267631530762 
7.773871898651123 
8.323334693908691 
6.33724308013916 
5.872155666351318 
6.822957515716553 
7.026080131530762 
5.240562438964844 
6.2360639572143555 
7.803772926330566 
6.202409744262695 
7.393099784851074 
5.670051097869873 
5.15946102142334 
6.209465980529785 
5.50711727142334 
6.019794464111328 
6.323943138122559 
7.940629482269287 
6.416535377502441 
6.255528450012207 
6.2534871101379395 
7.128533363342285 
7.803882122039795 
7.013365268707275 
6.162500858306885 
6.661616325378418 
5.658917427062988 
5.202213287353516 
5.04996395111084 
5.245084762573242 
6.626296043395996 
7.330570220947266 
5.972053527832031 
7.876822471618652 
6.366488456726074 
5.63343620300293 
8.340566635131836 
6.149990081787109 
5.5451765060424805 
5.779688358306885 
6.46356201171875 
6.189221382141113 
6.514037609100342 
4.589282989501953 
5.852882385253906 
6.547961235046387 
5.8883209228515625 
5.896405220031738 
5.508957862854004 
6.4518866539001465 
5.684637069702148 
6.306884765625 
5.941824913024902 
6.214382171630859 
6.412913799285889 
7.333706378936768 
6.23615026473999 
9.406028747558594 
5.451452255249023 
6.309953689575195 
7.178223609924316 
6.131587505340576 
7.367488861083984 
5.443998336791992 
8.493318557739258 
6.325520038604736 
6.9839606285095215 
6.815032958984375 
7.759914398193359 
7.41015625 
5.998429775238037 
4.887155055999756 
6.373018264770508 
5.741803169250488 
5.961732864379883 
6.201743125915527 
8.437954902648926 
5.069546699523926 
6.7964653968811035 
6.307638168334961 
6.8783979415893555 
4.953953742980957 
5.962969779968262 
8.473366737365723 
9.196784973144531 
6.357791900634766 
5.773902416229248 
6.438712120056152 
5.525958061218262 
6.4810099601745605 
5.236435890197754 
6.040318489074707 
5.7092084884643555 
5.390016078948975 
5.708831787109375 
6.792086124420166 
5.374968528747559 
6.806406021118164 
6.750563144683838 
7.114165782928467 
8.936851501464844 
7.536129951477051 
6.142380714416504 
8.688854217529297 
5.843091011047363 
8.934974670410156 
7.607580184936523 
5.546431541442871 
6.7881011962890625 
6.715069770812988 
6.497179985046387 
7.453349590301514 
6.924854278564453 
6.085389614105225 
5.936002731323242 
6.1693434715271 
6.444273471832275 
8.057319641113281 
5.789203643798828 
5.165879249572754 
5.73933744430542 
7.417876243591309 
6.166448593139648 
7.886659622192383 
7.210290431976318 
5.532547473907471 
6.543789863586426 
8.472350120544434 
6.170238494873047 
6.511355400085449 
7.609898567199707 
5.307355880737305 
7.908241271972656 
5.797123432159424 
6.8699631690979 
6.47292947769165 
5.703062057495117 
5.881820201873779 
6.6220808029174805 
6.873222351074219 
5.534111022949219 
5.897401809692383 
7.534113883972168 
6.325858116149902 
7.772627830505371 
5.973545074462891 
5.745308876037598 
6.426366806030273 
8.449870109558105 
6.531120300292969 
7.452571392059326 
5.264205455780029 
7.532491683959961 
6.421483993530273 
7.269995212554932 
5.8410444259643555 
5.928892135620117 
7.6489105224609375 
5.713062763214111 
5.5372161865234375 
6.14519739151001 
6.984430313110352 
5.874958038330078 
6.047738075256348 
5.78496789932251 
6.693864345550537 
8.504651069641113 
6.38157320022583 
6.450727939605713 
9.055707931518555 
5.758322715759277 
7.866130352020264 
6.065305709838867 
5.602408409118652 
7.987968921661377 
6.719544410705566 
6.443894386291504 
7.8909912109375 
5.907321929931641 
6.401671409606934 
7.082352638244629 
6.908388614654541 
5.020768642425537 
6.69392204284668 
6.950256824493408 
5.287578582763672 
6.759437561035156 
7.056836128234863 
8.168845176696777 
6.487652778625488 
5.995563983917236 
5.410955429077148 
6.248979568481445 
7.337597846984863 
6.57766580581665 
6.2665252685546875 
6.934168815612793 
5.387947082519531 
6.505990982055664 
6.129461288452148 
5.41220760345459 
5.560001850128174 
5.979465484619141 
5.917029857635498 
7.174688339233398 
5.494248390197754 
6.689087867736816 
5.163430213928223 
7.499389171600342 
6.788730144500732 
7.47815465927124 
6.517287254333496 
7.763570785522461 
6.044149398803711 
6.060205459594727 
6.266903877258301 
4.972513198852539 
6.883402347564697 
5.73355770111084 
5.9625139236450195 
5.372432708740234 
5.3083696365356445 
7.903351783752441 
7.216677665710449 
5.58682918548584 
7.086150169372559 
7.990871906280518 
6.817604064941406 
9.152181625366211 
6.610526084899902 
6.235267639160156 
9.17774486541748 
6.455163955688477 
9.279779434204102 
6.431606769561768 
5.536876678466797 
4.924530982971191 
5.482782363891602 
5.621294021606445 
6.060126304626465 
6.285618305206299 
5.795542240142822 
6.297135353088379 
6.9326066970825195 
5.893765449523926 
5.308055877685547 
7.579409599304199 
5.810693740844727 
6.731467247009277 
5.662736415863037 
5.941022872924805 
5.045514106750488 
6.562630653381348 
5.558500289916992 
6.928510665893555 
7.224386215209961 
6.679545879364014 
4.792993545532227 
6.415952682495117 
9.049724578857422 
7.204521179199219 
5.4093122482299805 
7.274258136749268 
6.730225563049316 
6.4015960693359375 
7.400493621826172 
5.045248031616211 
5.749290466308594 
6.783973693847656 
6.728996276855469 
8.112441062927246 
6.550346851348877 
9.087779998779297 
5.666775703430176 
6.1561808586120605 
6.221502780914307 
10.478690147399902 
6.614007949829102 
5.945503234863281 
6.036988258361816 
6.369020462036133 
6.52968692779541 
5.919052600860596 
5.409124374389648 
6.97506046295166 
5.284618854522705 
6.1479058265686035 
6.025966644287109 
8.944826126098633 
5.910602569580078 
6.223672866821289 
5.107439994812012 
7.028977394104004 
7.896822452545166 
8.663185119628906 
5.627922534942627 
6.791152000427246 
6.690843105316162 
7.021236896514893 
5.483590126037598 
4.539325714111328 
6.024394989013672 
7.250816822052002 
5.703458786010742 
6.160733699798584 
7.706731796264648 
5.881698131561279 
5.816715717315674 
5.497350692749023 
6.099743366241455 
5.54558801651001 
6.416896820068359 
5.439761161804199 
6.312929153442383 
7.426137924194336 
7.096604824066162 
5.728676795959473 
5.605161666870117 
7.881786346435547 
7.210292816162109 
7.167106628417969 
6.467830657958984 
6.26048469543457 
7.017595291137695 
7.9649858474731445 
6.046283721923828 
6.526455879211426 
6.050788879394531 
5.994829177856445 
5.257953643798828 
5.179335594177246 
6.329235553741455 
5.938071250915527 
6.451440811157227 
7.218151092529297 
8.644012451171875 
6.627438068389893 
7.553565979003906 
5.580418586730957 
5.135504722595215 
6.443713665008545 
6.87342643737793 
5.590329647064209 
6.412415981292725 
5.592537879943848 
6.651435852050781 
8.944640159606934 
5.607179164886475 
6.864080429077148 
4.8974456787109375 
5.615399360656738 
7.254530906677246 
9.669965744018555 
5.880972385406494 
5.522785663604736 
7.073667526245117 
5.711662292480469 
6.053013324737549 
6.134950160980225 
8.470040321350098 
6.582510471343994 
7.223779678344727 
6.89366340637207 
5.762718200683594 
5.822184085845947 
6.254817008972168 
6.374935150146484 
5.359586238861084 
8.45981216430664 
6.541930198669434 
8.463526725769043 
8.170808792114258 
5.753857612609863 
6.28552770614624 
7.796196937561035 
5.888294219970703 
6.849529266357422 
7.636135578155518 
7.6558942794799805 
7.322961807250977 
7.64945650100708 
5.892851829528809 
8.78734016418457 
6.455600738525391 
6.491279602050781 
7.044073104858398 
5.9481987953186035 
5.897109508514404 
5.2908830642700195 
7.167180061340332 
7.985595703125 
5.443225860595703 
5.96658992767334 
6.732972145080566 
5.4307990074157715 
7.0939412117004395 
6.485463619232178 
7.8805060386657715 
5.4532623291015625 
7.497710227966309 
7.071015357971191 
6.451801300048828 
6.456499099731445 
6.527623653411865 
8.720453262329102 
6.639341354370117 
5.606752395629883 
5.581293106079102 
6.312959671020508 
6.118350982666016 
6.795095443725586 
5.938594341278076 
8.110976219177246 
7.974344730377197 
5.296905517578125 
5.689321994781494 
6.981717109680176 
8.548505783081055 
8.122200012207031 
6.232889175415039 
7.604442596435547 
6.878072738647461 
5.984536170959473 
8.858397483825684 
6.43975830078125 
6.672477722167969 
7.217748165130615 
6.298379421234131 
7.292978286743164 
7.250732421875 
7.54657506942749 
9.470545768737793 
6.543928146362305 
5.269135475158691 
6.480986595153809 
5.8919525146484375 
5.552431106567383 
5.713068008422852 
8.274274826049805 
6.679450035095215 
8.787019729614258 
