5.304734230041504 
4.9967803955078125 
5.5457868576049805 
5.035757064819336 
5.008237361907959 
4.836472511291504 
5.299962997436523 
5.116828441619873 
5.070972442626953 
5.0865678787231445 
5.207704544067383 
5.074207782745361 
4.575821876525879 
5.69655704498291 
4.982464790344238 
5.653042316436768 
4.987194538116455 
4.852978706359863 
5.003445625305176 
5.144021034240723 
4.875306129455566 
5.416487216949463 
5.915603160858154 
6.334512710571289 
4.88762092590332 
8.294361114501953 
5.290013313293457 
5.563900947570801 
5.143960952758789 
6.372920513153076 
4.976924896240234 
5.031682968139648 
6.07269811630249 
5.067324638366699 
5.029301643371582 
5.003100872039795 
4.980781555175781 
4.979265213012695 
8.234317779541016 
5.2874884605407715 
5.322366714477539 
5.729985237121582 
4.980212688446045 
4.980358123779297 
6.430844783782959 
4.893288612365723 
5.913418292999268 
5.017120361328125 
5.100830078125 
4.843632698059082 
5.120794296264648 
5.0124921798706055 
5.154335975646973 
4.997045993804932 
5.046199798583984 
4.976966857910156 
5.1186323165893555 
5.099350929260254 
5.1764397621154785 
5.316405773162842 
6.015331268310547 
5.019635200500488 
4.9321088790893555 
6.108985424041748 
5.979308128356934 
6.44342041015625 
4.9835968017578125 
5.42631196975708 
5.036073207855225 
4.995270729064941 
4.961438179016113 
5.032512187957764 
4.964746475219727 
5.030847549438477 
4.939779281616211 
5.774465560913086 
5.678208827972412 
5.004401206970215 
6.248194217681885 
7.832666397094727 
6.866090297698975 
5.5187811851501465 
5.08685827255249 
5.307806491851807 
5.067275524139404 
5.174095630645752 
5.032672882080078 
5.114100456237793 
5.252346992492676 
5.1092071533203125 
5.2105183601379395 
4.824154853820801 
5.004308223724365 
4.9552321434021 
8.384624481201172 
4.938116073608398 
6.275208473205566 
4.967971324920654 
5.034772872924805 
5.059552192687988 
5.073771953582764 
4.864816665649414 
5.521421909332275 
5.908271312713623 
5.59306526184082 
6.2134222984313965 
4.973081588745117 
5.56839656829834 
6.372472286224365 
5.004856109619141 
4.996855735778809 
5.379795551300049 
5.009013652801514 
5.035059928894043 
4.972823619842529 
5.078863620758057 
5.491925239562988 
6.513820171356201 
4.952104568481445 
4.845237731933594 
4.727055549621582 
4.986786842346191 
5.021096229553223 
4.996828556060791 
8.646147727966309 
7.484113693237305 
6.3988189697265625 
5.21939754486084 
4.965177536010742 
5.145082473754883 
5.055533409118652 
5.170055866241455 
5.11786413192749 
5.038143157958984 
4.956455707550049 
5.395726680755615 
8.24846076965332 
4.942155838012695 
4.995954513549805 
7.855137825012207 
5.143004417419434 
5.028980255126953 
4.995510101318359 
4.88580322265625 
5.2917633056640625 
4.805657863616943 
4.866482257843018 
5.1957197189331055 
8.110568046569824 
4.948073863983154 
5.192288875579834 
5.31477689743042 
6.528081893920898 
5.3315019607543945 
7.195705413818359 
5.082671165466309 
7.300543785095215 
4.9836883544921875 
5.58113431930542 
6.400778770446777 
5.345272541046143 
5.175602912902832 
5.581262588500977 
4.974225044250488 
5.340335369110107 
4.895390510559082 
5.244436264038086 
5.453127384185791 
7.103057861328125 
4.837061882019043 
4.935205936431885 
4.928336143493652 
5.040167808532715 
6.248159408569336 
5.026613235473633 
6.181723594665527 
4.90501594543457 
7.63788366317749 
5.2007155418396 
5.001960754394531 
4.780322074890137 
4.903136253356934 
5.206333160400391 
5.070784568786621 
5.434124946594238 
5.010743141174316 
4.987224578857422 
5.225529670715332 
5.01480770111084 
5.0031843185424805 
6.925437927246094 
5.358659267425537 
5.078123092651367 
4.995682716369629 
5.653787612915039 
5.00307559967041 
4.95874547958374 
5.043588638305664 
6.907441139221191 
8.706207275390625 
5.834421157836914 
5.7238359451293945 
5.157391548156738 
5.134469032287598 
5.284702301025391 
7.464406967163086 
5.021291255950928 
5.074464797973633 
7.243013858795166 
4.977390289306641 
7.259900093078613 
7.88700008392334 
4.980525016784668 
5.5506911277771 
5.048313140869141 
4.816877365112305 
6.066139221191406 
5.945426940917969 
4.933536529541016 
5.756147384643555 
5.425401210784912 
5.136031150817871 
5.770921230316162 
4.998373985290527 
5.253931999206543 
5.425768852233887 
4.982883453369141 
5.270581245422363 
4.844779968261719 
4.9901814460754395 
5.01461124420166 
5.216940879821777 
5.011384963989258 
5.375898361206055 
4.8257341384887695 
4.994594573974609 
5.447353839874268 
5.125418663024902 
6.871994972229004 
5.032033443450928 
5.02503776550293 
5.187041759490967 
5.0806450843811035 
5.996954441070557 
5.027661323547363 
5.461970329284668 
5.048938751220703 
4.932191848754883 
5.00339937210083 
5.083656311035156 
5.365902900695801 
5.062884330749512 
5.706193447113037 
5.821719169616699 
5.328123569488525 
4.968214988708496 
4.922492027282715 
7.9649128913879395 
5.086361885070801 
7.428919792175293 
7.474695205688477 
5.027639389038086 
5.157071113586426 
4.936037063598633 
5.141289234161377 
4.848150253295898 
5.007953643798828 
5.299095153808594 
5.110915184020996 
9.22674560546875 
5.075806140899658 
5.091829776763916 
7.123885631561279 
4.989853858947754 
4.994999885559082 
5.026608943939209 
5.003629684448242 
5.0304670333862305 
5.556746482849121 
6.0404863357543945 
5.215391159057617 
5.078657150268555 
5.393681526184082 
5.0794267654418945 
5.10812520980835 
4.96671199798584 
5.124335289001465 
5.035190582275391 
5.599485397338867 
8.11308479309082 
5.189821243286133 
5.000262260437012 
6.929797649383545 
7.365175724029541 
5.276285171508789 
4.952994346618652 
4.979874610900879 
4.959114074707031 
5.010403633117676 
5.427268028259277 
4.930037498474121 
5.565789222717285 
5.164947509765625 
6.085308074951172 
4.8376874923706055 
5.028689384460449 
4.952864646911621 
5.484206199645996 
5.283143997192383 
4.987359046936035 
4.972536087036133 
4.821454048156738 
5.07013463973999 
6.554407596588135 
4.9842729568481445 
5.500699043273926 
5.108621120452881 
5.140027046203613 
4.887016773223877 
5.104698657989502 
5.149013996124268 
5.062646865844727 
4.978860378265381 
5.094478607177734 
6.192232608795166 
5.13399076461792 
5.238400936126709 
7.387210845947266 
5.206291198730469 
5.045835971832275 
5.483331680297852 
5.0822248458862305 
5.043896198272705 
5.0982666015625 
5.177572250366211 
5.055989742279053 
4.879063129425049 
4.9161906242370605 
5.180928707122803 
4.91110372543335 
5.018993377685547 
7.381279945373535 
5.058798313140869 
5.051325798034668 
5.150361061096191 
4.929229736328125 
5.055065631866455 
5.000189304351807 
5.016021728515625 
7.753201484680176 
4.94232177734375 
4.767056941986084 
4.864411354064941 
5.006160736083984 
5.0941081047058105 
4.990594863891602 
5.078503131866455 
5.136997222900391 
6.213580131530762 
5.869868755340576 
5.166937351226807 
5.359789848327637 
5.030586242675781 
5.082118988037109 
7.112080097198486 
5.231445789337158 
4.966615200042725 
5.7714996337890625 
4.7971649169921875 
6.210404396057129 
4.959100246429443 
5.001808166503906 
4.9435930252075195 
6.13890266418457 
5.014503479003906 
5.18115758895874 
4.970426082611084 
5.224188327789307 
5.043089866638184 
5.077125549316406 
4.965895175933838 
5.173372268676758 
5.020516395568848 
5.065391540527344 
5.046573638916016 
5.956826210021973 
5.09789514541626 
5.075374126434326 
6.584253311157227 
5.032795429229736 
4.901304244995117 
4.873371124267578 
7.935033798217773 
4.924009323120117 
4.845083713531494 
5.099118709564209 
5.153897285461426 
5.06217622756958 
5.130330562591553 
6.704748153686523 
4.920516014099121 
4.92241096496582 
4.96112060546875 
5.001186370849609 
7.49501371383667 
5.126537322998047 
5.378775119781494 
5.539726257324219 
5.170617580413818 
6.2084760665893555 
4.9309468269348145 
5.593548774719238 
5.0973005294799805 
4.835416793823242 
7.025783538818359 
5.638360500335693 
5.071866989135742 
5.580387115478516 
5.065268516540527 
5.819606781005859 
7.493337154388428 
5.224807262420654 
5.038046836853027 
4.978874206542969 
5.025633811950684 
5.016951560974121 
5.02048921585083 
5.004283905029297 
4.806098937988281 
4.830073833465576 
5.032618522644043 
5.408046722412109 
6.309516906738281 
5.325575828552246 
8.354232788085938 
4.873971939086914 
5.651278018951416 
5.113114356994629 
5.028973579406738 
5.26763391494751 
5.03972053527832 
5.0576653480529785 
5.514845848083496 
4.877259731292725 
7.0498223304748535 
5.044394493103027 
5.369513034820557 
5.1808366775512695 
4.952887535095215 
4.998124599456787 
5.066971778869629 
5.71591854095459 
5.396658420562744 
5.092966556549072 
5.12142276763916 
4.9669189453125 
5.0695085525512695 
4.998891830444336 
5.510237693786621 
5.013257026672363 
5.736398696899414 
4.920193672180176 
5.254627227783203 
5.48854923248291 
5.028746128082275 
4.853154182434082 
5.474526882171631 
5.023580551147461 
5.079026699066162 
4.944994926452637 
5.067592144012451 
4.771260738372803 
5.100661754608154 
5.664024353027344 
5.702825546264648 
5.1158294677734375 
4.9581217765808105 
5.059749126434326 
5.044294357299805 
5.233109951019287 
7.5717926025390625 
5.297192096710205 
5.001273155212402 
5.021891117095947 
5.139388084411621 
5.303924560546875 
5.72525691986084 
6.867147445678711 
5.06228494644165 
5.010185241699219 
5.325037956237793 
4.967738628387451 
5.035017967224121 
5.0643815994262695 
5.09427547454834 
4.909356117248535 
4.88696813583374 
4.930184841156006 
4.900677680969238 
5.240118980407715 
5.044757843017578 
5.142734527587891 
5.301948547363281 
4.8749237060546875 
5.108482360839844 
4.816099166870117 
5.22678804397583 
4.786014556884766 
5.178308010101318 
5.314107418060303 
6.007701396942139 
8.023205757141113 
5.725888252258301 
4.984546661376953 
5.031068801879883 
5.017583847045898 
4.91264533996582 
5.13296365737915 
4.978876113891602 
4.920279502868652 
4.997541427612305 
4.986077308654785 
4.856764316558838 
5.070949554443359 
5.027146816253662 
5.117253303527832 
5.725386619567871 
5.1550092697143555 
7.765776634216309 
5.098675727844238 
4.944972038269043 
6.70259952545166 
5.162559986114502 
4.953971862792969 
6.410391807556152 
4.964333534240723 
5.056125640869141 
6.1423726081848145 
4.899252891540527 
5.362662315368652 
5.164085388183594 
4.91386604309082 
4.971092700958252 
5.262332916259766 
5.084580421447754 
5.342508316040039 
5.036843299865723 
5.000274181365967 
4.8554606437683105 
5.908394813537598 
7.637108325958252 
5.103567123413086 
5.2167439460754395 
6.135998725891113 
5.160860061645508 
5.780923843383789 
4.968347549438477 
4.962182998657227 
4.894608497619629 
6.076660633087158 
5.076443672180176 
6.339159965515137 
4.784768104553223 
5.229018688201904 
5.004895210266113 
5.336248397827148 
5.202134609222412 
5.89896297454834 
5.075902938842773 
5.227993488311768 
4.911919593811035 
4.933533668518066 
8.716819763183594 
5.200958251953125 
5.23384428024292 
4.962037086486816 
8.33680534362793 
8.388023376464844 
4.9246954917907715 
5.5812859535217285 
5.08473014831543 
5.045600414276123 
5.030596733093262 
5.0041117668151855 
4.889895915985107 
6.4893317222595215 
6.15155029296875 
5.596713066101074 
4.936814785003662 
5.109021186828613 
5.14872407913208 
5.646673202514648 
4.884145736694336 
5.18594217300415 
5.79595947265625 
4.846418380737305 
5.145369529724121 
5.062560558319092 
5.754151344299316 
5.138752460479736 
4.954580307006836 
4.99715518951416 
5.031444549560547 
5.98907995223999 
5.090926647186279 
7.545332431793213 
5.461341857910156 
5.0422563552856445 
4.964094161987305 
5.372925758361816 
4.792975425720215 
4.989025592803955 
5.075423717498779 
5.009653091430664 
5.02074670791626 
5.076171875 
5.04792594909668 
6.594245433807373 
4.968137741088867 
5.1874542236328125 
4.907703876495361 
5.067020416259766 
4.82020378112793 
4.902915954589844 
5.1003522872924805 
5.126546859741211 
5.376580715179443 
4.794190406799316 
5.072284698486328 
5.135018825531006 
6.5020294189453125 
4.999754905700684 
5.489920616149902 
5.316465377807617 
7.019532203674316 
5.059131622314453 
5.002538681030273 
6.051582336425781 
6.224668025970459 
4.9180803298950195 
4.927702903747559 
4.878793239593506 
5.012535572052002 
6.36604118347168 
5.196963787078857 
5.357182502746582 
5.590400218963623 
6.04714822769165 
5.089151382446289 
5.403639316558838 
6.4133195877075195 
5.056776523590088 
5.071317672729492 
5.019891738891602 
5.20982551574707 
4.907387733459473 
6.557311534881592 
5.114785194396973 
9.38333511352539 
5.455407619476318 
5.005436897277832 
4.936689853668213 
5.647525787353516 
5.203457355499268 
6.912917137145996 
4.907405853271484 
4.83730411529541 
5.085855007171631 
4.912149429321289 
7.414858341217041 
4.898050785064697 
5.505148887634277 
5.012880325317383 
4.951906204223633 
4.827203750610352 
5.183659553527832 
5.126693248748779 
5.026656627655029 
4.830205917358398 
5.783761024475098 
5.356358528137207 
4.997371673583984 
5.087554931640625 
4.990604877471924 
5.447213649749756 
5.080970764160156 
5.139139175415039 
5.122750282287598 
5.169647216796875 
5.662425994873047 
5.005575180053711 
5.825031280517578 
5.285877227783203 
5.061250686645508 
8.242973327636719 
5.053622245788574 
5.06211519241333 
4.890844345092773 
5.6202592849731445 
4.9499430656433105 
5.091756820678711 
7.762724876403809 
4.959959506988525 
5.546807289123535 
5.046102046966553 
4.95554256439209 
4.934261322021484 
6.108756065368652 
4.944875240325928 
5.263452529907227 
5.270065784454346 
5.011087417602539 
4.929601669311523 
5.003191947937012 
5.030594825744629 
5.344246864318848 
5.1934099197387695 
4.950611114501953 
4.985326766967773 
4.981833457946777 
5.358792304992676 
6.000669479370117 
6.575510025024414 
5.308776378631592 
5.055906295776367 
5.050055503845215 
5.055690765380859 
6.558666229248047 
4.922972202301025 
8.549224853515625 
7.089200496673584 
5.1707282066345215 
5.070367813110352 
5.0271711349487305 
6.832552909851074 
5.0131988525390625 
5.094903945922852 
6.507740020751953 
7.446665287017822 
4.972840309143066 
5.420454502105713 
5.021884918212891 
5.125141620635986 
4.907805442810059 
5.074405193328857 
5.2305498123168945 
5.034768581390381 
5.530605792999268 
4.9542741775512695 
5.808441162109375 
4.816459655761719 
5.518975257873535 
7.2254743576049805 
5.047770977020264 
6.274404525756836 
5.029891490936279 
4.932390213012695 
5.30837345123291 
10.494794845581055 
4.988540172576904 
4.841616630554199 
4.954195499420166 
4.909667015075684 
5.015350341796875 
5.400322437286377 
5.13178014755249 
6.956263542175293 
5.1092529296875 
4.894891738891602 
6.707610130310059 
7.819798469543457 
6.9856133460998535 
5.116002559661865 
5.325045585632324 
4.927716255187988 
5.121158599853516 
4.827099800109863 
5.111013412475586 
5.622543811798096 
5.013111114501953 
5.035752296447754 
5.184689521789551 
4.956437587738037 
4.860272407531738 
5.6058759689331055 
4.981904983520508 
5.553810119628906 
4.741904258728027 
5.282351970672607 
5.182873725891113 
7.898659706115723 
4.9423508644104 
5.156167984008789 
8.282989501953125 
5.967959880828857 
4.906311988830566 
6.1681013107299805 
5.076594352722168 
5.004138469696045 
4.924360275268555 
5.000188827514648 
4.8470001220703125 
5.068947792053223 
4.786471366882324 
5.262966156005859 
5.0244855880737305 
5.154888153076172 
5.401132583618164 
5.178812026977539 
5.149042129516602 
5.240836143493652 
5.062301158905029 
5.2555036544799805 
5.1349053382873535 
5.114042282104492 
5.05272912979126 
7.365400791168213 
4.991661071777344 
4.98956823348999 
5.054551601409912 
4.983511924743652 
5.243492126464844 
7.022132873535156 
5.054765701293945 
5.758543014526367 
5.031198501586914 
5.483775615692139 
7.626632213592529 
5.052581787109375 
4.901735782623291 
6.280001163482666 
4.9804301261901855 
5.229158401489258 
5.799403190612793 
5.259482383728027 
5.033218860626221 
5.120892524719238 
5.062928199768066 
5.014011383056641 
5.325079441070557 
4.803730487823486 
7.612364768981934 
5.218139171600342 
4.964648246765137 
4.909764289855957 
5.035308837890625 
5.325236797332764 
4.995240211486816 
4.988971710205078 
5.993799686431885 
4.9560394287109375 
5.2884602546691895 
7.799411773681641 
5.606552600860596 
4.9803853034973145 
5.036082744598389 
5.337206840515137 
4.962322235107422 
5.08848237991333 
4.955802917480469 
6.07131290435791 
4.713657855987549 
5.547483444213867 
5.071572303771973 
6.495145797729492 
4.931885719299316 
5.109965801239014 
4.972262382507324 
5.1954216957092285 
5.233619689941406 
6.676496505737305 
5.055176734924316 
5.196859836578369 
5.002693176269531 
5.169381141662598 
5.42414665222168 
5.055902481079102 
5.012924671173096 
4.859688758850098 
5.008057117462158 
8.677751541137695 
5.107147216796875 
5.106823921203613 
4.978259563446045 
5.662609577178955 
5.096536636352539 
6.612234115600586 
5.044130802154541 
4.9863057136535645 
5.788346290588379 
4.939404487609863 
5.157097816467285 
4.8731489181518555 
5.0439229011535645 
5.061730861663818 
4.88770055770874 
4.930505752563477 
5.472555160522461 
6.467776775360107 
5.5798540115356445 
7.44012451171875 
5.608950614929199 
6.327463150024414 
4.773710250854492 
4.96307897567749 
4.871406555175781 
6.575052738189697 
4.805477619171143 
5.260042667388916 
5.87528133392334 
5.691435813903809 
8.038286209106445 
5.2252197265625 
4.962058067321777 
4.829296112060547 
4.956185340881348 
4.935671329498291 
5.16519832611084 
5.830437183380127 
5.319906711578369 
5.152139663696289 
5.643054008483887 
5.062146186828613 
4.874587059020996 
5.612082004547119 
5.805384635925293 
5.301356315612793 
5.048986911773682 
5.167041301727295 
5.1834940910339355 
5.003527641296387 
5.058198928833008 
7.3166046142578125 
5.440181732177734 
5.039998531341553 
4.938779354095459 
4.996669769287109 
5.154313087463379 
5.199085235595703 
7.90060567855835 
4.818482398986816 
5.014303207397461 
5.002488613128662 
5.196547508239746 
4.992671012878418 
5.498891830444336 
4.983550548553467 
4.756000995635986 
7.89993953704834 
6.4720354080200195 
5.185037612915039 
5.164126873016357 
7.737776756286621 
5.082403182983398 
8.50433349609375 
5.115882873535156 
5.243977069854736 
4.985383987426758 
5.089344024658203 
6.558953285217285 
5.006899356842041 
7.51820182800293 
4.951006889343262 
4.931275367736816 
7.080209255218506 
5.048131942749023 
5.909440994262695 
5.250406742095947 
5.289425373077393 
4.950519561767578 
5.05232048034668 
5.025867938995361 
4.908008575439453 
4.96433162689209 
5.660771369934082 
5.69102668762207 
7.088461875915527 
5.011099815368652 
5.172826766967773 
4.779749870300293 
5.812978744506836 
5.802917003631592 
5.046627044677734 
4.928459644317627 
4.953222751617432 
5.1536865234375 
5.814316272735596 
4.974021911621094 
5.118956089019775 
5.057548522949219 
4.94642448425293 
5.206424236297607 
5.199355602264404 
4.846981525421143 
5.017773628234863 
5.045453071594238 
5.619816303253174 
5.009025573730469 
5.28708553314209 
5.24595832824707 
5.079296112060547 
5.275864124298096 
5.05988883972168 
5.225996017456055 
5.141618728637695 
5.110618591308594 
4.959705352783203 
5.090609550476074 
6.455902099609375 
4.956124305725098 
5.153880596160889 
5.6200103759765625 
5.943949222564697 
4.931713104248047 
7.51909065246582 
4.937952041625977 
4.984466552734375 
4.882668495178223 
6.0556416511535645 
5.014793395996094 
4.792873382568359 
4.806347846984863 
5.020930767059326 
5.031314849853516 
5.437708377838135 
5.038557529449463 
4.971628189086914 
4.96429443359375 
5.055838584899902 
5.300837516784668 
5.166192054748535 
5.0029120445251465 
5.04073429107666 
6.635780334472656 
5.107555389404297 
5.042308807373047 
5.993732929229736 
5.1395344734191895 
6.152851581573486 
5.250053882598877 
4.965419769287109 
4.888334274291992 
5.1829376220703125 
5.030913352966309 
5.192079544067383 
4.881958484649658 
5.940443992614746 
4.883937358856201 
5.099710464477539 
5.151475429534912 
4.93955659866333 
5.282222747802734 
6.544011116027832 
5.242057800292969 
5.900875568389893 
5.028539180755615 
5.977740287780762 
5.849315643310547 
5.275600910186768 
5.297872543334961 
5.060115814208984 
4.9270734786987305 
4.980529308319092 
5.67323112487793 
5.10108757019043 
5.202624797821045 
5.101565361022949 
5.001093864440918 
4.924032211303711 
4.9768877029418945 
5.192584991455078 
4.977808475494385 
5.18024206161499 
5.512198448181152 
4.851315498352051 
5.052351951599121 
4.9247236251831055 
5.273806571960449 
5.365634918212891 
5.07763671875 
5.0933098793029785 
5.390930652618408 
4.9474687576293945 
5.01243782043457 
5.014264106750488 
5.113228797912598 
6.751370429992676 
5.027535915374756 
5.135658264160156 
4.993680953979492 
4.877079963684082 
4.97355842590332 
5.420835494995117 
5.898763656616211 
6.083538055419922 
6.378853797912598 
4.921727180480957 
7.217812538146973 
4.930028438568115 
5.208520889282227 
5.102418899536133 
8.539087295532227 
4.954204082489014 
4.94191837310791 
5.035651206970215 
5.373653411865234 
4.967633247375488 
6.254665374755859 
5.033265113830566 
5.193052291870117 
5.927101135253906 
4.883888244628906 
4.869568347930908 
5.025907516479492 
5.126406669616699 
5.106684684753418 
5.065671920776367 
5.02034330368042 
6.843815326690674 
6.654224395751953 
5.0976762771606445 
5.190067291259766 
4.969460487365723 
5.82364559173584 
5.000242233276367 
5.021297454833984 
7.94966983795166 
5.273752689361572 
5.331445693969727 
5.170616149902344 
4.966216087341309 
7.164216041564941 
5.858962059020996 
6.430270195007324 
5.116036415100098 
5.1627912521362305 
5.531233310699463 
5.066638946533203 
5.248291969299316 
6.452157020568848 
4.961992263793945 
4.997882843017578 
5.139677047729492 
4.980261325836182 
5.0844244956970215 
4.923079490661621 
9.586511611938477 
4.970577239990234 
4.985860347747803 
5.0628132820129395 
4.985010623931885 
4.903964042663574 
4.971950531005859 
4.935319423675537 
5.587141036987305 
7.211513519287109 
6.923488616943359 
5.5875725746154785 
5.254554748535156 
4.883364677429199 
5.813332557678223 
4.889183521270752 
5.004487991333008 
5.195705890655518 
4.954519748687744 
6.1987223625183105 
5.162371635437012 
5.033830165863037 
5.075008392333984 
5.0262837409973145 
6.076678276062012 
9.12639045715332 
5.171075344085693 
5.041855812072754 
5.103278160095215 
5.1978044509887695 
4.9889373779296875 
7.074706077575684 
5.067404747009277 
5.150874137878418 
4.926673889160156 
5.0483012199401855 
4.9579925537109375 
5.0026750564575195 
4.948281764984131 
5.2537665367126465 
5.211924076080322 
5.758656024932861 
6.084750175476074 
4.958680152893066 
4.977124214172363 
5.018864631652832 
4.993791580200195 
7.355247497558594 
5.076184272766113 
5.16658878326416 
7.095151901245117 
4.929006576538086 
4.889887809753418 
5.95159387588501 
5.050602912902832 
6.937168121337891 
5.539340972900391 
4.89454984664917 
5.228062629699707 
5.007913589477539 
4.991936206817627 
5.070888996124268 
4.844708442687988 
5.838804244995117 
7.634557247161865 
5.555880546569824 
5.161673545837402 
4.934528827667236 
5.009398460388184 
5.027273178100586 
4.834875106811523 
5.348789215087891 
5.360818862915039 
5.003795623779297 
5.011347770690918 
5.064446926116943 
5.140842437744141 
5.1377177238464355 
5.040060997009277 
5.833843231201172 
5.229008674621582 
5.185949325561523 
5.08243465423584 
4.990188121795654 
5.050816535949707 
5.205317974090576 
5.1927385330200195 
7.077286243438721 
5.059124946594238 
5.145336151123047 
5.034100532531738 
5.099926948547363 
4.922439098358154 
5.158951759338379 
5.284760475158691 
4.840737342834473 
6.016635417938232 
5.249006748199463 
4.951050758361816 
4.962786674499512 
5.041810989379883 
5.591567039489746 
7.252696990966797 
5.440859317779541 
5.27071475982666 
5.020983695983887 
5.111396789550781 
4.908288478851318 
5.1981096267700195 
4.932217597961426 
4.942892074584961 
5.815037727355957 
5.188212871551514 
4.983107566833496 
8.379119873046875 
5.26924467086792 
4.810494422912598 
5.008333206176758 
6.242985725402832 
6.8964715003967285 
6.597776889801025 
5.113256454467773 
5.054851531982422 
5.070574760437012 
5.986894607543945 
4.886336803436279 
6.316412925720215 
5.153943061828613 
5.343757629394531 
4.8523149490356445 
5.297175407409668 
5.096701622009277 
4.870817184448242 
5.039392471313477 
5.8991827964782715 
5.098134994506836 
5.969766616821289 
5.244304656982422 
5.070707321166992 
5.250394821166992 
5.520709991455078 
4.962594032287598 
5.712538242340088 
5.931272029876709 
5.339621543884277 
4.963382720947266 
4.911498069763184 
5.111504554748535 
5.02916145324707 
6.569163799285889 
5.102886199951172 
4.840148448944092 
8.656816482543945 
5.17055606842041 
5.143768310546875 
7.476380825042725 
6.918584823608398 
5.386353492736816 
6.642034530639648 
5.139306545257568 
5.312564849853516 
4.94666051864624 
5.05132532119751 
4.927981853485107 
4.992918491363525 
4.952261924743652 
6.095343589782715 
4.982576847076416 
6.376354217529297 
4.990766525268555 
7.903775691986084 
4.996150970458984 
5.011654853820801 
5.200369834899902 
5.075031280517578 
6.096077919006348 
5.0699872970581055 
7.291615962982178 
5.3741302490234375 
5.281858921051025 
5.127894401550293 
4.854199409484863 
5.526926040649414 
5.048154830932617 
5.005677223205566 
4.986113548278809 
4.937414646148682 
5.07525634765625 
4.951552867889404 
5.697629928588867 
4.943065643310547 
4.855846405029297 
4.995565414428711 
4.991120338439941 
5.629504203796387 
5.032837867736816 
4.99599552154541 
5.8514299392700195 
4.826695919036865 
7.709615707397461 
5.1205153465271 
6.1024909019470215 
4.91888952255249 
4.9826436042785645 
5.009125709533691 
5.066369533538818 
4.895755767822266 
5.05152702331543 
5.386470794677734 
5.751839637756348 
5.04124641418457 
5.017930507659912 
5.083799362182617 
6.59975528717041 
4.964299201965332 
4.965639114379883 
5.253095626831055 
5.156460285186768 
4.945862770080566 
5.934152603149414 
4.996744155883789 
7.595991134643555 
6.974958419799805 
4.833596706390381 
5.029174327850342 
4.961166858673096 
4.993382453918457 
5.071226119995117 
5.24864387512207 
4.879453659057617 
5.207480430603027 
5.160306453704834 
4.99178409576416 
5.167184829711914 
5.457348823547363 
5.870835781097412 
4.992148399353027 
5.023492813110352 
5.010460376739502 
5.081809997558594 
5.115057945251465 
5.228721618652344 
5.134185791015625 
7.571248531341553 
6.417263984680176 
6.452262878417969 
5.718759536743164 
4.958709716796875 
5.102193832397461 
5.496519088745117 
4.907876968383789 
5.901771545410156 
5.070038318634033 
5.1191534996032715 
4.884974002838135 
6.982252597808838 
5.109792709350586 
8.3754301071167 
5.0233612060546875 
5.009627819061279 
5.1400580406188965 
4.856691837310791 
5.104703903198242 
4.954283237457275 
4.896785736083984 
4.9366583824157715 
4.910129547119141 
5.117427349090576 
5.175601959228516 
5.085482597351074 
6.938493728637695 
5.4909820556640625 
6.089939117431641 
5.996150970458984 
7.998696804046631 
4.938685417175293 
4.882818222045898 
5.018701076507568 
5.170491695404053 
4.979510307312012 
5.380803108215332 
5.14538049697876 
4.974654197692871 
5.0929951667785645 
4.914409160614014 
4.940974235534668 
4.972355842590332 
7.284674167633057 
5.030117034912109 
5.254816055297852 
4.952093124389648 
6.463181495666504 
5.18473482131958 
6.421241283416748 
7.210620880126953 
4.927731990814209 
4.965702533721924 
5.389193534851074 
6.131739616394043 
5.258428573608398 
5.135766506195068 
6.444689750671387 
4.92458438873291 
5.920408248901367 
6.158298492431641 
5.64571475982666 
4.90208625793457 
5.008384704589844 
4.926861763000488 
5.325151443481445 
5.015291690826416 
5.1940813064575195 
5.014158725738525 
4.923299789428711 
4.999223709106445 
4.958788871765137 
5.140830039978027 
4.905874252319336 
5.0295329093933105 
6.286042213439941 
6.7628254890441895 
5.108144760131836 
6.13124418258667 
5.163917541503906 
4.926724910736084 
6.051231384277344 
5.115020751953125 
4.96980094909668 
5.343188285827637 
6.769580364227295 
5.13779354095459 
5.176042079925537 
5.228703022003174 
4.925498962402344 
5.024151802062988 
4.963580131530762 
7.689395904541016 
5.305253505706787 
5.053101539611816 
5.091165542602539 
7.513839244842529 
8.041932106018066 
5.424488067626953 
5.279293060302734 
5.155123233795166 
8.025803565979004 
5.65529727935791 
5.017238140106201 
4.901838302612305 
5.065748691558838 
6.004217147827148 
5.02249813079834 
5.076543807983398 
5.247262954711914 
5.130090713500977 
5.047479629516602 
5.401334762573242 
7.32861328125 
5.817923545837402 
5.66411018371582 
8.226629257202148 
7.125162124633789 
4.966429710388184 
5.176162242889404 
5.5924224853515625 
4.960277557373047 
4.989335060119629 
4.780834197998047 
5.422122955322266 
4.914593696594238 
4.8927202224731445 
5.196285247802734 
4.934700012207031 
4.947037220001221 
4.974890232086182 
8.216065406799316 
5.648983955383301 
5.205440521240234 
4.963261127471924 
6.552412033081055 
5.0416693687438965 
7.722805500030518 
4.990467071533203 
4.886835098266602 
5.0522074699401855 
5.068416118621826 
5.736875534057617 
5.903575897216797 
5.215399265289307 
5.129558086395264 
6.274515151977539 
5.354852676391602 
5.414961814880371 
6.666776657104492 
5.2724151611328125 
5.222357273101807 
4.990890026092529 
7.015777111053467 
5.197422981262207 
4.950305938720703 
4.920435905456543 
7.032318115234375 
5.007408142089844 
4.974518775939941 
4.993135452270508 
5.028989791870117 
5.081075668334961 
5.164658546447754 
5.017006874084473 
6.049446105957031 
6.860525608062744 
5.0893964767456055 
5.124308109283447 
5.027050495147705 
4.954191207885742 
6.307727813720703 
5.106607437133789 
5.326051712036133 
5.0222554206848145 
6.236449241638184 
4.997646331787109 
4.97710657119751 
5.047926902770996 
5.090373516082764 
5.253144264221191 
5.226372241973877 
7.20746374130249 
5.147630214691162 
5.086764335632324 
5.035938262939453 
4.981945037841797 
5.017637729644775 
5.167815208435059 
4.944975852966309 
5.09421443939209 
4.9958062171936035 
4.971020698547363 
5.019608020782471 
5.393683433532715 
5.140522003173828 
5.4663801193237305 
5.606579303741455 
5.274750232696533 
5.00056266784668 
5.146384239196777 
4.91136360168457 
5.017214775085449 
5.367182731628418 
5.725201606750488 
5.0111799240112305 
4.984323978424072 
5.246010780334473 
5.03446102142334 
6.5164289474487305 
5.12540340423584 
6.038557052612305 
5.641037464141846 
4.8489179611206055 
5.089365005493164 
5.108921051025391 
5.007726669311523 
7.341584205627441 
5.287446022033691 
5.008808135986328 
4.698919296264648 
5.732480049133301 
8.152880668640137 
4.881968021392822 
5.295731544494629 
9.12778091430664 
4.997193813323975 
4.939157009124756 
5.347700119018555 
5.1603264808654785 
5.024083137512207 
5.320291519165039 
5.298061847686768 
6.625141143798828 
5.072246551513672 
4.945919990539551 
5.006682872772217 
5.16792631149292 
6.079845428466797 
5.5791192054748535 
5.086416721343994 
7.041104316711426 
5.279197692871094 
8.27164077758789 
7.2733845710754395 
5.288677215576172 
5.0195441246032715 
5.0986456871032715 
4.853759288787842 
5.003562927246094 
6.683100700378418 
5.413247108459473 
5.331089973449707 
5.1094512939453125 
5.1130876541137695 
5.365041732788086 
5.954852104187012 
4.965696811676025 
5.053807735443115 
5.138527870178223 
5.017516136169434 
4.9171271324157715 
5.331653594970703 
8.319772720336914 
5.093356609344482 
4.886590003967285 
5.05911111831665 
5.1660356521606445 
6.269822120666504 
5.259198188781738 
7.0875396728515625 
4.840033531188965 
8.239989280700684 
5.044869422912598 
5.058610916137695 
6.055814266204834 
4.984706401824951 
4.877145767211914 
4.990670204162598 
4.946532726287842 
5.220325469970703 
4.851302623748779 
6.680055141448975 
7.6880693435668945 
6.5176544189453125 
5.102822303771973 
5.57717227935791 
4.9713897705078125 
5.915319442749023 
7.776144504547119 
5.209366798400879 
5.059563636779785 
4.862661361694336 
5.566653251647949 
5.0371012687683105 
5.180728912353516 
5.4273576736450195 
4.933537483215332 
5.124246597290039 
5.016264915466309 
5.0670928955078125 
4.772580146789551 
4.97722053527832 
5.214788436889648 
5.133949279785156 
4.911457061767578 
5.274426460266113 
5.655901908874512 
5.42117166519165 
5.126249313354492 
5.035710334777832 
5.036757469177246 
5.17167854309082 
5.554462432861328 
4.954760551452637 
5.623106956481934 
5.203157424926758 
5.170955181121826 
5.489468574523926 
5.529092788696289 
4.765061378479004 
5.207334518432617 
5.195191383361816 
5.016536235809326 
5.408384799957275 
5.191581726074219 
5.188873767852783 
5.00208854675293 
5.197908401489258 
4.941961765289307 
5.070783615112305 
5.135507106781006 
5.425474166870117 
5.148634910583496 
5.174521446228027 
4.7153825759887695 
5.097897529602051 
4.897781848907471 
5.470163345336914 
5.01942253112793 
6.119758605957031 
5.071943283081055 
6.143693447113037 
5.031230926513672 
5.161538124084473 
4.965171813964844 
5.062051773071289 
4.781039237976074 
6.097574710845947 
4.911656379699707 
5.032865047454834 
5.020310401916504 
5.001416206359863 
5.0577545166015625 
5.066619873046875 
5.112164497375488 
5.762834548950195 
5.028782844543457 
5.309077262878418 
5.1312665939331055 
4.98974084854126 
5.030198097229004 
5.212340831756592 
4.971103668212891 
4.960987567901611 
5.025317192077637 
5.698787689208984 
5.009171485900879 
5.017496109008789 
5.136916637420654 
4.855671405792236 
5.019832611083984 
4.956329345703125 
6.788865089416504 
5.011030197143555 
4.968483924865723 
4.926306247711182 
4.949997901916504 
5.009573936462402 
5.296887397766113 
5.061527729034424 
9.380229949951172 
5.072630882263184 
4.930699348449707 
5.121605396270752 
5.314016342163086 
6.325818061828613 
5.420541763305664 
4.9615092277526855 
4.953089714050293 
5.08551025390625 
5.237086296081543 
5.139591217041016 
4.950997352600098 
8.661595344543457 
4.919641494750977 
4.91618537902832 
5.389019966125488 
5.275912761688232 
4.799600601196289 
5.2935075759887695 
6.260993480682373 
5.096289157867432 
4.9462480545043945 
5.093233585357666 
5.188032150268555 
4.9763360023498535 
4.909491539001465 
4.953866004943848 
5.911378860473633 
5.143852233886719 
5.982675075531006 
5.374590873718262 
5.214982509613037 
5.484790802001953 
4.9311981201171875 
5.013357162475586 
5.201197624206543 
4.97224235534668 
5.051892280578613 
5.619610786437988 
8.269486427307129 
5.527394771575928 
4.905327796936035 
5.066032409667969 
5.209964275360107 
5.196802139282227 
5.343094348907471 
4.832767486572266 
5.047877311706543 
5.0336503982543945 
5.211318492889404 
5.139581203460693 
5.4450578689575195 
6.505882740020752 
4.924953460693359 
5.089790344238281 
4.85966157913208 
5.772062301635742 
4.836012363433838 
5.977890491485596 
5.0163655281066895 
6.464707374572754 
5.931509494781494 
7.6435160636901855 
5.115264892578125 
4.991082191467285 
4.688539028167725 
5.008766174316406 
5.104994773864746 
5.494218349456787 
5.484619617462158 
5.0069074630737305 
5.034445762634277 
5.629395008087158 
4.989176273345947 
5.301359176635742 
5.134969234466553 
5.259845733642578 
5.261048316955566 
5.466338634490967 
5.110431671142578 
5.748099327087402 
6.644041538238525 
5.025805473327637 
4.9962053298950195 
5.064758777618408 
4.90749454498291 
5.080677032470703 
5.152500629425049 
5.140480995178223 
4.895599365234375 
4.960634231567383 
5.088138580322266 
7.022527694702148 
4.9113545417785645 
4.830961227416992 
5.014159202575684 
5.348865509033203 
5.050276756286621 
6.449150562286377 
6.354286193847656 
5.1314191818237305 
5.058837890625 
5.744990348815918 
5.794554233551025 
5.970225811004639 
8.287435531616211 
5.2865400314331055 
5.389544486999512 
4.945827484130859 
5.292252540588379 
5.392343521118164 
4.925734519958496 
5.545379638671875 
5.143286228179932 
4.967426300048828 
5.007616996765137 
4.812575340270996 
6.270237922668457 
5.123024940490723 
5.046268939971924 
5.337807655334473 
5.061379432678223 
4.9405317306518555 
5.791301727294922 
5.0044684410095215 
5.1383280754089355 
5.281156539916992 
5.769323825836182 
5.367846488952637 
7.349778175354004 
4.876544952392578 
4.985207557678223 
6.695473670959473 
4.933634281158447 
5.258297920227051 
5.225503921508789 
4.803839683532715 
5.475938320159912 
5.598975658416748 
5.644139289855957 
4.891490936279297 
6.5568695068359375 
5.272914886474609 
4.84926700592041 
4.962381362915039 
4.913591384887695 
5.206808090209961 
5.219625473022461 
7.147706508636475 
4.992745399475098 
5.2422075271606445 
5.094765663146973 
5.462447643280029 
4.891363143920898 
5.220198631286621 
5.092134475708008 
6.9386701583862305 
4.932959079742432 
5.195032596588135 
5.506110668182373 
5.09624719619751 
5.055095195770264 
5.564881324768066 
4.995778560638428 
5.404941558837891 
6.385740280151367 
5.011274337768555 
4.982641696929932 
4.944235801696777 
4.859875202178955 
5.0712080001831055 
5.077395439147949 
6.207468032836914 
5.143131256103516 
4.874845027923584 
5.969822406768799 
5.099180221557617 
4.957777976989746 
5.261862277984619 
5.276298522949219 
5.098838806152344 
4.960837364196777 
5.25691032409668 
5.064279079437256 
5.155231475830078 
5.051714897155762 
4.99525260925293 
5.16756534576416 
7.19669771194458 
4.92851448059082 
4.9616594314575195 
5.059221267700195 
5.086305618286133 
4.96665620803833 
8.426549911499023 
4.997262001037598 
5.754139423370361 
8.810550689697266 
5.456822395324707 
5.897673606872559 
4.93850040435791 
5.2090373039245605 
5.109645843505859 
5.051392555236816 
5.215207576751709 
5.033536911010742 
4.995120525360107 
5.825695991516113 
7.635149002075195 
4.981904029846191 
5.16256856918335 
5.058341026306152 
5.390225887298584 
5.028290271759033 
5.070904731750488 
5.1541314125061035 
4.960051536560059 
6.313930511474609 
5.004510402679443 
4.728919982910156 
5.072487831115723 
4.982110023498535 
5.723390102386475 
5.520341873168945 
4.972365379333496 
5.077465057373047 
4.963814735412598 
4.961556911468506 
6.064939498901367 
7.149715900421143 
5.019301414489746 
5.048165321350098 
4.978269577026367 
5.059601783752441 
5.287654876708984 
5.085737705230713 
5.007104873657227 
6.132099151611328 
5.102726459503174 
8.180734634399414 
5.058244705200195 
4.947954177856445 
5.926385879516602 
5.103710174560547 
4.965734481811523 
4.924616813659668 
5.174371719360352 
5.0491461753845215 
6.169975757598877 
5.115682601928711 
4.99887752532959 
5.224539279937744 
7.001748085021973 
5.625696182250977 
5.013847351074219 
5.182373046875 
6.828673362731934 
5.177125930786133 
6.05783748626709 
6.334134101867676 
7.882715225219727 
4.941282272338867 
5.507286548614502 
5.12049674987793 
4.751916885375977 
5.009235382080078 
5.663763523101807 
4.981184959411621 
6.826327323913574 
5.045529365539551 
5.918668746948242 
5.145214080810547 
5.6443023681640625 
5.682316780090332 
5.887313365936279 
4.9767866134643555 
5.064496040344238 
4.965340614318848 
5.003136157989502 
5.032252788543701 
5.272854804992676 
5.214444160461426 
6.748432636260986 
5.2027788162231445 
5.127563953399658 
5.493230819702148 
4.9558634757995605 
5.0191192626953125 
5.107793807983398 
5.01080322265625 
5.597344398498535 
6.734733581542969 
5.10087251663208 
4.956912040710449 
5.15908145904541 
4.9808268547058105 
5.369201183319092 
5.004002571105957 
6.367690086364746 
6.79732608795166 
5.087597370147705 
7.263434410095215 
5.081326007843018 
5.168760776519775 
5.18559455871582 
5.191651344299316 
4.941043853759766 
5.234126091003418 
5.518030166625977 
5.482311725616455 
5.106960296630859 
5.039420127868652 
6.524621963500977 
4.996784210205078 
4.934161186218262 
4.847272872924805 
6.86276912689209 
5.3887715339660645 
7.18562126159668 
5.083254814147949 
5.271610260009766 
5.032968997955322 
5.209364891052246 
6.620944023132324 
4.938881874084473 
5.314117431640625 
5.132437705993652 
4.781521797180176 
7.700692653656006 
4.951347351074219 
5.272465229034424 
5.067307949066162 
4.709294319152832 
5.009774208068848 
5.634881496429443 
6.493007183074951 
5.490313529968262 
5.101844787597656 
4.903204917907715 
5.000241756439209 
5.011551856994629 
5.781337738037109 
4.9042463302612305 
5.232019424438477 
5.106451034545898 
5.073118209838867 
4.939882278442383 
6.761674880981445 
5.094380855560303 
5.081703186035156 
5.220417499542236 
5.535743713378906 
6.365503311157227 
5.704585552215576 
4.930780410766602 
5.197587966918945 
5.344344139099121 
5.232630729675293 
5.153424263000488 
5.394509792327881 
4.801227569580078 
5.130706787109375 
5.108287811279297 
5.195925712585449 
7.922604084014893 
4.948603630065918 
4.978209972381592 
5.020502090454102 
5.3986735343933105 
5.139082908630371 
4.961360931396484 
5.790215969085693 
4.87235689163208 
7.992654800415039 
4.96523380279541 
5.071932315826416 
5.0605902671813965 
6.150985240936279 
4.927548885345459 
5.008762359619141 
5.150896072387695 
5.18147611618042 
5.198086261749268 
4.8972063064575195 
5.271448135375977 
6.07974100112915 
5.3558268547058105 
5.0550737380981445 
5.384961128234863 
4.963138580322266 
5.677548408508301 
5.068344593048096 
5.9478254318237305 
4.948493480682373 
5.060474395751953 
5.0250654220581055 
5.127978324890137 
5.066655158996582 
4.96761417388916 
4.910019874572754 
4.972672939300537 
7.113554954528809 
5.054095268249512 
5.917447566986084 
6.232064247131348 
5.064054489135742 
4.955781936645508 
5.082356929779053 
4.925950050354004 
6.700798511505127 
4.936223983764648 
6.769680023193359 
4.904993057250977 
6.466964244842529 
5.504651069641113 
4.996352195739746 
5.338930130004883 
5.471159934997559 
7.596669673919678 
5.092109203338623 
5.258410453796387 
4.851294994354248 
4.988885402679443 
5.079251766204834 
5.0546040534973145 
4.806474208831787 
4.94970178604126 
4.944448947906494 
5.079109191894531 
4.967698097229004 
5.333761215209961 
6.101123809814453 
4.928371429443359 
4.873779296875 
5.5202860832214355 
6.21480655670166 
6.989993095397949 
5.176697731018066 
4.993874549865723 
4.809619903564453 
5.0405120849609375 
5.072250843048096 
4.983919620513916 
5.10915470123291 
4.977532386779785 
5.445864677429199 
5.086725234985352 
7.442575454711914 
5.0116777420043945 
5.0053510665893555 
6.637965202331543 
5.025644302368164 
5.050527572631836 
7.459282875061035 
5.125921249389648 
5.14966344833374 
4.925087928771973 
4.916263580322266 
4.885497093200684 
5.03179407119751 
5.806317329406738 
5.014487266540527 
4.9610419273376465 
4.926841735839844 
4.919526100158691 
5.09065055847168 
5.027103424072266 
5.106128215789795 
5.117608070373535 
4.969038009643555 
5.537635326385498 
4.906959533691406 
5.121841907501221 
5.670661449432373 
5.237547397613525 
5.282659530639648 
6.651578903198242 
5.9177141189575195 
4.846807956695557 
4.918105602264404 
5.0866289138793945 
5.6272125244140625 
5.106080532073975 
7.70481014251709 
5.1801042556762695 
4.977334022521973 
4.91719388961792 
5.273537635803223 
8.689077377319336 
6.105944633483887 
6.95065975189209 
4.988690376281738 
4.96207332611084 
5.215518474578857 
5.054928779602051 
8.735298156738281 
4.996891021728516 
4.873501777648926 
5.525556564331055 
8.338287353515625 
4.804743766784668 
4.9985175132751465 
5.423593521118164 
5.100773334503174 
5.738545894622803 
5.685916900634766 
4.98477029800415 
5.118766784667969 
5.047093391418457 
5.011801719665527 
5.898118019104004 
5.009339809417725 
4.922751426696777 
4.988557815551758 
5.071795463562012 
4.943394660949707 
5.192453384399414 
4.84149169921875 
4.932132720947266 
5.822910308837891 
6.3044891357421875 
5.469467639923096 
5.089268684387207 
5.0547943115234375 
5.079540252685547 
5.113926410675049 
5.573901176452637 
5.338596343994141 
5.039321422576904 
5.2537078857421875 
4.973798751831055 
6.985098838806152 
5.364763259887695 
5.0637311935424805 
5.213086128234863 
5.005146026611328 
4.9329729080200195 
5.684945106506348 
5.059006690979004 
4.927818298339844 
4.9179205894470215 
4.917140007019043 
4.903687000274658 
5.457744121551514 
5.009232521057129 
8.162108421325684 
5.1550517082214355 
5.0252227783203125 
4.81935977935791 
5.034453392028809 
4.941847801208496 
5.035811424255371 
5.026181697845459 
5.08859920501709 
6.070417404174805 
6.819353103637695 
4.995229721069336 
4.963341236114502 
4.869275093078613 
5.621417999267578 
5.893295764923096 
4.912297248840332 
5.135176658630371 
5.048693656921387 
4.957308769226074 
5.054520606994629 
5.053417205810547 
5.020168304443359 
5.322932720184326 
5.055766582489014 
4.816592693328857 
5.078028678894043 
5.044373989105225 
5.572994232177734 
5.070021629333496 
5.071707248687744 
4.872837543487549 
5.068897247314453 
5.037672996520996 
5.956174850463867 
5.7035722732543945 
4.883195877075195 
4.996814727783203 
5.218877792358398 
6.810323715209961 
4.8808488845825195 
4.786954402923584 
5.191549777984619 
6.15382719039917 
6.2815093994140625 
5.4416961669921875 
4.940546035766602 
5.023324489593506 
5.08094596862793 
5.054662704467773 
6.301811695098877 
5.008221626281738 
6.181295871734619 
5.097777366638184 
5.240164279937744 
5.262375831604004 
5.656709671020508 
4.889704704284668 
6.252011299133301 
7.486337184906006 
5.308328628540039 
7.34121036529541 
5.038651466369629 
5.0459675788879395 
5.097850799560547 
5.053843975067139 
5.1239824295043945 
5.053516387939453 
5.131401062011719 
5.6746506690979 
5.036849498748779 
4.926058769226074 
5.003676414489746 
6.284167289733887 
5.029653549194336 
6.248424530029297 
5.224922180175781 
4.893978118896484 
4.977096080780029 
4.944588661193848 
5.8766584396362305 
5.007493019104004 
8.255977630615234 
4.8199462890625 
5.612942218780518 
5.053876876831055 
4.976752758026123 
5.039955139160156 
5.227889537811279 
5.48969030380249 
5.077159881591797 
5.090623378753662 
5.100838661193848 
4.881810665130615 
5.135692119598389 
4.974122047424316 
5.200603008270264 
6.748466491699219 
5.602414608001709 
5.074222087860107 
4.894301414489746 
4.942155361175537 
4.962553024291992 
5.116636276245117 
4.943602561950684 
6.5849080085754395 
5.00527811050415 
5.073355674743652 
5.331851482391357 
6.269317626953125 
5.124668598175049 
4.9948248863220215 
4.961243629455566 
5.185180187225342 
4.976539611816406 
4.882811546325684 
5.403979301452637 
4.979120254516602 
5.097371578216553 
4.974021911621094 
7.744344711303711 
6.499002456665039 
5.100856781005859 
4.988875389099121 
4.974628925323486 
4.972967147827148 
4.855520248413086 
4.931597709655762 
5.069439888000488 
5.031024932861328 
7.773796081542969 
5.171830177307129 
5.062870979309082 
4.976808547973633 
4.8410258293151855 
5.868399143218994 
5.086978435516357 
5.661692142486572 
5.47078800201416 
5.0040283203125 
5.2316484451293945 
5.239482402801514 
4.959720134735107 
4.935463905334473 
5.293045520782471 
4.919079303741455 
5.156008720397949 
5.340865135192871 
5.416410446166992 
7.884363651275635 
5.842945575714111 
10.036982536315918 
5.021285533905029 
4.953135013580322 
5.78068208694458 
5.050257205963135 
5.055147171020508 
5.50871467590332 
4.948517799377441 
5.6169023513793945 
6.09813117980957 
5.351093292236328 
4.948609352111816 
4.906476974487305 
5.053650379180908 
7.717660903930664 
5.087554454803467 
5.020055770874023 
5.030681610107422 
6.389179229736328 
5.003513336181641 
5.191572666168213 
5.59152889251709 
5.229433059692383 
5.4122419357299805 
5.070709228515625 
6.143106460571289 
4.908627033233643 
5.093745231628418 
5.090757369995117 
4.926830291748047 
5.025576114654541 
4.920095443725586 
5.119208335876465 
5.151869297027588 
5.134088039398193 
4.9583516120910645 
5.679027557373047 
5.0451202392578125 
5.109157562255859 
6.165220737457275 
7.1378703117370605 
4.920645713806152 
6.2777557373046875 
5.424251556396484 
5.638827800750732 
5.034550666809082 
4.963743686676025 
5.09492301940918 
5.554490566253662 
6.293091773986816 
4.96577262878418 
5.088643550872803 
5.626628875732422 
5.109564304351807 
5.073415279388428 
5.038960933685303 
4.998568058013916 
5.141784191131592 
5.554653167724609 
5.013952732086182 
4.911098480224609 
5.160256862640381 
6.9229631423950195 
5.136086463928223 
5.064411163330078 
5.934085845947266 
4.902467727661133 
5.0871124267578125 
5.0400471687316895 
5.088746070861816 
5.706916809082031 
4.94710111618042 
5.086960792541504 
4.988947868347168 
5.010103225708008 
5.243122100830078 
4.996537208557129 
5.107858657836914 
7.668105602264404 
6.410028457641602 
5.071253776550293 
5.078262805938721 
6.228193283081055 
4.773232936859131 
5.538346767425537 
6.1050920486450195 
4.897017002105713 
5.159358501434326 
4.903080940246582 
5.028108596801758 
8.132505416870117 
6.184662342071533 
5.1738176345825195 
6.627867698669434 
5.005558967590332 
6.206182956695557 
6.662693977355957 
4.968862533569336 
5.238226413726807 
4.968074798583984 
7.00174617767334 
4.9977521896362305 
5.108474254608154 
5.004971504211426 
4.9588823318481445 
8.530214309692383 
8.157708168029785 
7.909571647644043 
5.048550605773926 
4.996673583984375 
5.028728008270264 
4.880865097045898 
5.016901016235352 
4.828801155090332 
4.921494483947754 
5.16178035736084 
5.073336601257324 
5.119361400604248 
7.132471084594727 
6.9454345703125 
5.301729679107666 
4.9220123291015625 
4.946640491485596 
5.159880638122559 
5.268962383270264 
6.744235992431641 
5.9415483474731445 
4.984660625457764 
5.111408233642578 
5.876425266265869 
7.250182151794434 
5.078211307525635 
5.018831253051758 
4.994290351867676 
5.039690017700195 
5.087597846984863 
6.808699131011963 
5.654208660125732 
5.119021892547607 
5.08775520324707 
7.749886512756348 
5.132941246032715 
5.154872417449951 
8.15320873260498 
6.1013383865356445 
5.143503189086914 
4.971462249755859 
5.119297981262207 
5.39152717590332 
4.9853515625 
5.135929584503174 
4.9830474853515625 
5.070034980773926 
6.829011917114258 
4.915470600128174 
5.045626640319824 
5.498779296875 
4.965387344360352 
5.33414363861084 
5.130452632904053 
6.379753112792969 
5.943612575531006 
5.060890197753906 
4.923226356506348 
5.048595905303955 
5.317292213439941 
4.8924689292907715 
4.963376522064209 
6.276271343231201 
4.992903232574463 
5.204952239990234 
5.133021831512451 
7.516949653625488 
5.381423473358154 
4.7727861404418945 
4.976555824279785 
6.314952373504639 
5.205026149749756 
4.865847587585449 
5.507540702819824 
5.137560844421387 
5.129437446594238 
4.997580051422119 
5.035650253295898 
5.385444164276123 
5.018076419830322 
6.582289218902588 
5.469066143035889 
5.126583576202393 
4.949822902679443 
4.935027599334717 
5.871420860290527 
5.768205642700195 
4.914623260498047 
5.024892807006836 
7.108309745788574 
4.9961137771606445 
6.098757743835449 
4.855302810668945 
4.9003753662109375 
5.604506015777588 
4.978498935699463 
4.8765740394592285 
5.003269195556641 
6.3115949630737305 
5.198253631591797 
6.107536792755127 
5.52866268157959 
5.841371536254883 
8.517244338989258 
5.0446929931640625 
5.113607406616211 
5.311257839202881 
5.313838005065918 
6.505433559417725 
5.5017852783203125 
5.020688533782959 
5.144161701202393 
9.418354034423828 
6.145130634307861 
4.803716659545898 
5.056356906890869 
5.019720554351807 
6.882458686828613 
5.637635231018066 
4.963789463043213 
4.845999240875244 
4.93712043762207 
5.014702796936035 
5.0637969970703125 
5.504563331604004 
4.761104106903076 
5.287105083465576 
4.8888630867004395 
4.947381019592285 
5.055788040161133 
5.1182942390441895 
4.975533485412598 
5.257993698120117 
7.614260673522949 
7.176006317138672 
5.082871437072754 
4.990096569061279 
5.219440460205078 
5.5700178146362305 
5.040986061096191 
4.960987091064453 
5.394368648529053 
5.017142295837402 
5.3448286056518555 
5.327729225158691 
9.005949020385742 
4.999905586242676 
5.229303359985352 
5.066200256347656 
5.0309367179870605 
5.040401458740234 
5.489878177642822 
5.1951775550842285 
5.024972915649414 
6.3150482177734375 
5.4480881690979 
7.598753929138184 
5.135366916656494 
5.627823352813721 
4.909477233886719 
7.616896152496338 
5.4903950691223145 
5.071990966796875 
5.121087551116943 
4.877795219421387 
4.951038360595703 
5.126957893371582 
4.975297927856445 
4.830845832824707 
4.911828994750977 
5.037408351898193 
5.115428924560547 
5.446854591369629 
5.304328918457031 
5.78658390045166 
5.245344161987305 
4.980762004852295 
5.423430442810059 
4.996037006378174 
5.2937235832214355 
4.977245330810547 
4.8190226554870605 
4.751492500305176 
8.531417846679688 
5.652046203613281 
5.218767166137695 
5.352371692657471 
5.22446870803833 
6.83158016204834 
5.006657600402832 
5.628931999206543 
4.88529634475708 
7.5571722984313965 
4.857122421264648 
4.897319316864014 
5.120987892150879 
5.032214164733887 
4.971872329711914 
4.96738338470459 
7.028380393981934 
5.390901565551758 
4.903501987457275 
5.536515712738037 
4.9464640617370605 
4.917006015777588 
5.034196853637695 
4.983468532562256 
4.98721981048584 
5.031121730804443 
7.334716796875 
6.6261773109436035 
5.073907375335693 
5.012612819671631 
6.248756408691406 
6.801575660705566 
5.072915077209473 
4.860370635986328 
5.205137252807617 
5.006656646728516 
5.233857154846191 
5.6645307540893555 
5.1146039962768555 
5.517947673797607 
5.01216983795166 
5.9687933921813965 
4.987936019897461 
5.789836406707764 
5.405277729034424 
5.528077602386475 
7.859521865844727 
4.998636245727539 
4.901162147521973 
5.378413200378418 
4.936555862426758 
5.094854831695557 
5.541440963745117 
6.268476486206055 
5.214197635650635 
4.969859600067139 
7.120413780212402 
4.985815048217773 
5.096924781799316 
5.013072490692139 
5.6812825202941895 
8.605096817016602 
5.286928176879883 
4.896404266357422 
5.776133060455322 
7.618167400360107 
4.9327497482299805 
7.003679275512695 
4.957294464111328 
5.071840763092041 
5.21000337600708 
6.631010055541992 
5.123229503631592 
5.308187961578369 
4.748788833618164 
5.035829544067383 
5.018980503082275 
5.104319095611572 
6.00393009185791 
4.9985575675964355 
5.4850172996521 
5.112371444702148 
6.197673320770264 
7.630511283874512 
4.9590606689453125 
4.9355573654174805 
4.903855323791504 
5.0344696044921875 
5.143732070922852 
4.94155740737915 
4.9542236328125 
8.209125518798828 
5.0770263671875 
5.280879497528076 
4.886120796203613 
7.448575019836426 
5.255772590637207 
5.032478332519531 
5.169329643249512 
4.926738262176514 
5.044830322265625 
6.195328712463379 
5.7339982986450195 
4.943870544433594 
4.962368965148926 
5.12125301361084 
4.989182472229004 
4.920501708984375 
4.80289363861084 
4.746390342712402 
5.119947910308838 
7.565304756164551 
5.512099742889404 
5.368467330932617 
5.358968734741211 
5.060324192047119 
5.265486717224121 
5.298158645629883 
5.3928327560424805 
5.238731861114502 
5.3735151290893555 
5.113584518432617 
5.108944892883301 
5.038792610168457 
5.047520637512207 
4.933516979217529 
6.946654796600342 
4.830586910247803 
4.8599138259887695 
5.965929985046387 
5.651149272918701 
6.9448981285095215 
4.936905860900879 
4.9639434814453125 
5.394516944885254 
5.136727809906006 
5.05216121673584 
4.6673359870910645 
5.609412670135498 
5.424407005310059 
5.725083351135254 
4.968694686889648 
4.978028774261475 
4.950439453125 
5.053682327270508 
5.030086517333984 
4.906249046325684 
5.153777122497559 
8.689393997192383 
4.904022216796875 
5.469038009643555 
4.975772857666016 
4.971792697906494 
4.923175811767578 
5.081103801727295 
5.282675743103027 
4.900038242340088 
4.9671630859375 
5.329216003417969 
5.002889633178711 
5.243956089019775 
4.8751444816589355 
4.9649505615234375 
6.082892894744873 
5.528109550476074 
5.011285781860352 
4.878556251525879 
6.837185382843018 
5.216160297393799 
5.131658554077148 
5.586845874786377 
5.006504058837891 
6.155641555786133 
8.369062423706055 
5.093113422393799 
6.001811504364014 
7.138065338134766 
5.494610786437988 
5.130061149597168 
5.3571696281433105 
5.087968826293945 
4.850046634674072 
5.3079400062561035 
4.839605331420898 
6.5022687911987305 
5.466839790344238 
5.703324317932129 
4.928928852081299 
4.91583251953125 
7.487691879272461 
7.14219331741333 
4.9967827796936035 
5.496242523193359 
5.248286247253418 
5.878821849822998 
5.1318159103393555 
5.154638290405273 
4.783987045288086 
4.858046531677246 
4.875510215759277 
6.317315578460693 
4.863251686096191 
5.245876789093018 
4.9456305503845215 
4.958024501800537 
4.8198933601379395 
8.47095012664795 
4.979884624481201 
4.970551013946533 
4.963744163513184 
4.827342987060547 
6.403890609741211 
7.39866304397583 
5.098526954650879 
4.930869102478027 
5.031769752502441 
5.070558547973633 
5.358220100402832 
4.938351631164551 
5.140285491943359 
5.0071868896484375 
5.741299152374268 
7.640983581542969 
5.123528003692627 
6.414426803588867 
5.352536201477051 
5.030625343322754 
5.1648969650268555 
6.180556774139404 
5.098877906799316 
5.605686187744141 
5.036843299865723 
5.086520671844482 
5.631191253662109 
5.1543073654174805 
4.918605804443359 
5.058384895324707 
5.163715362548828 
5.201888084411621 
4.953305721282959 
5.0695672035217285 
4.972801685333252 
4.967417240142822 
4.995928764343262 
4.946046352386475 
4.97422981262207 
5.894906997680664 
4.966335296630859 
5.063315391540527 
5.703859806060791 
5.244107723236084 
5.099296569824219 
5.317069053649902 
6.840727806091309 
5.691741943359375 
4.920527458190918 
4.655420303344727 
5.038609504699707 
7.534374237060547 
4.936540126800537 
4.910847187042236 
7.6738691329956055 
8.619550704956055 
5.5929951667785645 
7.545030117034912 
5.299504280090332 
6.464263916015625 
5.015265941619873 
5.928292274475098 
5.208000183105469 
6.780755043029785 
8.804718971252441 
5.11846399307251 
4.964792728424072 
4.881105899810791 
5.11263370513916 
5.010368824005127 
5.105424880981445 
7.380526542663574 
5.014309883117676 
4.893894195556641 
5.074654579162598 
5.009458065032959 
4.786690711975098 
5.167980194091797 
5.657909393310547 
8.746938705444336 
5.1170806884765625 
5.088334083557129 
5.002699851989746 
5.1435041427612305 
7.381126403808594 
4.9346208572387695 
4.902946472167969 
5.046051979064941 
5.5104079246521 
9.302900314331055 
9.193437576293945 
4.931283473968506 
5.344742298126221 
5.0271782875061035 
4.9567084312438965 
4.821170806884766 
5.218916893005371 
7.231311798095703 
5.438074588775635 
4.970372200012207 
5.181962966918945 
5.065891265869141 
5.741093635559082 
5.0154194831848145 
5.3398542404174805 
7.027753829956055 
5.047211647033691 
4.885115146636963 
5.28207540512085 
5.293157577514648 
5.275295734405518 
8.629179000854492 
5.003223419189453 
4.953725814819336 
5.562661170959473 
4.957216262817383 
5.309678554534912 
4.928037166595459 
4.956159591674805 
5.296040058135986 
6.389707565307617 
6.1748199462890625 
5.501713275909424 
4.933574199676514 
5.076682090759277 
4.9290924072265625 
5.586548805236816 
5.9410014152526855 
8.194357872009277 
8.20944881439209 
4.9459638595581055 
5.021169662475586 
4.942450523376465 
5.181400299072266 
5.010044097900391 
4.878113269805908 
5.118781089782715 
5.012111186981201 
5.060687065124512 
5.044616222381592 
5.006725788116455 
5.1355695724487305 
5.046499252319336 
7.092331886291504 
4.939414978027344 
5.136565685272217 
6.773437023162842 
5.156014442443848 
5.260491371154785 
5.264124870300293 
8.487319946289062 
5.20078182220459 
5.102412223815918 
6.902273654937744 
5.673381328582764 
5.031468391418457 
5.34543514251709 
4.978917121887207 
5.1443328857421875 
5.1222076416015625 
4.987835884094238 
7.171401023864746 
5.291358947753906 
4.950218200683594 
4.819258689880371 
4.952943801879883 
6.0667619705200195 
5.277346611022949 
4.65660285949707 
4.982597351074219 
4.9872236251831055 
6.360410213470459 
5.040828704833984 
5.129602432250977 
5.096148490905762 
5.261612415313721 
5.324935436248779 
5.247114658355713 
5.013686180114746 
4.878268718719482 
7.257449626922607 
4.976028919219971 
5.327950954437256 
7.326464653015137 
6.591220378875732 
5.299862861633301 
4.932075500488281 
5.9221343994140625 
5.140547275543213 
7.238485336303711 
5.7690534591674805 
4.9666595458984375 
4.848780632019043 
5.147709846496582 
5.133611679077148 
5.515122890472412 
5.192024230957031 
6.301726341247559 
5.179520606994629 
5.110499382019043 
5.655135631561279 
5.395397186279297 
5.6280999183654785 
5.230134963989258 
5.066432476043701 
6.196120738983154 
5.02330207824707 
4.980159282684326 
5.117172718048096 
5.586940765380859 
5.172177314758301 
4.764456748962402 
4.929103851318359 
5.975348949432373 
5.000150680541992 
8.893009185791016 
5.485061168670654 
5.078580379486084 
5.212631702423096 
5.0782036781311035 
5.4273834228515625 
4.956859588623047 
7.658432483673096 
5.887052059173584 
4.9171366691589355 
5.006499290466309 
5.031970977783203 
8.74189567565918 
6.838890075683594 
5.600153923034668 
4.980402946472168 
5.500833988189697 
4.854324817657471 
4.867000579833984 
4.962955474853516 
4.995814323425293 
5.129035949707031 
5.183038711547852 
4.992693901062012 
4.910209655761719 
4.95973014831543 
5.320851802825928 
6.611164093017578 
4.9108171463012695 
4.8103179931640625 
7.897514343261719 
4.9827728271484375 
4.956050872802734 
4.838924407958984 
5.007372856140137 
4.838366985321045 
6.639970779418945 
5.272808074951172 
5.039900302886963 
5.151688575744629 
5.210200309753418 
5.149242401123047 
4.942882537841797 
6.156871795654297 
5.209473609924316 
5.058627128601074 
6.551273822784424 
5.143841743469238 
5.124175548553467 
5.0274248123168945 
5.046285629272461 
5.050838470458984 
5.530742645263672 
4.817623138427734 
4.899230003356934 
5.418919563293457 
5.012322425842285 
4.948723316192627 
5.028967380523682 
5.321434497833252 
5.205569267272949 
4.851285934448242 
4.9818196296691895 
5.007508277893066 
5.735033988952637 
4.97930383682251 
4.999093055725098 
4.994039535522461 
5.078310012817383 
4.9501214027404785 
4.912360191345215 
5.781009674072266 
7.170753479003906 
4.983674049377441 
4.93294620513916 
4.901507377624512 
6.258409023284912 
4.950074672698975 
5.082969665527344 
4.880244255065918 
5.01370906829834 
5.2715277671813965 
5.087876319885254 
5.395074367523193 
4.884718418121338 
5.095056533813477 
5.0687150955200195 
5.265801906585693 
5.184982776641846 
5.155891418457031 
4.944013595581055 
5.027349948883057 
5.044018745422363 
5.038564205169678 
5.631365776062012 
4.864795684814453 
5.378252029418945 
5.037725925445557 
4.955321311950684 
5.227989196777344 
6.740753173828125 
5.124388694763184 
5.046186447143555 
4.964485168457031 
5.038851261138916 
5.016410827636719 
5.793551445007324 
5.004627704620361 
5.052858829498291 
5.503711223602295 
5.699375629425049 
5.2358903884887695 
4.9793195724487305 
4.995181083679199 
5.288359642028809 
6.2296833992004395 
5.686556816101074 
5.044784069061279 
5.074712753295898 
4.988481044769287 
4.988899230957031 
4.971748352050781 
5.34820032119751 
5.486698150634766 
5.490572929382324 
4.992180824279785 
7.323941230773926 
4.9681196212768555 
5.042924880981445 
5.470310211181641 
5.334191799163818 
5.750240325927734 
5.279168128967285 
5.021042823791504 
5.043434143066406 
7.28610372543335 
5.47539758682251 
5.1100568771362305 
5.435751914978027 
4.93639612197876 
4.981414794921875 
5.863741874694824 
5.7972798347473145 
4.861570358276367 
4.911286354064941 
5.743475437164307 
5.047979831695557 
4.928353786468506 
4.8866167068481445 
5.1854963302612305 
5.210111141204834 
4.953071594238281 
5.243830680847168 
4.93310022354126 
5.34955358505249 
5.205168724060059 
4.974203109741211 
5.018397808074951 
5.00296688079834 
4.995326042175293 
4.927435874938965 
7.853549480438232 
5.843813896179199 
4.941020965576172 
5.143467903137207 
8.702566146850586 
5.706711769104004 
6.008171558380127 
4.958245277404785 
5.7788238525390625 
4.871874809265137 
5.247398853302002 
4.967944145202637 
5.19419527053833 
5.109460830688477 
5.0441718101501465 
5.090961933135986 
4.950867652893066 
4.999302387237549 
5.243849754333496 
5.00445556640625 
4.913386821746826 
4.946991920471191 
6.086195945739746 
5.970710754394531 
5.129848480224609 
5.0449981689453125 
4.9041571617126465 
5.075394630432129 
5.013550758361816 
5.153476715087891 
4.875165939331055 
5.53468656539917 
5.103558540344238 
4.892736911773682 
4.967343330383301 
4.970341682434082 
5.015809535980225 
5.033326148986816 
5.129001617431641 
5.084567546844482 
5.089039325714111 
5.217279434204102 
7.381371021270752 
5.061834335327148 
5.0959320068359375 
5.777702331542969 
4.839094638824463 
7.91765832901001 
5.6059370040893555 
5.262204647064209 
4.940981864929199 
4.850066184997559 
6.888761520385742 
5.877108573913574 
5.001898765563965 
5.06063175201416 
4.996543884277344 
5.152515411376953 
4.876541614532471 
5.031865119934082 
5.110617160797119 
4.936319351196289 
4.8752055168151855 
6.771648406982422 
4.860455513000488 
5.085083484649658 
5.56390380859375 
5.106436252593994 
4.996736526489258 
5.008979797363281 
5.05560302734375 
5.082809925079346 
5.064361572265625 
5.355079650878906 
5.833436965942383 
5.148833274841309 
5.019468784332275 
5.1356201171875 
5.006752014160156 
5.117968559265137 
4.970922470092773 
6.646812915802002 
5.102764129638672 
5.18711519241333 
5.799487590789795 
4.9925642013549805 
6.457864761352539 
5.135680198669434 
5.234742641448975 
5.026448726654053 
5.031204700469971 
4.948229789733887 
5.144388198852539 
5.137728214263916 
4.875558853149414 
7.158511161804199 
5.167531967163086 
5.222198009490967 
5.31479549407959 
4.94072151184082 
6.239075660705566 
6.128876686096191 
6.50385856628418 
7.828259468078613 
4.876343250274658 
4.908316612243652 
6.218410491943359 
5.030488967895508 
5.046992778778076 
5.100512981414795 
5.024818420410156 
5.048081398010254 
4.918919563293457 
5.042384624481201 
4.894828796386719 
7.206198692321777 
4.996382713317871 
5.8463287353515625 
5.161395072937012 
4.862309455871582 
5.054107189178467 
5.059902191162109 
5.007011413574219 
5.057397842407227 
5.465289115905762 
5.094786643981934 
5.483364105224609 
5.660182952880859 
4.900686264038086 
4.882180690765381 
6.060049057006836 
5.094986915588379 
8.20573902130127 
5.518074035644531 
4.9663543701171875 
6.150378227233887 
5.14988899230957 
4.947325706481934 
5.09717321395874 
5.891800880432129 
5.019282341003418 
6.480954170227051 
8.942063331604004 
4.941333770751953 
7.054435729980469 
4.951254844665527 
4.979667663574219 
4.94859504699707 
5.234302043914795 
5.051593780517578 
5.388490676879883 
4.754240989685059 
4.980997085571289 
5.0948920249938965 
5.076045513153076 
6.034389495849609 
4.917764663696289 
5.694913864135742 
4.8805131912231445 
4.910743236541748 
5.126466751098633 
5.379216194152832 
7.690169811248779 
5.304654121398926 
6.938169479370117 
5.103861331939697 
5.008315086364746 
4.869257926940918 
5.290655136108398 
6.218947887420654 
5.991981506347656 
4.852515697479248 
5.247910499572754 
4.867856025695801 
5.128961563110352 
4.962965965270996 
6.415958881378174 
5.129336833953857 
5.026401519775391 
5.214668273925781 
5.148934364318848 
5.013469696044922 
5.2918381690979 
4.887397289276123 
5.052384853363037 
9.001351356506348 
4.980978012084961 
4.891823768615723 
5.000249862670898 
5.035216331481934 
4.9955644607543945 
7.69370174407959 
4.975606441497803 
5.320661544799805 
8.432489395141602 
5.000940322875977 
5.03220272064209 
5.0817341804504395 
5.084414005279541 
6.621942520141602 
5.28469181060791 
9.007875442504883 
4.997622489929199 
5.806185722351074 
4.965310573577881 
4.9049072265625 
5.747840881347656 
5.100142955780029 
5.07639217376709 
5.209832668304443 
4.782629489898682 
5.023760795593262 
5.120889663696289 
5.039703845977783 
5.108938217163086 
5.245382785797119 
5.046602249145508 
5.14675235748291 
4.9401044845581055 
4.977500915527344 
5.690342426300049 
7.4803924560546875 
4.982568740844727 
5.482781410217285 
5.115313529968262 
5.054659843444824 
6.224545001983643 
4.908789157867432 
4.942351341247559 
4.863238334655762 
5.092827796936035 
4.937902927398682 
7.371628761291504 
5.112901210784912 
6.2586164474487305 
5.109885215759277 
4.992465972900391 
4.963759422302246 
5.303867340087891 
6.017629623413086 
8.832077980041504 
6.3261494636535645 
5.1966776847839355 
5.099414348602295 
5.0245537757873535 
7.675172805786133 
5.23771858215332 
5.912628173828125 
7.085886001586914 
6.958179473876953 
5.435823917388916 
4.913745403289795 
5.011537551879883 
5.058537483215332 
5.459534645080566 
5.039010047912598 
4.861101150512695 
5.00389289855957 
5.198325157165527 
5.1753010749816895 
5.031153678894043 
5.019084930419922 
5.0062255859375 
4.950229167938232 
5.031547546386719 
5.085356712341309 
5.056551933288574 
5.702280044555664 
4.930683612823486 
6.382654190063477 
5.027884483337402 
4.899984359741211 
5.24707555770874 
5.117645740509033 
5.0851521492004395 
5.566140651702881 
5.965541839599609 
5.034316539764404 
4.803322792053223 
5.00607967376709 
5.035194396972656 
6.693699836730957 
4.98716926574707 
6.769896984100342 
5.075888156890869 
5.048862457275391 
5.063962936401367 
5.212569713592529 
7.467693328857422 
5.245084762573242 
6.8671674728393555 
4.957854270935059 
5.243161201477051 
4.7819719314575195 
5.118383407592773 
4.950992584228516 
5.051227569580078 
6.829968452453613 
5.108323097229004 
5.0518412590026855 
5.611277103424072 
5.061016082763672 
5.1573615074157715 
7.579474449157715 
5.984599590301514 
5.128445625305176 
5.230079650878906 
5.361449241638184 
5.233495712280273 
7.773416996002197 
5.053631782531738 
5.084354400634766 
4.948889255523682 
6.133113861083984 
5.132423400878906 
5.063541889190674 
5.14187479019165 
4.992341995239258 
6.441205024719238 
4.768923759460449 
5.102016448974609 
5.737690448760986 
4.903078079223633 
6.383299827575684 
5.2077226638793945 
5.756669044494629 
4.930985450744629 
6.588876247406006 
6.097527503967285 
4.930646896362305 
5.511927604675293 
4.95150089263916 
5.075971603393555 
4.996389389038086 
5.321653366088867 
5.128448009490967 
5.145970821380615 
7.121819496154785 
5.007510662078857 
5.287388801574707 
5.780397415161133 
5.1839070320129395 
5.133603096008301 
5.4512858390808105 
5.463954925537109 
4.9908552169799805 
5.057193756103516 
6.084275245666504 
4.9574432373046875 
4.928815841674805 
5.028255462646484 
5.208451747894287 
5.012803554534912 
4.964168548583984 
4.932599067687988 
5.175195693969727 
6.966066360473633 
4.938127040863037 
4.841703414916992 
5.344425201416016 
5.675490379333496 
4.978633403778076 
5.622286796569824 
4.953429222106934 
5.086124420166016 
5.6366071701049805 
4.852267265319824 
4.981576919555664 
4.906772613525391 
5.009733200073242 
5.060976028442383 
6.546380996704102 
6.057405471801758 
8.019347190856934 
5.008676052093506 
5.781815528869629 
5.659482955932617 
7.790119171142578 
5.236589431762695 
5.0641889572143555 
5.123259544372559 
6.306652069091797 
5.078871726989746 
4.991979122161865 
5.125768661499023 
4.835055351257324 
4.920373916625977 
4.9721784591674805 
5.553050994873047 
6.646103858947754 
4.949559688568115 
4.976483345031738 
4.843572616577148 
8.660591125488281 
4.869677543640137 
4.900274276733398 
5.234653472900391 
4.958828926086426 
5.114211082458496 
5.108868598937988 
6.277434349060059 
4.9567036628723145 
5.037652969360352 
4.907230854034424 
5.8376312255859375 
5.189767837524414 
5.150575637817383 
6.582066059112549 
5.104344367980957 
4.837019920349121 
5.032997131347656 
5.504053115844727 
4.982015132904053 
5.946374416351318 
4.964792728424072 
4.945240497589111 
6.605617523193359 
5.712170124053955 
6.076976299285889 
5.072697639465332 
5.063820838928223 
5.157122611999512 
5.026265621185303 
5.000726699829102 
6.67677640914917 
6.049927711486816 
5.0046491622924805 
4.974276542663574 
5.831684112548828 
5.019740104675293 
4.9593048095703125 
4.879026889801025 
6.096412658691406 
4.829423904418945 
6.568452835083008 
5.22130012512207 
4.937730312347412 
4.992430686950684 
5.199296951293945 
4.8761162757873535 
4.972512245178223 
5.069377422332764 
4.949304580688477 
5.483258247375488 
5.003878593444824 
6.7246599197387695 
5.083672523498535 
5.340868949890137 
4.971702575683594 
6.1526055335998535 
4.865684509277344 
5.098964691162109 
5.092071056365967 
7.274280071258545 
5.0963850021362305 
4.992899417877197 
4.866072654724121 
7.203603744506836 
4.926991939544678 
4.931777477264404 
5.04942512512207 
6.866265296936035 
4.973061561584473 
4.991942405700684 
7.173069000244141 
5.950390815734863 
8.434818267822266 
5.032769203186035 
5.707863807678223 
4.9437456130981445 
4.96434211730957 
5.1197123527526855 
5.131878852844238 
4.931129455566406 
6.348720550537109 
6.353131294250488 
4.934961318969727 
7.633415699005127 
5.40229606628418 
7.601620197296143 
5.032992362976074 
4.877532482147217 
4.898965835571289 
5.475564956665039 
6.600703716278076 
6.802519798278809 
5.752707481384277 
7.146035194396973 
6.617644309997559 
9.448822021484375 
5.07413911819458 
5.094123840332031 
6.322213172912598 
5.034452438354492 
5.004964828491211 
6.671546936035156 
7.072853088378906 
4.959862232208252 
5.016129493713379 
4.894482135772705 
4.95999002456665 
5.2009453773498535 
6.600165367126465 
5.411006450653076 
5.818544864654541 
9.518352508544922 
5.495253562927246 
6.036623954772949 
5.078534126281738 
5.485291481018066 
5.387392997741699 
6.322477340698242 
4.894207000732422 
5.644842147827148 
5.1226606369018555 
5.421938419342041 
4.937066078186035 
6.125886917114258 
7.445130825042725 
5.130141258239746 
4.937748908996582 
5.718835830688477 
5.095273017883301 
6.107335090637207 
5.285915851593018 
5.854507923126221 
4.830568313598633 
4.955683708190918 
7.315642356872559 
5.088220119476318 
5.012267112731934 
7.9126176834106445 
4.976930618286133 
5.053920269012451 
7.424227714538574 
8.694900512695312 
5.310235500335693 
5.233686923980713 
5.286105155944824 
6.601819038391113 
5.758376121520996 
4.957794666290283 
7.779948711395264 
5.020109176635742 
5.1275105476379395 
4.960796356201172 
4.917568206787109 
6.944690704345703 
6.277561187744141 
4.796753883361816 
4.933629989624023 
5.11368465423584 
5.032949447631836 
4.8986310958862305 
5.441819190979004 
5.001530647277832 
4.944559097290039 
5.091085433959961 
5.0347676277160645 
4.928498268127441 
4.93842887878418 
8.181941032409668 
5.22639274597168 
5.329696178436279 
4.874807357788086 
7.180576801300049 
5.021605968475342 
4.920839786529541 
6.709039688110352 
6.045010566711426 
5.417350769042969 
7.105474472045898 
5.571735382080078 
4.990638732910156 
6.07037353515625 
5.576407432556152 
6.005675315856934 
5.017927169799805 
8.932876586914062 
4.925520420074463 
4.9482741355896 
6.467642784118652 
5.097066879272461 
4.97960090637207 
4.958915710449219 
5.166672706604004 
5.173566818237305 
4.94333553314209 
5.066757678985596 
6.754323482513428 
5.033945083618164 
4.9617109298706055 
5.085354804992676 
5.182370185852051 
5.627643585205078 
5.428163051605225 
4.868296146392822 
5.810744285583496 
4.9455790519714355 
5.288535118103027 
5.020380973815918 
5.1380181312561035 
5.601340293884277 
4.986955642700195 
4.992072105407715 
8.444887161254883 
4.999363899230957 
5.178705215454102 
4.895634651184082 
6.8482561111450195 
5.040571689605713 
5.0597357749938965 
5.10167121887207 
5.226317405700684 
5.229816436767578 
5.065359115600586 
5.0442609786987305 
4.977470397949219 
4.934569358825684 
5.025507926940918 
6.078656196594238 
4.8250627517700195 
5.040643692016602 
4.946633338928223 
4.911430358886719 
8.135538101196289 
7.304992198944092 
5.530203819274902 
5.090141773223877 
7.943857669830322 
4.994059085845947 
5.550276756286621 
5.0643415451049805 
5.161120414733887 
5.499454021453857 
5.0956315994262695 
4.967196941375732 
5.18337345123291 
4.975614547729492 
5.156213760375977 
5.659732818603516 
5.042864799499512 
5.003571510314941 
5.037205696105957 
5.2944817543029785 
6.41510009765625 
5.38713264465332 
5.035620212554932 
4.923436164855957 
5.1104583740234375 
6.9406867027282715 
5.198186874389648 
5.38084077835083 
5.1498026847839355 
5.093647003173828 
5.00290584564209 
7.398981094360352 
4.937478065490723 
5.731179237365723 
6.327245235443115 
4.798467636108398 
5.049255847930908 
4.916197776794434 
4.946441650390625 
4.963583946228027 
5.3380303382873535 
4.934012413024902 
5.017627716064453 
4.974905967712402 
4.926213264465332 
5.695452690124512 
5.891153335571289 
7.934352874755859 
5.199262619018555 
6.032611846923828 
5.464183807373047 
5.052912712097168 
5.713456153869629 
5.062751293182373 
8.626157760620117 
4.978488445281982 
5.059571266174316 
4.965546131134033 
5.215394496917725 
4.981557846069336 
4.937532901763916 
7.577019691467285 
4.837907791137695 
4.977383136749268 
5.343921184539795 
5.82082986831665 
4.888829708099365 
5.05562686920166 
5.171265602111816 
5.023731708526611 
6.380528450012207 
6.8442301750183105 
5.658634185791016 
5.192315578460693 
5.029340744018555 
4.962381839752197 
4.9745612144470215 
4.892864227294922 
4.94753885269165 
4.921779632568359 
5.046648979187012 
5.252065658569336 
5.163449287414551 
6.074514389038086 
9.81474494934082 
4.965364456176758 
5.074466228485107 
5.394836902618408 
6.03914737701416 
5.055859565734863 
4.958606719970703 
4.930227279663086 
5.496221542358398 
5.698749542236328 
4.870245933532715 
5.087843894958496 
5.913923740386963 
6.658698558807373 
4.91864013671875 
5.000986099243164 
5.075743675231934 
8.203601837158203 
4.876383304595947 
5.20792818069458 
5.161855697631836 
5.036221504211426 
4.953433990478516 
5.690237522125244 
5.074718475341797 
5.098018646240234 
4.897557258605957 
5.61687707901001 
5.054513454437256 
5.041402816772461 
4.940308570861816 
4.910071849822998 
5.164923667907715 
4.998721599578857 
5.741927146911621 
6.006284713745117 
4.941454887390137 
5.36143684387207 
5.045013904571533 
5.179225921630859 
4.965956687927246 
4.7902631759643555 
4.971805572509766 
7.631528854370117 
4.932243347167969 
5.356992721557617 
5.833420753479004 
4.937875747680664 
4.898137092590332 
5.267474174499512 
5.80061149597168 
5.293979644775391 
7.248406410217285 
5.00047492980957 
5.094518661499023 
5.138168811798096 
5.315732955932617 
5.5876617431640625 
5.277685165405273 
5.019728183746338 
5.047039985656738 
5.0150346755981445 
4.9535675048828125 
4.916874408721924 
7.458812236785889 
5.682638645172119 
5.185536861419678 
5.02189826965332 
5.385439395904541 
6.312211036682129 
5.046854019165039 
5.032835960388184 
5.283245086669922 
4.836393356323242 
5.152504920959473 
5.343254089355469 
4.873997688293457 
5.775345802307129 
5.077933311462402 
7.807003974914551 
7.5813446044921875 
5.460498332977295 
4.976122856140137 
6.990288257598877 
5.095172882080078 
5.3221821784973145 
4.927618980407715 
5.033740997314453 
4.853923797607422 
5.1938982009887695 
5.329818248748779 
4.882249355316162 
5.120666027069092 
4.9644975662231445 
6.727132320404053 
5.114315986633301 
5.170787811279297 
4.853954792022705 
5.056889057159424 
5.481118202209473 
4.890727519989014 
5.085756301879883 
5.120781421661377 
4.932224750518799 
7.749751091003418 
5.711030006408691 
7.716953754425049 
7.459305763244629 
5.4897027015686035 
6.581139087677002 
4.902052402496338 
6.496500492095947 
5.094632148742676 
7.173851490020752 
5.107097148895264 
5.099164009094238 
5.092367172241211 
4.793870449066162 
6.4918718338012695 
5.173079490661621 
4.905560493469238 
5.190079689025879 
6.479156017303467 
5.134848594665527 
5.053905963897705 
5.329822063446045 
6.128965854644775 
5.160679817199707 
5.047637462615967 
5.006033897399902 
4.9129838943481445 
9.195869445800781 
4.8257880210876465 
5.379292964935303 
5.007475852966309 
5.381254196166992 
5.048449993133545 
5.243255138397217 
6.118878364562988 
5.008359909057617 
4.955752372741699 
5.014460563659668 
5.950407981872559 
6.633395195007324 
5.065643310546875 
5.061514854431152 
5.118929862976074 
4.798534393310547 
4.9287590980529785 
5.544364929199219 
5.246048927307129 
4.977941513061523 
5.175325870513916 
5.2124528884887695 
5.021305084228516 
5.03904390335083 
5.340375900268555 
7.186336040496826 
5.079344272613525 
5.041992664337158 
4.926088809967041 
5.122182846069336 
6.662933349609375 
6.6108717918396 
5.128493309020996 
5.023453235626221 
5.033719539642334 
4.984268665313721 
5.033916473388672 
8.235807418823242 
4.972118854522705 
5.061352729797363 
4.750453948974609 
5.073371887207031 
5.255184173583984 
5.265103816986084 
4.983503818511963 
5.0111083984375 
5.1676788330078125 
5.07222843170166 
7.393238544464111 
7.981289386749268 
5.0521721839904785 
6.894161701202393 
5.340976715087891 
4.973773002624512 
6.446020126342773 
5.393868923187256 
4.990731716156006 
4.979780673980713 
5.598614692687988 
4.887150764465332 
4.843301773071289 
5.373025894165039 
8.584097862243652 
5.187376976013184 
5.196690559387207 
4.931290626525879 
4.964986324310303 
5.040900230407715 
6.81382942199707 
5.067381858825684 
5.636474609375 
7.214544296264648 
4.871438980102539 
5.095363616943359 
4.916906833648682 
4.950311660766602 
4.969498634338379 
5.076211929321289 
4.917415142059326 
5.159550666809082 
4.947574615478516 
6.895036220550537 
5.323105812072754 
5.0108842849731445 
5.162444114685059 
5.181673526763916 
5.297757625579834 
5.031980514526367 
7.459623336791992 
5.014711856842041 
4.891068458557129 
4.9298930168151855 
7.082882881164551 
4.977799415588379 
5.151711463928223 
4.784184455871582 
5.049006938934326 
5.021590232849121 
6.167325496673584 
5.193594932556152 
4.996844291687012 
5.914989471435547 
5.521845817565918 
5.0401411056518555 
5.231954097747803 
5.1839423179626465 
4.930119037628174 
5.104781150817871 
5.543615341186523 
4.97036075592041 
4.923195838928223 
5.28468132019043 
5.240994453430176 
5.03864860534668 
5.917549133300781 
8.154351234436035 
5.101291656494141 
6.663092613220215 
5.107377052307129 
5.159403324127197 
5.0126800537109375 
7.928994178771973 
5.4754252433776855 
5.475178241729736 
5.288124084472656 
6.112447738647461 
5.040924072265625 
5.1880784034729 
5.132713794708252 
4.938502311706543 
4.938036918640137 
5.757622718811035 
5.191623687744141 
6.006687164306641 
5.030016899108887 
4.916142463684082 
5.015369415283203 
5.378482818603516 
5.171985626220703 
6.7806501388549805 
6.280284881591797 
5.2027363777160645 
5.118494987487793 
6.539729118347168 
5.006563186645508 
4.86876106262207 
4.934744834899902 
4.958754539489746 
5.208283424377441 
5.053281784057617 
4.9219560623168945 
4.984322547912598 
5.315578460693359 
6.215446949005127 
6.060644149780273 
4.940969944000244 
5.089818477630615 
5.427187442779541 
5.022875785827637 
7.602782249450684 
4.943704605102539 
5.058413028717041 
7.3958234786987305 
4.923871994018555 
4.985973358154297 
5.024540901184082 
4.991672515869141 
5.8542585372924805 
5.559299468994141 
5.205322265625 
5.237906455993652 
5.267279148101807 
5.1190595626831055 
5.258546352386475 
6.774909019470215 
4.8996710777282715 
5.10192346572876 
7.143303394317627 
7.829432487487793 
4.926717281341553 
5.692472457885742 
5.333161354064941 
6.146237850189209 
6.203384876251221 
4.794888973236084 
4.967243194580078 
5.362453460693359 
6.251337051391602 
5.061626434326172 
4.985380172729492 
5.010606288909912 
5.178724765777588 
5.232972145080566 
6.330781936645508 
5.330080509185791 
5.047124862670898 
4.873041152954102 
4.969685077667236 
5.089008331298828 
7.748250484466553 
5.185735702514648 
4.934606552124023 
4.8588457107543945 
5.005154132843018 
5.936959266662598 
6.867317199707031 
6.371497631072998 
4.963323593139648 
5.131133079528809 
6.928621292114258 
11.117286682128906 
5.068543434143066 
5.358150959014893 
5.083638668060303 
4.956698417663574 
5.326186180114746 
4.902705192565918 
4.902256011962891 
4.9332709312438965 
5.162092685699463 
5.704509735107422 
4.98956823348999 
5.163333415985107 
5.004228591918945 
4.9833245277404785 
5.004804611206055 
5.3259711265563965 
4.93634033203125 
5.987231254577637 
5.237433433532715 
5.954803466796875 
8.15701675415039 
5.4296088218688965 
6.366572380065918 
5.001175880432129 
4.868027687072754 
4.917854309082031 
5.143225193023682 
4.955400466918945 
5.167478084564209 
5.054630756378174 
5.1035661697387695 
5.209799766540527 
5.204920768737793 
5.3171162605285645 
4.937130451202393 
4.856623649597168 
5.208365440368652 
5.013317108154297 
6.122713088989258 
4.999630928039551 
5.26408052444458 
5.4657368659973145 
6.3996663093566895 
4.759707450866699 
4.998812675476074 
5.023726463317871 
