4.9621429443359375 
6.28188419342041 
5.232383728027344 
6.980621337890625 
6.354489803314209 
7.86549186706543 
5.486972808837891 
8.157013893127441 
7.917837142944336 
6.572144508361816 
5.6585211753845215 
9.125677108764648 
6.463771343231201 
6.299313545227051 
7.680932521820068 
8.046732902526855 
7.304315090179443 
6.658799171447754 
5.409133434295654 
7.258708953857422 
5.50469970703125 
8.472363471984863 
6.841933727264404 
7.019491195678711 
9.470102310180664 
6.433779239654541 
6.766881942749023 
6.063278675079346 
6.96074104309082 
4.955441951751709 
7.47462797164917 
6.835290908813477 
7.176031589508057 
5.51994514465332 
6.800970554351807 
7.515511512756348 
4.972400665283203 
5.866388320922852 
7.815447807312012 
8.005778312683105 
6.405786037445068 
5.339523792266846 
5.204518795013428 
5.9208083152771 
4.62703800201416 
4.62947940826416 
5.631348133087158 
6.147640228271484 
8.45215129852295 
6.184357166290283 
6.270312309265137 
6.0525922775268555 
9.47360897064209 
7.8475847244262695 
5.779201984405518 
6.002786636352539 
5.797638893127441 
5.268646240234375 
7.402678966522217 
7.3077921867370605 
5.95755672454834 
6.225127696990967 
5.713441848754883 
5.43115234375 
7.937490940093994 
4.727361679077148 
6.006313323974609 
6.1209821701049805 
7.938864707946777 
6.016631603240967 
7.681065559387207 
7.046905040740967 
7.667297840118408 
5.395570278167725 
7.555491924285889 
5.907251834869385 
5.898979663848877 
6.211784362792969 
6.19386100769043 
4.760043621063232 
7.448699474334717 
6.051690578460693 
4.7064595222473145 
5.772397041320801 
5.805315017700195 
7.545928478240967 
6.97578239440918 
6.495367050170898 
4.8022141456604 
7.2126312255859375 
5.529758453369141 
7.287657737731934 
7.093684196472168 
5.369981288909912 
7.008670806884766 
8.462740898132324 
5.696468353271484 
5.2684783935546875 
4.735411643981934 
6.25606632232666 
6.527068138122559 
7.016513347625732 
5.767736434936523 
8.404801368713379 
5.141742706298828 
8.247279167175293 
5.843039035797119 
4.603435039520264 
6.148127555847168 
6.170405387878418 
5.701180458068848 
7.596266269683838 
7.631389141082764 
7.825439453125 
5.748583793640137 
6.3937907218933105 
5.718439102172852 
4.84968900680542 
5.051219940185547 
5.212769031524658 
4.438347816467285 
4.486632347106934 
5.2925872802734375 
6.922596454620361 
7.744958400726318 
6.161649703979492 
5.889906406402588 
7.712489604949951 
6.054893493652344 
7.097607612609863 
6.660768508911133 
4.859559059143066 
6.671347141265869 
6.308663845062256 
4.611831188201904 
6.466999530792236 
4.691943645477295 
4.726240158081055 
8.36029052734375 
7.2115373611450195 
7.980140686035156 
5.3913397789001465 
5.313620090484619 
4.4229278564453125 
4.8807244300842285 
7.95804500579834 
6.711546421051025 
6.698422908782959 
4.8236470222473145 
5.125056743621826 
6.9348673820495605 
5.318655014038086 
8.332470893859863 
5.8876800537109375 
5.499703884124756 
6.520486831665039 
5.670741558074951 
7.729022026062012 
8.136309623718262 
8.02155590057373 
7.80126953125 
6.5613532066345215 
6.781494617462158 
6.060458660125732 
5.619625091552734 
7.715102195739746 
5.844001770019531 
7.828522205352783 
7.047770023345947 
7.6665120124816895 
6.626556396484375 
7.123100280761719 
6.4194111824035645 
7.4627299308776855 
8.888532638549805 
6.824344635009766 
6.514007091522217 
7.010218143463135 
6.019158840179443 
6.175136089324951 
5.202768325805664 
5.93174409866333 
6.221798419952393 
6.317769527435303 
4.791764736175537 
4.726447582244873 
6.873790264129639 
5.136706829071045 
6.600484371185303 
5.578558444976807 
6.633793354034424 
5.7709784507751465 
5.831634521484375 
5.612149238586426 
8.14648151397705 
5.813551425933838 
6.541772842407227 
5.792505741119385 
7.722031116485596 
5.7391886711120605 
6.512449741363525 
5.505247116088867 
6.999083995819092 
5.726079940795898 
4.9010491371154785 
7.774112224578857 
7.030100345611572 
5.694544315338135 
6.197000026702881 
6.223242282867432 
5.96519136428833 
6.357565402984619 
7.024506092071533 
4.269402027130127 
6.884463787078857 
8.171146392822266 
6.979394435882568 
5.039918422698975 
6.0495429039001465 
7.364020824432373 
5.640881061553955 
6.9468889236450195 
8.514350891113281 
7.386494159698486 
5.492068290710449 
5.767619609832764 
6.832470893859863 
5.401680946350098 
5.849795818328857 
7.237009525299072 
5.884356498718262 
5.384308815002441 
7.242498874664307 
7.193785667419434 
5.709420204162598 
6.405885219573975 
7.854154586791992 
8.08630084991455 
5.075423717498779 
7.290530681610107 
6.275972366333008 
6.958990573883057 
7.02254056930542 
6.455180644989014 
5.072729110717773 
7.067095756530762 
5.47029972076416 
5.608261585235596 
5.8511786460876465 
8.69693374633789 
5.708840847015381 
4.715419292449951 
4.87911319732666 
5.595033645629883 
9.404900550842285 
6.035998344421387 
5.9348835945129395 
5.242931842803955 
6.588918685913086 
7.64901876449585 
8.016522407531738 
5.276607036590576 
6.924895286560059 
8.307183265686035 
6.280115604400635 
7.841022968292236 
8.125284194946289 
5.273137092590332 
5.161865234375 
6.194085597991943 
7.363270282745361 
6.28924036026001 
5.885190486907959 
7.5903754234313965 
4.551806926727295 
5.525995254516602 
4.349494457244873 
5.833680629730225 
5.591912269592285 
6.906905651092529 
7.053325653076172 
6.378135681152344 
7.034196376800537 
6.349179744720459 
5.983805179595947 
5.866916656494141 
6.118952751159668 
7.52771520614624 
6.6767897605896 
5.311594009399414 
7.386726379394531 
6.152170181274414 
6.574991226196289 
6.347367763519287 
5.745985507965088 
5.869159698486328 
6.504960536956787 
5.078935623168945 
6.008552551269531 
6.996203899383545 
8.312538146972656 
5.412447452545166 
5.4082512855529785 
5.019217014312744 
7.425978660583496 
4.893707752227783 
6.113827705383301 
6.595089435577393 
6.992363452911377 
6.132344722747803 
5.950561046600342 
5.155090808868408 
5.401165008544922 
8.132467269897461 
7.878997802734375 
6.083804607391357 
8.720003128051758 
7.988436698913574 
6.468289375305176 
8.078866958618164 
5.190472602844238 
6.185524940490723 
4.804047584533691 
6.419654369354248 
5.446612358093262 
5.2135491371154785 
6.030554294586182 
6.899790287017822 
5.501907825469971 
5.6593427658081055 
6.945789813995361 
6.438783168792725 
5.864139080047607 
5.287408828735352 
4.654551982879639 
8.114532470703125 
5.876693248748779 
7.284239768981934 
5.99898624420166 
5.777627944946289 
7.3056182861328125 
7.49422025680542 
5.809204578399658 
6.181094646453857 
10.3258695602417 
5.980917453765869 
5.509467124938965 
5.917866230010986 
5.292539596557617 
6.718286514282227 
5.359904766082764 
8.48292064666748 
5.048920154571533 
5.193116188049316 
5.380946636199951 
8.835713386535645 
5.317358016967773 
5.783746242523193 
5.596467971801758 
5.281435966491699 
5.912556171417236 
7.1438517570495605 
7.716348171234131 
5.414965629577637 
5.9570722579956055 
7.52019739151001 
6.301026821136475 
6.036921501159668 
7.995481491088867 
4.934629440307617 
8.247980117797852 
6.109757900238037 
6.045578956604004 
7.85131311416626 
5.346560955047607 
6.510898590087891 
5.838245391845703 
5.899441242218018 
4.215738296508789 
6.319180011749268 
7.4046525955200195 
6.283843517303467 
4.482485771179199 
5.435877799987793 
6.798679828643799 
5.9528374671936035 
6.233274936676025 
5.99019193649292 
6.8134942054748535 
6.156068325042725 
5.74005651473999 
5.251768112182617 
6.135051250457764 
6.890692710876465 
5.390734672546387 
8.054815292358398 
7.124629974365234 
7.670332431793213 
7.207069396972656 
7.26435661315918 
7.284143924713135 
7.271474361419678 
6.066537380218506 
6.236766338348389 
8.154991149902344 
5.553287982940674 
7.462053298950195 
5.301905632019043 
7.083929061889648 
5.9820380210876465 
9.263591766357422 
6.4599504470825195 
8.295625686645508 
8.67047119140625 
6.813409328460693 
8.00011920928955 
6.7004547119140625 
7.545268535614014 
5.6634368896484375 
6.773064613342285 
5.751330375671387 
5.600605010986328 
6.275784492492676 
8.420600891113281 
7.303239822387695 
5.787668228149414 
8.220494270324707 
6.953963756561279 
6.8223490715026855 
7.122611999511719 
6.684260368347168 
8.116639137268066 
5.556471347808838 
4.967269420623779 
8.62753677368164 
7.183713436126709 
6.444755554199219 
4.899927616119385 
5.247592449188232 
5.186216831207275 
5.794301986694336 
6.977766990661621 
6.989616394042969 
6.828051567077637 
5.530185222625732 
6.361632823944092 
6.0562567710876465 
8.887093544006348 
7.346251964569092 
4.243940353393555 
7.54831075668335 
5.31400728225708 
5.183627605438232 
6.5300750732421875 
4.93126106262207 
8.351784706115723 
5.523968696594238 
8.069193840026855 
5.835684776306152 
5.574965000152588 
5.0896897315979 
5.9270405769348145 
5.584861755371094 
4.917941570281982 
5.672220230102539 
5.546230792999268 
5.369241237640381 
6.074172019958496 
7.302979946136475 
7.60326623916626 
7.293910980224609 
7.094008922576904 
7.271952152252197 
5.83125638961792 
8.404379844665527 
7.694651126861572 
6.389122486114502 
5.399011611938477 
6.664769649505615 
4.937580108642578 
5.327212810516357 
5.4444260597229 
5.663093090057373 
5.494495391845703 
9.036499977111816 
5.7726664543151855 
6.827682018280029 
5.344573974609375 
7.79783296585083 
5.912736415863037 
8.135765075683594 
6.572248458862305 
6.099106788635254 
5.865641117095947 
4.576232433319092 
7.4887237548828125 
5.896247863769531 
10.306421279907227 
7.605912685394287 
8.433731079101562 
5.757784843444824 
5.685447692871094 
6.499974250793457 
6.943943500518799 
6.593226432800293 
5.52511739730835 
6.333361625671387 
6.638261795043945 
6.13182258605957 
4.798795700073242 
6.51885461807251 
6.895874500274658 
6.579320907592773 
8.895454406738281 
6.0970048904418945 
5.491925239562988 
5.968195915222168 
8.346232414245605 
8.060226440429688 
5.461240291595459 
6.2285237312316895 
5.117007255554199 
5.255377769470215 
7.643796443939209 
6.076411724090576 
5.456737995147705 
5.899289131164551 
5.336185932159424 
4.693545341491699 
9.318859100341797 
5.839161396026611 
6.2063822746276855 
5.261993885040283 
5.404730319976807 
6.153628826141357 
8.050925254821777 
6.163384914398193 
7.899276256561279 
5.111461639404297 
5.9543256759643555 
6.2206549644470215 
5.272026062011719 
5.652627468109131 
8.672883033752441 
5.21241569519043 
5.106725215911865 
5.405533313751221 
6.020071029663086 
5.496073246002197 
6.244043827056885 
6.582503795623779 
7.269539833068848 
4.909694194793701 
5.709423542022705 
4.9283647537231445 
6.149590969085693 
7.449203968048096 
7.119690895080566 
4.98533296585083 
6.285849094390869 
6.066250801086426 
6.374504089355469 
7.136004447937012 
5.82037878036499 
6.690481662750244 
5.934176445007324 
7.545719146728516 
6.061758041381836 
5.368563652038574 
6.405191421508789 
6.146644115447998 
5.226150035858154 
7.767119407653809 
6.393591403961182 
5.117846488952637 
5.961967945098877 
6.863114833831787 
7.869375228881836 
5.599642276763916 
5.511014461517334 
5.935616970062256 
5.340318202972412 
4.541187286376953 
4.882739067077637 
6.459222793579102 
8.07012939453125 
5.089613914489746 
7.95671272277832 
7.554683685302734 
9.172262191772461 
6.881221771240234 
6.1904497146606445 
9.69548511505127 
6.239217281341553 
5.127300262451172 
5.115932941436768 
5.083568096160889 
5.616107940673828 
6.842044353485107 
6.347979545593262 
5.416082382202148 
7.256454944610596 
6.853415012359619 
6.054218292236328 
6.028386116027832 
6.188674449920654 
8.856033325195312 
7.850315570831299 
7.753959655761719 
7.671678066253662 
7.603900909423828 
5.159669876098633 
5.826201915740967 
4.7180914878845215 
5.339282035827637 
6.507213592529297 
7.427353382110596 
4.637947082519531 
7.761750221252441 
6.258997917175293 
6.0267333984375 
5.0798163414001465 
4.892594337463379 
4.105129718780518 
5.426873683929443 
6.516739368438721 
4.901113986968994 
4.891750812530518 
8.047770500183105 
8.383020401000977 
8.024835586547852 
5.888657093048096 
9.273828506469727 
7.549394130706787 
5.282184600830078 
7.1163811683654785 
9.033855438232422 
4.783659934997559 
5.549041271209717 
6.1738128662109375 
5.213942527770996 
5.590348243713379 
6.290080547332764 
7.13982629776001 
5.244608402252197 
6.7357258796691895 
5.858414173126221 
9.133440971374512 
6.556327819824219 
5.620242118835449 
6.351396083831787 
6.139639377593994 
4.716063499450684 
5.493614673614502 
6.062158584594727 
5.245977878570557 
7.392454147338867 
6.22047758102417 
7.554263591766357 
6.906020164489746 
6.114262580871582 
7.042065620422363 
4.8196001052856445 
7.5026044845581055 
5.43311071395874 
5.427659034729004 
5.990884304046631 
6.875603675842285 
7.62824821472168 
6.844398021697998 
5.073822498321533 
7.637304306030273 
5.632202625274658 
6.60565710067749 
5.9553680419921875 
5.100374698638916 
4.588362216949463 
4.986069202423096 
6.680799961090088 
8.551203727722168 
5.8698506355285645 
7.88646936416626 
5.166661739349365 
5.430614471435547 
6.665046691894531 
9.603641510009766 
7.820273399353027 
4.505476474761963 
5.398281097412109 
4.241194248199463 
5.388071060180664 
7.4097185134887695 
6.886380195617676 
6.575069427490234 
9.20732307434082 
6.131264686584473 
5.641231536865234 
5.624667167663574 
5.263460159301758 
6.884914875030518 
6.645426273345947 
7.014631271362305 
5.3880720138549805 
10.511322975158691 
5.625134468078613 
5.948815822601318 
7.250036239624023 
6.594576835632324 
7.126375198364258 
4.425044536590576 
7.01994514465332 
5.296133995056152 
6.642263412475586 
7.011534214019775 
7.348611354827881 
7.566774368286133 
7.425838947296143 
4.964518070220947 
5.0139899253845215 
6.461032867431641 
5.435908794403076 
6.293904781341553 
6.94802713394165 
5.959242343902588 
4.996440887451172 
6.2750959396362305 
4.571909427642822 
4.578587532043457 
5.4697136878967285 
7.603353023529053 
4.644944190979004 
6.54557466506958 
6.0740647315979 
4.047003746032715 
5.064260005950928 
8.442283630371094 
7.307117938995361 
7.845448970794678 
4.4200005531311035 
4.9485273361206055 
5.792433261871338 
5.047059059143066 
5.834240913391113 
7.131961822509766 
6.5557427406311035 
8.486307144165039 
7.408041000366211 
7.067386150360107 
5.852336406707764 
6.403170108795166 
5.161267280578613 
5.963587760925293 
5.496009349822998 
10.258935928344727 
6.224552631378174 
8.250097274780273 
6.068889617919922 
5.3519086837768555 
4.993616104125977 
6.522727012634277 
8.424925804138184 
6.677262783050537 
6.063865661621094 
6.687089920043945 
7.577683925628662 
4.913166046142578 
5.899372100830078 
6.71831750869751 
7.632342338562012 
5.359864711761475 
6.847949028015137 
7.738119602203369 
9.985058784484863 
5.486698627471924 
6.556904315948486 
6.057995796203613 
5.599115371704102 
5.863654613494873 
5.837797164916992 
7.147120475769043 
5.856298446655273 
6.505199432373047 
8.035158157348633 
6.143758296966553 
6.2592973709106445 
5.518117904663086 
5.251606464385986 
7.529200077056885 
4.461015224456787 
5.439864635467529 
7.594510555267334 
5.993988513946533 
8.11877727508545 
6.219811916351318 
5.043091773986816 
9.721086502075195 
5.833038806915283 
6.294844627380371 
5.340864181518555 
7.987454414367676 
6.719841957092285 
8.478996276855469 
6.339901447296143 
6.3015971183776855 
5.712440013885498 
7.644903659820557 
5.986347198486328 
5.851602077484131 
8.754799842834473 
6.694918632507324 
6.996040344238281 
5.996718883514404 
8.027748107910156 
6.345550537109375 
5.861447811126709 
5.713559627532959 
5.876552104949951 
5.743168354034424 
5.1434760093688965 
6.763576984405518 
6.568872928619385 
5.579410076141357 
5.607565402984619 
6.311875343322754 
6.18935489654541 
6.662531852722168 
7.5460920333862305 
6.174092769622803 
7.1188740730285645 
5.489609241485596 
6.373457431793213 
6.281325817108154 
5.600667953491211 
5.276286602020264 
7.899954319000244 
7.820810794830322 
7.285151958465576 
5.522212505340576 
5.270709991455078 
4.9702229499816895 
7.118703842163086 
8.408024787902832 
7.014257431030273 
6.4608869552612305 
6.892675876617432 
5.802932262420654 
6.0990214347839355 
5.957806587219238 
6.03139591217041 
5.958924293518066 
7.14217472076416 
5.979568958282471 
6.182101249694824 
6.52099084854126 
5.010496616363525 
6.1066179275512695 
7.157742977142334 
5.402184963226318 
5.3315043449401855 
5.7920918464660645 
6.525915622711182 
5.355151176452637 
6.033271312713623 
5.893980026245117 
4.888677597045898 
8.34820556640625 
5.265015602111816 
5.276508331298828 
6.009697437286377 
6.083646297454834 
6.963728427886963 
5.913274765014648 
7.324686527252197 
9.093740463256836 
7.5370025634765625 
6.107139587402344 
4.1588969230651855 
8.74693489074707 
5.368581771850586 
5.50607442855835 
6.0562052726745605 
6.026584625244141 
6.420261859893799 
7.688759803771973 
5.405795574188232 
5.967007160186768 
6.572214603424072 
5.760282516479492 
6.324768543243408 
5.639918804168701 
6.2161407470703125 
5.064199924468994 
7.202381134033203 
6.1514434814453125 
5.77073335647583 
6.043464183807373 
5.853331089019775 
6.930152893066406 
8.13541316986084 
6.824953556060791 
6.998183250427246 
5.671634197235107 
5.143762588500977 
6.076976776123047 
6.169753551483154 
4.776584148406982 
8.617744445800781 
5.516684055328369 
4.988368988037109 
4.644168376922607 
5.871229648590088 
6.160823822021484 
6.419270992279053 
6.067986965179443 
5.96819543838501 
7.567515850067139 
6.374993801116943 
6.373513221740723 
4.466909885406494 
5.818691730499268 
8.632975578308105 
5.213512420654297 
5.614849090576172 
5.448627948760986 
8.15853214263916 
5.912333965301514 
5.79268741607666 
6.274581432342529 
7.481523036956787 
4.825885772705078 
6.694757461547852 
5.830169200897217 
7.0257954597473145 
6.692202091217041 
6.682494640350342 
7.215724468231201 
5.3339338302612305 
4.642641544342041 
5.927001476287842 
8.63886547088623 
5.335061073303223 
5.916530132293701 
6.443542957305908 
5.6975321769714355 
5.310336589813232 
8.699337005615234 
9.060481071472168 
5.112789154052734 
4.377981185913086 
5.20529317855835 
6.75005578994751 
7.590973377227783 
6.005445957183838 
6.113569736480713 
6.595500469207764 
8.570414543151855 
5.821993350982666 
8.020970344543457 
5.235703468322754 
4.909426212310791 
6.742700576782227 
6.812910556793213 
4.792361736297607 
5.478335857391357 
5.999015808105469 
7.352790832519531 
8.219599723815918 
7.041609287261963 
5.709250450134277 
5.234604358673096 
7.650399684906006 
5.530594348907471 
5.393604278564453 
6.728335857391357 
6.13642692565918 
7.6071319580078125 
9.499133110046387 
6.568083763122559 
6.262353897094727 
6.949188232421875 
7.15548849105835 
5.979966163635254 
8.682318687438965 
6.158996105194092 
6.50660514831543 
4.7030930519104 
7.004725933074951 
6.0696306228637695 
5.96988582611084 
6.129993915557861 
8.56655502319336 
7.31575345993042 
7.527675628662109 
7.17087459564209 
5.596869945526123 
6.420022487640381 
7.2091498374938965 
6.389937400817871 
5.739765644073486 
7.044500827789307 
4.993961811065674 
7.801497459411621 
6.440014839172363 
7.347198963165283 
8.171489715576172 
7.4821062088012695 
4.992957592010498 
6.073909759521484 
6.822747707366943 
6.7772746086120605 
4.724090099334717 
6.9251837730407715 
4.5872602462768555 
5.981559753417969 
7.864785194396973 
5.6510467529296875 
5.074181079864502 
5.6419453620910645 
7.529470920562744 
6.482824325561523 
5.281167030334473 
6.7362236976623535 
5.733902454376221 
6.5264716148376465 
9.794590950012207 
5.872107028961182 
8.201700210571289 
6.049900054931641 
7.87434720993042 
6.2177581787109375 
5.164441108703613 
5.8399224281311035 
6.658759117126465 
5.085108757019043 
7.843000888824463 
6.4653401374816895 
7.897312164306641 
7.218066692352295 
5.804258346557617 
7.698807716369629 
6.295180320739746 
8.746577262878418 
6.711389541625977 
7.978639125823975 
7.4258012771606445 
6.365306854248047 
7.915592193603516 
6.286288261413574 
5.127337455749512 
7.2193098068237305 
7.666644096374512 
5.625020503997803 
5.123775482177734 
5.506235599517822 
7.264607906341553 
7.3263444900512695 
5.232846736907959 
5.493045330047607 
6.228193759918213 
6.577775955200195 
4.98510217666626 
5.805893898010254 
4.921329021453857 
5.5579376220703125 
7.752974510192871 
6.363178253173828 
7.94368839263916 
5.729256629943848 
4.4947590827941895 
6.21494197845459 
6.938371658325195 
5.728105545043945 
7.47556734085083 
5.014450550079346 
7.752496242523193 
5.705734729766846 
5.712530136108398 
6.149337291717529 
5.974651336669922 
6.197697162628174 
6.616444110870361 
7.906614303588867 
4.91040563583374 
8.484670639038086 
4.489290237426758 
6.482865333557129 
6.184403419494629 
5.865111351013184 
5.735173225402832 
4.680776596069336 
6.526203155517578 
7.570565223693848 
5.989566802978516 
7.969317436218262 
6.072093963623047 
7.65558385848999 
6.16655158996582 
5.323666095733643 
5.316329002380371 
8.248007774353027 
4.626219272613525 
6.27930212020874 
6.686251163482666 
6.060604572296143 
8.785211563110352 
4.828218936920166 
5.848364353179932 
7.452540397644043 
6.028106689453125 
5.598313808441162 
6.668512344360352 
7.569173812866211 
6.953950881958008 
6.5764055252075195 
5.19991397857666 
5.252783298492432 
4.621085166931152 
6.265079498291016 
5.944958209991455 
4.8584513664245605 
6.742246627807617 
6.369324684143066 
5.49325704574585 
8.194136619567871 
5.479391098022461 
7.073528289794922 
6.644322872161865 
7.450148105621338 
8.39808464050293 
6.67667293548584 
5.055666923522949 
8.49040699005127 
7.255408763885498 
6.083054542541504 
6.3633856773376465 
7.114243507385254 
6.210042476654053 
6.921955585479736 
5.293098449707031 
7.712546348571777 
5.786402702331543 
7.829596042633057 
7.0243916511535645 
5.704322338104248 
5.809085845947266 
5.505385875701904 
5.637050628662109 
5.811408996582031 
5.8781280517578125 
6.9587602615356445 
5.939794540405273 
6.306665420532227 
6.521637439727783 
6.643308162689209 
6.866509437561035 
6.201545715332031 
4.560220718383789 
6.220001220703125 
7.480656623840332 
7.413895130157471 
5.25175666809082 
6.096736907958984 
8.605474472045898 
8.97415828704834 
5.063443660736084 
5.824000358581543 
7.3116278648376465 
5.599596977233887 
5.884203910827637 
5.081536769866943 
6.430691719055176 
7.38006591796875 
4.76300048828125 
5.2436652183532715 
5.900871276855469 
5.692118167877197 
4.878654479980469 
5.8697686195373535 
7.781135559082031 
6.407815456390381 
5.9739837646484375 
6.183936595916748 
5.828603744506836 
6.282954216003418 
4.822399616241455 
6.334565162658691 
5.759660243988037 
6.886999130249023 
4.5971784591674805 
6.2962870597839355 
4.5219340324401855 
5.696050643920898 
5.53449821472168 
9.222702980041504 
5.639754295349121 
6.958029270172119 
6.447573184967041 
7.305476665496826 
4.652318477630615 
5.636895179748535 
5.5624542236328125 
5.606982231140137 
5.472405433654785 
5.969327926635742 
5.528736114501953 
5.516061305999756 
5.658880710601807 
6.090822696685791 
6.748908996582031 
9.54272174835205 
6.861727714538574 
7.530898571014404 
6.632547855377197 
6.341211795806885 
5.250118732452393 
5.725309371948242 
6.409091949462891 
6.250331401824951 
5.5094757080078125 
5.794441223144531 
5.130049705505371 
4.341376781463623 
7.400289535522461 
7.850954532623291 
5.846389293670654 
7.719020366668701 
6.748781681060791 
5.07253360748291 
5.578258037567139 
9.360204696655273 
6.0839080810546875 
6.366280555725098 
6.510245323181152 
5.908356189727783 
4.416634559631348 
5.7027082443237305 
5.836751461029053 
4.950209617614746 
6.452860355377197 
7.201286315917969 
9.73461627960205 
5.877397537231445 
5.544939994812012 
7.5742878913879395 
8.15123462677002 
6.152483940124512 
5.8904242515563965 
4.875017166137695 
4.8339338302612305 
5.339057445526123 
6.260341644287109 
5.560818672180176 
6.837467670440674 
5.993533134460449 
5.5792317390441895 
6.676504135131836 
7.548228740692139 
7.801397800445557 
7.708442687988281 
6.015954494476318 
7.004634380340576 
6.855003356933594 
5.981705665588379 
4.989904403686523 
6.333901882171631 
4.567554473876953 
5.487940311431885 
5.7271223068237305 
7.7597880363464355 
5.878681182861328 
6.540369510650635 
5.755418300628662 
6.253145217895508 
7.359664440155029 
5.136043548583984 
5.23557710647583 
4.990619659423828 
5.856990337371826 
6.553317070007324 
5.928322792053223 
5.195021152496338 
7.315861225128174 
5.954732894897461 
5.655498504638672 
5.987241744995117 
7.741748332977295 
5.187788963317871 
5.8357157707214355 
6.416796684265137 
6.066751956939697 
5.879010200500488 
11.208381652832031 
5.742204189300537 
6.1829938888549805 
8.442130088806152 
6.664950370788574 
6.427076816558838 
7.221986293792725 
6.68773889541626 
8.179549217224121 
7.119710445404053 
9.25251579284668 
5.2656779289245605 
6.752763748168945 
5.960740089416504 
7.411177158355713 
5.729940891265869 
6.302152156829834 
6.595169544219971 
6.932133197784424 
6.964634418487549 
5.983591079711914 
8.20324993133545 
6.4305548667907715 
7.762110710144043 
5.7319793701171875 
7.431910514831543 
7.599678039550781 
9.780550956726074 
5.771612644195557 
5.423652648925781 
5.964115142822266 
5.009282112121582 
5.20557165145874 
6.100828170776367 
7.210604667663574 
7.1817450523376465 
5.883438587188721 
9.118117332458496 
5.264634132385254 
8.429080963134766 
6.5378618240356445 
6.104523181915283 
5.952738285064697 
7.8298211097717285 
5.002976417541504 
8.398835182189941 
8.689970016479492 
5.166666507720947 
6.643764972686768 
7.617280006408691 
8.010282516479492 
8.507086753845215 
6.880255699157715 
9.515594482421875 
6.395289421081543 
5.690339088439941 
5.392645835876465 
5.043259143829346 
5.755556583404541 
4.8208513259887695 
5.722209453582764 
5.3807373046875 
6.787566184997559 
6.316649436950684 
5.639904975891113 
7.281723976135254 
6.084590911865234 
5.659814834594727 
4.964569568634033 
7.55369758605957 
6.52181339263916 
6.969419479370117 
6.3432536125183105 
5.8904595375061035 
6.192338943481445 
5.61647891998291 
4.631341934204102 
5.72628116607666 
8.813673973083496 
7.524189472198486 
6.637521266937256 
6.373526096343994 
7.06387996673584 
6.012779712677002 
6.209062576293945 
6.876830577850342 
5.649487018585205 
4.620736598968506 
5.51926326751709 
5.923276424407959 
5.2726335525512695 
6.217857360839844 
6.211491107940674 
4.78940486907959 
6.281112194061279 
6.243195533752441 
5.826349258422852 
4.991096496582031 
7.269043922424316 
5.032163143157959 
7.860921382904053 
7.812342643737793 
5.579495906829834 
8.035130500793457 
6.788395404815674 
5.906027793884277 
4.791569709777832 
6.498522758483887 
6.849089622497559 
6.278531074523926 
6.8752312660217285 
6.166913032531738 
7.473791599273682 
5.417987823486328 
7.278684616088867 
6.15120792388916 
7.167982578277588 
5.242790222167969 
6.298311710357666 
7.581989288330078 
4.554772853851318 
5.719123363494873 
6.06988525390625 
6.158674716949463 
6.6997880935668945 
6.45495080947876 
8.213973045349121 
7.375544548034668 
6.24915075302124 
5.9260053634643555 
5.341626167297363 
5.09912633895874 
6.4130024909973145 
6.739250183105469 
7.259115219116211 
5.504514694213867 
4.674361228942871 
5.151426792144775 
6.000567436218262 
5.7363762855529785 
8.218659400939941 
5.166161060333252 
8.171048164367676 
5.875363826751709 
4.920759201049805 
8.28096866607666 
5.325684070587158 
7.837594985961914 
4.911408424377441 
5.246287822723389 
8.479092597961426 
5.647151947021484 
5.494877338409424 
6.162113189697266 
7.427787780761719 
6.772839546203613 
4.8129425048828125 
8.239978790283203 
6.940565586090088 
5.731586456298828 
6.374608516693115 
5.731201648712158 
6.119426727294922 
6.249215602874756 
6.254453182220459 
5.100388050079346 
6.685512065887451 
7.929359436035156 
5.94147253036499 
4.981500625610352 
4.646544456481934 
7.476357936859131 
5.536012649536133 
8.147126197814941 
4.898684501647949 
5.35272216796875 
8.648096084594727 
5.280807018280029 
6.668291091918945 
6.404143810272217 
4.802699089050293 
4.985316753387451 
6.091926097869873 
7.63374662399292 
6.041060924530029 
5.4904584884643555 
7.6739044189453125 
5.504846096038818 
6.785081386566162 
5.843234062194824 
8.664881706237793 
6.6656413078308105 
7.161480903625488 
4.567671775817871 
6.363198757171631 
5.587302207946777 
6.026895523071289 
6.907111167907715 
6.789761543273926 
6.108356475830078 
5.475306034088135 
8.648110389709473 
4.948648929595947 
4.619000434875488 
6.043033123016357 
4.827275276184082 
6.914793014526367 
5.482959270477295 
6.081394672393799 
5.157886505126953 
8.351340293884277 
5.657711029052734 
5.572486400604248 
6.136534690856934 
5.671663284301758 
4.974783897399902 
6.619185447692871 
6.393613815307617 
6.854892253875732 
6.242186069488525 
9.719079971313477 
9.480182647705078 
9.662985801696777 
5.669973373413086 
5.8630828857421875 
6.78400182723999 
5.684725284576416 
6.958023548126221 
6.582808971405029 
7.382706642150879 
5.576844692230225 
6.661351680755615 
4.976355075836182 
5.66105318069458 
5.439558029174805 
7.496636867523193 
6.657576084136963 
6.422516822814941 
4.521641731262207 
8.608646392822266 
5.848737716674805 
5.596120357513428 
6.893868446350098 
6.899689674377441 
7.162299156188965 
7.965507507324219 
6.899121284484863 
8.094040870666504 
5.9548234939575195 
4.757255554199219 
9.046900749206543 
6.388962745666504 
6.041598320007324 
7.9032111167907715 
6.004399299621582 
6.569170951843262 
7.4278459548950195 
4.953555107116699 
6.1565470695495605 
8.018153190612793 
7.88211727142334 
6.814239978790283 
7.730998516082764 
7.04961633682251 
5.620725154876709 
8.713650703430176 
6.312153339385986 
7.27164888381958 
6.607039451599121 
9.208986282348633 
5.792903900146484 
5.419266223907471 
8.55856990814209 
4.66864013671875 
5.176775932312012 
5.5848307609558105 
4.910563945770264 
7.1844377517700195 
9.032468795776367 
7.215167999267578 
3.8603570461273193 
5.753392219543457 
5.827897548675537 
4.96699857711792 
4.773326873779297 
7.212543964385986 
6.322456359863281 
7.515318870544434 
7.883712291717529 
5.484242916107178 
4.679413795471191 
4.34097957611084 
5.857875823974609 
5.0548248291015625 
6.047394275665283 
5.710109233856201 
5.282681465148926 
6.358835220336914 
5.762585639953613 
5.829391002655029 
8.163500785827637 
8.127402305603027 
5.925910949707031 
7.6726765632629395 
7.460285663604736 
5.192257404327393 
5.198217868804932 
7.182219982147217 
5.582693576812744 
8.467068672180176 
5.366335868835449 
5.272231101989746 
5.0000410079956055 
5.603803634643555 
6.98450231552124 
5.580715179443359 
5.894489765167236 
5.3531622886657715 
5.823216915130615 
7.3326544761657715 
5.488391876220703 
4.739502429962158 
7.4874587059021 
7.770738124847412 
4.914024829864502 
6.447098255157471 
6.105309963226318 
5.082563877105713 
7.005483627319336 
8.014758110046387 
5.970065116882324 
3.4305150508880615 
5.035099506378174 
7.688471794128418 
5.6874165534973145 
5.486242771148682 
6.316817760467529 
5.871077060699463 
6.418722629547119 
6.365416526794434 
5.845479965209961 
5.615467548370361 
6.101276397705078 
5.37420129776001 
7.208404064178467 
7.239329814910889 
7.4343085289001465 
7.606271266937256 
7.8830037117004395 
7.535654544830322 
6.28431510925293 
5.8114776611328125 
6.44852352142334 
6.3844380378723145 
4.233792304992676 
6.545963764190674 
4.915691375732422 
5.125570774078369 
7.004594326019287 
5.249678134918213 
7.126745223999023 
9.37939453125 
5.277579307556152 
7.185655117034912 
7.724781036376953 
5.855391502380371 
6.629645347595215 
6.198453426361084 
6.257617950439453 
5.314659595489502 
7.08674430847168 
5.990468502044678 
4.686237335205078 
5.233972072601318 
7.018174171447754 
6.382995128631592 
5.048389911651611 
4.810914516448975 
5.371922492980957 
5.777947902679443 
7.880709171295166 
8.540311813354492 
8.284911155700684 
6.42667818069458 
7.802100658416748 
5.625577926635742 
6.0081892013549805 
5.094022274017334 
4.781879425048828 
5.905187606811523 
6.503548622131348 
6.12621545791626 
6.0663886070251465 
7.14858341217041 
4.98009729385376 
7.547050952911377 
5.477939605712891 
4.675317764282227 
6.607870578765869 
7.576239585876465 
7.853033065795898 
5.546320915222168 
6.058472156524658 
5.874693393707275 
6.802091598510742 
6.689719200134277 
5.94395112991333 
7.738979816436768 
6.645907878875732 
6.578767776489258 
7.285184860229492 
5.744786262512207 
6.663354873657227 
5.4334797859191895 
8.80506420135498 
5.794607162475586 
4.805545330047607 
7.979188919067383 
7.305224418640137 
6.041121959686279 
5.882376670837402 
6.686056137084961 
7.233299732208252 
7.638702869415283 
4.585700511932373 
7.87758207321167 
5.142277717590332 
5.175944805145264 
4.613831520080566 
7.530989646911621 
7.369632720947266 
3.7780046463012695 
5.580366611480713 
6.05219030380249 
6.068839073181152 
7.365731716156006 
9.376092910766602 
5.410040855407715 
5.3243818283081055 
6.061372756958008 
5.383678436279297 
6.496735095977783 
5.003748893737793 
7.499087810516357 
6.247550964355469 
6.317843437194824 
5.538351535797119 
6.2066650390625 
5.804913520812988 
8.319685935974121 
5.950709342956543 
7.694540500640869 
6.4233856201171875 
7.25847864151001 
6.051601886749268 
9.438003540039062 
6.4511189460754395 
6.752979755401611 
7.358830451965332 
8.658157348632812 
5.560399055480957 
6.4028215408325195 
5.9254961013793945 
4.731693744659424 
7.604290008544922 
5.481834411621094 
6.957854747772217 
6.800848007202148 
5.201572895050049 
6.578845500946045 
6.2702836990356445 
5.871013641357422 
7.110470771789551 
7.203935146331787 
6.8064351081848145 
6.210077285766602 
7.633378505706787 
7.399755954742432 
6.703062057495117 
5.372162818908691 
5.11836051940918 
4.486110687255859 
6.553476810455322 
4.976578712463379 
4.799797058105469 
7.017300128936768 
6.928109169006348 
5.433119773864746 
6.671347618103027 
6.340102195739746 
6.398386478424072 
7.875887393951416 
5.941512107849121 
8.953743934631348 
6.426295757293701 
5.539159774780273 
8.088933944702148 
6.150703430175781 
5.855649471282959 
6.150578022003174 
5.351698398590088 
6.028266429901123 
7.563055038452148 
6.16741418838501 
7.516489505767822 
4.910473823547363 
6.991865158081055 
6.026147365570068 
4.838642120361328 
5.683998107910156 
5.43883752822876 
6.251312732696533 
5.106821060180664 
5.038887977600098 
4.949474334716797 
7.041291236877441 
7.181034088134766 
8.279226303100586 
5.267562389373779 
5.680294513702393 
5.898776054382324 
5.691867828369141 
6.757140636444092 
6.067896842956543 
6.580265522003174 
6.968238353729248 
5.811909198760986 
5.005480766296387 
6.047772407531738 
6.43448543548584 
6.923612117767334 
5.09895658493042 
4.60768461227417 
5.135724067687988 
5.839382648468018 
5.312464714050293 
8.36231517791748 
5.6106767654418945 
6.015972137451172 
5.312285900115967 
6.257418155670166 
7.441375732421875 
6.3432841300964355 
4.873053550720215 
6.806069850921631 
5.421542644500732 
6.370721817016602 
7.7129716873168945 
8.066394805908203 
5.478701114654541 
4.662731647491455 
7.368993282318115 
5.403439044952393 
4.7935967445373535 
6.502997875213623 
4.703324317932129 
6.263889789581299 
5.904062747955322 
6.676653861999512 
7.014163017272949 
5.422257423400879 
5.817902565002441 
6.641801357269287 
5.1274495124816895 
4.77472448348999 
6.151693344116211 
6.2383131980896 
6.306110858917236 
5.399813175201416 
5.49855375289917 
5.088240623474121 
6.1281914710998535 
4.755047798156738 
5.621140480041504 
4.606385231018066 
5.379195213317871 
5.601523399353027 
5.57802152633667 
5.35129976272583 
6.62249231338501 
5.084165573120117 
5.318085670471191 
6.892117977142334 
8.34546947479248 
6.554279327392578 
7.818856239318848 
7.602091312408447 
8.019186973571777 
7.040383338928223 
5.2873334884643555 
5.7144036293029785 
5.509792804718018 
4.959074974060059 
5.871791362762451 
5.661215782165527 
6.512750625610352 
5.394540786743164 
6.018802165985107 
8.677874565124512 
6.517399311065674 
5.238485336303711 
6.267264366149902 
9.18822193145752 
6.889832496643066 
7.8510355949401855 
6.765842437744141 
6.712891578674316 
8.687101364135742 
7.577692985534668 
5.558132171630859 
6.900445938110352 
7.691090106964111 
6.097597599029541 
6.679473876953125 
4.380509376525879 
5.348734378814697 
5.275982856750488 
8.350069046020508 
6.498254776000977 
4.6758575439453125 
7.656208515167236 
6.140227794647217 
5.879763126373291 
7.668954372406006 
7.572321891784668 
5.6030497550964355 
5.272630214691162 
6.883449554443359 
6.29838752746582 
5.998369216918945 
5.561680316925049 
9.943406105041504 
6.526270866394043 
5.971888542175293 
7.745810031890869 
6.167745590209961 
7.391689300537109 
4.709879398345947 
6.629485607147217 
4.977845668792725 
6.066113471984863 
8.808182716369629 
4.490405082702637 
5.666707992553711 
6.188138961791992 
8.218598365783691 
6.3231000900268555 
5.745983600616455 
7.436623573303223 
5.684944152832031 
5.817131996154785 
6.228002071380615 
6.205859184265137 
5.268616676330566 
6.48245096206665 
5.1136794090271 
6.838024139404297 
6.511406898498535 
4.6876702308654785 
5.059873104095459 
5.9625959396362305 
9.30005931854248 
5.981590747833252 
5.9953413009643555 
5.511985778808594 
7.129642009735107 
6.513830661773682 
10.53003215789795 
7.1894636154174805 
7.9107666015625 
5.545429706573486 
6.002643585205078 
7.843441486358643 
6.875364303588867 
5.568746089935303 
6.834066867828369 
5.6035237312316895 
4.797348976135254 
5.298308372497559 
5.581894397735596 
5.589853763580322 
8.189845085144043 
6.859525680541992 
6.533719539642334 
5.958085060119629 
4.754324436187744 
6.282909870147705 
4.936761379241943 
5.710897445678711 
4.339691162109375 
6.270054817199707 
4.682448387145996 
5.138273239135742 
4.988994598388672 
9.638134002685547 
8.66684627532959 
9.458036422729492 
8.572127342224121 
6.79653787612915 
6.842709541320801 
7.728918075561523 
5.064971446990967 
5.9991021156311035 
7.854002952575684 
5.585808753967285 
4.947358131408691 
4.657145977020264 
6.997495651245117 
5.583066463470459 
6.32432222366333 
7.133760452270508 
4.992788791656494 
5.165927410125732 
5.866017818450928 
7.850536823272705 
4.6871867179870605 
6.650097846984863 
5.3143463134765625 
5.475714206695557 
7.926421165466309 
6.001972675323486 
8.63280200958252 
8.281903266906738 
6.625219345092773 
8.866113662719727 
8.971671104431152 
8.053348541259766 
5.357609748840332 
6.38059139251709 
7.747522354125977 
4.747086048126221 
6.402036190032959 
6.8922038078308105 
5.946176052093506 
5.580611705780029 
5.812954425811768 
6.730625629425049 
6.4359002113342285 
5.702188014984131 
5.202369213104248 
6.793518543243408 
6.254765510559082 
7.646379470825195 
6.361136436462402 
6.173486232757568 
6.7148823738098145 
7.160826206207275 
6.938148498535156 
7.220957279205322 
5.324796676635742 
7.208059787750244 
8.062410354614258 
6.022363662719727 
6.656538963317871 
4.279299736022949 
6.614663600921631 
6.831197261810303 
6.588725566864014 
7.625298976898193 
6.502150535583496 
7.639581203460693 
9.740686416625977 
6.89574670791626 
5.577286243438721 
5.919764041900635 
5.468883991241455 
6.666288375854492 
5.0619425773620605 
6.320866584777832 
4.75133752822876 
7.508837699890137 
8.559187889099121 
5.674612998962402 
6.201284885406494 
6.798674583435059 
8.42944049835205 
9.383097648620605 
4.757187843322754 
5.336419582366943 
5.812124252319336 
5.918478965759277 
6.558346748352051 
9.238750457763672 
6.377147674560547 
6.526941776275635 
7.7646098136901855 
6.231316566467285 
5.318686485290527 
4.876540660858154 
8.096343994140625 
5.304152965545654 
5.278264999389648 
7.139336585998535 
5.788036346435547 
5.119969367980957 
6.127586841583252 
6.383762836456299 
5.891515254974365 
5.107320785522461 
5.670722484588623 
6.809676647186279 
6.159874439239502 
6.357883930206299 
6.309422016143799 
5.435393810272217 
6.8117241859436035 
6.240332126617432 
6.39232873916626 
6.228946208953857 
7.152505397796631 
6.104534149169922 
6.165159702301025 
5.094792366027832 
5.635563850402832 
4.667340278625488 
9.08277416229248 
7.743443965911865 
7.561341762542725 
5.549219131469727 
6.497124195098877 
6.969684600830078 
7.46787691116333 
7.268803119659424 
6.359614849090576 
5.7663655281066895 
6.313826084136963 
5.6689605712890625 
4.34627103805542 
5.2904558181762695 
6.377152919769287 
5.481339454650879 
5.8234992027282715 
4.716942310333252 
6.216140270233154 
8.411810874938965 
5.745422840118408 
8.409830093383789 
6.685791492462158 
5.142502307891846 
5.150778293609619 
6.209365367889404 
5.777796745300293 
6.892580032348633 
4.895290851593018 
6.2494730949401855 
4.636335849761963 
7.21140193939209 
5.130939960479736 
6.165045738220215 
6.854363441467285 
5.225010871887207 
7.11568546295166 
4.49179220199585 
8.003296852111816 
5.954613208770752 
6.95603609085083 
6.584434986114502 
6.874886989593506 
5.781370162963867 
5.392147064208984 
6.212730884552002 
6.741471290588379 
5.71024227142334 
5.16888427734375 
6.426435470581055 
7.18149995803833 
6.097960948944092 
6.5958147048950195 
5.675879955291748 
4.8662519454956055 
6.538506031036377 
6.2017035484313965 
5.438507556915283 
5.849679946899414 
7.184142112731934 
7.701189041137695 
6.9459099769592285 
8.868742942810059 
5.8001790046691895 
5.478791236877441 
6.24159574508667 
9.107797622680664 
5.421683311462402 
6.504502773284912 
5.897799015045166 
7.907334327697754 
6.265227794647217 
6.225068092346191 
7.400213241577148 
6.590342998504639 
5.982811450958252 
5.514181137084961 
6.494103908538818 
5.824521064758301 
6.256421089172363 
6.548116207122803 
7.214596271514893 
6.931491374969482 
6.131097793579102 
5.344155311584473 
7.688699722290039 
4.856158256530762 
5.398807048797607 
5.244830131530762 
6.248303413391113 
5.957583904266357 
6.84075927734375 
8.11825942993164 
5.0979108810424805 
5.289708137512207 
5.616107940673828 
5.35367488861084 
9.595823287963867 
6.5825419425964355 
5.650412082672119 
8.22299575805664 
5.7169694900512695 
7.046569347381592 
5.655086517333984 
5.76204252243042 
4.658294677734375 
6.62763786315918 
5.685996055603027 
6.33660888671875 
5.813338279724121 
6.124457359313965 
6.968247890472412 
5.987477779388428 
5.768720626831055 
6.084440231323242 
5.324527263641357 
4.975511074066162 
5.7347259521484375 
5.790773868560791 
6.044676303863525 
5.497840881347656 
6.061005592346191 
5.109155654907227 
6.228416442871094 
6.36552095413208 
5.008283615112305 
7.028868675231934 
9.18014144897461 
8.551258087158203 
5.500829696655273 
6.137812614440918 
5.96009635925293 
5.78847074508667 
6.745198726654053 
5.3635125160217285 
4.689592361450195 
5.024861812591553 
5.44390344619751 
8.050200462341309 
7.71708869934082 
4.865391254425049 
7.076786994934082 
7.402288913726807 
7.875332355499268 
6.076730251312256 
6.941771984100342 
6.905189514160156 
5.996561050415039 
6.529904842376709 
5.443113327026367 
5.4254937171936035 
6.742871284484863 
4.515813827514648 
6.654565811157227 
6.848351001739502 
7.195520401000977 
5.930352210998535 
6.942846298217773 
6.822597980499268 
5.911309719085693 
4.37531042098999 
6.75840425491333 
7.187137603759766 
8.517436981201172 
5.050665378570557 
6.162390232086182 
6.9501824378967285 
5.961935520172119 
6.014671802520752 
6.283112049102783 
5.044887542724609 
4.980262756347656 
6.9578633308410645 
8.315237045288086 
5.949994087219238 
6.575087070465088 
5.887364864349365 
5.9273762702941895 
5.902758598327637 
5.0635294914245605 
7.0948405265808105 
6.321232318878174 
5.861420631408691 
5.473723888397217 
5.629697322845459 
5.4914937019348145 
6.635985851287842 
5.6630730628967285 
8.15431022644043 
5.166221618652344 
5.713590621948242 
8.423917770385742 
5.1561665534973145 
8.627336502075195 
5.3936028480529785 
5.992611885070801 
5.115697383880615 
6.581832408905029 
7.295790195465088 
5.013490676879883 
5.839011192321777 
6.2985005378723145 
7.59697151184082 
6.406150817871094 
6.14560079574585 
7.656664848327637 
6.777456283569336 
5.872665882110596 
6.417837142944336 
7.868959903717041 
5.695314884185791 
5.717952728271484 
6.624789714813232 
6.582128047943115 
7.204020977020264 
7.929813861846924 
6.214898586273193 
5.922402381896973 
5.361141681671143 
5.9884724617004395 
5.960487365722656 
6.012773036956787 
7.281480312347412 
6.118526935577393 
5.095093727111816 
6.321563720703125 
7.767993450164795 
5.906898021697998 
5.729071617126465 
8.822563171386719 
5.681351661682129 
5.8212890625 
5.470158576965332 
8.406280517578125 
7.795650959014893 
7.2117109298706055 
8.580302238464355 
4.640880107879639 
6.833769798278809 
8.043299674987793 
4.543513298034668 
7.119826316833496 
4.913294792175293 
9.002829551696777 
6.504980087280273 
6.06958532333374 
5.776318073272705 
6.209645748138428 
6.593430995941162 
6.846707344055176 
7.361667633056641 
6.096365451812744 
5.936058044433594 
8.31173038482666 
5.918753147125244 
6.656914234161377 
7.739136695861816 
6.1032328605651855 
6.789933204650879 
8.234102249145508 
6.694180488586426 
5.612954616546631 
5.322576999664307 
5.578071117401123 
8.093820571899414 
5.740204334259033 
5.820036888122559 
6.880018711090088 
6.695178985595703 
6.873424053192139 
7.611742973327637 
6.875921726226807 
5.534051895141602 
7.180898666381836 
5.851919651031494 
5.547972679138184 
7.334423542022705 
6.09279203414917 
5.471931457519531 
6.129697799682617 
5.110771656036377 
5.082239627838135 
5.348538398742676 
5.446512222290039 
6.249844074249268 
6.772387504577637 
5.790849208831787 
5.650715351104736 
6.732667922973633 
5.39337682723999 
7.443976879119873 
6.548653602600098 
6.767766952514648 
5.337423324584961 
6.065492630004883 
7.754242420196533 
6.199306488037109 
5.472157001495361 
5.4263596534729 
4.881357192993164 
5.249840259552002 
6.032444000244141 
6.534940719604492 
4.4837965965271 
6.45833683013916 
5.625140190124512 
5.373486042022705 
5.140690803527832 
8.29470443725586 
5.697253227233887 
4.286603927612305 
7.174172401428223 
6.929932594299316 
5.387754440307617 
6.224367618560791 
5.992580890655518 
5.442092418670654 
6.009211540222168 
7.409661769866943 
6.349567890167236 
6.327679634094238 
8.558937072753906 
9.016868591308594 
5.901142597198486 
5.406053066253662 
7.414610862731934 
6.478822708129883 
5.458934783935547 
8.081293106079102 
5.660504341125488 
5.7388386726379395 
9.995478630065918 
6.146414279937744 
6.0838212966918945 
5.726104736328125 
5.723047256469727 
7.0032958984375 
6.9924468994140625 
7.819197177886963 
5.97825288772583 
6.961461067199707 
6.600358009338379 
7.761782646179199 
6.976748943328857 
5.784521102905273 
5.534016132354736 
6.0776495933532715 
7.044958114624023 
5.194377422332764 
8.997953414916992 
8.835430145263672 
6.124380588531494 
6.532473564147949 
7.651883602142334 
6.7555646896362305 
8.051745414733887 
6.82418966293335 
7.189814567565918 
6.287288665771484 
7.77058219909668 
7.872823238372803 
7.0347185134887695 
5.920460224151611 
6.611921310424805 
4.979477882385254 
5.434452056884766 
9.345694541931152 
6.835231304168701 
5.821462631225586 
7.113287448883057 
6.8917436599731445 
5.252306938171387 
6.538081645965576 
6.664191722869873 
4.958265781402588 
7.0261383056640625 
4.854432582855225 
4.999302387237549 
7.918111324310303 
5.437523365020752 
6.784539699554443 
5.877241134643555 
6.731393814086914 
4.288660526275635 
4.546751022338867 
5.774108409881592 
5.647882461547852 
5.240120887756348 
5.991696834564209 
7.531909465789795 
7.226460933685303 
9.809496879577637 
8.792427062988281 
7.2768473625183105 
5.960066318511963 
6.470040798187256 
5.205955505371094 
5.697153091430664 
6.729156494140625 
6.660809516906738 
8.092608451843262 
6.159449577331543 
8.12175464630127 
8.2930269241333 
6.061830997467041 
3.5148720741271973 
5.102038860321045 
6.882925510406494 
4.993949890136719 
5.931674003601074 
4.253367900848389 
5.788163661956787 
5.861314296722412 
7.654480934143066 
6.132747650146484 
6.3840413093566895 
5.410069465637207 
7.505379676818848 
6.846341609954834 
6.9755940437316895 
6.3999552726745605 
8.343791007995605 
7.819020748138428 
8.99482250213623 
5.51470947265625 
7.5493316650390625 
8.99526309967041 
5.066967487335205 
7.025744438171387 
5.429498195648193 
9.184410095214844 
5.606836795806885 
4.931160926818848 
5.711095809936523 
7.37072229385376 
6.535717487335205 
6.670568466186523 
5.614351272583008 
6.427404403686523 
6.99954080581665 
5.635586738586426 
6.330773830413818 
6.061868667602539 
5.817121505737305 
5.689780235290527 
6.309453010559082 
5.596729278564453 
6.025264739990234 
8.69296646118164 
7.222238063812256 
4.362389087677002 
6.506645679473877 
6.50919246673584 
7.558853626251221 
5.274045467376709 
6.9143781661987305 
5.976932525634766 
6.271781921386719 
9.517108917236328 
5.908533573150635 
5.377346992492676 
4.754837512969971 
6.468299865722656 
5.254519939422607 
5.538565635681152 
6.193441390991211 
7.474965572357178 
5.832114219665527 
5.81850528717041 
6.974062919616699 
6.218649864196777 
5.756931304931641 
7.972775459289551 
5.258800506591797 
7.291332244873047 
7.693172931671143 
6.080819129943848 
7.86974573135376 
7.570310115814209 
6.286412715911865 
6.494368553161621 
5.736002445220947 
6.973332405090332 
5.993828773498535 
5.608710765838623 
5.681105136871338 
6.328531742095947 
5.634947299957275 
5.846157073974609 
9.06414794921875 
6.266433238983154 
6.15753173828125 
5.012195110321045 
8.618975639343262 
8.081624031066895 
9.350109100341797 
6.253576755523682 
7.445865631103516 
6.680403709411621 
5.044145107269287 
6.236929416656494 
6.6096110343933105 
5.966085910797119 
6.758859634399414 
5.445109844207764 
5.523158550262451 
6.369283676147461 
5.938372611999512 
5.59882926940918 
7.5381059646606445 
6.135490894317627 
7.474384307861328 
5.378250598907471 
5.42588996887207 
9.07984733581543 
4.981315612792969 
6.884847640991211 
6.20716667175293 
7.627254962921143 
6.375720977783203 
8.457113265991211 
5.15348482131958 
4.995233535766602 
5.94232177734375 
6.279646873474121 
8.193049430847168 
5.569392204284668 
7.0514960289001465 
5.19642972946167 
8.43176555633545 
6.479500770568848 
5.5981292724609375 
5.18601655960083 
6.944859981536865 
6.419030666351318 
5.386781215667725 
4.424368858337402 
7.560464859008789 
7.803250789642334 
6.205083847045898 
7.419285774230957 
5.1553192138671875 
7.700650691986084 
6.402555465698242 
5.3284831047058105 
6.9015793800354 
8.213194847106934 
5.175832271575928 
5.894350051879883 
5.325645446777344 
5.82841157913208 
4.484735488891602 
6.071369647979736 
6.072831153869629 
6.541717052459717 
8.939374923706055 
8.566988945007324 
6.7864789962768555 
7.413393020629883 
6.877206325531006 
5.253991603851318 
6.517042636871338 
5.724611282348633 
7.090902328491211 
7.960023403167725 
5.721543788909912 
5.722589015960693 
6.197893142700195 
5.651511192321777 
5.094972133636475 
7.037759780883789 
7.418342113494873 
7.365851879119873 
6.165131092071533 
4.794355869293213 
6.358915328979492 
5.977084636688232 
4.945247173309326 
5.677990913391113 
4.762200832366943 
6.59011697769165 
7.372557640075684 
7.88552188873291 
7.255975246429443 
5.048458099365234 
7.274618625640869 
4.564885139465332 
4.621986389160156 
6.68743896484375 
8.195502281188965 
6.451874732971191 
4.96890926361084 
7.296162128448486 
7.343849182128906 
7.643944263458252 
6.2542643547058105 
7.691903114318848 
6.017093658447266 
4.944555759429932 
6.465242385864258 
7.692531108856201 
7.35996675491333 
6.8293280601501465 
5.822886943817139 
6.022754669189453 
5.886210918426514 
5.441624164581299 
7.532905578613281 
7.529627323150635 
6.995143413543701 
6.493442535400391 
7.86976957321167 
5.62826681137085 
6.614513397216797 
6.706009864807129 
6.752052307128906 
6.191783905029297 
8.063704490661621 
6.320329189300537 
7.523745059967041 
5.949015140533447 
6.391097068786621 
6.116320610046387 
5.54807186126709 
5.645199775695801 
7.06721305847168 
6.8924479484558105 
6.172509670257568 
5.530621528625488 
5.280337333679199 
6.3502197265625 
5.268183708190918 
5.70943021774292 
5.482521057128906 
5.592663288116455 
8.25971794128418 
7.103295803070068 
6.046220302581787 
7.619962692260742 
5.427022933959961 
5.442205905914307 
6.847121238708496 
6.13494873046875 
5.696697235107422 
5.5782036781311035 
6.626058578491211 
5.040983200073242 
7.295276641845703 
6.070895671844482 
7.071037769317627 
6.2293782234191895 
5.276337146759033 
5.805142879486084 
5.733675956726074 
6.215915203094482 
4.86252498626709 
5.360428333282471 
6.17420768737793 
7.106699466705322 
5.455377578735352 
5.916473865509033 
8.275715827941895 
6.311909198760986 
5.761013031005859 
5.465640068054199 
5.933411598205566 
6.4606146812438965 
5.937215805053711 
6.702896595001221 
5.265388011932373 
5.92868185043335 
6.717100143432617 
6.703091621398926 
6.4064836502075195 
7.749306678771973 
7.309814453125 
7.341102600097656 
6.237001895904541 
5.347878456115723 
5.568914890289307 
5.093626976013184 
8.576802253723145 
4.866018772125244 
7.817440509796143 
5.580526828765869 
6.1856584548950195 
5.7987165451049805 
6.978704929351807 
5.534425258636475 
9.792926788330078 
5.896729946136475 
6.978677272796631 
7.723114490509033 
5.604455471038818 
5.788125038146973 
5.062727451324463 
9.001274108886719 
5.164032459259033 
6.579397201538086 
5.256471157073975 
5.283682823181152 
5.969238758087158 
6.460535526275635 
7.248044967651367 
6.420828819274902 
8.799342155456543 
6.262022495269775 
6.24151611328125 
6.4378461837768555 
8.218826293945312 
5.5960164070129395 
6.532065391540527 
5.114460468292236 
5.992248058319092 
6.9125800132751465 
4.873513221740723 
7.384011745452881 
6.366140842437744 
8.158772468566895 
5.648046970367432 
7.622000217437744 
5.2377028465271 
6.919548988342285 
7.369056224822998 
6.837560653686523 
6.6487555503845215 
7.146213054656982 
7.165150165557861 
6.984785079956055 
5.571748733520508 
7.114121437072754 
4.412669658660889 
6.142786502838135 
7.306114673614502 
7.0783796310424805 
9.553533554077148 
5.429409503936768 
7.717321395874023 
6.785306930541992 
7.0054707527160645 
6.190776824951172 
6.77543306350708 
6.660111427307129 
5.616270542144775 
5.521777629852295 
6.4781575202941895 
5.491189956665039 
7.248746871948242 
6.220855712890625 
5.402402400970459 
6.139492511749268 
9.366546630859375 
6.2389421463012695 
6.237674236297607 
4.841454029083252 
5.428498268127441 
5.644622802734375 
6.015924453735352 
5.765749454498291 
7.701265335083008 
5.364635944366455 
6.141991138458252 
6.711826801300049 
6.511828899383545 
5.9879536628723145 
5.410435676574707 
6.246126174926758 
8.801012992858887 
7.011513710021973 
7.768126010894775 
6.825587272644043 
5.188791751861572 
6.472609519958496 
6.534721374511719 
4.414423942565918 
4.875376224517822 
8.526226043701172 
8.499848365783691 
5.163285255432129 
8.012166976928711 
6.424778461456299 
8.612324714660645 
5.924445629119873 
6.170135974884033 
4.853518486022949 
8.675600051879883 
6.301908016204834 
5.199108123779297 
6.045754432678223 
4.838204383850098 
7.033808708190918 
6.0718560218811035 
6.643787860870361 
6.207025051116943 
8.157405853271484 
6.464395046234131 
5.662616729736328 
5.752366542816162 
5.506641864776611 
4.92511510848999 
6.067263603210449 
5.604372024536133 
8.628973960876465 
8.383686065673828 
4.762232780456543 
5.916604518890381 
5.7436981201171875 
6.5966386795043945 
6.96334171295166 
5.404964923858643 
4.624862194061279 
6.875452041625977 
5.632665634155273 
6.308857440948486 
7.8568572998046875 
5.318159580230713 
6.782299518585205 
5.300643444061279 
5.191866397857666 
6.860912799835205 
8.636728286743164 
5.665520668029785 
6.034276962280273 
6.6584320068359375 
7.344289779663086 
7.19241189956665 
4.836514472961426 
5.461360454559326 
6.2777299880981445 
4.6044745445251465 
5.36492919921875 
6.901601314544678 
8.845418930053711 
5.163556098937988 
6.245147228240967 
8.144518852233887 
5.660046100616455 
8.755346298217773 
7.065317630767822 
6.06759786605835 
4.730269432067871 
7.458604335784912 
4.437786102294922 
6.396733283996582 
4.744817733764648 
5.306085586547852 
7.6110053062438965 
4.257157802581787 
7.402630805969238 
6.205331802368164 
8.213960647583008 
5.408966064453125 
5.261672019958496 
4.63576602935791 
5.450148105621338 
4.47527551651001 
6.002038478851318 
5.178528785705566 
8.252331733703613 
5.668361663818359 
5.783944606781006 
6.682666301727295 
5.2696943283081055 
9.530882835388184 
5.20418643951416 
5.6877121925354 
6.455847263336182 
7.008753299713135 
5.975687026977539 
5.759902000427246 
5.791412353515625 
7.837084770202637 
5.595607757568359 
7.169509410858154 
6.843412399291992 
5.69116735458374 
5.840377330780029 
5.692638397216797 
6.5156450271606445 
6.840771675109863 
6.822031021118164 
5.326331615447998 
6.95659065246582 
6.361496448516846 
6.376755237579346 
7.689858913421631 
5.120049476623535 
7.400981903076172 
7.379003524780273 
6.667834758758545 
5.05928897857666 
6.249975204467773 
6.424515247344971 
5.22201681137085 
5.987250328063965 
6.338076114654541 
7.440609455108643 
6.119685649871826 
7.426701545715332 
6.540258407592773 
7.925531387329102 
4.9511003494262695 
6.138274192810059 
5.984667778015137 
5.556326866149902 
5.762633323669434 
7.821598529815674 
6.904428482055664 
5.860905170440674 
9.485508918762207 
6.223260879516602 
4.749752044677734 
5.370291709899902 
9.184371948242188 
7.64310884475708 
4.382563591003418 
8.67677116394043 
7.555881023406982 
5.510352611541748 
6.426177978515625 
8.136582374572754 
7.160615921020508 
5.554211616516113 
5.914409637451172 
5.881694316864014 
5.008413791656494 
6.298831462860107 
6.139753818511963 
5.706708908081055 
4.505671977996826 
7.9436259269714355 
6.570526599884033 
4.854884147644043 
4.944090843200684 
6.390427112579346 
6.612032890319824 
5.84630012512207 
6.041707515716553 
6.30898380279541 
7.350894451141357 
6.382317066192627 
6.083409786224365 
6.382021427154541 
5.876108169555664 
5.804837226867676 
7.043346881866455 
6.099207878112793 
7.950878620147705 
6.593512058258057 
6.346126556396484 
6.333653926849365 
4.6295485496521 
5.355860233306885 
5.895293235778809 
5.288743019104004 
5.356575012207031 
8.193345069885254 
7.153527736663818 
6.0492048263549805 
5.5670857429504395 
6.707080841064453 
5.613952159881592 
9.459254264831543 
5.3210625648498535 
4.5708231925964355 
5.644313335418701 
6.675860404968262 
6.977446556091309 
7.84754753112793 
5.230797290802002 
4.791918754577637 
6.35325288772583 
5.071128845214844 
5.917846202850342 
5.355002403259277 
6.538223743438721 
4.635287761688232 
6.6114349365234375 
5.3995866775512695 
6.79142951965332 
6.704164505004883 
7.459158420562744 
7.003282070159912 
4.44698429107666 
4.93707799911499 
5.412097930908203 
6.900424480438232 
8.55896282196045 
6.3112688064575195 
8.984679222106934 
4.794678688049316 
4.221475124359131 
7.6809868812561035 
6.202836990356445 
6.049686431884766 
6.36305046081543 
5.862723350524902 
6.086766719818115 
7.400568008422852 
6.39212703704834 
5.513823509216309 
5.738459587097168 
4.758513927459717 
7.10931396484375 
5.971416473388672 
5.934711933135986 
7.407519340515137 
4.887445449829102 
6.223752498626709 
8.349593162536621 
6.310556411743164 
7.160479545593262 
9.948147773742676 
5.404299736022949 
5.9336137771606445 
5.346482753753662 
7.295212268829346 
6.4080491065979 
8.04732894897461 
5.047659873962402 
8.072629928588867 
4.2356648445129395 
5.355774879455566 
6.473506450653076 
7.51216459274292 
7.1937479972839355 
6.11228609085083 
7.308211803436279 
4.997381210327148 
6.233858108520508 
5.373979568481445 
5.680899143218994 
8.529444694519043 
6.314078330993652 
6.39655876159668 
6.683228492736816 
5.606833457946777 
5.405838489532471 
9.362488746643066 
6.330268859863281 
5.396070957183838 
5.329380035400391 
8.647207260131836 
6.566673755645752 
5.825351715087891 
8.607057571411133 
4.8784379959106445 
7.037509918212891 
8.09223461151123 
7.322581768035889 
6.8083391189575195 
4.883120059967041 
7.05401611328125 
5.97312593460083 
6.173727035522461 
7.728433609008789 
10.005449295043945 
5.388388633728027 
7.105659484863281 
6.472878932952881 
5.494650840759277 
8.165291786193848 
7.882289886474609 
5.085461616516113 
6.10413932800293 
6.414777755737305 
9.777461051940918 
6.210151672363281 
8.068777084350586 
6.316022872924805 
5.380428314208984 
5.190859317779541 
7.587144374847412 
7.191476345062256 
6.16126012802124 
6.432985782623291 
6.998872756958008 
6.616593360900879 
7.542173862457275 
6.555112838745117 
5.603519916534424 
6.58527946472168 
7.146020889282227 
7.715989112854004 
7.525322914123535 
8.824010848999023 
5.435011863708496 
6.406454563140869 
7.491654872894287 
6.549126148223877 
6.187667369842529 
4.93733549118042 
5.178304195404053 
5.622400760650635 
5.663656711578369 
6.192066192626953 
6.0192389488220215 
5.798913478851318 
5.979430675506592 
4.1438117027282715 
7.781997203826904 
5.621557235717773 
5.679342269897461 
6.9597344398498535 
5.8217692375183105 
6.637662410736084 
6.561662673950195 
4.720132827758789 
6.513064861297607 
7.502670764923096 
6.484758377075195 
6.331467628479004 
9.144946098327637 
6.792444229125977 
6.377022743225098 
7.399611473083496 
7.3827080726623535 
6.2432451248168945 
6.62338924407959 
7.425158500671387 
6.170448303222656 
7.565395355224609 
5.745644569396973 
5.418856143951416 
6.3525590896606445 
7.126054286956787 
7.285611152648926 
5.941806793212891 
5.654378414154053 
4.905941009521484 
5.37502908706665 
5.689643859863281 
6.065211296081543 
5.4497575759887695 
4.836822032928467 
4.663672924041748 
5.350951671600342 
6.542704105377197 
8.79269027709961 
4.56122350692749 
5.28653621673584 
6.177877426147461 
5.0659990310668945 
6.506157398223877 
7.519261360168457 
4.616827964782715 
6.763207912445068 
8.55990219116211 
5.387470245361328 
5.543076992034912 
6.268148899078369 
7.744014263153076 
5.6431450843811035 
6.853194236755371 
6.68897819519043 
6.042667865753174 
6.674134731292725 
7.448013782501221 
6.517742156982422 
8.628311157226562 
7.220425128936768 
5.969405174255371 
7.119983673095703 
7.720567226409912 
7.683938980102539 
6.158473491668701 
7.854633808135986 
6.783628463745117 
5.3369340896606445 
4.104583263397217 
7.785682201385498 
5.736875534057617 
6.2219696044921875 
6.2619733810424805 
6.719768047332764 
6.519556999206543 
6.019137382507324 
6.506359100341797 
6.451643466949463 
6.894504070281982 
8.147212982177734 
5.794828414916992 
5.078567028045654 
5.934835433959961 
6.716642379760742 
4.392928600311279 
6.449341773986816 
6.7328338623046875 
7.648383617401123 
6.409634590148926 
7.872671604156494 
8.06418514251709 
5.915307998657227 
5.2772111892700195 
6.061426639556885 
5.192341327667236 
7.080540657043457 
5.7692413330078125 
5.284485340118408 
6.070470809936523 
6.389971733093262 
6.676656246185303 
4.599806785583496 
6.0709147453308105 
5.036112308502197 
6.82620096206665 
5.976248741149902 
6.102394104003906 
4.429685115814209 
7.052786827087402 
4.922754287719727 
6.712220191955566 
5.450531959533691 
7.404979228973389 
7.952005386352539 
6.154016494750977 
4.72701358795166 
5.792230129241943 
7.6153364181518555 
6.918728828430176 
7.785261631011963 
7.5302581787109375 
5.54174280166626 
6.833681106567383 
7.416464805603027 
4.660655498504639 
5.156303882598877 
3.9980595111846924 
6.2873334884643555 
6.284539222717285 
9.669480323791504 
7.96746301651001 
6.278685092926025 
6.223670959472656 
5.934566020965576 
6.8873772621154785 
7.2331390380859375 
5.909793853759766 
5.235575199127197 
5.9724531173706055 
5.599826812744141 
6.043940544128418 
6.40696382522583 
5.952305316925049 
5.8968634605407715 
6.83413553237915 
4.54371452331543 
5.852627277374268 
6.586764812469482 
6.718480110168457 
5.850854396820068 
8.650896072387695 
5.992323398590088 
7.413042068481445 
7.459625720977783 
8.415007591247559 
7.9234232902526855 
6.73106050491333 
5.256688117980957 
9.085344314575195 
6.162236213684082 
7.100340366363525 
4.918765544891357 
7.707658767700195 
6.537652015686035 
7.294546604156494 
8.587223052978516 
8.832493782043457 
7.482477188110352 
7.154829025268555 
7.597890853881836 
4.9734416007995605 
7.669687747955322 
4.717711448669434 
5.292835712432861 
7.218275547027588 
6.139218330383301 
6.041780471801758 
6.386598587036133 
5.2484893798828125 
6.093289852142334 
7.626439571380615 
6.458691596984863 
7.128185272216797 
7.481298923492432 
5.750049591064453 
5.038708209991455 
7.2208476066589355 
5.622842311859131 
