4.906373023986816 
5.260397911071777 
5.161341667175293 
4.941867351531982 
4.966681480407715 
5.0563459396362305 
4.909772872924805 
5.504422187805176 
5.957961559295654 
5.159833908081055 
4.936102867126465 
5.039831161499023 
4.607865333557129 
5.379674911499023 
5.874629974365234 
5.268947601318359 
5.021606922149658 
4.991167068481445 
4.863717079162598 
5.438138008117676 
4.976043224334717 
5.029128074645996 
5.0918707847595215 
5.507561206817627 
5.02651309967041 
4.569129943847656 
5.378522872924805 
5.592318534851074 
5.2845458984375 
6.450892448425293 
5.07269287109375 
5.310222625732422 
5.052228927612305 
4.889540672302246 
5.370975494384766 
5.077874183654785 
5.2794036865234375 
5.384919166564941 
5.368120193481445 
7.127490043640137 
6.078136444091797 
5.084260940551758 
4.78554630279541 
5.804050445556641 
5.055727958679199 
4.978219509124756 
4.850616455078125 
5.193507671356201 
5.420489311218262 
5.038407325744629 
5.088505744934082 
7.198144912719727 
5.431221961975098 
5.038333415985107 
4.901251792907715 
4.93172025680542 
4.865351676940918 
6.633134841918945 
5.164875030517578 
5.243547439575195 
4.951967239379883 
4.866049766540527 
5.0438361167907715 
4.7103376388549805 
4.949091911315918 
4.990819931030273 
4.954850196838379 
5.281103134155273 
6.887113571166992 
4.884823799133301 
4.937340259552002 
5.694255352020264 
4.703666687011719 
5.258669853210449 
5.007940769195557 
5.069679260253906 
5.339378833770752 
4.9880900382995605 
5.035946846008301 
5.567095756530762 
6.462641716003418 
4.806339263916016 
5.14288330078125 
7.4359941482543945 
5.024184226989746 
4.69864559173584 
5.3056230545043945 
4.931854724884033 
5.005075931549072 
5.293654441833496 
5.170936584472656 
4.935018062591553 
4.960583686828613 
5.997676849365234 
5.761200904846191 
4.937719345092773 
5.642739295959473 
5.022456169128418 
5.1623382568359375 
5.032101154327393 
6.58781623840332 
6.223491668701172 
4.876982688903809 
4.839110374450684 
5.773600101470947 
4.958184242248535 
5.107373237609863 
4.654057502746582 
4.998017311096191 
5.44376277923584 
5.115245819091797 
4.828569412231445 
5.374424934387207 
4.886709213256836 
4.840125560760498 
7.021647930145264 
4.923449516296387 
5.066953659057617 
4.791543483734131 
4.893070220947266 
5.140590667724609 
4.996866703033447 
4.891308307647705 
5.143678665161133 
4.796196460723877 
5.012606620788574 
4.967777252197266 
5.150444507598877 
5.299471855163574 
5.282948970794678 
5.372800827026367 
5.008136749267578 
5.484196662902832 
5.88469123840332 
5.38620662689209 
5.122540473937988 
4.973859786987305 
6.284045696258545 
8.392154693603516 
5.068781852722168 
4.961647033691406 
5.3059186935424805 
5.137040615081787 
4.85767126083374 
5.599114418029785 
6.316636085510254 
4.984742164611816 
5.075419902801514 
5.075521945953369 
7.288478374481201 
5.002646446228027 
5.394143104553223 
5.036463737487793 
5.200870513916016 
6.824121475219727 
6.138657569885254 
5.432529449462891 
5.252190113067627 
4.745547294616699 
5.574764251708984 
5.079033851623535 
4.771261692047119 
4.939813613891602 
4.938723564147949 
4.803850173950195 
7.176952838897705 
6.820368766784668 
5.042859077453613 
4.890617847442627 
4.746258735656738 
5.613312721252441 
5.237003803253174 
7.2472991943359375 
5.088951110839844 
5.149997234344482 
8.137463569641113 
5.343685150146484 
5.753603935241699 
5.182057857513428 
5.354253768920898 
6.196449279785156 
4.857629776000977 
5.488948822021484 
4.688374042510986 
4.758147716522217 
5.4364519119262695 
5.1035051345825195 
5.094315052032471 
6.9237446784973145 
5.272461891174316 
4.862490177154541 
6.474128246307373 
5.102718353271484 
5.085674285888672 
5.173342227935791 
5.112710952758789 
5.027216911315918 
5.351320266723633 
4.957261085510254 
7.17824649810791 
5.274828910827637 
5.018744468688965 
5.0146589279174805 
4.896320819854736 
6.99320125579834 
5.924764156341553 
4.976865768432617 
6.36546516418457 
4.720235347747803 
6.086359977722168 
6.955864906311035 
5.15601921081543 
5.769588470458984 
4.863067150115967 
4.991025924682617 
5.092718124389648 
5.480207443237305 
5.064742088317871 
4.951210021972656 
4.787217617034912 
5.058570384979248 
4.664305686950684 
5.362120628356934 
5.1693010330200195 
5.530904769897461 
5.048412799835205 
5.139225959777832 
4.983540058135986 
4.945523738861084 
4.982450008392334 
5.546944618225098 
4.908918380737305 
5.05678653717041 
4.8601884841918945 
5.0088043212890625 
6.300246238708496 
5.941134929656982 
4.829224586486816 
4.742334365844727 
5.056699275970459 
4.8687944412231445 
7.080627918243408 
4.8599677085876465 
8.13833236694336 
4.800065040588379 
4.748675346374512 
5.0437164306640625 
4.964564323425293 
5.307214736938477 
5.037901401519775 
4.942746162414551 
6.748873710632324 
4.879161357879639 
5.045015335083008 
4.950556755065918 
4.9691548347473145 
5.450877666473389 
6.679507255554199 
4.932362079620361 
5.00982666015625 
4.8942108154296875 
5.979751110076904 
5.351871490478516 
5.261564254760742 
4.923168659210205 
5.035978317260742 
5.698611736297607 
4.7808732986450195 
4.93334436416626 
4.840843677520752 
4.994217872619629 
4.799107551574707 
5.026552200317383 
4.928800106048584 
5.326310157775879 
7.815302848815918 
4.890082359313965 
5.055022239685059 
5.621220111846924 
4.941063404083252 
4.962940216064453 
4.814208030700684 
5.964985370635986 
5.78691291809082 
6.581533432006836 
4.966053009033203 
6.230445861816406 
5.052737236022949 
5.0153117179870605 
5.828219413757324 
5.262171745300293 
5.108990669250488 
5.733490943908691 
5.05438232421875 
4.607156276702881 
6.907391548156738 
5.405246734619141 
5.077803611755371 
5.249180316925049 
4.982522010803223 
5.098992824554443 
7.639897346496582 
4.697086334228516 
5.5683794021606445 
8.822519302368164 
5.582813262939453 
5.827994346618652 
5.0076398849487305 
6.483091831207275 
4.935118675231934 
5.369014739990234 
6.148478984832764 
5.348396301269531 
5.034492492675781 
5.1514434814453125 
5.050239086151123 
5.003359794616699 
5.264566421508789 
5.180815696716309 
5.091663360595703 
5.061729431152344 
5.042453289031982 
4.890899181365967 
5.832253456115723 
4.972961902618408 
4.983654499053955 
4.86970329284668 
4.8802337646484375 
4.907962799072266 
4.957592964172363 
4.6616973876953125 
6.566915512084961 
5.1222734451293945 
5.3370041847229 
5.347830772399902 
4.968283176422119 
5.029594421386719 
5.458957672119141 
4.881720066070557 
5.739071846008301 
5.684136390686035 
5.023786544799805 
5.024497985839844 
5.396299362182617 
5.562211990356445 
5.150261878967285 
5.023214340209961 
6.135604381561279 
5.062299728393555 
6.028679370880127 
5.007190704345703 
5.1146392822265625 
4.814873695373535 
5.30095911026001 
4.950469017028809 
5.8130998611450195 
5.0986833572387695 
5.409413814544678 
5.176429748535156 
5.680306434631348 
4.962480545043945 
4.930522918701172 
5.0705413818359375 
4.89517879486084 
5.56740140914917 
4.850305557250977 
6.272134304046631 
5.178038120269775 
5.496339321136475 
4.964742183685303 
4.948423385620117 
5.536417484283447 
5.071184158325195 
5.040797710418701 
5.57779598236084 
4.9484758377075195 
5.131653785705566 
4.960888385772705 
6.191977500915527 
6.4296464920043945 
4.8015289306640625 
4.926207542419434 
5.088812828063965 
4.932711601257324 
5.416425704956055 
5.247507095336914 
5.024326324462891 
4.855785369873047 
5.069790840148926 
6.617732524871826 
4.987637519836426 
5.102108001708984 
5.345619201660156 
5.6049370765686035 
5.141027450561523 
5.720040321350098 
5.174444198608398 
4.9302167892456055 
5.593941688537598 
5.143648147583008 
5.067547798156738 
4.84361457824707 
4.829345226287842 
5.0520219802856445 
5.157265663146973 
5.178150177001953 
4.822640895843506 
4.991798400878906 
4.973199844360352 
5.0686869621276855 
4.822315216064453 
5.081752777099609 
6.866365909576416 
4.8953752517700195 
5.046131134033203 
4.863241195678711 
5.028905868530273 
5.675419807434082 
4.856287002563477 
4.895059585571289 
4.8616838455200195 
5.334758281707764 
5.124499320983887 
5.067142486572266 
5.8626298904418945 
5.114077568054199 
5.155907154083252 
4.984194278717041 
7.6934099197387695 
5.801965713500977 
4.875428199768066 
5.5256805419921875 
5.834066390991211 
5.705427169799805 
4.891350269317627 
5.025845527648926 
5.454861640930176 
6.234860420227051 
5.2550811767578125 
5.268279075622559 
5.678503513336182 
4.8605875968933105 
4.907052040100098 
4.618221282958984 
4.969959259033203 
6.545660495758057 
7.42459774017334 
5.137226104736328 
5.921041965484619 
4.768482208251953 
5.316538333892822 
5.018455505371094 
5.1057891845703125 
5.056849002838135 
4.900513648986816 
6.231939315795898 
4.98049259185791 
4.936031341552734 
6.5758562088012695 
6.15792179107666 
6.141270160675049 
5.171807289123535 
4.938362121582031 
4.616062164306641 
5.78695011138916 
4.864185333251953 
5.024348258972168 
5.5728759765625 
5.057124137878418 
4.956871032714844 
5.063652992248535 
4.989371299743652 
4.805512428283691 
5.561338424682617 
4.94826602935791 
5.256253242492676 
5.3581695556640625 
4.709234237670898 
5.621638298034668 
4.898575782775879 
4.999176502227783 
4.94236946105957 
5.378384113311768 
4.988816261291504 
5.077410697937012 
4.914137840270996 
5.165912628173828 
4.986475944519043 
5.373658657073975 
4.991255760192871 
5.044190406799316 
5.402853965759277 
5.738071918487549 
5.268406867980957 
5.158737659454346 
5.255268096923828 
5.245644569396973 
5.739262104034424 
4.8937530517578125 
5.078062057495117 
5.229455947875977 
5.440987586975098 
5.628909111022949 
4.817644119262695 
4.909618377685547 
5.457416534423828 
4.982358932495117 
5.283213138580322 
5.155230522155762 
4.874937534332275 
5.022423267364502 
6.160179138183594 
4.855513095855713 
6.161561965942383 
5.041121482849121 
5.574713230133057 
5.137472629547119 
5.352294921875 
5.041790008544922 
6.3108720779418945 
5.326939582824707 
4.991575717926025 
5.240969657897949 
5.457861423492432 
4.897461891174316 
8.102933883666992 
5.007524013519287 
5.465519905090332 
5.2079386711120605 
5.628444671630859 
5.092639923095703 
5.145191192626953 
5.142820358276367 
5.1895222663879395 
4.757794380187988 
4.759573459625244 
5.802319526672363 
4.6893229484558105 
5.128233909606934 
6.62772274017334 
5.165580749511719 
4.893064975738525 
6.889081001281738 
6.849135398864746 
4.910397529602051 
5.107083797454834 
4.987034797668457 
7.617578983306885 
5.395277500152588 
4.979580879211426 
5.364838123321533 
4.974357604980469 
5.617951393127441 
6.307764053344727 
5.32679557800293 
6.5017595291137695 
8.318645477294922 
4.968315124511719 
6.96769905090332 
5.15030574798584 
5.10767936706543 
4.968589782714844 
6.6076812744140625 
6.155647277832031 
5.021318435668945 
5.2664875984191895 
4.993346214294434 
4.995603084564209 
5.536236763000488 
5.033105850219727 
5.069314002990723 
5.266559600830078 
6.783365249633789 
6.5302839279174805 
4.678611755371094 
5.29929256439209 
5.176767826080322 
4.803101539611816 
5.203237533569336 
4.763830661773682 
5.126713752746582 
5.32089900970459 
8.318601608276367 
4.983092784881592 
4.829644203186035 
6.261356353759766 
5.550400733947754 
4.887847900390625 
5.17954683303833 
5.347940444946289 
4.889562129974365 
5.45903205871582 
5.121881484985352 
5.065158843994141 
4.88554048538208 
4.838479995727539 
4.912714004516602 
5.231335639953613 
5.160478115081787 
4.950500011444092 
5.063425064086914 
4.909727573394775 
5.937448501586914 
5.002260684967041 
5.356314659118652 
5.234524726867676 
5.187741756439209 
5.619058609008789 
8.066764831542969 
6.218574047088623 
5.109669208526611 
5.013791084289551 
5.817864418029785 
4.8741302490234375 
6.085961818695068 
4.9844160079956055 
5.574021816253662 
5.261086940765381 
5.076236248016357 
5.271822452545166 
4.998246192932129 
4.991952896118164 
4.978777885437012 
4.97614860534668 
4.88084602355957 
5.309213161468506 
4.791001319885254 
4.938470840454102 
5.2731523513793945 
5.638923168182373 
7.601377964019775 
5.558849334716797 
6.322728633880615 
5.013460159301758 
4.791866302490234 
6.077705383300781 
5.611138343811035 
5.902606010437012 
5.071897506713867 
5.531054496765137 
6.986867427825928 
6.005746841430664 
4.7074737548828125 
8.058006286621094 
5.0381364822387695 
5.7231035232543945 
4.935823440551758 
4.859088897705078 
6.5037946701049805 
4.9258623123168945 
6.49482536315918 
4.874895095825195 
5.1491289138793945 
4.986372947692871 
4.8372015953063965 
4.855537414550781 
4.9845781326293945 
5.396917819976807 
5.061625957489014 
4.869770050048828 
4.846076965332031 
5.937305450439453 
5.364699363708496 
4.991115570068359 
5.017075538635254 
5.184030055999756 
7.3511199951171875 
4.878413200378418 
5.813855171203613 
5.238584041595459 
5.2854719161987305 
5.153943061828613 
5.040919303894043 
5.365182399749756 
5.130852699279785 
4.905594348907471 
4.946480751037598 
5.080045700073242 
5.172006607055664 
4.973938941955566 
6.172281265258789 
4.801406383514404 
4.971210479736328 
4.976086616516113 
6.2208757400512695 
4.753009796142578 
6.454190254211426 
4.8473334312438965 
6.763667106628418 
5.0648698806762695 
5.080915927886963 
4.935512065887451 
5.304066181182861 
5.122208595275879 
6.115394115447998 
5.902271270751953 
4.674752712249756 
7.168880462646484 
4.888392925262451 
5.034722328186035 
5.25535774230957 
4.799551486968994 
4.954909324645996 
5.047460556030273 
5.164386749267578 
4.869228363037109 
4.954970836639404 
5.186664581298828 
4.871585369110107 
5.024983882904053 
5.0508832931518555 
5.905892372131348 
4.994887828826904 
5.067094802856445 
5.136720657348633 
5.2300920486450195 
4.951812744140625 
8.19902229309082 
4.986937522888184 
4.7817792892456055 
5.021079063415527 
6.304622650146484 
4.892125606536865 
5.017460823059082 
4.859660625457764 
6.268787384033203 
5.572780609130859 
7.110640525817871 
4.842097282409668 
6.870963096618652 
4.713797569274902 
5.640932083129883 
4.960965156555176 
5.14783239364624 
5.584444999694824 
4.903936386108398 
5.312792778015137 
5.918155193328857 
5.063765525817871 
6.247677803039551 
4.9524312019348145 
5.1865644454956055 
5.134458541870117 
5.007131099700928 
4.9498796463012695 
4.872603416442871 
5.2116193771362305 
4.928488731384277 
5.013799667358398 
5.153404712677002 
5.314248561859131 
5.11020040512085 
5.0760321617126465 
7.702722549438477 
5.079946994781494 
5.279603958129883 
7.17735481262207 
5.628909587860107 
5.080159664154053 
5.481407165527344 
4.793405532836914 
5.1435675621032715 
6.258340835571289 
5.009397506713867 
5.121300220489502 
5.273429870605469 
4.953092575073242 
5.135173797607422 
4.980693817138672 
5.055998802185059 
5.097261905670166 
5.085665702819824 
5.467589378356934 
4.970789909362793 
4.739910125732422 
5.228457450866699 
4.893979072570801 
5.068890571594238 
5.512560844421387 
5.003501892089844 
5.05027961730957 
6.907655239105225 
5.119062423706055 
4.695183753967285 
6.3025712966918945 
6.412878036499023 
5.026157379150391 
5.472611904144287 
5.132184028625488 
5.301424026489258 
5.20997428894043 
5.232414245605469 
4.930829048156738 
4.904397010803223 
5.117591857910156 
5.431425094604492 
6.149460792541504 
5.080304145812988 
4.948363304138184 
4.863375186920166 
4.885157108306885 
4.988567352294922 
5.472277641296387 
4.979730129241943 
5.013466835021973 
5.308635711669922 
5.762139797210693 
5.562474250793457 
4.833754539489746 
7.275694847106934 
4.951633453369141 
4.938622951507568 
4.7584228515625 
5.715558052062988 
4.7739787101745605 
4.92744255065918 
5.120109558105469 
4.961681365966797 
6.444431304931641 
4.978203773498535 
5.014178276062012 
5.068280220031738 
4.800341606140137 
5.167327404022217 
4.791689872741699 
6.529562950134277 
4.8387451171875 
5.634378433227539 
5.358039855957031 
5.053117752075195 
5.538741111755371 
4.931243896484375 
4.975925445556641 
8.993490219116211 
5.700888633728027 
5.053985595703125 
5.02825927734375 
6.338863849639893 
7.037023067474365 
4.939693450927734 
5.039066314697266 
5.224250793457031 
8.477184295654297 
5.031179904937744 
4.806758403778076 
4.994401931762695 
5.0560150146484375 
4.99832820892334 
5.316033840179443 
5.37489652633667 
5.065829277038574 
5.0672688484191895 
4.873035430908203 
4.871622085571289 
5.6992082595825195 
5.241762161254883 
5.160851955413818 
4.966968536376953 
5.759129524230957 
4.99490213394165 
5.120041847229004 
4.895777702331543 
5.017423629760742 
5.509033679962158 
4.922646522521973 
5.1903181076049805 
5.042774200439453 
4.7594099044799805 
4.801155090332031 
5.273848056793213 
5.1901164054870605 
4.7538533210754395 
5.0689239501953125 
5.463643550872803 
4.873922348022461 
7.558488845825195 
6.707002639770508 
5.084848403930664 
6.332030773162842 
4.90822172164917 
4.849422454833984 
5.0585150718688965 
5.163445472717285 
4.855900764465332 
6.860284805297852 
6.750144004821777 
5.254504680633545 
5.64259147644043 
5.070106506347656 
4.8881072998046875 
5.233771324157715 
4.784694671630859 
5.932713508605957 
5.060876369476318 
5.305723190307617 
6.100985527038574 
5.732394218444824 
4.995347499847412 
5.3552045822143555 
5.157618522644043 
4.869575500488281 
6.708667755126953 
5.065370559692383 
5.105490207672119 
5.233409404754639 
4.967299938201904 
5.015201568603516 
6.740117073059082 
4.935571670532227 
4.892821311950684 
4.937324047088623 
4.834606170654297 
5.126259803771973 
6.320047378540039 
5.077517509460449 
5.861626625061035 
4.986789703369141 
4.846468448638916 
5.424168586730957 
4.895792484283447 
5.032737731933594 
5.007839679718018 
4.878632545471191 
5.328808784484863 
5.034764289855957 
4.588160037994385 
5.345402240753174 
6.576478481292725 
5.389008045196533 
4.974543571472168 
5.109827995300293 
5.303360939025879 
5.236692905426025 
5.137320041656494 
5.126474380493164 
4.756725311279297 
4.755865097045898 
5.462898254394531 
4.803566932678223 
5.387325286865234 
6.396819114685059 
8.302701950073242 
5.006120681762695 
5.730777740478516 
5.13490104675293 
5.156762599945068 
4.738614559173584 
5.439495086669922 
5.270374298095703 
5.201132297515869 
5.039295196533203 
5.352254867553711 
5.355236053466797 
4.8633222579956055 
5.180593490600586 
4.94223690032959 
5.431071758270264 
5.318768501281738 
6.213530540466309 
5.393486022949219 
5.274008750915527 
4.8679280281066895 
5.269411563873291 
4.946992874145508 
4.8089776039123535 
6.458091735839844 
5.16697883605957 
5.127213478088379 
5.407902240753174 
6.730013370513916 
5.3300628662109375 
4.896130561828613 
5.010089874267578 
4.8563313484191895 
5.01189661026001 
6.10598611831665 
4.909379959106445 
4.670473098754883 
5.170782089233398 
5.107607841491699 
5.227385520935059 
5.797258377075195 
5.070937156677246 
5.136341094970703 
5.055212020874023 
4.93993616104126 
5.575854301452637 
4.686395168304443 
6.866369724273682 
8.224406242370605 
4.845852851867676 
5.213366985321045 
5.069648742675781 
5.114324569702148 
6.20184326171875 
5.349762439727783 
7.690203666687012 
5.133549213409424 
4.9574079513549805 
5.022495269775391 
5.778992176055908 
5.145263195037842 
5.104222297668457 
5.281316757202148 
5.1025710105896 
5.091393947601318 
4.608060836791992 
5.033963203430176 
5.094796180725098 
5.425367832183838 
5.045514106750488 
5.779888153076172 
5.681258201599121 
5.98322868347168 
4.9711761474609375 
6.6140546798706055 
5.788071632385254 
5.780442714691162 
6.3613996505737305 
4.869983196258545 
5.20810604095459 
4.929856777191162 
5.108870029449463 
4.992813587188721 
4.74561071395874 
5.435197830200195 
4.706762790679932 
5.01198673248291 
5.106191158294678 
4.93400239944458 
5.030447959899902 
8.935823440551758 
5.4510817527771 
6.977631568908691 
4.880341053009033 
4.771416664123535 
4.979811668395996 
8.080427169799805 
5.116282939910889 
4.93051815032959 
4.978937149047852 
5.171286582946777 
5.176253318786621 
6.053999900817871 
5.177606582641602 
5.134610176086426 
4.96251916885376 
5.149605751037598 
6.181540012359619 
5.3240156173706055 
5.096724510192871 
6.516241550445557 
5.476954936981201 
4.940981864929199 
4.938808441162109 
7.158588409423828 
5.441896438598633 
5.179795265197754 
5.008139610290527 
4.986843109130859 
4.837082862854004 
5.157703399658203 
5.083993911743164 
6.322428226470947 
5.428923606872559 
5.976383209228516 
4.743717193603516 
4.78038215637207 
4.992204666137695 
5.125349998474121 
5.308952808380127 
4.900047302246094 
5.2734904289245605 
5.6839094161987305 
4.838947296142578 
8.549652099609375 
5.267179012298584 
5.300457954406738 
5.988092422485352 
5.1152472496032715 
5.813214302062988 
7.32303524017334 
5.074540138244629 
6.618490695953369 
4.878161430358887 
5.24710750579834 
4.907918930053711 
4.858598709106445 
4.847567558288574 
4.94345760345459 
4.937223434448242 
4.997535228729248 
5.1565985679626465 
5.37384557723999 
4.896110534667969 
4.913722038269043 
5.089272499084473 
4.8669867515563965 
4.868943214416504 
4.982412815093994 
4.800478935241699 
4.935108184814453 
4.913104057312012 
5.305046558380127 
5.248419761657715 
5.329203128814697 
5.383486747741699 
5.0920281410217285 
5.254789352416992 
4.905132293701172 
4.766765594482422 
4.9563798904418945 
5.0763020515441895 
4.975798606872559 
5.106588840484619 
4.870361328125 
8.066225051879883 
5.591781139373779 
4.885439872741699 
4.745395660400391 
8.35274887084961 
5.110466003417969 
4.781130313873291 
5.576565742492676 
5.358648300170898 
5.381042957305908 
7.025185585021973 
4.8053388595581055 
7.294432640075684 
5.13802433013916 
5.04449987411499 
4.965714931488037 
6.462821960449219 
4.987354278564453 
5.0934576988220215 
5.088281631469727 
5.106348037719727 
5.56173849105835 
5.848728179931641 
4.955938816070557 
4.858630180358887 
5.065993309020996 
6.0427093505859375 
5.107843399047852 
5.381501197814941 
5.057218074798584 
5.508025169372559 
5.806392192840576 
5.01424503326416 
4.950553894042969 
4.983508110046387 
5.024693489074707 
4.880657196044922 
4.891343116760254 
6.827962875366211 
4.893682956695557 
5.082668781280518 
6.352199554443359 
5.382721900939941 
4.781130313873291 
5.044074058532715 
4.960179328918457 
6.4234619140625 
5.855337619781494 
5.983019828796387 
5.190749168395996 
5.2435102462768555 
5.116458892822266 
4.851737022399902 
5.558146953582764 
4.9671125411987305 
5.379573345184326 
5.391035079956055 
4.894980430603027 
4.947304725646973 
5.0476531982421875 
4.986256122589111 
4.982893943786621 
5.980559349060059 
6.300727844238281 
5.024336814880371 
5.096385955810547 
4.797924995422363 
5.059767723083496 
5.295633792877197 
4.861132621765137 
5.166241645812988 
7.831118583679199 
4.94234561920166 
5.233077526092529 
5.230001449584961 
5.002021312713623 
4.904834747314453 
7.207583904266357 
5.119112968444824 
5.0441083908081055 
4.944384574890137 
5.175409317016602 
6.564549446105957 
5.261503219604492 
5.97746467590332 
5.893067359924316 
4.979074478149414 
4.825166702270508 
5.228044033050537 
5.067149639129639 
5.033189296722412 
5.639055252075195 
4.983327865600586 
5.0045294761657715 
5.0076141357421875 
5.438416004180908 
5.190676689147949 
5.034608840942383 
5.100147247314453 
5.198913097381592 
5.58375358581543 
5.340615749359131 
4.734587669372559 
4.825523376464844 
4.96278715133667 
8.641593933105469 
4.9623918533325195 
5.763585567474365 
4.925786972045898 
5.161401748657227 
5.152348041534424 
6.314061641693115 
6.444891929626465 
5.2503981590271 
5.162524700164795 
5.13459587097168 
5.187795639038086 
4.983987808227539 
4.944982528686523 
4.840348243713379 
5.986916542053223 
5.266270637512207 
4.976253986358643 
5.3269500732421875 
5.111940860748291 
5.014526844024658 
5.141450881958008 
4.981556415557861 
6.211199760437012 
5.227111339569092 
5.135793685913086 
6.734166145324707 
4.867531776428223 
4.682839870452881 
5.256596088409424 
5.312371730804443 
6.835165023803711 
4.960988521575928 
6.19302225112915 
5.101426124572754 
6.694164276123047 
5.28717041015625 
5.5282793045043945 
7.326016426086426 
4.779372215270996 
5.1446685791015625 
5.066195487976074 
4.96535062789917 
4.92387580871582 
5.15334415435791 
4.9149017333984375 
4.815972328186035 
4.916737079620361 
5.938648223876953 
5.287077903747559 
4.982240676879883 
7.581236839294434 
6.777015686035156 
6.999845504760742 
5.3042826652526855 
5.056100368499756 
5.885900974273682 
4.8474602699279785 
4.931948184967041 
4.796548843383789 
4.825711250305176 
4.812049865722656 
4.86744499206543 
4.81934118270874 
6.702514171600342 
5.329470634460449 
5.294933319091797 
4.9875311851501465 
5.0556721687316895 
4.889547348022461 
5.090059757232666 
4.898522853851318 
4.9530534744262695 
4.904489517211914 
4.926102161407471 
5.274814128875732 
5.820096015930176 
5.4746856689453125 
5.125519752502441 
4.859067916870117 
5.076463222503662 
5.564723968505859 
4.77843713760376 
5.199702262878418 
5.006477355957031 
6.386104583740234 
4.824636459350586 
4.993277549743652 
5.1250152587890625 
5.009413719177246 
8.109481811523438 
4.9111433029174805 
5.0850605964660645 
4.903378486633301 
5.015194416046143 
5.370664596557617 
6.373265266418457 
5.20240592956543 
5.156664848327637 
5.004652976989746 
4.936276435852051 
4.871240139007568 
4.809765815734863 
5.435798168182373 
4.995948791503906 
4.9703192710876465 
4.913381576538086 
6.128921985626221 
5.799867630004883 
5.075465679168701 
5.225263595581055 
5.0172929763793945 
4.8579630851745605 
5.065991401672363 
6.218693733215332 
4.937221527099609 
6.878393650054932 
5.158102035522461 
5.773317337036133 
5.364905834197998 
4.929066181182861 
5.462489128112793 
4.982598304748535 
5.212090015411377 
4.961245059967041 
4.853082180023193 
6.25312614440918 
5.098121643066406 
4.987479209899902 
5.289467811584473 
5.081105709075928 
5.310364723205566 
5.870941162109375 
5.106053829193115 
4.953834533691406 
5.327849388122559 
5.034646987915039 
5.200502395629883 
6.822447776794434 
5.431695461273193 
4.852725028991699 
5.07649040222168 
5.1028242111206055 
5.150862693786621 
5.459919452667236 
5.235267639160156 
4.903180122375488 
5.085838317871094 
6.126816272735596 
5.033112525939941 
5.808365821838379 
4.764871120452881 
5.924807548522949 
6.0187153816223145 
5.5486741065979 
5.1266584396362305 
4.841217994689941 
4.949366092681885 
4.949860572814941 
5.599974632263184 
5.242700576782227 
5.001474380493164 
4.944838523864746 
6.104090690612793 
7.278933048248291 
5.033697128295898 
5.238279342651367 
5.227617263793945 
5.059311866760254 
4.9895243644714355 
5.232480049133301 
4.927083969116211 
4.731804847717285 
4.853025436401367 
5.103431701660156 
5.874600887298584 
4.945068359375 
5.2679243087768555 
5.239296913146973 
5.134845733642578 
6.598968029022217 
4.976949691772461 
5.189181804656982 
6.768575668334961 
5.7040815353393555 
4.944152355194092 
5.44686222076416 
5.081807613372803 
5.237923622131348 
5.190485000610352 
4.938981056213379 
5.257256507873535 
5.172580718994141 
7.276789665222168 
5.227733135223389 
5.279323577880859 
4.913985252380371 
5.047143936157227 
6.554718017578125 
5.003435134887695 
5.288914680480957 
5.1758317947387695 
4.90206241607666 
5.030517101287842 
5.001938819885254 
4.846240997314453 
4.902851104736328 
5.946458339691162 
5.2949676513671875 
6.511343955993652 
4.764134407043457 
5.000415802001953 
4.898476600646973 
5.514422416687012 
5.074785232543945 
5.768608093261719 
5.225769996643066 
4.894553184509277 
5.247130393981934 
6.066343307495117 
4.879888534545898 
6.139418125152588 
5.035098075866699 
5.3987016677856445 
5.281177520751953 
5.79974889755249 
4.849508285522461 
4.874643325805664 
5.373955726623535 
5.068988800048828 
5.413115501403809 
5.621425628662109 
5.18980073928833 
5.126344680786133 
5.258934020996094 
6.180364608764648 
5.320257186889648 
4.813336372375488 
5.016104698181152 
4.856175422668457 
4.974452018737793 
5.576815605163574 
4.994328498840332 
4.968937873840332 
5.317695617675781 
7.019397735595703 
4.966776371002197 
5.25970458984375 
5.232491493225098 
4.8669891357421875 
4.865067958831787 
6.642894268035889 
5.063846588134766 
5.795903205871582 
5.1475138664245605 
6.79862642288208 
5.0436577796936035 
5.012502670288086 
9.346502304077148 
6.130776405334473 
5.23313045501709 
4.946194648742676 
5.424520492553711 
5.278072357177734 
5.047883987426758 
5.1045613288879395 
5.505917549133301 
5.085814476013184 
5.003078937530518 
4.944169044494629 
4.987646102905273 
5.110899925231934 
4.912111282348633 
5.99354362487793 
5.0048322677612305 
5.44265604019165 
7.948439121246338 
5.064898490905762 
4.805241584777832 
4.931363105773926 
4.996770858764648 
5.060536861419678 
9.760408401489258 
4.894637107849121 
4.907227516174316 
5.044642448425293 
4.998456001281738 
4.862119674682617 
5.13218355178833 
4.653013229370117 
4.811695098876953 
5.937061309814453 
4.992792129516602 
5.437687873840332 
5.1396942138671875 
5.034266948699951 
5.0447282791137695 
5.332820892333984 
4.934913635253906 
4.762100696563721 
8.271442413330078 
4.959395408630371 
5.374964714050293 
5.007222652435303 
5.119261741638184 
6.7729949951171875 
5.0361833572387695 
6.176004886627197 
5.096121788024902 
5.804976463317871 
5.729663372039795 
5.089817047119141 
4.98898983001709 
4.89312744140625 
5.4441938400268555 
5.19779109954834 
4.9567437171936035 
5.040298938751221 
5.023359298706055 
5.680261611938477 
5.292145729064941 
5.318592548370361 
5.34757137298584 
5.023989200592041 
6.92008113861084 
5.132530212402344 
4.965967178344727 
5.006775856018066 
5.046486854553223 
5.298401832580566 
5.2450714111328125 
7.602553367614746 
5.123635292053223 
5.853429317474365 
4.951335906982422 
4.918455123901367 
4.984556674957275 
5.294835090637207 
4.6575140953063965 
5.989195823669434 
4.915759086608887 
5.614243507385254 
4.999401092529297 
5.125790596008301 
5.15695858001709 
4.877902030944824 
4.90934944152832 
6.272549152374268 
5.197761535644531 
4.983696460723877 
6.02664852142334 
5.058445930480957 
5.041906356811523 
5.428790092468262 
6.484885215759277 
5.27856969833374 
4.9207940101623535 
4.8697333335876465 
6.6560235023498535 
4.9194016456604 
5.051620006561279 
5.147965431213379 
4.763810157775879 
5.338260650634766 
5.024580955505371 
5.093286514282227 
4.879154205322266 
4.972238063812256 
7.034734725952148 
6.397394180297852 
6.551239013671875 
5.034237861633301 
5.104372978210449 
5.113979339599609 
5.028099060058594 
5.1393327713012695 
4.896728515625 
5.120055675506592 
5.939375400543213 
4.965571403503418 
5.119370460510254 
4.767419815063477 
5.350841045379639 
5.447000503540039 
5.220993518829346 
5.335932731628418 
6.392035484313965 
5.83292293548584 
4.853524208068848 
4.900812149047852 
5.160792350769043 
6.2066521644592285 
4.905723571777344 
5.089682102203369 
7.099345684051514 
5.309849739074707 
5.2176337242126465 
4.9457221031188965 
5.325570106506348 
5.218217849731445 
4.998225688934326 
5.019680976867676 
5.262874603271484 
5.106966972351074 
7.656342029571533 
5.108429908752441 
5.820460319519043 
5.146915435791016 
4.874441623687744 
5.092383861541748 
5.2095112800598145 
5.215867042541504 
5.391932964324951 
5.36517858505249 
5.225298881530762 
5.495139122009277 
4.977750301361084 
5.547462463378906 
5.229035377502441 
4.8997907638549805 
6.619287967681885 
5.443508148193359 
5.025461196899414 
5.2327141761779785 
4.854039669036865 
5.500177383422852 
5.23054313659668 
5.051802158355713 
4.969364166259766 
5.95405912399292 
5.042461395263672 
5.359888076782227 
5.499417304992676 
4.984436988830566 
5.063877105712891 
5.033631324768066 
5.019758224487305 
6.372823238372803 
5.38452672958374 
5.051919460296631 
6.174530982971191 
5.501049518585205 
5.8887834548950195 
4.8080854415893555 
5.5420026779174805 
5.1984710693359375 
4.869264125823975 
4.8358893394470215 
4.717473030090332 
5.293562412261963 
5.313725471496582 
5.116451263427734 
4.887482166290283 
5.123622894287109 
5.795752048492432 
4.9330339431762695 
4.600522994995117 
5.014769554138184 
5.048474311828613 
5.055593490600586 
5.2991943359375 
5.223904609680176 
5.480137825012207 
5.2794647216796875 
8.039999008178711 
5.166744232177734 
7.279764175415039 
5.631069183349609 
5.488104343414307 
5.599462032318115 
4.703452110290527 
4.993513584136963 
4.95547342300415 
4.845592975616455 
5.220574855804443 
6.226203918457031 
5.182680606842041 
5.009155750274658 
5.243380069732666 
4.932201862335205 
6.752427101135254 
4.964580059051514 
5.655926704406738 
5.127987861633301 
5.117281913757324 
4.923236846923828 
5.265260219573975 
4.789055824279785 
5.0364298820495605 
5.090485095977783 
5.290133476257324 
5.250070571899414 
4.990084648132324 
5.018060684204102 
5.0179762840271 
5.018974304199219 
8.107973098754883 
5.312983512878418 
5.474332332611084 
5.09879207611084 
5.048281669616699 
5.663941383361816 
6.585204124450684 
6.6378278732299805 
4.952796459197998 
5.207426071166992 
6.407754898071289 
4.876533508300781 
7.439548492431641 
4.817360877990723 
5.0093183517456055 
5.172904014587402 
4.667354583740234 
5.318062782287598 
4.931459426879883 
5.056868076324463 
6.156194686889648 
5.234259128570557 
4.841320037841797 
6.658482551574707 
4.892148017883301 
4.84330415725708 
5.222472190856934 
5.3315582275390625 
5.169712543487549 
4.60439395904541 
5.027287483215332 
5.698037147521973 
5.136122703552246 
5.2984209060668945 
5.603715419769287 
5.156579971313477 
5.528059482574463 
5.817481517791748 
4.663521766662598 
5.908628463745117 
5.137903213500977 
4.968141555786133 
4.924480438232422 
5.863859176635742 
4.887887954711914 
5.2498779296875 
5.655951499938965 
5.397453784942627 
5.560609817504883 
5.184115409851074 
5.232348442077637 
5.552633285522461 
5.030010223388672 
6.401851177215576 
4.961803436279297 
7.254277229309082 
4.980748176574707 
5.533747673034668 
4.767567157745361 
4.890617370605469 
5.911370277404785 
5.189639568328857 
4.696420669555664 
4.971614837646484 
8.30895709991455 
5.086734294891357 
7.45142936706543 
4.935338497161865 
4.834421157836914 
4.936044692993164 
4.7536211013793945 
7.355953216552734 
4.761709690093994 
5.233184814453125 
4.816817283630371 
5.028469562530518 
5.062559127807617 
4.940878391265869 
4.931480407714844 
4.985329627990723 
5.59011697769165 
5.059444904327393 
4.793457984924316 
5.1632256507873535 
5.050405979156494 
5.1196370124816895 
5.055035591125488 
4.978393077850342 
4.824131965637207 
5.211956977844238 
5.207636833190918 
5.777935981750488 
5.443960189819336 
5.351962089538574 
6.061849594116211 
4.948943614959717 
6.001717567443848 
5.20454740524292 
7.024383544921875 
5.46071720123291 
5.113400459289551 
4.963566780090332 
5.1509881019592285 
5.251980304718018 
5.510285377502441 
5.040210723876953 
4.939741134643555 
5.048934459686279 
6.686014175415039 
4.899385929107666 
5.705443382263184 
4.865110874176025 
5.87241792678833 
5.060548305511475 
5.626089096069336 
5.047940254211426 
5.278946399688721 
5.017961502075195 
5.100306034088135 
5.127067565917969 
5.030178070068359 
5.279858589172363 
5.478329181671143 
6.1414408683776855 
4.847789764404297 
4.933946132659912 
5.688921928405762 
5.068421840667725 
4.697991371154785 
5.350750923156738 
4.846585750579834 
7.541326522827148 
6.163129806518555 
5.237207412719727 
5.145172119140625 
5.254144191741943 
5.172148704528809 
4.797637939453125 
4.9403252601623535 
5.001285552978516 
5.187512397766113 
8.678747177124023 
5.259420871734619 
5.013566970825195 
5.154422760009766 
4.946179389953613 
5.306325435638428 
5.284382343292236 
4.997707843780518 
5.643325328826904 
5.371064186096191 
5.033168315887451 
4.976696491241455 
5.048949241638184 
5.052903175354004 
5.037586688995361 
4.99580192565918 
5.03011417388916 
4.908308029174805 
4.852359771728516 
4.937005996704102 
4.823766231536865 
5.073577880859375 
6.836147308349609 
5.034223556518555 
6.742546558380127 
4.9323835372924805 
4.883695602416992 
5.157777786254883 
5.1389946937561035 
4.9404802322387695 
4.976928234100342 
4.959303855895996 
4.999019622802734 
5.067941665649414 
5.379836082458496 
5.041223049163818 
4.973514080047607 
5.926163673400879 
5.503585338592529 
4.956216812133789 
5.240311622619629 
4.810025215148926 
5.339078426361084 
4.907398223876953 
5.168092727661133 
4.780330657958984 
4.992477893829346 
5.425148010253906 
5.621181488037109 
5.191399574279785 
5.009625434875488 
5.886421203613281 
5.082365989685059 
4.669987678527832 
6.52406120300293 
4.9930830001831055 
5.612586975097656 
6.747733116149902 
5.050800323486328 
4.727365493774414 
5.189759254455566 
7.269118309020996 
6.020816326141357 
4.753387451171875 
5.528254985809326 
5.321403503417969 
5.134285926818848 
5.302334785461426 
5.044068336486816 
4.968975067138672 
5.20821475982666 
5.420492172241211 
5.116467475891113 
4.804258346557617 
5.078631401062012 
5.154228210449219 
5.1004743576049805 
6.0188889503479 
5.055730819702148 
5.313600540161133 
5.191510200500488 
5.539194107055664 
4.654726982116699 
5.363456726074219 
4.935051441192627 
5.184835433959961 
4.96162223815918 
5.000006675720215 
5.094435691833496 
5.481923580169678 
5.154300689697266 
5.514166831970215 
5.089276313781738 
5.284854888916016 
5.223813533782959 
4.931750297546387 
4.83033561706543 
5.506202220916748 
5.976221084594727 
4.987309455871582 
4.691481590270996 
5.0845232009887695 
4.945907115936279 
5.012678146362305 
5.088212490081787 
5.199861526489258 
5.477911949157715 
4.913437843322754 
4.862829208374023 
4.908168315887451 
5.311427116394043 
4.993187427520752 
5.031782627105713 
5.059714317321777 
4.793367862701416 
5.402570724487305 
5.090743064880371 
5.401345252990723 
4.971929550170898 
4.9318742752075195 
5.0843505859375 
5.476232051849365 
5.087404251098633 
5.068661689758301 
5.116148471832275 
5.0857834815979 
4.852575302124023 
4.970630645751953 
7.346059799194336 
5.184193134307861 
5.009628772735596 
5.525077819824219 
5.6134419441223145 
4.9056715965271 
4.986701011657715 
5.509336948394775 
5.0373735427856445 
5.153547286987305 
4.951260566711426 
5.026561260223389 
5.410586833953857 
4.929762840270996 
5.816280364990234 
5.425140380859375 
4.9901533126831055 
5.129519462585449 
4.9194183349609375 
4.6457295417785645 
5.99531364440918 
5.850168228149414 
5.854561805725098 
4.940665245056152 
5.534096717834473 
5.9565534591674805 
5.920585632324219 
5.510638236999512 
5.211920738220215 
5.5298004150390625 
4.932014465332031 
4.854233741760254 
5.2454142570495605 
6.642430782318115 
4.831286907196045 
5.034574508666992 
5.319067478179932 
5.15721321105957 
5.10758638381958 
5.359419822692871 
4.996835708618164 
5.263161659240723 
5.445026397705078 
5.140815734863281 
5.00208854675293 
5.555072784423828 
5.009052753448486 
6.025765419006348 
5.030043601989746 
5.282522201538086 
5.007410526275635 
4.9333930015563965 
4.9574103355407715 
5.245384693145752 
5.018225193023682 
7.303681373596191 
5.081837177276611 
6.939234733581543 
5.42897891998291 
5.183419227600098 
7.936664581298828 
6.25733757019043 
5.117584705352783 
5.024145603179932 
5.275090217590332 
4.902153968811035 
4.7845234870910645 
5.1976776123046875 
4.938745975494385 
5.038778781890869 
5.1597747802734375 
4.899160861968994 
5.246068000793457 
5.0248236656188965 
4.946040153503418 
5.135761260986328 
4.952059745788574 
5.838383674621582 
4.935548305511475 
5.035129547119141 
5.363434791564941 
5.8990325927734375 
7.507013320922852 
5.250969886779785 
6.836313247680664 
5.033621311187744 
5.147375583648682 
5.20361328125 
4.892080307006836 
4.835695743560791 
6.635207176208496 
5.588461875915527 
5.469585418701172 
4.943951606750488 
6.469221115112305 
5.0203962326049805 
7.615047454833984 
4.88232421875 
5.348246097564697 
5.009987831115723 
5.1666412353515625 
5.045015811920166 
4.967141151428223 
5.061474323272705 
6.414695739746094 
6.786931991577148 
4.919511795043945 
5.700786590576172 
4.8727521896362305 
4.853667259216309 
5.159293174743652 
4.869781494140625 
5.482238292694092 
4.964608192443848 
4.779658794403076 
4.978277206420898 
5.202485084533691 
7.541169166564941 
6.853867530822754 
5.529828071594238 
5.739574432373047 
5.189175605773926 
5.62076997756958 
4.798906326293945 
5.044740676879883 
8.419532775878906 
5.075880527496338 
5.439817428588867 
5.1815505027771 
4.924291610717773 
5.478466987609863 
5.0355448722839355 
4.915398597717285 
6.32240104675293 
5.485859394073486 
6.753310680389404 
5.145620346069336 
5.993302345275879 
4.867595195770264 
5.316011905670166 
7.151740074157715 
4.828086853027344 
4.875361919403076 
6.528975009918213 
5.16377592086792 
4.924375534057617 
5.900776386260986 
5.091247081756592 
5.4603271484375 
4.860231399536133 
6.130537033081055 
5.209579944610596 
5.5601420402526855 
4.995212078094482 
5.004330635070801 
4.884267330169678 
4.9427337646484375 
6.450406074523926 
5.303100109100342 
5.293116092681885 
5.232847213745117 
5.958968162536621 
5.0062127113342285 
6.962751865386963 
8.528375625610352 
5.172534942626953 
4.7461395263671875 
7.0264506340026855 
5.022936820983887 
5.05087423324585 
7.712496757507324 
5.061099052429199 
5.695569038391113 
6.680758476257324 
5.754034996032715 
5.032380104064941 
7.43635368347168 
4.877263069152832 
4.940905570983887 
5.172924041748047 
4.959683895111084 
4.951904773712158 
4.849023342132568 
5.155984878540039 
4.986688613891602 
4.957530975341797 
5.501217842102051 
5.04318380355835 
4.932368278503418 
6.432649612426758 
5.2560625076293945 
5.064520835876465 
5.004123687744141 
5.122968673706055 
5.098374366760254 
5.398523330688477 
8.621601104736328 
5.243074417114258 
5.226360321044922 
4.948963642120361 
4.962441444396973 
5.09970235824585 
5.868418216705322 
5.187835216522217 
4.779817581176758 
5.208388328552246 
5.125904083251953 
5.046998500823975 
4.994307518005371 
5.071512222290039 
5.014423847198486 
6.801133155822754 
4.761934280395508 
5.358844757080078 
5.2361297607421875 
4.741291522979736 
5.12501859664917 
5.042681694030762 
4.982516288757324 
5.155255317687988 
5.907498836517334 
5.000349998474121 
6.167981147766113 
8.586658477783203 
5.24616813659668 
4.924365043640137 
6.117846488952637 
5.174072265625 
6.340387344360352 
4.9823126792907715 
5.879207611083984 
7.280259132385254 
5.109927177429199 
4.923810958862305 
5.7457780838012695 
5.152173042297363 
5.197661399841309 
5.542267799377441 
4.810127258300781 
5.468518257141113 
4.956742763519287 
5.384275436401367 
5.251588344573975 
4.951875686645508 
5.007265090942383 
5.9632744789123535 
5.696521759033203 
4.8755879402160645 
5.219577789306641 
4.847689628601074 
5.132575035095215 
4.872603893280029 
5.003028392791748 
5.065031051635742 
7.677671432495117 
5.232115268707275 
5.580491542816162 
4.706052780151367 
4.876422882080078 
5.155476093292236 
5.12943172454834 
4.9876203536987305 
5.1908040046691895 
5.0152387619018555 
4.954562187194824 
5.186991214752197 
5.0738444328308105 
5.421138286590576 
5.174145221710205 
6.026951789855957 
5.367039680480957 
4.8619537353515625 
5.067770481109619 
5.6119489669799805 
5.136135101318359 
5.034372806549072 
4.988519668579102 
4.852283477783203 
4.975225925445557 
5.970205307006836 
4.931025505065918 
5.237026214599609 
5.099376201629639 
5.307619094848633 
4.976691246032715 
5.072213649749756 
5.08806848526001 
4.844045162200928 
4.912328243255615 
4.767376899719238 
6.185364246368408 
4.8088202476501465 
4.813546180725098 
5.039823055267334 
5.151950359344482 
4.8128461837768555 
5.8781657218933105 
5.494134902954102 
5.018512725830078 
5.091270923614502 
4.975503444671631 
5.379806995391846 
5.081209182739258 
4.884425163269043 
4.8440117835998535 
4.947434425354004 
4.8546953201293945 
5.303728103637695 
5.274444103240967 
4.960503578186035 
5.207517623901367 
5.049857139587402 
4.964718818664551 
4.938479423522949 
5.304266929626465 
5.483661651611328 
5.297431945800781 
5.316143035888672 
5.285638809204102 
4.8984694480896 
7.244318962097168 
5.012205123901367 
5.190982341766357 
4.880618095397949 
4.875237464904785 
4.944226264953613 
4.913727283477783 
5.005845069885254 
5.773042678833008 
4.969155311584473 
4.658199310302734 
5.307468891143799 
6.089905738830566 
5.526603698730469 
5.196005821228027 
5.156503677368164 
5.9023847579956055 
4.9779744148254395 
5.384761810302734 
5.731217384338379 
5.010903358459473 
5.361281394958496 
5.065601348876953 
4.808463096618652 
5.173548698425293 
5.093379020690918 
4.82536506652832 
4.852246284484863 
6.365940570831299 
5.018794059753418 
5.077526092529297 
4.9555182456970215 
5.025919437408447 
9.041720390319824 
5.15637731552124 
5.064068794250488 
5.144251823425293 
5.436983108520508 
5.136710166931152 
5.286615371704102 
5.060093879699707 
5.361719608306885 
7.782957077026367 
5.253741264343262 
5.280797004699707 
5.127277374267578 
4.8655290603637695 
5.3131184577941895 
4.809538841247559 
5.145347595214844 
5.335140228271484 
6.585326194763184 
5.187492370605469 
5.138849258422852 
5.144630432128906 
5.172292709350586 
5.7765092849731445 
5.086333274841309 
5.085639953613281 
7.799942493438721 
5.31123161315918 
4.940095901489258 
4.949208736419678 
5.554419040679932 
5.450159549713135 
4.905000686645508 
5.397268772125244 
4.902218818664551 
4.973339557647705 
4.843444347381592 
7.842607498168945 
4.984951496124268 
6.235398292541504 
5.790402889251709 
5.3578033447265625 
4.777742862701416 
7.406573295593262 
4.997978210449219 
5.264060974121094 
5.031582832336426 
5.3534932136535645 
4.693803310394287 
5.187481880187988 
4.9642839431762695 
7.859265327453613 
5.559145927429199 
7.011514186859131 
5.099614143371582 
5.030066013336182 
4.9237165451049805 
5.700874328613281 
5.491350173950195 
5.010028839111328 
5.060198783874512 
4.779007911682129 
5.233312606811523 
6.244022369384766 
5.202574729919434 
5.026476860046387 
5.097023010253906 
5.3917131423950195 
6.089944839477539 
4.76486873626709 
8.028918266296387 
5.279102325439453 
4.989927768707275 
5.553651809692383 
5.2257890701293945 
5.046657085418701 
5.058103561401367 
5.1038618087768555 
5.182912826538086 
5.741049289703369 
5.311567306518555 
4.986227035522461 
5.429567337036133 
5.240976810455322 
5.160857200622559 
8.432525634765625 
5.237857818603516 
4.755204677581787 
5.445167541503906 
5.338852405548096 
4.91500186920166 
5.351305961608887 
5.077786445617676 
5.081254959106445 
6.2869367599487305 
5.474227428436279 
5.212669372558594 
5.084623336791992 
6.3937201499938965 
5.260397434234619 
5.097641468048096 
4.891561985015869 
5.088523864746094 
5.047521591186523 
5.3877692222595215 
4.9757161140441895 
5.855152130126953 
4.822604179382324 
6.332762241363525 
5.114570617675781 
5.379717826843262 
5.422126293182373 
5.057880401611328 
4.96296501159668 
5.132597923278809 
4.731584548950195 
5.857421875 
5.016971111297607 
5.264595985412598 
5.305198669433594 
4.769217491149902 
6.56325626373291 
5.274354934692383 
4.858656883239746 
4.969513416290283 
7.562844753265381 
5.570710182189941 
5.086727619171143 
5.070439338684082 
5.510630130767822 
4.915824890136719 
5.039593696594238 
5.067246437072754 
4.801654815673828 
4.86832857131958 
5.020877838134766 
5.207698345184326 
6.841585636138916 
4.983617782592773 
5.058180809020996 
5.207540512084961 
4.893545150756836 
4.888728141784668 
4.880183219909668 
5.123183250427246 
4.8896484375 
5.0831804275512695 
5.6463422775268555 
5.00726318359375 
5.510442733764648 
5.36406946182251 
5.454388618469238 
4.951138973236084 
5.793142318725586 
7.674973487854004 
4.859350204467773 
6.103906631469727 
7.25411319732666 
5.4961347579956055 
5.855685234069824 
5.016190052032471 
4.848823547363281 
5.352300643920898 
7.195228576660156 
6.466920375823975 
4.9410810470581055 
6.81632137298584 
5.079782009124756 
5.309110641479492 
4.921821594238281 
5.802760124206543 
5.231098651885986 
5.331451416015625 
5.070040702819824 
5.315760612487793 
4.696419715881348 
5.176835060119629 
4.9722394943237305 
5.265896320343018 
5.103436470031738 
5.10011100769043 
6.475128650665283 
5.084110736846924 
6.350371360778809 
5.95687198638916 
5.1347455978393555 
5.1082658767700195 
5.231966972351074 
5.710176944732666 
4.9683990478515625 
6.204421043395996 
5.304333686828613 
4.977011203765869 
5.549792766571045 
6.973485946655273 
5.263768196105957 
5.113754749298096 
6.397678852081299 
5.175726890563965 
5.0984954833984375 
5.102540016174316 
4.883604526519775 
5.046241760253906 
4.687546730041504 
4.959394454956055 
5.431083679199219 
4.860367774963379 
4.820911407470703 
5.189309120178223 
4.914212226867676 
4.918892860412598 
5.122807502746582 
4.856878280639648 
5.10072660446167 
4.764797687530518 
5.667718887329102 
5.005495548248291 
4.94064998626709 
6.045046806335449 
5.141198635101318 
5.25891637802124 
7.422316551208496 
5.044086933135986 
5.016827583312988 
5.222832202911377 
5.3899712562561035 
5.891712188720703 
4.980000019073486 
6.469803810119629 
4.921485900878906 
5.146969795227051 
5.157917022705078 
5.255321025848389 
5.241843223571777 
6.010834693908691 
6.427771091461182 
5.159998416900635 
4.915338516235352 
4.938437461853027 
6.400498390197754 
4.884979248046875 
4.9848761558532715 
4.937838554382324 
4.651790618896484 
5.172817230224609 
5.363389015197754 
5.183962821960449 
4.877985954284668 
4.946027755737305 
5.109559059143066 
5.043213367462158 
5.30278205871582 
5.276216506958008 
5.030376434326172 
6.128024101257324 
5.308991432189941 
5.813237190246582 
4.648401260375977 
5.029366493225098 
5.858129978179932 
4.86508321762085 
5.119793891906738 
5.484733581542969 
4.620373249053955 
5.319882392883301 
5.079290866851807 
7.313640594482422 
4.741540908813477 
4.880206108093262 
5.100368499755859 
4.876737594604492 
4.831202983856201 
6.647675514221191 
7.133763790130615 
6.17061710357666 
5.169888496398926 
5.377281188964844 
7.46213436126709 
4.918047904968262 
6.148285388946533 
4.740727424621582 
6.602527141571045 
5.001434326171875 
5.293313026428223 
5.3916778564453125 
7.304347991943359 
4.9658708572387695 
5.208194732666016 
5.0139312744140625 
6.257534980773926 
5.200644493103027 
7.111974239349365 
5.056674957275391 
4.837907314300537 
6.60556173324585 
5.179369926452637 
5.260604381561279 
5.308194160461426 
5.0119194984436035 
5.454101085662842 
5.242621421813965 
6.255685806274414 
4.808036804199219 
6.483184814453125 
4.97519588470459 
6.944986343383789 
5.12116813659668 
5.532766342163086 
4.990785598754883 
4.898293495178223 
5.431552410125732 
4.854844093322754 
5.182974815368652 
5.088190078735352 
5.461523532867432 
5.0629401206970215 
8.4607515335083 
5.302814960479736 
6.004055976867676 
4.786640167236328 
5.615332126617432 
4.924963474273682 
5.1863908767700195 
8.320385932922363 
5.278572082519531 
9.043558120727539 
4.893799781799316 
4.696128845214844 
5.200404167175293 
7.996823310852051 
4.932434558868408 
4.947653770446777 
4.945033073425293 
5.197178363800049 
4.755997180938721 
4.952614784240723 
5.204710483551025 
5.044929027557373 
5.135133743286133 
5.869510173797607 
5.143858909606934 
5.830964088439941 
5.091902732849121 
4.749237060546875 
5.127507209777832 
4.7774200439453125 
4.993946075439453 
4.83015251159668 
4.901349067687988 
4.995338439941406 
4.942621231079102 
5.261846542358398 
5.793997764587402 
5.393073558807373 
5.231370449066162 
4.964235305786133 
5.076233863830566 
4.960834503173828 
4.893353462219238 
7.060084342956543 
5.518119812011719 
4.995171546936035 
4.952804088592529 
5.7030534744262695 
5.5105791091918945 
5.169501304626465 
5.188482284545898 
4.99164342880249 
5.03389310836792 
5.836359977722168 
4.904698371887207 
5.462029933929443 
6.051192283630371 
6.267685413360596 
5.0415544509887695 
4.841876983642578 
4.735005855560303 
6.767521381378174 
4.9845123291015625 
4.712147235870361 
5.18974494934082 
5.1721296310424805 
6.613454818725586 
4.967951774597168 
4.897432327270508 
4.9855241775512695 
5.029513835906982 
4.945237159729004 
5.212550640106201 
5.0461225509643555 
5.332838535308838 
5.146613121032715 
5.404903411865234 
4.9645562171936035 
5.131232261657715 
6.603244781494141 
4.921811103820801 
5.851122856140137 
5.58198356628418 
5.271851062774658 
4.925868511199951 
5.087904930114746 
5.191608905792236 
5.060397148132324 
4.961008548736572 
5.143860340118408 
5.120237827301025 
5.431998252868652 
5.083319664001465 
4.985525131225586 
5.431264877319336 
4.961860179901123 
6.874712944030762 
5.017859935760498 
4.896858215332031 
4.906545162200928 
7.560267448425293 
5.110856056213379 
5.13780403137207 
5.432096481323242 
5.0926513671875 
4.731555938720703 
5.342990875244141 
5.041439056396484 
4.807580947875977 
5.206600189208984 
5.137831687927246 
8.02196979522705 
5.107501029968262 
4.856305122375488 
4.889710426330566 
5.104362487792969 
5.110611915588379 
5.343707084655762 
4.978366374969482 
5.384324550628662 
4.760664463043213 
6.804503440856934 
5.680871963500977 
5.632726669311523 
5.13188362121582 
6.740909576416016 
5.032479286193848 
5.525643348693848 
4.9749908447265625 
4.692754745483398 
4.94791316986084 
5.131678104400635 
4.946435928344727 
6.036852836608887 
4.768095016479492 
5.012117862701416 
4.862065315246582 
6.703723907470703 
4.867748260498047 
5.858645915985107 
4.506787300109863 
4.752710342407227 
5.025855541229248 
5.220458030700684 
4.941946029663086 
5.6079816818237305 
4.66810417175293 
5.098931312561035 
4.907476425170898 
5.08893346786499 
5.0200629234313965 
5.093825340270996 
5.049853801727295 
4.918297290802002 
5.542344093322754 
4.641942024230957 
7.343482494354248 
5.096381187438965 
5.807358741760254 
5.055323600769043 
4.989653587341309 
5.2069783210754395 
5.029760837554932 
4.85271692276001 
5.9325408935546875 
5.194977760314941 
5.10495662689209 
5.425832271575928 
5.046355724334717 
5.159771919250488 
4.733278751373291 
9.075469970703125 
5.400104522705078 
5.050159454345703 
4.939493179321289 
4.887179374694824 
5.151155471801758 
8.771181106567383 
5.238553047180176 
4.877620220184326 
4.934118270874023 
5.131497859954834 
4.8994855880737305 
5.098104476928711 
5.041909217834473 
5.0137457847595215 
7.6267290115356445 
5.162561416625977 
5.073760986328125 
6.629446506500244 
5.217256546020508 
4.95237398147583 
5.234917640686035 
5.012312889099121 
5.110494613647461 
4.970992088317871 
4.990299224853516 
5.502070426940918 
5.33714485168457 
5.377063751220703 
4.649689197540283 
5.035801887512207 
4.98330020904541 
4.933831214904785 
5.046828746795654 
5.069765567779541 
5.0103912353515625 
5.047966957092285 
6.556326866149902 
5.024747371673584 
4.957342624664307 
5.1207170486450195 
5.220889091491699 
4.8370513916015625 
5.254119873046875 
5.1728515625 
5.134303092956543 
4.939775466918945 
5.206039905548096 
4.8912177085876465 
4.890509605407715 
5.264215469360352 
6.795736789703369 
5.438158988952637 
5.196075439453125 
5.522780418395996 
6.443915843963623 
5.289172649383545 
4.9469804763793945 
8.976123809814453 
4.937583923339844 
5.261298179626465 
5.238969802856445 
4.826229095458984 
4.789737224578857 
5.1334381103515625 
5.524951934814453 
6.840508460998535 
5.079971790313721 
5.525537490844727 
5.259634971618652 
4.997005462646484 
4.96408224105835 
5.404267311096191 
5.049215793609619 
4.886578559875488 
5.084840774536133 
5.335079669952393 
6.6312665939331055 
5.8081159591674805 
5.083375930786133 
4.75698184967041 
4.943385124206543 
5.2948198318481445 
5.091691017150879 
5.023451805114746 
5.366971969604492 
4.819557189941406 
4.938897132873535 
5.102209091186523 
4.910855293273926 
5.157331943511963 
4.981455326080322 
5.163025856018066 
4.917114734649658 
5.096302509307861 
4.9542236328125 
4.946869850158691 
5.141836643218994 
5.728487014770508 
5.061503887176514 
6.2320356369018555 
5.131119251251221 
5.8397297859191895 
5.182065963745117 
4.820465087890625 
6.837117671966553 
4.9966840744018555 
5.00704288482666 
5.235206604003906 
7.466965675354004 
5.297014236450195 
5.310768127441406 
5.022420883178711 
4.900449275970459 
7.046030044555664 
5.045192718505859 
5.095205307006836 
4.886256217956543 
5.156503677368164 
6.239072799682617 
4.981095314025879 
6.965153217315674 
5.41219425201416 
6.472217559814453 
4.926922798156738 
5.176656246185303 
4.9780073165893555 
5.04152774810791 
5.158064842224121 
4.958319187164307 
9.131954193115234 
4.999910831451416 
5.657766342163086 
5.045133590698242 
5.14821720123291 
6.623651027679443 
4.916237831115723 
5.279352188110352 
5.916500091552734 
6.715841293334961 
4.917140007019043 
5.49061918258667 
5.011917591094971 
4.880948066711426 
5.66986083984375 
5.149875164031982 
5.042734146118164 
7.989124298095703 
5.062676906585693 
4.877871990203857 
5.006513595581055 
5.24135160446167 
5.078810691833496 
5.8443603515625 
5.111736297607422 
5.621110916137695 
4.996710777282715 
5.059628486633301 
5.585142135620117 
4.736030578613281 
6.3036088943481445 
5.067837715148926 
7.305985450744629 
5.24532413482666 
4.954301834106445 
6.440420150756836 
5.790472030639648 
5.212465286254883 
4.8186845779418945 
5.0502777099609375 
5.829020023345947 
5.046735763549805 
5.3857269287109375 
4.931180953979492 
4.899824619293213 
5.406501770019531 
5.0613250732421875 
4.777583122253418 
5.328153610229492 
5.529018402099609 
5.2620768547058105 
4.808388710021973 
5.280276298522949 
5.613391399383545 
8.617616653442383 
6.122235298156738 
4.562283515930176 
5.878607749938965 
5.085475921630859 
5.081561088562012 
4.8098649978637695 
5.215563774108887 
4.923871040344238 
5.020444869995117 
5.224018096923828 
5.1593403816223145 
5.125121593475342 
5.119847774505615 
5.139848709106445 
5.544790744781494 
5.141316890716553 
4.940431594848633 
5.038522720336914 
4.914875030517578 
4.786320686340332 
5.066326141357422 
5.646692276000977 
5.458566665649414 
5.204065322875977 
5.054703235626221 
5.007560729980469 
5.378201484680176 
5.479694366455078 
6.305226802825928 
5.026850700378418 
5.036078929901123 
5.352416038513184 
6.369495391845703 
5.006216049194336 
5.013563632965088 
4.885376930236816 
5.061249732971191 
4.999225616455078 
5.0341057777404785 
5.117325782775879 
5.009105205535889 
5.008731842041016 
5.442618370056152 
5.079999923706055 
4.7413129806518555 
5.608700275421143 
4.984209060668945 
5.226803302764893 
4.918593406677246 
5.350925445556641 
5.380171298980713 
5.084268569946289 
4.756500244140625 
7.464238166809082 
4.9677581787109375 
5.250262260437012 
4.945629596710205 
4.893987655639648 
4.896256446838379 
5.038998603820801 
5.481441497802734 
4.857431411743164 
6.867083549499512 
4.814476013183594 
5.465607643127441 
7.315873146057129 
5.034322738647461 
5.072797775268555 
4.987882614135742 
5.008569240570068 
4.8311896324157715 
5.073404312133789 
4.8560357093811035 
6.073539733886719 
5.934543609619141 
7.990216255187988 
4.852306365966797 
6.485716819763184 
5.565324783325195 
4.899196624755859 
5.059500217437744 
5.256622791290283 
5.881298065185547 
5.965986251831055 
5.4650678634643555 
4.972611427307129 
6.814426422119141 
5.021258354187012 
5.1475372314453125 
6.06163215637207 
8.54461669921875 
5.3237457275390625 
5.77449893951416 
5.143242835998535 
5.228630065917969 
4.851384162902832 
5.596648693084717 
4.943404674530029 
7.023440361022949 
5.081035614013672 
5.334656715393066 
5.075186729431152 
4.691978454589844 
5.058277130126953 
5.407375335693359 
5.1796112060546875 
6.457433223724365 
5.022082328796387 
5.173437595367432 
5.6854658126831055 
5.150665283203125 
5.150120735168457 
4.989872932434082 
5.618062973022461 
5.034707069396973 
5.156040191650391 
5.204246520996094 
4.938254356384277 
5.5607404708862305 
5.107580184936523 
4.91404390335083 
4.83814811706543 
5.020374298095703 
5.1184983253479 
5.054594039916992 
6.090522766113281 
4.893340110778809 
4.915745258331299 
4.995812892913818 
5.771576881408691 
8.411723136901855 
5.135750770568848 
4.924248695373535 
6.145753860473633 
4.975090980529785 
6.566912651062012 
5.694979667663574 
5.07966423034668 
4.9728569984436035 
6.806821346282959 
5.161563396453857 
4.942142486572266 
4.967554092407227 
5.551897048950195 
9.018024444580078 
5.426140785217285 
5.106278419494629 
4.947235107421875 
4.740745544433594 
5.396029949188232 
5.296107769012451 
6.695598125457764 
5.0617289543151855 
5.234012603759766 
6.229074478149414 
7.884757995605469 
5.119012355804443 
4.859685897827148 
4.981338024139404 
5.201411247253418 
5.2861833572387695 
5.0530548095703125 
5.395168781280518 
4.986342430114746 
4.812326908111572 
5.001014709472656 
4.843805313110352 
5.207063674926758 
5.422351837158203 
4.970277786254883 
4.976354598999023 
5.067441940307617 
4.935057163238525 
5.123507022857666 
5.566108703613281 
6.156275272369385 
5.060434341430664 
5.0653533935546875 
4.774242401123047 
5.3829026222229 
5.115750312805176 
5.588994979858398 
5.275843620300293 
5.3630290031433105 
5.275058746337891 
5.141719818115234 
5.067756175994873 
4.927773475646973 
5.1346845626831055 
6.317692279815674 
5.019111633300781 
4.749524116516113 
7.7109222412109375 
5.335168838500977 
5.209043502807617 
4.944457530975342 
5.807253837585449 
5.072084426879883 
4.853510856628418 
4.903454303741455 
5.006871223449707 
6.607497215270996 
4.82774019241333 
6.234066009521484 
4.893212795257568 
5.155086994171143 
6.31370735168457 
5.01286506652832 
5.020503044128418 
5.09688663482666 
5.049371719360352 
4.819243431091309 
6.444543838500977 
4.9746551513671875 
4.735233306884766 
5.9310503005981445 
4.830699920654297 
5.587718963623047 
4.852170944213867 
5.048316955566406 
5.031175136566162 
5.045151710510254 
4.77719783782959 
4.896622180938721 
5.225336074829102 
4.992686748504639 
5.265132904052734 
4.816364288330078 
5.776660442352295 
4.940267562866211 
5.126582145690918 
4.765525817871094 
4.852044105529785 
7.703947067260742 
5.166609764099121 
5.432905197143555 
5.423889636993408 
4.936050891876221 
4.821367263793945 
5.02626895904541 
5.185216426849365 
4.996476173400879 
4.993870258331299 
5.081916332244873 
4.910353660583496 
4.864636421203613 
4.858796119689941 
4.740971565246582 
7.089964866638184 
4.993455410003662 
5.186247825622559 
4.878576278686523 
5.074042320251465 
5.367242813110352 
5.244894504547119 
4.873113632202148 
4.969451427459717 
4.843410491943359 
4.927853584289551 
5.320008277893066 
5.132967948913574 
4.786512851715088 
5.660573959350586 
5.00590181350708 
5.1914286613464355 
5.264373779296875 
4.770544052124023 
5.634416580200195 
5.0577898025512695 
5.277791976928711 
5.165233612060547 
4.9974045753479 
5.0735321044921875 
5.080238342285156 
5.051558494567871 
5.098341464996338 
4.968624114990234 
5.16802978515625 
7.194869041442871 
5.164397239685059 
5.146733283996582 
4.655036926269531 
4.841291904449463 
5.181112766265869 
4.9527997970581055 
6.118762969970703 
5.188536643981934 
5.816129684448242 
5.133077621459961 
4.833954811096191 
6.378520965576172 
5.301998138427734 
5.05003547668457 
6.133551597595215 
5.3808393478393555 
5.394419193267822 
5.239572048187256 
9.236793518066406 
5.077051639556885 
4.91187858581543 
4.896246910095215 
5.083174705505371 
5.116119384765625 
5.536404609680176 
5.928092956542969 
6.198718547821045 
5.733156204223633 
4.730495452880859 
4.8546528816223145 
5.129464626312256 
5.57414436340332 
5.654059886932373 
7.246018409729004 
5.795187950134277 
5.316267013549805 
5.183428764343262 
5.277050971984863 
5.081005096435547 
5.383725166320801 
4.847402095794678 
6.207912445068359 
5.1371989250183105 
5.236987113952637 
5.639562606811523 
4.855009078979492 
5.0693769454956055 
5.170797348022461 
5.044130325317383 
5.103750228881836 
5.035294532775879 
5.682805061340332 
6.869971752166748 
5.438277244567871 
6.415596008300781 
5.005836009979248 
5.087142467498779 
5.302828788757324 
4.9126715660095215 
4.814382553100586 
5.121230602264404 
5.6305999755859375 
5.231466293334961 
4.754035949707031 
5.668177604675293 
4.975722312927246 
5.153134346008301 
4.845799446105957 
4.967826843261719 
6.047641754150391 
4.963244915008545 
7.417092323303223 
4.868471622467041 
5.056154251098633 
4.886890411376953 
6.773789882659912 
4.953681468963623 
6.500900745391846 
5.238215923309326 
5.886319160461426 
5.206621170043945 
5.042823791503906 
5.148223876953125 
5.106559753417969 
5.069371700286865 
5.036844730377197 
7.291894435882568 
4.582178592681885 
4.950798034667969 
5.074817180633545 
5.909477233886719 
4.996309280395508 
7.390915393829346 
6.338078498840332 
5.001560688018799 
5.513148784637451 
5.913328170776367 
4.745502471923828 
5.405815124511719 
5.272721290588379 
4.874958515167236 
5.192753791809082 
5.3201704025268555 
5.049432754516602 
5.107888221740723 
4.917642116546631 
5.460352420806885 
4.901528358459473 
6.260413646697998 
4.93775749206543 
4.861807823181152 
5.1806721687316895 
8.17085075378418 
4.981544017791748 
5.112817764282227 
4.926937103271484 
5.185192584991455 
4.932404518127441 
4.8799285888671875 
4.983682155609131 
4.926894664764404 
5.584573745727539 
5.249981880187988 
6.611787796020508 
5.056048393249512 
5.409268379211426 
4.962228775024414 
6.456587791442871 
4.984771728515625 
5.072521209716797 
4.8251142501831055 
5.190988540649414 
4.834681510925293 
4.80092716217041 
5.679324626922607 
5.429750442504883 
5.473337173461914 
4.959031105041504 
4.6831512451171875 
5.219496726989746 
5.0264892578125 
4.682877540588379 
6.440616130828857 
4.9756269454956055 
5.0568437576293945 
4.888751983642578 
4.781070709228516 
5.969026565551758 
4.992873668670654 
5.143309116363525 
4.961300849914551 
5.430269718170166 
5.324447154998779 
5.389825820922852 
6.1499528884887695 
4.81489372253418 
5.630022048950195 
4.962118148803711 
4.85944938659668 
4.968770503997803 
5.854727268218994 
4.771459102630615 
4.961765766143799 
7.194114685058594 
4.981130599975586 
5.073127746582031 
5.547000885009766 
5.121889114379883 
5.325979232788086 
4.857260704040527 
5.216385364532471 
5.0977373123168945 
5.217416763305664 
5.1887922286987305 
4.876418113708496 
4.941952705383301 
5.950033187866211 
5.096674919128418 
6.240030765533447 
4.941657066345215 
5.092175483703613 
4.898614406585693 
5.257322311401367 
5.031419277191162 
5.187847137451172 
4.901524543762207 
5.210350036621094 
4.883087158203125 
5.209997177124023 
5.932586669921875 
5.161472320556641 
4.950766086578369 
5.000476837158203 
5.282639503479004 
7.715829849243164 
6.40372896194458 
5.295288562774658 
5.501693248748779 
5.156915187835693 
4.743626594543457 
4.980047225952148 
6.644545555114746 
5.1629204750061035 
5.132419586181641 
5.156911849975586 
4.80938720703125 
4.937414169311523 
5.486988544464111 
5.054562091827393 
5.286818981170654 
4.897389888763428 
5.2738776206970215 
4.964378356933594 
5.073237419128418 
5.184942245483398 
4.834537506103516 
4.7988409996032715 
5.405906677246094 
5.310271263122559 
4.939897537231445 
5.013002395629883 
6.236475944519043 
5.137968063354492 
6.215242385864258 
4.897563457489014 
4.930425643920898 
4.864880561828613 
5.0009989738464355 
5.154862880706787 
4.959033012390137 
4.982820510864258 
5.061060905456543 
5.22617769241333 
5.54423713684082 
5.599030017852783 
5.165666103363037 
4.994233131408691 
5.72938346862793 
5.666237831115723 
4.877813339233398 
8.189029693603516 
6.717804908752441 
4.8206071853637695 
4.958463668823242 
5.0073347091674805 
5.165305137634277 
5.401567459106445 
5.546661376953125 
6.686712265014648 
4.875306129455566 
4.9494147300720215 
5.016803741455078 
5.560598850250244 
5.020246982574463 
5.143394947052002 
4.9720659255981445 
4.9702534675598145 
4.888347625732422 
7.419454574584961 
5.203357219696045 
5.033262252807617 
5.361358165740967 
5.077672958374023 
7.190969467163086 
5.244287490844727 
5.040907382965088 
6.89633321762085 
5.06365966796875 
5.111847400665283 
5.398853778839111 
4.97404146194458 
4.891698837280273 
6.2679762840271 
5.680720806121826 
4.956360816955566 
5.211231708526611 
6.651149749755859 
4.922384262084961 
5.238603591918945 
5.3420915603637695 
5.165309429168701 
4.696208953857422 
5.025998592376709 
5.4293904304504395 
4.847556114196777 
4.9050798416137695 
5.298821926116943 
9.142684936523438 
5.141589164733887 
5.197079658508301 
4.840185642242432 
5.001911640167236 
4.992730140686035 
5.586977958679199 
4.980156898498535 
5.208877086639404 
5.128521919250488 
4.989504814147949 
4.803532123565674 
5.0685319900512695 
7.259847640991211 
5.153439521789551 
5.1583251953125 
6.2527384757995605 
4.885927200317383 
5.31761360168457 
5.017472743988037 
5.107078552246094 
5.570160388946533 
5.211642265319824 
5.146084785461426 
5.466136932373047 
5.276669025421143 
5.032982349395752 
5.276566505432129 
5.7134599685668945 
5.9892754554748535 
4.996116638183594 
4.949979305267334 
6.4670844078063965 
4.784930229187012 
4.915571212768555 
5.079023838043213 
5.944183349609375 
5.250942230224609 
6.003787994384766 
5.448155403137207 
5.0445122718811035 
5.1074981689453125 
5.129647254943848 
4.88065242767334 
6.410482406616211 
5.351228713989258 
5.074058532714844 
5.004358291625977 
5.107831954956055 
7.036192893981934 
4.857872486114502 
5.851994514465332 
5.062265396118164 
5.096486568450928 
5.802513122558594 
4.927750587463379 
5.470583438873291 
5.043268203735352 
4.949878692626953 
4.941512107849121 
7.422170639038086 
5.203956604003906 
5.782558441162109 
