5.647115230560303 
7.280006408691406 
5.344850540161133 
7.162588119506836 
6.642361640930176 
8.357853889465332 
5.258321762084961 
8.318490028381348 
7.3428802490234375 
7.127586841583252 
5.732914924621582 
8.929719924926758 
7.015203475952148 
6.062493801116943 
7.939249515533447 
8.683128356933594 
7.215116024017334 
7.178293704986572 
5.6430983543396 
7.002435684204102 
5.933565139770508 
9.204190254211426 
7.10698127746582 
7.2878007888793945 
9.466086387634277 
6.797619342803955 
7.119532585144043 
5.474576950073242 
6.783295631408691 
5.366905689239502 
7.654480934143066 
5.825916767120361 
5.953981876373291 
6.237339973449707 
6.460976600646973 
8.385992050170898 
5.6525163650512695 
5.194857597351074 
7.9953203201293945 
7.459392547607422 
6.503142833709717 
6.731518745422363 
4.984709739685059 
6.790585994720459 
4.580922603607178 
4.914433479309082 
5.989424705505371 
6.335545539855957 
8.789767265319824 
6.779596328735352 
6.4258270263671875 
6.072319030761719 
9.94900131225586 
7.515010356903076 
5.840994358062744 
6.563690185546875 
6.543876647949219 
5.023372173309326 
7.489360809326172 
7.084850311279297 
5.953251838684082 
7.1950531005859375 
6.0905256271362305 
6.212657928466797 
8.98828411102295 
4.931449890136719 
6.470571517944336 
6.413187503814697 
7.716612815856934 
5.375456809997559 
7.269405364990234 
8.35479736328125 
7.202099800109863 
6.146334648132324 
8.676600456237793 
6.4156622886657715 
6.071866989135742 
7.138698101043701 
6.609342098236084 
4.703741073608398 
7.240905284881592 
6.606479167938232 
5.283970355987549 
5.899127960205078 
6.809009552001953 
7.649534225463867 
7.2590131759643555 
6.860846996307373 
4.653057098388672 
6.869156837463379 
5.8189239501953125 
8.557374954223633 
7.82980489730835 
5.425340175628662 
7.215116024017334 
8.6006498336792 
5.9724860191345215 
5.6631269454956055 
5.7767415046691895 
5.953189849853516 
6.975591659545898 
7.599329948425293 
5.602293968200684 
8.162276268005371 
7.344484806060791 
8.850125312805176 
6.712926864624023 
5.346195220947266 
6.483802795410156 
7.183047294616699 
6.619040489196777 
8.339725494384766 
8.477767944335938 
7.18779993057251 
6.57393741607666 
7.043811798095703 
6.317009925842285 
5.8006696701049805 
5.5288543701171875 
6.108874320983887 
4.998028755187988 
5.338221549987793 
4.737818717956543 
6.771920204162598 
7.7622575759887695 
6.1147613525390625 
6.634136199951172 
8.292426109313965 
6.352373123168945 
7.154639720916748 
6.387651443481445 
4.79078483581543 
6.9163665771484375 
6.709197044372559 
4.833799839019775 
6.5258588790893555 
5.177001476287842 
4.66676139831543 
7.732065677642822 
8.009702682495117 
7.396697998046875 
5.906559944152832 
5.82680606842041 
5.624128341674805 
5.413775444030762 
7.382465362548828 
6.896846771240234 
6.800726413726807 
5.563101768493652 
5.186460018157959 
7.320272445678711 
5.6340012550354 
9.320963859558105 
5.695898056030273 
5.633623123168945 
7.273119926452637 
6.138077735900879 
7.523523330688477 
9.014137268066406 
7.597040176391602 
5.909789085388184 
6.425536155700684 
6.933225631713867 
5.765070915222168 
5.855523109436035 
8.25110149383545 
6.14741849899292 
8.42589282989502 
8.119575500488281 
7.832004547119141 
7.467193126678467 
8.160077095031738 
7.516942024230957 
7.467855930328369 
8.816651344299316 
6.754596710205078 
6.919208526611328 
7.502521991729736 
6.052776336669922 
7.208502769470215 
5.538551330566406 
5.725241184234619 
6.211905479431152 
6.67868709564209 
4.972082138061523 
5.519649505615234 
7.61530876159668 
5.813716888427734 
7.198365211486816 
5.281409740447998 
6.616048812866211 
6.092530250549316 
6.441816329956055 
5.206746578216553 
9.386693954467773 
6.343942642211914 
6.387152671813965 
5.729166030883789 
7.872891426086426 
6.327307224273682 
6.809150695800781 
5.593513011932373 
6.938187599182129 
5.996193885803223 
5.409159183502197 
7.60205078125 
6.967548847198486 
6.283699035644531 
6.733743190765381 
6.674128532409668 
6.421632766723633 
6.22886848449707 
7.085317134857178 
5.012089252471924 
6.840136528015137 
8.00652027130127 
7.118990421295166 
5.586804389953613 
6.27420711517334 
8.002767562866211 
6.522873878479004 
6.68583869934082 
7.864496231079102 
7.601743221282959 
5.44482946395874 
6.91331672668457 
7.1956586837768555 
4.751320838928223 
6.276662826538086 
6.896697044372559 
5.541908264160156 
6.002763748168945 
8.523407936096191 
7.979736804962158 
6.037484169006348 
6.233133316040039 
7.607443332672119 
8.011144638061523 
5.0717058181762695 
7.401914596557617 
6.730465888977051 
7.101794242858887 
7.484070777893066 
7.315925598144531 
5.581865310668945 
6.8228888511657715 
5.422204494476318 
6.007913112640381 
6.43003511428833 
8.918940544128418 
5.733953475952148 
5.485214710235596 
5.706239700317383 
5.826013565063477 
9.305034637451172 
6.031023025512695 
5.835554599761963 
5.609586715698242 
6.547216415405273 
7.39616584777832 
7.8183441162109375 
5.985326766967773 
6.2888875007629395 
8.870648384094238 
6.94401741027832 
7.94556188583374 
8.063425064086914 
6.142664909362793 
4.8075852394104 
7.476633071899414 
7.618365287780762 
6.716474533081055 
6.978483200073242 
7.932439804077148 
5.137327194213867 
5.862452507019043 
5.192826271057129 
6.034924507141113 
5.708455562591553 
7.512942314147949 
7.349851608276367 
7.34233283996582 
6.67452335357666 
6.300905704498291 
6.174283981323242 
5.3238420486450195 
5.8319315910339355 
8.154444694519043 
6.8748979568481445 
5.7402849197387695 
6.87153434753418 
6.665053844451904 
7.170579433441162 
6.042661190032959 
6.429762363433838 
6.199518203735352 
6.657334804534912 
5.217065811157227 
6.458965301513672 
7.502642631530762 
8.247117042541504 
5.947487831115723 
6.271543025970459 
5.445025444030762 
7.574722766876221 
4.818767547607422 
6.609871864318848 
6.817710876464844 
6.937201499938965 
7.1367034912109375 
6.552757740020752 
5.316960334777832 
6.1873369216918945 
6.742176532745361 
7.48360538482666 
5.961188793182373 
9.22297191619873 
8.87835693359375 
7.6551833152771 
8.318568229675293 
6.698590278625488 
6.365455627441406 
5.641227722167969 
5.522968292236328 
5.915004730224609 
5.299342155456543 
7.109614372253418 
6.788658142089844 
5.730583190917969 
6.46708869934082 
7.134042739868164 
6.587862014770508 
5.794719696044922 
5.566576957702637 
5.769335746765137 
7.7338104248046875 
6.363012313842773 
7.926438331604004 
6.256270408630371 
6.115700721740723 
7.090190887451172 
7.934412956237793 
5.89363956451416 
6.639542102813721 
8.468303680419922 
6.958906173706055 
5.9376068115234375 
6.595754146575928 
5.347373962402344 
7.543387413024902 
5.835433006286621 
8.749756813049316 
4.87998104095459 
5.342075347900391 
6.468530654907227 
9.308093070983887 
6.685000419616699 
6.2511725425720215 
6.291849136352539 
5.866908073425293 
7.634136199951172 
7.338714599609375 
8.805890083312988 
6.023852825164795 
6.826700210571289 
7.520297050476074 
6.19905424118042 
6.427950382232666 
8.402056694030762 
5.408086776733398 
6.813234329223633 
5.949733734130859 
6.096395015716553 
7.820415019989014 
5.0361247062683105 
6.445191860198975 
6.320608139038086 
6.748097896575928 
4.923006057739258 
7.385780334472656 
8.087109565734863 
5.709897518157959 
4.87701416015625 
5.883718013763428 
6.793892860412598 
6.0989179611206055 
5.30928897857666 
6.326409339904785 
6.98039436340332 
6.369215488433838 
5.611034393310547 
5.783700942993164 
6.573739051818848 
8.153282165527344 
6.314172744750977 
8.194270133972168 
7.284998893737793 
7.752528190612793 
6.9867072105407715 
7.4727935791015625 
6.997387886047363 
7.0571184158325195 
5.717296600341797 
6.589808940887451 
8.062246322631836 
6.113596439361572 
7.564552307128906 
5.8278961181640625 
9.311582565307617 
6.852269649505615 
9.22603988647461 
7.179015159606934 
8.57972240447998 
9.057402610778809 
8.175189971923828 
7.454502582550049 
7.162419319152832 
8.195667266845703 
5.993448257446289 
6.747448444366455 
6.07997989654541 
6.2523193359375 
6.172328948974609 
8.992499351501465 
6.65629243850708 
6.205351829528809 
8.529328346252441 
7.476310729980469 
7.455902576446533 
6.854623317718506 
7.360692501068115 
7.3035502433776855 
5.628023147583008 
5.59420919418335 
8.928935050964355 
6.865682125091553 
6.8133544921875 
5.958009719848633 
5.407870769500732 
5.967596054077148 
5.930872917175293 
7.14691162109375 
7.077268600463867 
7.865664482116699 
5.389903545379639 
6.67686653137207 
6.014294624328613 
7.260051250457764 
7.339007377624512 
4.552366256713867 
7.690813064575195 
6.543421745300293 
5.9075703620910645 
6.762063026428223 
5.085764408111572 
8.250497817993164 
5.628379821777344 
8.308724403381348 
5.766351222991943 
5.531439781188965 
5.43864631652832 
6.753059387207031 
5.584970951080322 
6.2184648513793945 
5.782289505004883 
6.032303810119629 
5.8977460861206055 
6.613278388977051 
6.992958068847656 
7.720627784729004 
7.265894889831543 
7.8038458824157715 
7.48011589050293 
6.492209434509277 
8.537789344787598 
8.515578269958496 
6.595569610595703 
5.2307939529418945 
6.6770195960998535 
5.656103610992432 
5.444113731384277 
6.193700313568115 
5.9649763107299805 
5.365137100219727 
8.057109832763672 
6.235373020172119 
6.487727165222168 
6.226020812988281 
7.179023742675781 
6.612792491912842 
8.170578956604004 
5.7451982498168945 
6.76955509185791 
6.342742443084717 
5.253909587860107 
7.578716278076172 
5.99125337600708 
10.472526550292969 
8.333205223083496 
8.093088150024414 
5.790978908538818 
6.785340309143066 
6.9283061027526855 
7.334118843078613 
5.666887283325195 
5.60076379776001 
6.66050910949707 
6.296962738037109 
6.386556148529053 
5.228191375732422 
7.024548530578613 
6.511743545532227 
7.316901206970215 
7.570002555847168 
6.318779468536377 
5.765526294708252 
5.940740585327148 
7.627185821533203 
7.63524055480957 
5.37930965423584 
6.5535173416137695 
5.482026100158691 
5.474564552307129 
8.574570655822754 
6.183358192443848 
6.03154993057251 
6.36165714263916 
5.636908054351807 
5.299326419830322 
9.590801239013672 
6.337540626525879 
5.534585952758789 
5.515590667724609 
5.8239850997924805 
6.8409223556518555 
8.599322319030762 
6.611793518066406 
7.062540531158447 
5.543264389038086 
5.589759349822998 
6.738189220428467 
5.719174861907959 
5.874582290649414 
8.619593620300293 
5.673453330993652 
4.610784530639648 
6.311116695404053 
6.22553825378418 
5.464677810668945 
7.234735488891602 
7.547318935394287 
6.296326160430908 
5.431482315063477 
6.204769134521484 
5.743307113647461 
7.239066123962402 
7.348292350769043 
7.974477767944336 
5.604729652404785 
6.408688545227051 
6.1968092918396 
6.313928604125977 
7.98229455947876 
6.077134609222412 
7.196257591247559 
5.9802398681640625 
6.944343566894531 
6.410602569580078 
5.839450836181641 
5.80512809753418 
6.455985069274902 
5.016529083251953 
7.895711421966553 
5.877288341522217 
5.897007942199707 
6.441741943359375 
7.419902324676514 
7.593936443328857 
6.240451812744141 
5.969011306762695 
6.31502628326416 
6.444880485534668 
5.229312419891357 
4.611618518829346 
6.555652618408203 
7.8273749351501465 
5.133594989776611 
8.716294288635254 
7.43977689743042 
9.423256874084473 
6.275691986083984 
6.571921348571777 
10.620940208435059 
7.127109527587891 
5.574483871459961 
4.598912715911865 
4.70124626159668 
6.0954484939575195 
6.937922477722168 
7.166946887969971 
5.64443302154541 
6.579012393951416 
6.818872928619385 
6.4233245849609375 
6.246991157531738 
7.209321975708008 
9.195189476013184 
7.785956382751465 
8.13222599029541 
7.769206523895264 
7.113479137420654 
6.268248558044434 
6.498651504516602 
5.29666805267334 
5.957798004150391 
6.561676979064941 
7.713513374328613 
5.675173282623291 
9.068367958068848 
6.537886619567871 
6.254329681396484 
6.075859069824219 
4.797904968261719 
4.985515594482422 
5.571266174316406 
5.388284683227539 
5.787712574005127 
5.93473482131958 
7.789453029632568 
8.91732120513916 
7.733511924743652 
6.553875923156738 
7.455604076385498 
7.873448371887207 
5.6425933837890625 
6.904779434204102 
9.03742504119873 
5.000094890594482 
5.9266533851623535 
6.252681732177734 
5.287851333618164 
5.181680679321289 
6.670992374420166 
6.907646179199219 
6.1564435958862305 
6.765762805938721 
6.367546081542969 
10.157221794128418 
6.546614646911621 
4.80888557434082 
6.730978012084961 
6.004033088684082 
5.528498649597168 
6.248353958129883 
6.557705402374268 
5.644065856933594 
7.379299163818359 
6.349636554718018 
6.220431327819824 
7.369540214538574 
6.77670431137085 
6.974781036376953 
5.297247409820557 
7.060378551483154 
6.388821601867676 
5.242969036102295 
6.088106632232666 
8.130929946899414 
7.382652282714844 
7.52542781829834 
5.45036506652832 
7.630964756011963 
5.879025459289551 
6.90079927444458 
6.4692792892456055 
5.099770545959473 
5.748909950256348 
5.032111644744873 
7.2284417152404785 
8.650790214538574 
6.044588565826416 
7.736415863037109 
5.95082950592041 
6.143442153930664 
6.9423065185546875 
9.866684913635254 
8.21492862701416 
4.643243789672852 
6.530162811279297 
4.833676338195801 
5.416628360748291 
7.524043083190918 
6.849278926849365 
6.212655067443848 
9.796714782714844 
6.913300037384033 
5.40765380859375 
5.630197525024414 
5.684458255767822 
6.633223533630371 
6.742315769195557 
8.19544506072998 
6.309597969055176 
8.57047176361084 
5.8236985206604 
6.594170570373535 
6.845076560974121 
6.624622344970703 
7.448431491851807 
4.461052894592285 
8.302590370178223 
5.053433418273926 
5.93488883972168 
7.294795989990234 
8.999839782714844 
7.013265609741211 
7.571249485015869 
5.555105209350586 
5.595766067504883 
6.4915924072265625 
6.0737199783325195 
7.132662296295166 
8.054250717163086 
6.206637382507324 
5.309098243713379 
6.555657386779785 
5.616927146911621 
5.350260257720947 
5.844732284545898 
6.972787857055664 
5.110816478729248 
7.781662464141846 
6.330044746398926 
5.081869125366211 
4.596795082092285 
8.149519920349121 
7.181412696838379 
6.99777364730835 
5.270443916320801 
4.886796474456787 
6.4592742919921875 
6.1067609786987305 
5.606909275054932 
6.702997207641602 
7.331320762634277 
7.380352020263672 
8.432550430297852 
7.295079231262207 
5.978403091430664 
4.907367706298828 
5.481081008911133 
5.784309387207031 
5.544946193695068 
8.944199562072754 
6.571974277496338 
8.81467056274414 
6.061908721923828 
5.587619781494141 
5.502573490142822 
6.993597030639648 
7.902586936950684 
7.719788551330566 
6.769286155700684 
6.800043106079102 
7.4608917236328125 
4.890855312347412 
5.7640910148620605 
6.461503505706787 
7.890316009521484 
5.285118103027344 
6.963676452636719 
7.2637739181518555 
9.101137161254883 
5.964605331420898 
6.524375915527344 
5.255631446838379 
6.05565071105957 
5.990152835845947 
6.069973945617676 
8.040093421936035 
6.018770217895508 
6.602171897888184 
7.134066104888916 
6.862207412719727 
6.42972993850708 
6.014591217041016 
5.8678879737854 
7.548790454864502 
4.885817527770996 
5.914182662963867 
8.455650329589844 
6.669638633728027 
8.683563232421875 
6.462884902954102 
4.9009857177734375 
9.41435718536377 
6.149056911468506 
6.550142288208008 
6.334690093994141 
7.664629936218262 
7.664842128753662 
8.57656192779541 
5.687311172485352 
6.23661470413208 
5.82747745513916 
8.273283958435059 
6.251115322113037 
6.630268096923828 
9.028733253479004 
7.057223320007324 
8.012346267700195 
6.384033203125 
9.223246574401855 
6.764524459838867 
6.105617046356201 
5.983035087585449 
6.747775077819824 
6.295707702636719 
5.1657867431640625 
6.396114349365234 
6.034366130828857 
5.548295021057129 
5.711366653442383 
6.815351486206055 
6.337406158447266 
6.791671276092529 
7.479755878448486 
6.203600883483887 
7.3043694496154785 
5.917112350463867 
6.734840393066406 
6.371031761169434 
5.573575019836426 
5.569493293762207 
7.2727155685424805 
7.381925582885742 
7.130195140838623 
7.465343475341797 
5.663134574890137 
6.051639556884766 
6.941257953643799 
8.10451602935791 
6.955065727233887 
6.812450408935547 
7.473814010620117 
5.99776029586792 
6.142107963562012 
5.855554580688477 
7.760880947113037 
6.3015923500061035 
7.718674659729004 
6.04860258102417 
6.202240943908691 
6.888919830322266 
5.840205192565918 
6.0702128410339355 
7.328005790710449 
5.679670333862305 
5.708462715148926 
5.997587203979492 
6.789236068725586 
5.4518723487854 
6.589392185211182 
5.970159530639648 
4.589018821716309 
9.0444917678833 
4.781771659851074 
5.072636127471924 
6.132661819458008 
4.911401748657227 
7.0183186531066895 
6.283891677856445 
7.6308488845825195 
8.335612297058105 
7.342226028442383 
6.180635452270508 
4.861624717712402 
8.786635398864746 
5.606646537780762 
7.006157398223877 
6.719867706298828 
6.0201873779296875 
6.4426188468933105 
7.5109710693359375 
5.861228942871094 
5.8015594482421875 
6.625516414642334 
6.180202007293701 
6.267001152038574 
6.32985258102417 
6.643165588378906 
5.448324203491211 
6.820734977722168 
6.274313926696777 
5.841535568237305 
5.794429779052734 
6.390427589416504 
6.832001686096191 
8.315603256225586 
6.795843124389648 
7.614611625671387 
6.199706554412842 
5.525666236877441 
6.049516677856445 
6.706965446472168 
4.671719074249268 
8.708416938781738 
5.766164779663086 
5.509129047393799 
5.091726779937744 
5.633913993835449 
6.321541786193848 
6.0876569747924805 
6.315677165985107 
6.374926567077637 
7.050229072570801 
5.5286688804626465 
6.345442295074463 
5.051686763763428 
5.8661956787109375 
9.379626274108887 
5.584512710571289 
6.101293563842773 
6.752577781677246 
9.76199722290039 
6.0830512046813965 
6.265881061553955 
6.934751987457275 
6.626394748687744 
5.217521667480469 
6.758378982543945 
6.529323577880859 
6.9437255859375 
7.798587322235107 
7.059298038482666 
7.180880069732666 
5.645385265350342 
5.334576606750488 
6.015499591827393 
8.673734664916992 
5.600975036621094 
6.932651519775391 
6.4506707191467285 
5.921485424041748 
5.602625846862793 
9.467499732971191 
8.360912322998047 
5.656503200531006 
4.8232269287109375 
5.520701885223389 
6.270381450653076 
8.153497695922852 
5.800738334655762 
6.623258113861084 
6.662540435791016 
8.629914283752441 
5.818245887756348 
8.8032808303833 
5.390772342681885 
5.301796913146973 
7.315669059753418 
7.291257381439209 
5.795816421508789 
5.271381378173828 
6.1829142570495605 
6.845183849334717 
8.67345142364502 
8.98519229888916 
6.190182685852051 
5.838297367095947 
7.703873634338379 
5.77565860748291 
5.692137718200684 
7.006019115447998 
6.719020843505859 
7.488896369934082 
8.967695236206055 
7.602819442749023 
5.947589874267578 
7.932496547698975 
7.498705863952637 
6.1033196449279785 
8.687780380249023 
6.068605422973633 
6.885600566864014 
5.632930755615234 
6.834800720214844 
6.273645401000977 
6.824501037597656 
5.520263671875 
8.94760799407959 
7.438663005828857 
8.163805961608887 
8.186641693115234 
6.010988235473633 
6.936026573181152 
7.2134318351745605 
6.388331413269043 
5.814589023590088 
6.678834915161133 
5.37966251373291 
6.748687267303467 
6.995977401733398 
7.207196235656738 
7.475886344909668 
7.916963577270508 
5.388244152069092 
6.365669250488281 
6.242749214172363 
7.053923606872559 
5.326218128204346 
6.933592796325684 
5.4012298583984375 
6.066137313842773 
8.869311332702637 
5.594881057739258 
5.541200637817383 
5.838934421539307 
7.271918296813965 
7.581623077392578 
5.99114465713501 
6.5119757652282715 
6.308147430419922 
7.39093542098999 
9.8709077835083 
4.620573043823242 
9.136518478393555 
6.148684501647949 
7.316257953643799 
6.797394752502441 
5.776439189910889 
5.734904766082764 
7.728691101074219 
6.6165032386779785 
7.940176963806152 
6.075150489807129 
8.708569526672363 
7.181187629699707 
5.763628959655762 
8.208148956298828 
6.8301191329956055 
9.414884567260742 
7.003653526306152 
7.762038230895996 
6.480968475341797 
7.293583393096924 
8.968618392944336 
5.965236663818359 
6.1977763175964355 
6.648373126983643 
8.892098426818848 
6.293911933898926 
5.43570613861084 
5.89823579788208 
6.931108474731445 
7.876537322998047 
5.423034191131592 
5.177213191986084 
7.836468696594238 
6.673972129821777 
5.824507713317871 
5.998831748962402 
5.373287200927734 
6.056346416473389 
7.582857131958008 
6.498261451721191 
8.060233116149902 
6.2968950271606445 
5.5880913734436035 
6.03171968460083 
7.527237892150879 
6.085614204406738 
7.381877899169922 
5.772091865539551 
7.32182502746582 
6.081453800201416 
6.068924903869629 
6.2917327880859375 
6.559218406677246 
6.284366607666016 
7.086883544921875 
7.7630391120910645 
4.932894706726074 
9.00523853302002 
5.280999660491943 
6.567544937133789 
6.770028114318848 
5.5844268798828125 
6.400052070617676 
5.302002906799316 
7.125237464904785 
8.210017204284668 
5.739370346069336 
7.459332466125488 
6.445402145385742 
7.92795467376709 
6.185969352722168 
5.183966636657715 
5.729131698608398 
8.2864351272583 
5.287851333618164 
5.792693138122559 
6.83293342590332 
6.708819389343262 
8.497692108154297 
5.141040325164795 
6.5370635986328125 
7.234923839569092 
5.8614091873168945 
5.492076873779297 
6.392636299133301 
7.43480920791626 
6.561468124389648 
6.2904276847839355 
5.70231819152832 
5.088649749755859 
4.905506134033203 
6.219665050506592 
6.130551338195801 
4.468451023101807 
7.453332901000977 
6.533935546875 
4.81541633605957 
8.211220741271973 
5.433094024658203 
7.954801559448242 
6.528506278991699 
7.732867240905762 
8.438103675842285 
6.450869560241699 
5.543502330780029 
7.617918014526367 
6.834731101989746 
6.235339641571045 
6.5314202308654785 
6.5344343185424805 
5.6633453369140625 
6.993005752563477 
5.589231491088867 
8.691287994384766 
6.047488212585449 
7.093683242797852 
7.4653730392456055 
6.754822731018066 
6.259976387023926 
6.3203511238098145 
7.411448955535889 
6.231135845184326 
7.453482627868652 
8.167208671569824 
6.371618747711182 
6.686311721801758 
7.035514831542969 
6.516085624694824 
6.802926063537598 
6.586213111877441 
4.728215217590332 
6.230892181396484 
7.208462238311768 
8.00065803527832 
5.9706878662109375 
6.066817283630371 
8.451924324035645 
9.738322257995605 
4.902990341186523 
5.263163089752197 
7.907456398010254 
5.493295669555664 
5.993398666381836 
5.306653022766113 
6.462843894958496 
7.546012878417969 
4.8996381759643555 
5.907158851623535 
6.274238586425781 
6.117469310760498 
5.230811595916748 
6.896015644073486 
7.827216148376465 
6.436209678649902 
6.01131534576416 
6.695760726928711 
6.627300262451172 
6.612518310546875 
5.192960739135742 
6.1082868576049805 
6.377905368804932 
8.154956817626953 
5.089899063110352 
6.490675926208496 
4.72263240814209 
6.860137462615967 
5.97808313369751 
9.256093978881836 
5.715033054351807 
7.329948425292969 
6.972986221313477 
6.4183478355407715 
5.2799482345581055 
6.836115837097168 
6.124573707580566 
6.096937656402588 
5.518430709838867 
5.957895278930664 
5.764394760131836 
5.474030017852783 
6.262364387512207 
6.575204849243164 
5.976166725158691 
8.742316246032715 
6.66731595993042 
6.701682090759277 
6.725490570068359 
7.338418483734131 
5.70704460144043 
5.420363426208496 
6.546346664428711 
6.782377243041992 
5.937809944152832 
6.258502960205078 
4.64396858215332 
5.222875595092773 
7.885122299194336 
6.740675449371338 
6.630380630493164 
7.927731513977051 
7.081521034240723 
5.707332134246826 
5.7126569747924805 
9.088125228881836 
6.33636474609375 
6.328220844268799 
6.375875949859619 
6.302360534667969 
5.417459487915039 
5.952165603637695 
6.018390655517578 
5.528432846069336 
5.478344917297363 
7.188739776611328 
10.313314437866211 
6.213330268859863 
5.618532657623291 
7.059133529663086 
7.372435092926025 
6.393730163574219 
7.180136203765869 
5.693253517150879 
5.662912368774414 
4.962148666381836 
6.518564224243164 
5.817100524902344 
7.150762557983398 
5.19512939453125 
5.8361077308654785 
6.137960910797119 
7.275515556335449 
8.33984088897705 
8.353873252868652 
6.070568561553955 
7.881103515625 
6.690102577209473 
6.737836837768555 
5.254955291748047 
7.299117088317871 
4.892793655395508 
6.484851837158203 
6.727170944213867 
8.565882682800293 
7.206473350524902 
6.565290451049805 
7.419949531555176 
5.994869232177734 
7.624980926513672 
5.806614875793457 
5.505686283111572 
5.948349952697754 
6.571036338806152 
6.2383832931518555 
5.844000816345215 
4.962660789489746 
6.334610939025879 
6.452221870422363 
5.839931488037109 
6.338810920715332 
7.846938610076904 
6.072691440582275 
6.436962127685547 
6.982429504394531 
6.564341068267822 
5.717689514160156 
10.180466651916504 
5.653181076049805 
7.1345014572143555 
8.340653419494629 
7.074253082275391 
6.896385192871094 
7.620824337005615 
7.2780280113220215 
8.431426048278809 
7.3372955322265625 
9.246334075927734 
5.768694877624512 
6.833858489990234 
6.548521995544434 
7.396864891052246 
6.363384246826172 
6.491320610046387 
6.681105136871338 
6.798859596252441 
7.409280776977539 
6.339837551116943 
8.209540367126465 
7.244529724121094 
8.135193824768066 
6.2122673988342285 
7.457869529724121 
8.514358520507812 
10.29583740234375 
6.811290740966797 
5.5057759284973145 
6.1859893798828125 
6.144763469696045 
5.111049652099609 
6.614556789398193 
8.340633392333984 
7.0797576904296875 
6.850411891937256 
9.085227966308594 
6.0413818359375 
9.815754890441895 
5.758774757385254 
5.373211860656738 
6.215884208679199 
7.443626880645752 
5.701543807983398 
7.95806884765625 
8.256006240844727 
5.433385848999023 
7.0247602462768555 
6.87481164932251 
8.718391418457031 
9.29824161529541 
8.989151954650879 
10.773710250854492 
6.871450901031494 
5.85296106338501 
5.5614542961120605 
5.851842403411865 
6.513233184814453 
5.283169269561768 
6.018499851226807 
5.290280342102051 
7.091353416442871 
6.74960470199585 
6.4272966384887695 
7.369588851928711 
6.351750373840332 
6.910289287567139 
5.42072057723999 
7.446424961090088 
6.51439094543457 
7.214717864990234 
6.190120220184326 
6.558541774749756 
6.426860332489014 
5.763384819030762 
4.914318084716797 
6.248106956481934 
9.1853666305542 
8.368109703063965 
5.953744411468506 
6.30930233001709 
7.184111595153809 
5.885483264923096 
6.513419151306152 
6.787393569946289 
5.765076637268066 
5.2271528244018555 
6.5034942626953125 
6.661184787750244 
5.456008434295654 
5.845478534698486 
5.512804985046387 
5.227008819580078 
6.751662254333496 
6.320920944213867 
5.900655746459961 
5.113020896911621 
7.207355499267578 
5.125007629394531 
8.073026657104492 
8.768977165222168 
5.828366279602051 
8.233952522277832 
6.613059997558594 
6.0550432205200195 
4.973843574523926 
6.888672828674316 
6.666491508483887 
6.479527950286865 
6.895106315612793 
7.179500579833984 
7.596013069152832 
5.755862712860107 
7.206820964813232 
7.008045673370361 
7.160349369049072 
5.59912633895874 
6.001845359802246 
7.741186141967773 
4.867431163787842 
6.589999198913574 
6.37705659866333 
5.812096118927002 
6.918069362640381 
6.612089157104492 
8.057147026062012 
7.146188735961914 
6.869858264923096 
6.4620819091796875 
5.456311225891113 
4.806154251098633 
7.00948429107666 
7.438207626342773 
6.9258270263671875 
4.874309539794922 
5.2658610343933105 
5.064246654510498 
6.890251636505127 
6.211446285247803 
7.717362403869629 
5.73784065246582 
8.32472038269043 
5.860043525695801 
5.3717732429504395 
7.346982002258301 
6.143438339233398 
8.154736518859863 
5.136163234710693 
5.998196125030518 
8.579318046569824 
5.700935363769531 
5.920914649963379 
6.447381496429443 
7.562734127044678 
7.637643814086914 
5.502462387084961 
5.661647319793701 
6.914710998535156 
5.860825061798096 
6.646441459655762 
5.391387939453125 
5.8797454833984375 
7.350594520568848 
6.474100112915039 
5.281689643859863 
6.7994184494018555 
9.046456336975098 
5.902177810668945 
5.89756441116333 
5.435801982879639 
7.835524559020996 
5.840885162353516 
7.959844589233398 
4.258596420288086 
5.618569374084473 
7.7613067626953125 
5.217376708984375 
6.577780246734619 
6.179103851318359 
5.457646369934082 
5.293139934539795 
6.764203071594238 
7.394256591796875 
6.767068862915039 
5.81043004989624 
7.690881729125977 
5.508017539978027 
6.998360633850098 
6.122797012329102 
8.388815879821777 
6.390010833740234 
6.797691345214844 
5.215673923492432 
5.850242614746094 
5.931295394897461 
6.165048599243164 
7.177289009094238 
7.342686653137207 
6.803104400634766 
5.502168655395508 
9.965747833251953 
4.998935699462891 
4.402427673339844 
6.160282135009766 
5.691936492919922 
6.85251522064209 
5.884861469268799 
5.751250267028809 
4.8212385177612305 
7.769473552703857 
6.37996768951416 
5.6397786140441895 
7.182103633880615 
6.185120582580566 
5.126914024353027 
7.222817897796631 
6.280128479003906 
7.147526741027832 
7.070521354675293 
8.81534194946289 
8.891251564025879 
10.589862823486328 
6.88754940032959 
6.535225868225098 
6.280903339385986 
6.698118209838867 
6.4966630935668945 
7.259650230407715 
7.162529945373535 
5.749348163604736 
6.688514709472656 
4.8118696212768555 
5.229583740234375 
5.667681694030762 
8.176383018493652 
6.557323455810547 
6.302247047424316 
5.646144390106201 
8.733437538146973 
5.458615303039551 
6.085358619689941 
6.817523956298828 
6.799038887023926 
5.838839530944824 
8.841196060180664 
7.204076290130615 
7.161411285400391 
6.189639091491699 
5.050869941711426 
9.23763370513916 
6.247243404388428 
5.981048107147217 
6.547288417816162 
6.2019758224487305 
6.817996978759766 
7.813281059265137 
5.214451789855957 
6.433533191680908 
6.689583778381348 
7.656800270080566 
6.927639961242676 
7.7059102058410645 
7.600101470947266 
5.795139312744141 
9.252615928649902 
6.131203651428223 
6.098020553588867 
8.207951545715332 
8.541589736938477 
5.859618186950684 
5.721079349517822 
8.629094123840332 
4.286206245422363 
5.148561477661133 
6.46048641204834 
5.205351829528809 
7.377963066101074 
8.379490852355957 
6.159526348114014 
4.7819342613220215 
5.88450288772583 
6.692325592041016 
4.999843597412109 
5.486637592315674 
6.47222375869751 
6.274017810821533 
8.675612449645996 
8.097943305969238 
5.3740949630737305 
5.674152374267578 
4.601463794708252 
6.060888290405273 
5.203630447387695 
6.128546714782715 
5.874366283416748 
5.5202131271362305 
6.817751407623291 
6.197854995727539 
5.133812427520752 
8.547410011291504 
8.738364219665527 
5.94525146484375 
8.063401222229004 
8.401631355285645 
6.568386077880859 
7.131126880645752 
8.437289237976074 
6.141303539276123 
8.547672271728516 
5.985923767089844 
5.39450740814209 
5.353684425354004 
5.862523078918457 
7.720911979675293 
5.958912372589111 
6.567666530609131 
5.654848098754883 
6.701842308044434 
8.21772289276123 
6.198758125305176 
5.129636764526367 
7.443545818328857 
7.31977653503418 
5.3801116943359375 
7.07782506942749 
6.1564106941223145 
5.280536651611328 
7.573178291320801 
8.414959907531738 
5.738696098327637 
4.743163108825684 
5.2606987953186035 
8.357871055603027 
4.747628211975098 
5.775707721710205 
6.0045013427734375 
6.354275703430176 
6.81117057800293 
6.215842247009277 
5.768531799316406 
5.965297698974609 
6.06403923034668 
5.867203235626221 
7.9524617195129395 
7.296674728393555 
6.380643367767334 
7.770830154418945 
6.920550346374512 
7.392723083496094 
6.564589977264404 
6.01689338684082 
6.6479949951171875 
5.431888103485107 
5.515570640563965 
6.6428680419921875 
5.481062412261963 
5.385256767272949 
4.582027912139893 
5.871278285980225 
6.770195007324219 
8.378466606140137 
5.1480393409729 
8.765512466430664 
7.589816570281982 
6.600818634033203 
6.642024993896484 
6.667421817779541 
6.081568717956543 
5.94835901260376 
7.613526344299316 
6.508141994476318 
5.314501762390137 
6.153136730194092 
6.583002090454102 
6.234971523284912 
5.682708263397217 
5.1942338943481445 
5.6896820068359375 
6.258525371551514 
7.8287248611450195 
7.843964576721191 
7.750511646270752 
6.751835346221924 
7.623970031738281 
6.237369537353516 
6.466823577880859 
6.151254177093506 
4.935276985168457 
5.923846244812012 
6.721546649932861 
6.160735130310059 
6.0594682693481445 
7.605253219604492 
5.78314208984375 
7.721587181091309 
5.9667558670043945 
6.013428211212158 
6.240403175354004 
7.683346748352051 
8.904544830322266 
6.129875659942627 
6.524062633514404 
6.333825588226318 
6.366160869598389 
6.999948501586914 
6.171807289123535 
7.993575096130371 
6.521335601806641 
6.9716291427612305 
5.924005031585693 
6.2744855880737305 
6.992331504821777 
5.52691650390625 
8.7636137008667 
5.570862770080566 
5.172696113586426 
8.890666007995605 
7.2421722412109375 
6.223878860473633 
6.414524078369141 
6.664228439331055 
8.056317329406738 
8.133584022521973 
5.1405839920043945 
6.488391876220703 
5.6222662925720215 
5.085803508758545 
5.255741596221924 
8.187317848205566 
7.550814628601074 
4.361259460449219 
5.654516220092773 
5.713719367980957 
6.81954288482666 
7.239548683166504 
10.353899955749512 
5.331783294677734 
5.902259826660156 
6.319630146026611 
5.70703125 
6.406898021697998 
5.549424171447754 
8.420819282531738 
6.063945770263672 
5.966170310974121 
5.570570945739746 
5.941279411315918 
5.803920745849609 
8.604645729064941 
6.513312339782715 
6.911401271820068 
6.75370979309082 
7.106679916381836 
6.416142463684082 
9.91945743560791 
7.320940017700195 
6.853111267089844 
7.779222011566162 
8.615399360656738 
6.323890686035156 
6.676647663116455 
6.026083469390869 
5.5848517417907715 
8.233717918395996 
5.519203186035156 
7.061351776123047 
7.131519317626953 
6.312088966369629 
6.530946254730225 
6.1613383293151855 
6.289492130279541 
6.420387268066406 
6.845513343811035 
6.64163875579834 
6.978904724121094 
8.373909950256348 
7.582435607910156 
6.742171287536621 
5.105138301849365 
5.165910720825195 
4.971790313720703 
6.470419406890869 
5.555481910705566 
5.815784454345703 
7.189517498016357 
7.544015407562256 
5.992137908935547 
7.139753818511963 
6.5615620613098145 
7.064693927764893 
6.809900283813477 
7.106881141662598 
9.399932861328125 
6.674056053161621 
6.310513496398926 
9.022615432739258 
6.152724266052246 
5.570270538330078 
7.568784713745117 
5.396795272827148 
6.597884654998779 
7.379484176635742 
5.745405673980713 
8.690506935119629 
5.360843658447266 
7.268067836761475 
6.154091835021973 
5.606000900268555 
5.880157470703125 
5.629207611083984 
6.348095893859863 
5.152143478393555 
5.631257057189941 
5.341490268707275 
8.006012916564941 
7.224152565002441 
8.32470417022705 
6.210476875305176 
6.58699893951416 
5.787126541137695 
5.853153228759766 
6.637712478637695 
6.471832275390625 
6.709307670593262 
5.894059658050537 
6.282375335693359 
5.616137504577637 
6.099019527435303 
6.637567520141602 
7.4296369552612305 
5.45070743560791 
4.982569694519043 
5.065126419067383 
6.780550003051758 
6.50296688079834 
8.44533634185791 
5.475695610046387 
6.528472900390625 
5.6470513343811035 
7.455046653747559 
8.539767265319824 
6.289444446563721 
5.024224281311035 
7.51329231262207 
5.193291664123535 
6.217626571655273 
9.494093894958496 
7.6769633293151855 
5.609853744506836 
5.342679023742676 
7.470723628997803 
6.058103561401367 
5.075263023376465 
7.284065246582031 
4.577929496765137 
6.927098274230957 
6.958092212677002 
6.982604026794434 
7.861302375793457 
6.3679890632629395 
6.121608257293701 
5.973753929138184 
5.805644512176514 
4.442010879516602 
6.92385196685791 
6.2765889167785645 
7.210855960845947 
5.9229278564453125 
5.703460693359375 
5.663714408874512 
6.593616485595703 
4.8884477615356445 
6.032563209533691 
5.303132057189941 
5.661088943481445 
6.278923034667969 
6.047013282775879 
4.8094658851623535 
6.015926361083984 
6.032695293426514 
5.727866172790527 
8.101473808288574 
8.039073944091797 
6.130363464355469 
7.859604835510254 
8.2044038772583 
7.283708572387695 
7.27235221862793 
5.949574947357178 
5.540330410003662 
6.147027969360352 
5.740085601806641 
5.937558174133301 
5.846241474151611 
6.531548500061035 
5.791791915893555 
6.822104454040527 
8.91845417022705 
6.44014310836792 
5.585719108581543 
6.770785331726074 
8.456453323364258 
6.970801830291748 
8.584315299987793 
7.116475582122803 
8.299976348876953 
8.598725318908691 
9.577252388000488 
5.318638801574707 
6.174921989440918 
7.9661335945129395 
6.28017520904541 
6.582380294799805 
4.830122947692871 
4.904636383056641 
4.9316840171813965 
6.883388996124268 
6.670594215393066 
5.362241744995117 
7.488093376159668 
6.225257873535156 
5.870433807373047 
7.337821960449219 
7.979454517364502 
6.011101722717285 
4.981594085693359 
7.146724700927734 
6.256130218505859 
7.14329195022583 
5.866706848144531 
8.883794784545898 
6.9134721755981445 
6.431872844696045 
8.453787803649902 
6.217435836791992 
7.396500587463379 
5.477907657623291 
7.562190532684326 
4.861065864562988 
6.009943962097168 
8.088937759399414 
5.361385345458984 
5.746035099029541 
6.6629486083984375 
7.431422233581543 
6.523687839508057 
6.63358211517334 
6.45200252532959 
6.03497314453125 
5.8216166496276855 
6.161088943481445 
6.885223388671875 
6.558318614959717 
7.10413932800293 
5.564884185791016 
7.095303535461426 
6.072892665863037 
5.5618791580200195 
5.621506690979004 
6.241657257080078 
9.007525444030762 
6.080463409423828 
6.482002258300781 
5.838366508483887 
8.359332084655762 
6.439073085784912 
9.462876319885254 
7.7339348793029785 
8.889294624328613 
6.2602386474609375 
6.0950188636779785 
8.100594520568848 
7.014374732971191 
6.1694536209106445 
6.602640628814697 
6.053510665893555 
5.319013595581055 
5.339069366455078 
5.598569869995117 
5.554356575012207 
8.481045722961426 
6.794556617736816 
6.933647155761719 
5.706371307373047 
4.855531692504883 
6.306358337402344 
4.770166397094727 
6.450747489929199 
5.236964225769043 
6.281117916107178 
5.161965370178223 
5.221200942993164 
5.505868911743164 
9.998332023620605 
8.8985013961792 
9.63394832611084 
9.888835906982422 
7.041639804840088 
6.808521270751953 
8.288444519042969 
5.3236494064331055 
6.182310581207275 
8.445605278015137 
6.445120811462402 
4.883504390716553 
5.561746120452881 
7.324443817138672 
6.515314102172852 
6.2037787437438965 
7.177892684936523 
5.362884044647217 
5.0958170890808105 
6.283393859863281 
8.204122543334961 
4.9978508949279785 
7.593950271606445 
5.749304294586182 
6.010037422180176 
7.433084487915039 
6.4092631340026855 
8.226811408996582 
8.64775562286377 
6.377408027648926 
8.487531661987305 
9.00679874420166 
8.074206352233887 
5.8987836837768555 
6.393485069274902 
7.255374908447266 
5.749292373657227 
7.386282920837402 
7.837253570556641 
6.466426849365234 
5.729849815368652 
6.372295379638672 
7.507479667663574 
6.122376441955566 
5.678108215332031 
4.981520175933838 
6.830534934997559 
6.063495635986328 
6.063857078552246 
7.129140377044678 
5.905223846435547 
6.384565353393555 
6.992655277252197 
7.163354873657227 
7.39023494720459 
5.02028226852417 
7.2538862228393555 
7.443737506866455 
6.156587600708008 
6.928362846374512 
5.308863639831543 
6.342563629150391 
7.707496166229248 
5.8917365074157715 
8.274032592773438 
6.822495460510254 
7.378661155700684 
9.72339916229248 
7.052294731140137 
5.630101680755615 
5.8412065505981445 
5.6253509521484375 
6.315281391143799 
5.602441787719727 
5.638373374938965 
5.502456188201904 
7.716668605804443 
8.883885383605957 
6.3587799072265625 
5.252016544342041 
7.596891403198242 
9.166754722595215 
9.380298614501953 
4.936373233795166 
5.703693389892578 
5.842314720153809 
6.248105049133301 
6.926522254943848 
7.398312568664551 
5.92600154876709 
7.5838165283203125 
7.941717147827148 
5.767377853393555 
5.2363481521606445 
4.644519329071045 
8.633088111877441 
5.983501434326172 
4.8193159103393555 
7.646782398223877 
5.966248512268066 
5.636763572692871 
6.271286964416504 
6.407471656799316 
7.451358795166016 
5.235837936401367 
6.362215995788574 
6.741894721984863 
6.631911277770996 
6.593495845794678 
6.601744651794434 
5.789133071899414 
6.27188777923584 
6.584743499755859 
6.494568824768066 
5.723972320556641 
7.532843589782715 
6.331646919250488 
6.547325134277344 
5.344901084899902 
5.274863243103027 
5.568662643432617 
9.658553123474121 
7.560540676116943 
8.102599143981934 
6.1115922927856445 
7.198570251464844 
7.17201566696167 
6.593916893005371 
5.736186504364014 
5.994876861572266 
5.5429887771606445 
6.363085746765137 
5.876287937164307 
4.559418678283691 
5.655655860900879 
6.018339157104492 
5.424743175506592 
6.306035995483398 
4.955996513366699 
6.22634220123291 
9.676401138305664 
5.907245635986328 
8.657563209533691 
7.79024600982666 
5.892801284790039 
5.981451511383057 
6.760149955749512 
5.620229244232178 
7.629110336303711 
5.436672210693359 
6.212004661560059 
5.830917835235596 
7.910403251647949 
5.59611701965332 
5.364974021911621 
6.8810553550720215 
5.502396106719971 
7.736834526062012 
5.05018949508667 
8.51211166381836 
6.305198669433594 
6.86445426940918 
6.770753383636475 
7.042449951171875 
5.476284503936768 
5.920727729797363 
6.406039237976074 
7.718132019042969 
6.804104328155518 
5.891238212585449 
6.732416152954102 
6.83803653717041 
6.18064022064209 
6.890660285949707 
5.914560317993164 
5.522265911102295 
6.984786033630371 
6.613857746124268 
5.981693267822266 
6.299217224121094 
7.586983680725098 
8.2744779586792 
7.617981910705566 
8.987732887268066 
6.25584602355957 
6.345005035400391 
6.418521881103516 
8.913389205932617 
6.362282752990723 
7.521230697631836 
6.008908271789551 
8.44603443145752 
6.445976257324219 
6.489595413208008 
7.052874565124512 
6.669981956481934 
6.162294387817383 
5.678757667541504 
6.823970794677734 
6.49540901184082 
7.081386566162109 
6.771953105926514 
6.343375205993652 
7.853994369506836 
6.423914909362793 
4.948283672332764 
7.139071464538574 
5.316587924957275 
5.993040561676025 
5.977042198181152 
6.629241943359375 
6.539210319519043 
6.4752912521362305 
7.385807514190674 
5.594545364379883 
5.750168800354004 
6.152507781982422 
5.582708835601807 
9.412129402160645 
6.956661701202393 
6.273100852966309 
7.662165641784668 
5.713350296020508 
7.214970588684082 
6.182080268859863 
6.0117692947387695 
4.912376403808594 
6.4032063484191895 
6.0206828117370605 
7.912234783172607 
5.715859889984131 
6.068058967590332 
6.963105201721191 
6.493095397949219 
6.491929054260254 
6.72257137298584 
6.084751129150391 
4.96817684173584 
6.239241600036621 
6.227211952209473 
6.134486198425293 
5.8111982345581055 
6.119692325592041 
4.7342305183410645 
6.253676414489746 
6.540945053100586 
5.212917327880859 
7.605597972869873 
9.893733978271484 
7.606679439544678 
5.268180847167969 
6.238093852996826 
5.822751522064209 
6.279247760772705 
6.914687156677246 
6.142900466918945 
5.067034721374512 
5.915533065795898 
5.325296401977539 
9.31503963470459 
8.164735794067383 
5.437268257141113 
7.906673908233643 
6.343393325805664 
9.287738800048828 
6.456273078918457 
7.173125267028809 
6.692012310028076 
6.739238739013672 
6.27503776550293 
6.196767807006836 
5.586917877197266 
7.320574760437012 
5.049513339996338 
7.778502464294434 
7.749703407287598 
7.172855377197266 
5.530945777893066 
7.271346092224121 
7.165742874145508 
6.123538017272949 
5.564278602600098 
6.652578830718994 
8.272784233093262 
8.874217987060547 
5.562615394592285 
5.907266616821289 
7.040358543395996 
6.567460060119629 
5.1249847412109375 
6.605841159820557 
5.12939453125 
5.64837646484375 
6.989489555358887 
8.74247932434082 
6.359458923339844 
6.880122184753418 
6.503547191619873 
6.042203903198242 
6.245254993438721 
5.3400139808654785 
7.118532657623291 
5.928786277770996 
6.33808708190918 
5.3708086013793945 
5.997530460357666 
5.370428085327148 
7.375509262084961 
5.754439353942871 
7.658596038818359 
5.137017250061035 
6.415765762329102 
8.633343696594238 
5.445033550262451 
8.513590812683105 
5.4675822257995605 
6.788959980010986 
5.913924694061279 
6.457003593444824 
8.519152641296387 
5.154105186462402 
6.371443748474121 
6.4786505699157715 
7.920923233032227 
6.420641899108887 
6.55692195892334 
7.855367660522461 
6.76526403427124 
6.055184364318848 
6.186236381530762 
8.439992904663086 
5.998580455780029 
6.541799068450928 
7.585789203643799 
6.2417755126953125 
7.278253555297852 
7.6963396072387695 
5.715703964233398 
6.540323257446289 
5.141818046569824 
5.346696853637695 
6.277729034423828 
5.925958156585693 
6.874205589294434 
6.339905738830566 
5.634930610656738 
6.223044395446777 
7.824131011962891 
5.536982536315918 
5.761232376098633 
9.31234073638916 
6.387062072753906 
6.382534503936768 
5.867151260375977 
7.847537994384766 
8.201106071472168 
6.397425651550293 
8.54356861114502 
5.009676933288574 
6.513835906982422 
7.996216773986816 
5.2072248458862305 
7.035033226013184 
5.255117416381836 
10.330791473388672 
6.981128215789795 
5.759378910064697 
6.111015319824219 
6.469615936279297 
6.57183837890625 
6.419048309326172 
8.894682884216309 
6.009344100952148 
6.201000690460205 
8.357772827148438 
5.998479843139648 
6.912642478942871 
7.621964454650879 
6.00792121887207 
6.582041263580322 
9.303468704223633 
6.15922737121582 
5.928129196166992 
6.591846466064453 
5.9871368408203125 
8.054587364196777 
6.341069221496582 
6.376542568206787 
7.501256942749023 
7.560089111328125 
6.593526840209961 
7.840230941772461 
6.167994499206543 
6.0369157791137695 
6.4936981201171875 
6.491076469421387 
6.147768497467041 
8.044293403625488 
6.540190696716309 
5.77166748046875 
6.407200813293457 
5.043935298919678 
5.457181930541992 
6.652874946594238 
6.4134297370910645 
6.025076866149902 
7.199911117553711 
5.504848480224609 
5.988722324371338 
5.877772331237793 
5.490479946136475 
6.694154739379883 
6.423914432525635 
7.311363697052002 
6.145548343658447 
6.637921333312988 
7.235367774963379 
6.123758316040039 
5.8521928787231445 
5.704486846923828 
5.549713611602783 
5.752735137939453 
6.169734477996826 
6.427926540374756 
5.251513481140137 
6.650264739990234 
6.660301208496094 
5.644876480102539 
6.34318733215332 
8.64656925201416 
5.571141242980957 
4.965700626373291 
7.56723690032959 
6.558937072753906 
5.78548526763916 
6.7162370681762695 
6.3156304359436035 
5.558699607849121 
6.722131729125977 
7.386944770812988 
6.604572296142578 
6.367226600646973 
7.444991111755371 
7.539768218994141 
6.322270393371582 
5.1748857498168945 
7.337716102600098 
6.234428405761719 
5.092286109924316 
7.965270042419434 
6.34918212890625 
6.085978031158447 
10.318224906921387 
6.143909931182861 
6.143817901611328 
6.158327579498291 
5.560976982116699 
8.15201187133789 
7.249966621398926 
7.172403812408447 
6.378052711486816 
6.865983009338379 
6.022185325622559 
7.943793296813965 
6.898815155029297 
5.779295444488525 
6.079972267150879 
7.073124885559082 
7.246760368347168 
5.045280933380127 
8.597098350524902 
8.538372993469238 
6.289090156555176 
7.75297212600708 
7.9502129554748535 
7.031367301940918 
8.499434471130371 
6.598878860473633 
6.640748977661133 
7.198019981384277 
8.358048439025879 
8.193633079528809 
7.0455002784729 
5.631560802459717 
7.008462905883789 
5.4468584060668945 
4.8046112060546875 
10.174529075622559 
6.971465110778809 
7.573427200317383 
7.121912956237793 
7.3587565422058105 
5.444839000701904 
6.525074005126953 
6.659177303314209 
5.217615127563477 
7.57459831237793 
5.355602264404297 
5.287923812866211 
8.02451229095459 
5.973824977874756 
7.181943893432617 
5.446963310241699 
7.7304887771606445 
5.805210113525391 
5.386326313018799 
5.867969989776611 
6.18769645690918 
5.55656623840332 
5.500319957733154 
7.542473793029785 
8.05200481414795 
8.495311737060547 
8.825723648071289 
8.324518203735352 
7.057099342346191 
7.224188327789307 
5.883803844451904 
6.174746036529541 
5.49041748046875 
6.448163986206055 
8.23331356048584 
6.5742974281311035 
9.091588973999023 
7.4332075119018555 
6.672259330749512 
4.195585250854492 
4.992592811584473 
7.136537075042725 
5.02876615524292 
6.171967029571533 
5.692776679992676 
6.233343124389648 
6.267424583435059 
6.785336494445801 
6.305747032165527 
6.668216705322266 
5.552173137664795 
6.716324329376221 
7.829814910888672 
7.603854179382324 
6.8014726638793945 
8.229881286621094 
7.760200023651123 
8.791670799255371 
5.547267913818359 
7.822261333465576 
8.188573837280273 
5.861717224121094 
7.465386390686035 
5.818939685821533 
10.053884506225586 
6.4941301345825195 
4.938343048095703 
6.225033760070801 
6.85923957824707 
6.365250110626221 
6.418065071105957 
5.754227638244629 
7.089064121246338 
6.866818428039551 
5.8347578048706055 
6.397680282592773 
6.188600540161133 
6.242859840393066 
5.456030368804932 
6.4520440101623535 
6.111849784851074 
6.950223922729492 
8.627774238586426 
7.241328239440918 
4.898558616638184 
6.363616943359375 
6.694552421569824 
8.058989524841309 
4.9600677490234375 
7.39921760559082 
6.166984558105469 
6.93339729309082 
9.009765625 
6.249565124511719 
5.831462383270264 
5.326231002807617 
6.468932151794434 
5.633713722229004 
6.158932685852051 
5.798674583435059 
7.088216781616211 
6.212919235229492 
5.943911075592041 
7.50478458404541 
6.858152389526367 
6.1882195472717285 
8.080216407775879 
5.7231855392456055 
6.812442302703857 
7.698033809661865 
6.401878356933594 
8.085687637329102 
7.725140571594238 
6.735014915466309 
6.907588958740234 
5.911167144775391 
6.4145941734313965 
6.491426467895508 
7.085205078125 
5.953178882598877 
6.127588272094727 
6.479207515716553 
6.229327201843262 
8.956971168518066 
7.460689544677734 
6.067661285400391 
5.721615314483643 
7.364711761474609 
7.105385780334473 
9.086336135864258 
6.3094658851623535 
7.5504961013793945 
6.85918664932251 
6.788881301879883 
6.741632461547852 
6.413963317871094 
6.334158897399902 
7.610506057739258 
6.006661415100098 
5.394392967224121 
7.032994270324707 
5.851491928100586 
5.31594181060791 
7.5016937255859375 
6.38497257232666 
7.616476058959961 
6.128574371337891 
6.110024452209473 
8.613434791564941 
6.055361270904541 
6.8686323165893555 
6.436387062072754 
8.276215553283691 
7.439705848693848 
8.64542293548584 
5.211435317993164 
5.044389724731445 
6.2969560623168945 
6.380776405334473 
9.963351249694824 
5.702215194702148 
7.826506614685059 
5.181141376495361 
8.431854248046875 
7.394900321960449 
5.19920015335083 
5.158259391784668 
6.782445907592773 
6.636163711547852 
6.1445512771606445 
4.753093719482422 
7.829749584197998 
8.350531578063965 
5.845693588256836 
7.7833967208862305 
5.840593338012695 
8.487075805664062 
6.65410041809082 
5.918910026550293 
7.483757019042969 
9.037043571472168 
5.234424591064453 
6.005972862243652 
6.023351669311523 
5.7224016189575195 
6.953909873962402 
5.822905540466309 
7.056772232055664 
6.498649597167969 
8.425046920776367 
8.840548515319824 
6.321695327758789 
8.125733375549316 
7.040425777435303 
5.828661918640137 
6.36733341217041 
6.32806396484375 
6.772271156311035 
7.13075065612793 
5.451763153076172 
6.026489734649658 
6.563472747802734 
6.849850654602051 
5.862799644470215 
7.551638603210449 
6.8360137939453125 
7.9085869789123535 
6.421081066131592 
5.010353088378906 
5.575152397155762 
6.220279693603516 
5.66306209564209 
6.306671619415283 
5.358944416046143 
7.228360176086426 
7.990453243255615 
7.742458343505859 
7.421150207519531 
5.811117172241211 
7.594906806945801 
4.758648872375488 
5.467557907104492 
6.674851417541504 
9.353568077087402 
6.990567207336426 
5.173070907592773 
7.732063293457031 
6.980655670166016 
8.241174697875977 
6.8439130783081055 
7.469303607940674 
6.475700378417969 
4.945737838745117 
6.11223030090332 
8.954353332519531 
7.765898704528809 
7.200872421264648 
5.479447364807129 
5.420238018035889 
6.698414325714111 
6.960738182067871 
7.343514442443848 
8.968854904174805 
7.061285018920898 
6.107184410095215 
7.847504615783691 
5.939122676849365 
6.526374340057373 
7.3673200607299805 
7.171080112457275 
6.536476135253906 
6.5279388427734375 
7.455075740814209 
6.972751617431641 
6.827090740203857 
6.51595401763916 
5.843234539031982 
5.597214698791504 
6.114870548248291 
7.307701110839844 
7.564715385437012 
6.993236541748047 
5.472101211547852 
5.945645809173584 
7.072585105895996 
5.337106227874756 
5.552803039550781 
6.092276573181152 
5.646677494049072 
8.32707691192627 
7.804121017456055 
6.641890525817871 
8.06710147857666 
5.939476013183594 
5.325080871582031 
7.15769624710083 
7.272154331207275 
5.732503890991211 
5.707916259765625 
6.465176582336426 
5.741589546203613 
6.910785675048828 
6.641984462738037 
7.181048393249512 
7.125064849853516 
5.647871017456055 
5.868413925170898 
5.950881004333496 
6.649043560028076 
5.311618804931641 
5.240349769592285 
6.760786056518555 
7.753834247589111 
5.618024826049805 
6.240742206573486 
8.616568565368652 
7.108547210693359 
5.85427713394165 
6.269681453704834 
6.596938133239746 
6.639444351196289 
6.192038059234619 
7.1446990966796875 
5.489255428314209 
6.315293312072754 
6.2613420486450195 
7.267846584320068 
7.267683982849121 
9.189424514770508 
7.404573440551758 
7.702792167663574 
6.463101387023926 
4.705944061279297 
5.6507720947265625 
6.211558818817139 
8.689820289611816 
4.945113182067871 
8.248845100402832 
5.761479377746582 
6.791950225830078 
6.322379112243652 
6.795377731323242 
6.375278472900391 
10.750046730041504 
5.834307670593262 
7.595822811126709 
7.760656833648682 
5.961501598358154 
5.878801345825195 
5.054409027099609 
8.626653671264648 
4.956023216247559 
6.735939025878906 
6.301571369171143 
5.998929023742676 
5.64566707611084 
6.820240020751953 
7.9466094970703125 
6.44510555267334 
9.126494407653809 
6.268725872039795 
6.765178680419922 
7.123639106750488 
10.333714485168457 
5.667580604553223 
7.031182765960693 
5.77812385559082 
5.9546637535095215 
7.757136821746826 
4.674510955810547 
8.43772029876709 
6.606595039367676 
9.189289093017578 
6.241465091705322 
7.376687526702881 
5.742242813110352 
6.433797359466553 
8.450902938842773 
6.53414249420166 
6.361783981323242 
6.752220153808594 
7.090907096862793 
7.202085018157959 
6.494863510131836 
7.111048221588135 
5.0191802978515625 
6.0611653327941895 
6.893651962280273 
7.934424877166748 
9.511899948120117 
5.6654276847839355 
8.68310832977295 
6.542449951171875 
7.874632835388184 
6.233107566833496 
6.390519142150879 
6.792298316955566 
5.7718706130981445 
5.686092376708984 
6.875026226043701 
5.854311943054199 
6.666070938110352 
5.72115421295166 
5.764152526855469 
6.611061096191406 
9.778788566589355 
5.978731155395508 
6.297441482543945 
5.382755756378174 
6.214303016662598 
5.330375671386719 
6.589678764343262 
5.505337715148926 
7.251413822174072 
5.697196006774902 
7.45552921295166 
6.233330249786377 
7.030177116394043 
5.946868896484375 
5.49525260925293 
6.428720474243164 
8.188554763793945 
6.438794136047363 
8.363120079040527 
7.7661662101745605 
5.386233806610107 
7.187888145446777 
6.7383270263671875 
4.9388298988342285 
5.5340495109558105 
8.944445610046387 
7.064855575561523 
6.060601234436035 
8.31464672088623 
6.858559608459473 
7.904056549072266 
6.274974822998047 
6.978277206420898 
5.081516265869141 
8.505620956420898 
6.271079063415527 
5.627625942230225 
6.642910957336426 
5.168407917022705 
6.629558563232422 
6.52431583404541 
6.908001899719238 
7.4905686378479 
7.799354553222656 
6.831512451171875 
6.1400604248046875 
6.635883331298828 
6.137860298156738 
5.000823974609375 
5.97407341003418 
5.150570392608643 
8.700311660766602 
8.376328468322754 
5.9807305335998535 
6.571352005004883 
5.828656196594238 
7.079054832458496 
7.064160346984863 
5.7171173095703125 
5.988720893859863 
7.853847503662109 
6.710809230804443 
7.046825408935547 
8.0166597366333 
6.01989221572876 
5.986287593841553 
5.542941093444824 
5.157163619995117 
7.052142143249512 
8.572552680969238 
5.844736576080322 
7.009146690368652 
6.241305351257324 
7.626862525939941 
7.695772171020508 
5.676736354827881 
5.52669620513916 
6.411284446716309 
5.364574909210205 
6.391196250915527 
7.000866889953613 
8.439064979553223 
5.322516441345215 
6.361846923828125 
7.993008613586426 
5.90291690826416 
8.311440467834473 
7.209155082702637 
6.454113483428955 
5.466758728027344 
8.19760513305664 
4.791881561279297 
6.888599395751953 
4.853440284729004 
5.500911235809326 
7.488496780395508 
4.844550609588623 
7.459973335266113 
5.965109825134277 
8.226572036743164 
5.685736179351807 
5.85057258605957 
4.609462738037109 
6.109745502471924 
6.449286460876465 
7.550907611846924 
5.327596664428711 
7.335818290710449 
6.174352645874023 
6.281363487243652 
6.299310207366943 
5.5151777267456055 
9.243020057678223 
6.6575093269348145 
6.018735885620117 
6.274082183837891 
7.08181095123291 
7.427726745605469 
6.21990966796875 
6.783516883850098 
8.060556411743164 
5.690948009490967 
7.057730197906494 
7.120595932006836 
5.676109313964844 
5.792120933532715 
5.741669654846191 
6.340463638305664 
7.078536033630371 
7.577757835388184 
5.762595176696777 
6.452208518981934 
6.646825790405273 
7.699591636657715 
7.045788764953613 
6.1991353034973145 
8.207850456237793 
6.7716569900512695 
6.119688034057617 
5.745823383331299 
6.569043159484863 
6.916808128356934 
4.72121524810791 
5.836167335510254 
6.9186787605285645 
7.200758934020996 
6.078896522521973 
8.930902481079102 
6.548395156860352 
7.452332496643066 
5.336686134338379 
6.577503204345703 
6.704207420349121 
5.980846405029297 
5.899118900299072 
7.27333927154541 
7.449062347412109 
6.626866340637207 
8.681924819946289 
6.237885475158691 
4.969823360443115 
6.404425144195557 
9.283482551574707 
7.605531215667725 
4.840838432312012 
9.648988723754883 
7.296143531799316 
6.875405788421631 
6.528317928314209 
8.4371337890625 
6.320251941680908 
6.025920867919922 
7.0810627937316895 
6.0700483322143555 
5.41656494140625 
6.382880687713623 
6.063328742980957 
5.805624961853027 
4.190357685089111 
7.95484733581543 
6.142324447631836 
5.920760631561279 
5.661468982696533 
6.562965393066406 
6.235564708709717 
6.290429592132568 
5.6544952392578125 
6.629362106323242 
7.342864990234375 
6.829471588134766 
7.746607303619385 
6.844244003295898 
6.895785331726074 
5.329660892486572 
7.190539360046387 
6.087147235870361 
6.132742881774902 
6.030715465545654 
6.756758213043213 
6.383907318115234 
4.717196464538574 
5.854534149169922 
5.552096843719482 
5.544907569885254 
5.365131378173828 
7.937127590179443 
7.1768798828125 
6.612278938293457 
5.458924293518066 
6.5020270347595215 
5.685705661773682 
10.257942199707031 
5.657503604888916 
4.465972900390625 
5.6423115730285645 
6.224348068237305 
8.045106887817383 
9.1509370803833 
5.478194236755371 
4.962864398956299 
6.454305171966553 
6.4874267578125 
7.678896427154541 
5.791070938110352 
6.241342067718506 
4.848494052886963 
6.187552452087402 
5.867785453796387 
7.372067451477051 
6.897543907165527 
7.5394062995910645 
7.46925163269043 
4.996841907501221 
5.565980911254883 
5.933114528656006 
6.320126533508301 
8.49134635925293 
6.486625671386719 
8.768328666687012 
5.230269432067871 
4.257562637329102 
7.808469772338867 
6.875274658203125 
6.065589427947998 
6.942242622375488 
5.870142936706543 
4.9376935958862305 
7.965643882751465 
6.2979888916015625 
5.699325084686279 
6.036895751953125 
5.640467166900635 
7.499127388000488 
6.664116859436035 
6.129243850708008 
7.551229953765869 
4.760335445404053 
6.12969970703125 
8.811259269714355 
6.6878509521484375 
8.375927925109863 
9.94508171081543 
5.890534400939941 
6.804191589355469 
5.960899829864502 
7.533373832702637 
6.180626392364502 
8.270221710205078 
5.769757270812988 
7.995244026184082 
4.991798400878906 
5.109170436859131 
6.172897815704346 
7.126019477844238 
6.955717086791992 
6.444179534912109 
8.346909523010254 
5.242555618286133 
6.120951175689697 
6.508871078491211 
5.818481922149658 
8.226349830627441 
7.667317867279053 
6.965638637542725 
7.486009120941162 
6.1841936111450195 
5.54533052444458 
10.081274032592773 
6.7975873947143555 
5.984032154083252 
5.185203552246094 
8.43645191192627 
7.078670501708984 
5.871683120727539 
8.842312812805176 
4.987808704376221 
8.36953353881836 
7.944496154785156 
8.425863265991211 
7.065786361694336 
4.970419406890869 
6.39115047454834 
7.391031742095947 
6.713942527770996 
8.027054786682129 
9.991384506225586 
5.307765960693359 
7.359072685241699 
6.009981632232666 
5.425728797912598 
7.0929951667785645 
6.047821998596191 
6.406427383422852 
6.7118096351623535 
6.754037380218506 
10.561917304992676 
6.182248115539551 
7.984802722930908 
6.085712432861328 
5.055214881896973 
5.579745769500732 
8.009444236755371 
8.777547836303711 
6.595766544342041 
7.715644836425781 
6.646091461181641 
6.187036514282227 
7.173242568969727 
6.503742218017578 
6.110465049743652 
6.548895359039307 
7.977368354797363 
8.408204078674316 
7.309032917022705 
9.067032814025879 
5.92570686340332 
7.136610507965088 
7.17319393157959 
6.4949116706848145 
6.331125259399414 
5.676477909088135 
5.038781642913818 
5.665013313293457 
5.635160446166992 
6.209252834320068 
5.8479204177856445 
6.506926536560059 
5.204466819763184 
4.801484107971191 
7.847978591918945 
5.85107421875 
6.294865608215332 
6.6263604164123535 
6.041659832000732 
7.600469589233398 
6.582329750061035 
5.201089859008789 
7.66918420791626 
7.106459140777588 
7.027081489562988 
6.563146591186523 
9.391109466552734 
6.728147506713867 
6.3242716789245605 
7.4827423095703125 
7.026065349578857 
7.106584548950195 
7.736197471618652 
8.31856632232666 
6.4798712730407715 
7.44926118850708 
6.515851020812988 
5.934253692626953 
5.2582831382751465 
7.911041259765625 
7.727451324462891 
6.080692291259766 
5.721991062164307 
5.267111301422119 
5.568456649780273 
4.890748977661133 
5.8216552734375 
5.084140777587891 
5.377976417541504 
4.5509490966796875 
5.508950233459473 
6.751010417938232 
8.926749229431152 
5.25714111328125 
5.838077068328857 
6.458547592163086 
6.098320007324219 
6.7365875244140625 
7.701611042022705 
5.317691326141357 
7.523259162902832 
8.79826831817627 
5.7041521072387695 
6.039205551147461 
6.114114761352539 
7.948826313018799 
5.902156829833984 
6.404253005981445 
7.331867694854736 
6.151637077331543 
7.263936996459961 
6.1897873878479 
6.44393253326416 
9.231489181518555 
7.375149726867676 
6.101200103759766 
7.35427188873291 
7.71170711517334 
8.262120246887207 
6.13819694519043 
7.778706073760986 
7.2537641525268555 
6.768336296081543 
5.244966506958008 
7.290492534637451 
6.17086124420166 
6.575612545013428 
6.7191009521484375 
7.219965934753418 
6.520231246948242 
6.343503475189209 
6.925005912780762 
7.4846086502075195 
6.910729885101318 
8.842144966125488 
5.873050689697266 
6.271409511566162 
6.231064796447754 
7.027205944061279 
5.218932151794434 
6.2433180809021 
7.12233829498291 
7.711899757385254 
6.0886030197143555 
7.988686561584473 
7.01174259185791 
6.175816535949707 
5.368280410766602 
6.051630020141602 
5.862692832946777 
5.562234401702881 
5.742805480957031 
6.004186630249023 
5.984642028808594 
7.124847412109375 
7.1259565353393555 
5.153174877166748 
6.40228796005249 
5.238148212432861 
6.741717338562012 
6.112469673156738 
6.3930253982543945 
5.6434712409973145 
8.564774513244629 
5.094437599182129 
6.864109992980957 
5.724593162536621 
7.458046913146973 
6.848742961883545 
6.592567443847656 
5.413241386413574 
6.304254055023193 
7.941633224487305 
6.619304180145264 
7.644390106201172 
7.509926795959473 
5.009979248046875 
7.0206146240234375 
7.538507461547852 
5.30167293548584 
6.973370552062988 
5.006608963012695 
6.367058753967285 
5.9740471839904785 
9.69559383392334 
8.820319175720215 
6.481218338012695 
6.224275588989258 
6.510270118713379 
7.771420001983643 
7.236569404602051 
6.527492523193359 
4.963031768798828 
6.006269931793213 
5.883964538574219 
6.581066131591797 
5.994855880737305 
6.248659133911133 
5.872798919677734 
7.784938812255859 
4.749612808227539 
6.694612979888916 
6.894874572753906 
6.839085102081299 
5.622890949249268 
8.505976676940918 
6.530025959014893 
7.690040111541748 
8.271458625793457 
9.822587013244629 
9.04333782196045 
6.825542449951172 
5.892772674560547 
8.184097290039062 
6.366741180419922 
7.68930721282959 
5.148157119750977 
7.728782653808594 
5.594901084899902 
7.1308698654174805 
8.734204292297363 
8.877198219299316 
8.682472229003906 
7.005462169647217 
7.503920555114746 
5.129734039306641 
7.223336696624756 
5.17034912109375 
5.677067756652832 
8.054766654968262 
6.346218109130859 
5.744940757751465 
7.430124282836914 
5.542299270629883 
5.640152931213379 
8.122869491577148 
6.325319290161133 
7.614548683166504 
7.682183742523193 
6.191628456115723 
5.687441825866699 
7.661933898925781 
6.252345085144043 
