8.373104095458984 
7.7005815505981445 
6.873538017272949 
6.570769786834717 
5.798492431640625 
6.643393039703369 
5.066841125488281 
6.644828796386719 
5.392376899719238 
5.877674102783203 
5.958530426025391 
6.978175163269043 
5.483123779296875 
7.543471336364746 
5.822417259216309 
7.675694942474365 
6.586731433868408 
6.881988525390625 
6.755642890930176 
5.982969760894775 
5.886244773864746 
6.856304168701172 
7.385505199432373 
8.359535217285156 
5.940579414367676 
8.215048789978027 
7.153964042663574 
6.572736740112305 
5.443097114562988 
6.250864028930664 
7.721885681152344 
8.314494132995605 
6.43922758102417 
7.287667751312256 
5.678514003753662 
7.266293048858643 
6.2054123878479 
5.941064834594727 
6.648324012756348 
5.947334289550781 
6.068574905395508 
5.974421977996826 
7.17234468460083 
5.408134460449219 
4.870896816253662 
5.244706153869629 
5.794768333435059 
4.880043029785156 
7.158626556396484 
6.527150630950928 
5.164446830749512 
6.843768119812012 
6.204415798187256 
5.18958854675293 
7.3460283279418945 
5.336052894592285 
6.958765983581543 
5.377379417419434 
4.980813026428223 
5.944035053253174 
7.543019771575928 
5.389324188232422 
6.159778118133545 
7.500896453857422 
6.2176313400268555 
5.70835018157959 
5.421638488769531 
5.6221771240234375 
4.848301410675049 
6.003050804138184 
6.109561443328857 
7.974051475524902 
5.781904220581055 
7.813638687133789 
6.870608806610107 
5.811938285827637 
6.326433181762695 
5.928057670593262 
6.089125156402588 
4.815940856933594 
7.626125812530518 
6.119533061981201 
5.573062896728516 
6.271047592163086 
5.964450836181641 
4.8698835372924805 
6.29534912109375 
6.485228538513184 
5.63057804107666 
5.902205467224121 
6.557517051696777 
6.115406036376953 
5.386425971984863 
6.773612976074219 
8.53470516204834 
6.608840465545654 
7.091800689697266 
5.956272125244141 
5.027835845947266 
6.175775527954102 
6.147500514984131 
6.934665679931641 
6.598868370056152 
5.914500713348389 
5.861433982849121 
7.158833026885986 
5.573541164398193 
7.288928985595703 
7.403679847717285 
5.338824272155762 
6.65557336807251 
8.001738548278809 
5.546168327331543 
5.6299147605896 
5.486879348754883 
5.866263389587402 
5.798059463500977 
5.560247421264648 
7.201650142669678 
6.312807083129883 
5.909438133239746 
5.351994037628174 
7.904036045074463 
8.395816802978516 
5.685966968536377 
6.574647426605225 
6.166520595550537 
5.602262020111084 
7.1546478271484375 
8.845272064208984 
6.026391506195068 
6.1360015869140625 
7.040825843811035 
5.2762451171875 
5.686838626861572 
5.262698650360107 
5.037794589996338 
5.6085615158081055 
7.394716262817383 
5.7444658279418945 
9.009926795959473 
6.2461161613464355 
6.434743404388428 
6.654041767120361 
6.103011131286621 
5.73961067199707 
6.926456451416016 
6.484378814697266 
6.082388877868652 
5.41982364654541 
6.574071884155273 
5.932232856750488 
6.327940464019775 
5.873425006866455 
5.992557525634766 
5.940182685852051 
6.84727668762207 
6.209981918334961 
8.439696311950684 
6.2475786209106445 
6.004726409912109 
6.292966842651367 
4.929368019104004 
8.86950969696045 
6.010335922241211 
9.15945053100586 
5.229515075683594 
5.667684555053711 
6.38687801361084 
6.534822463989258 
4.717774391174316 
8.021142959594727 
7.5339250564575195 
7.715348243713379 
6.6125078201293945 
6.078177452087402 
7.52982234954834 
6.219913005828857 
6.611393928527832 
5.687801837921143 
5.315163612365723 
7.026770114898682 
5.3238420486450195 
7.033424377441406 
5.545969009399414 
7.284954071044922 
6.602024078369141 
7.27210807800293 
5.190197467803955 
6.682492733001709 
7.5624260902404785 
6.7377824783325195 
5.490796089172363 
7.8276824951171875 
5.866273880004883 
8.303807258605957 
6.516392707824707 
6.147637367248535 
6.669839382171631 
5.538784027099609 
5.503767967224121 
9.314290046691895 
6.2432661056518555 
6.545316696166992 
6.669166564941406 
6.627183437347412 
5.618696212768555 
5.244805335998535 
8.445202827453613 
6.215086936950684 
6.080578804016113 
4.628979682922363 
6.026386260986328 
6.228016376495361 
5.20938777923584 
5.426036834716797 
6.061639785766602 
5.502676010131836 
9.510440826416016 
5.983415603637695 
5.667138576507568 
6.257453918457031 
5.882826805114746 
6.343592166900635 
4.914927959442139 
5.796640872955322 
5.5275492668151855 
6.185727119445801 
6.760194778442383 
6.283944606781006 
6.502551555633545 
7.675415515899658 
6.020508289337158 
6.031210422515869 
8.174942016601562 
6.361062526702881 
6.148197174072266 
5.89889669418335 
6.827054977416992 
6.354366779327393 
6.429174423217773 
4.7651824951171875 
9.519756317138672 
5.0382585525512695 
5.766144275665283 
5.456622123718262 
6.007956504821777 
8.334686279296875 
6.321190357208252 
5.104611396789551 
8.375752449035645 
8.259835243225098 
5.381255149841309 
8.248603820800781 
5.23641300201416 
6.739385604858398 
5.196351051330566 
5.235365867614746 
6.0645904541015625 
4.802276134490967 
6.112988471984863 
6.500410079956055 
5.78956937789917 
6.621913909912109 
4.569597244262695 
6.188275337219238 
6.509472370147705 
7.379391670227051 
4.575601577758789 
6.167827606201172 
6.425152778625488 
4.956951141357422 
5.763036727905273 
6.544558525085449 
6.92906379699707 
5.5854644775390625 
6.4279303550720215 
6.531419277191162 
8.773606300354004 
9.718915939331055 
5.883818626403809 
6.85373067855835 
6.057823657989502 
5.180488586425781 
7.040208339691162 
5.7628374099731445 
5.933204650878906 
6.425446033477783 
5.5349040031433105 
7.007407188415527 
5.295888900756836 
5.190485000610352 
5.892570495605469 
6.2013092041015625 
8.603455543518066 
5.598847389221191 
6.769946575164795 
5.7413835525512695 
6.8051276206970215 
6.477094650268555 
5.598196029663086 
4.8302083015441895 
5.910120010375977 
7.042365550994873 
6.699184894561768 
6.161076545715332 
6.507142066955566 
5.670007705688477 
5.396662712097168 
5.457940101623535 
6.347446918487549 
9.106746673583984 
7.520660400390625 
4.653049468994141 
7.926629066467285 
6.4435858726501465 
9.2328519821167 
7.519052028656006 
6.312028884887695 
4.997963905334473 
6.876352310180664 
6.203304767608643 
5.269308090209961 
4.701173782348633 
5.090996742248535 
5.3021135330200195 
7.416154861450195 
5.958233833312988 
6.162683963775635 
6.351598739624023 
7.164191246032715 
7.95494270324707 
7.870105743408203 
6.33453893661499 
6.273438453674316 
6.853664875030518 
6.605924606323242 
5.683128833770752 
5.554600715637207 
5.580626487731934 
5.418452739715576 
8.4724702835083 
5.079000473022461 
6.692780494689941 
6.364410400390625 
5.289320468902588 
5.340578079223633 
5.955705642700195 
6.067929744720459 
6.4638848304748535 
6.6990227699279785 
5.584319114685059 
7.77692985534668 
7.521329402923584 
5.807297229766846 
7.8817548751831055 
5.949084281921387 
7.084864139556885 
6.244861602783203 
5.949527740478516 
6.119044780731201 
7.672502517700195 
7.037687301635742 
6.306380271911621 
6.016741752624512 
5.662205219268799 
6.357598781585693 
6.385882377624512 
5.753844261169434 
5.270328521728516 
5.678098201751709 
6.176041126251221 
5.399058818817139 
6.928852558135986 
5.365108966827393 
6.186407089233398 
6.048551559448242 
6.9801025390625 
6.258526802062988 
5.7177839279174805 
5.983925819396973 
6.6805419921875 
7.494278430938721 
6.54655647277832 
5.596589088439941 
6.633110523223877 
7.215812683105469 
6.607585430145264 
7.200000286102295 
5.319870471954346 
5.563207149505615 
6.388044834136963 
9.292654037475586 
5.553508758544922 
6.6655449867248535 
5.721461296081543 
6.793407440185547 
5.176451206207275 
5.887481689453125 
6.707805633544922 
6.542110919952393 
6.678189754486084 
7.5204973220825195 
7.336529731750488 
5.622881889343262 
6.787502288818359 
6.4413862228393555 
5.828300952911377 
5.405215263366699 
5.866002082824707 
7.207995891571045 
6.02692985534668 
6.091510772705078 
6.5118937492370605 
6.552441120147705 
5.283712387084961 
5.710048675537109 
6.437272071838379 
6.737563133239746 
6.83901309967041 
6.038484573364258 
5.404247283935547 
6.0930047035217285 
6.921664237976074 
8.59753704071045 
6.050189971923828 
5.913271427154541 
7.046391010284424 
5.792703628540039 
4.996419906616211 
5.535105228424072 
6.19423246383667 
6.382237434387207 
5.469413757324219 
6.7474870681762695 
5.551058769226074 
9.294146537780762 
5.907060623168945 
5.564377784729004 
6.561763763427734 
8.009182929992676 
7.711907386779785 
4.964600563049316 
5.42685604095459 
7.48628044128418 
6.9750542640686035 
6.016650199890137 
5.698276519775391 
6.566276550292969 
5.949274063110352 
6.987705707550049 
4.894796371459961 
5.5109171867370605 
7.2202653884887695 
8.82765007019043 
6.040355682373047 
6.262929916381836 
6.036100387573242 
5.834451198577881 
5.530890464782715 
9.38830852508545 
6.953225135803223 
6.499192714691162 
5.247859001159668 
8.830641746520996 
6.020750045776367 
6.1664628982543945 
5.356938362121582 
5.279582500457764 
5.704538345336914 
5.4265546798706055 
8.076231002807617 
5.014939785003662 
5.734328746795654 
5.681969165802002 
7.051459312438965 
6.506378173828125 
5.800108909606934 
5.036746978759766 
4.760466575622559 
4.458615779876709 
6.654168128967285 
5.515383720397949 
7.507740020751953 
5.396000862121582 
7.638014793395996 
7.353309631347656 
7.926462650299072 
5.752626419067383 
5.342402458190918 
7.907815933227539 
5.0689544677734375 
6.099183082580566 
6.574249267578125 
7.498615741729736 
6.165822982788086 
6.404046058654785 
5.549955368041992 
7.416736602783203 
4.935471057891846 
5.614874362945557 
6.239832878112793 
6.501637935638428 
6.7792582511901855 
7.090366840362549 
6.765511989593506 
7.637639045715332 
6.447359085083008 
6.045111656188965 
6.63900089263916 
6.114091873168945 
7.22648286819458 
6.114979267120361 
7.498316764831543 
7.565033912658691 
8.060927391052246 
5.9577226638793945 
7.393147945404053 
5.9217448234558105 
5.952186584472656 
7.309168815612793 
5.93895959854126 
6.041821479797363 
5.337981224060059 
6.406637191772461 
5.773738861083984 
5.686498641967773 
9.537978172302246 
6.192246437072754 
5.736135959625244 
6.783667087554932 
6.645475387573242 
9.131437301635742 
6.9957380294799805 
6.764725685119629 
6.971259117126465 
6.836179733276367 
7.503477573394775 
5.434952735900879 
5.79370641708374 
6.188785552978516 
7.123347759246826 
7.656810760498047 
5.504772663116455 
6.3438310623168945 
5.6700544357299805 
6.249327659606934 
5.781835556030273 
9.094529151916504 
6.911147117614746 
5.5895185470581055 
5.979561805725098 
5.16356897354126 
7.293756484985352 
4.743980884552002 
6.517237663269043 
6.534790992736816 
7.609448432922363 
7.315771102905273 
7.197617053985596 
6.919044494628906 
6.646815299987793 
6.528730392456055 
6.564580917358398 
5.507567882537842 
7.830097198486328 
5.992762088775635 
6.109636306762695 
6.095990180969238 
5.927706241607666 
4.959260940551758 
7.2688398361206055 
8.346478462219238 
5.950604438781738 
5.319247245788574 
7.058750629425049 
5.712965965270996 
9.002501487731934 
7.014345169067383 
5.054043769836426 
5.526081562042236 
7.303436279296875 
6.374922752380371 
5.864963531494141 
7.646076202392578 
7.412287712097168 
6.13576602935791 
5.05367374420166 
6.899197578430176 
7.566420555114746 
7.26442813873291 
5.956760406494141 
5.6968207359313965 
6.06965446472168 
6.690317153930664 
5.47387170791626 
5.81037712097168 
5.1473894119262695 
5.714481353759766 
5.871127128601074 
5.968453407287598 
5.628726005554199 
5.94085168838501 
5.655001640319824 
5.470874786376953 
5.4037065505981445 
5.844842910766602 
5.651186943054199 
6.8019890785217285 
6.013277530670166 
7.2996745109558105 
6.524256229400635 
7.642576694488525 
6.084069728851318 
7.3010053634643555 
5.23639440536499 
5.799155235290527 
5.024783134460449 
5.492121696472168 
5.436634063720703 
6.1705732345581055 
7.945823669433594 
6.059449672698975 
6.41768741607666 
6.115226745605469 
5.809220314025879 
5.606797218322754 
5.524616241455078 
5.6993608474731445 
6.100616455078125 
6.072471618652344 
7.3753662109375 
6.486301422119141 
5.479990005493164 
6.259030342102051 
5.784055233001709 
6.671979904174805 
5.956214904785156 
6.2295732498168945 
7.862525939941406 
6.696647644042969 
6.768003463745117 
6.139827728271484 
5.5735697746276855 
5.599372863769531 
8.621883392333984 
4.7042155265808105 
5.9923505783081055 
6.737682819366455 
7.095378875732422 
6.537564277648926 
8.053155899047852 
5.148985862731934 
7.442842483520508 
6.462185859680176 
6.9656219482421875 
7.096492767333984 
5.6688079833984375 
7.474394798278809 
6.447592735290527 
6.171405792236328 
5.761631965637207 
6.2606916427612305 
6.448328971862793 
6.451358795166016 
5.359407424926758 
4.607672214508057 
6.498237609863281 
6.052166938781738 
5.859622001647949 
7.870487213134766 
5.527596473693848 
5.462681770324707 
6.472076416015625 
5.657733917236328 
5.03895902633667 
5.737371444702148 
8.29410457611084 
6.977075576782227 
6.473306655883789 
7.256051063537598 
5.918821334838867 
8.616939544677734 
7.239457607269287 
8.690016746520996 
7.055617809295654 
6.133852481842041 
6.378227233886719 
6.036234378814697 
5.977588176727295 
5.377442359924316 
9.296765327453613 
8.13895034790039 
7.5416646003723145 
5.35642671585083 
7.3959808349609375 
5.958403587341309 
5.467110633850098 
7.777337074279785 
6.632584571838379 
7.182398796081543 
5.797702789306641 
5.7475810050964355 
6.442728042602539 
6.320281982421875 
6.582107067108154 
6.478731632232666 
7.070394515991211 
6.053552627563477 
5.629485130310059 
5.802539348602295 
6.504037380218506 
8.191850662231445 
5.704607009887695 
6.859786033630371 
6.551619529724121 
6.894684791564941 
6.572839736938477 
5.159360408782959 
5.621792793273926 
5.664679527282715 
6.114293575286865 
6.497646331787109 
5.9800519943237305 
5.7703447341918945 
5.989864826202393 
5.912927627563477 
6.165768623352051 
5.4900102615356445 
6.242830276489258 
8.406946182250977 
6.3483757972717285 
7.845300674438477 
7.075772285461426 
6.670121669769287 
5.826288223266602 
6.866447448730469 
5.799616813659668 
5.865821838378906 
5.9004106521606445 
5.131443977355957 
7.431869029998779 
5.628072738647461 
5.34605598449707 
5.773878574371338 
5.062843322753906 
6.357136249542236 
6.1052680015563965 
6.000582218170166 
6.293409824371338 
5.235356330871582 
6.928264617919922 
6.078221321105957 
5.708135604858398 
5.689792633056641 
6.51466703414917 
9.544045448303223 
5.315482139587402 
5.617893218994141 
6.035242080688477 
7.54945182800293 
5.313568115234375 
5.673951148986816 
6.6149725914001465 
8.30792236328125 
5.863724231719971 
5.441876411437988 
6.647432804107666 
8.356958389282227 
7.648693561553955 
7.217898368835449 
8.850998878479004 
4.524682998657227 
6.160810470581055 
7.414107799530029 
6.59636116027832 
5.151902198791504 
4.805567741394043 
6.436032295227051 
5.519063949584961 
6.991063117980957 
5.289493560791016 
4.6364312171936035 
7.922423362731934 
5.464714050292969 
5.986950874328613 
4.872797966003418 
6.461677074432373 
5.487424850463867 
5.52600622177124 
5.520660877227783 
5.340865135192871 
7.16511344909668 
6.926624298095703 
6.897065162658691 
6.663211822509766 
6.0049591064453125 
5.950817108154297 
6.813621997833252 
7.71704626083374 
5.049807548522949 
5.92286491394043 
5.995039939880371 
8.51169490814209 
5.8645501136779785 
6.065596103668213 
7.323356628417969 
5.888352870941162 
8.168649673461914 
6.325024604797363 
4.946537971496582 
6.200875282287598 
5.320181846618652 
5.614730358123779 
7.936929225921631 
4.704216003417969 
5.889834880828857 
5.74551248550415 
6.368324279785156 
6.820104122161865 
6.971228122711182 
5.971414566040039 
5.881874084472656 
6.174583435058594 
6.028258323669434 
5.218347549438477 
6.060202121734619 
6.126256942749023 
5.344424247741699 
5.881964683532715 
5.591309547424316 
6.089250087738037 
4.935487270355225 
7.2274603843688965 
5.909160614013672 
6.29682731628418 
6.72041130065918 
7.298633098602295 
7.3619384765625 
5.606163024902344 
6.683206558227539 
6.139064311981201 
5.702840328216553 
5.464156150817871 
5.435594081878662 
5.523205757141113 
6.7276763916015625 
6.207463264465332 
5.990187644958496 
6.169753074645996 
5.586040019989014 
5.835946559906006 
5.629151344299316 
6.562047958374023 
5.552332878112793 
6.137923240661621 
6.482797145843506 
6.168116569519043 
7.028586387634277 
7.173684597015381 
5.529926300048828 
5.771415710449219 
5.349811553955078 
6.480214595794678 
6.763042449951172 
7.204214096069336 
5.682471752166748 
5.646475791931152 
6.242409706115723 
6.07407283782959 
8.870331764221191 
7.4368977546691895 
6.587697982788086 
5.7912678718566895 
6.14042329788208 
5.6097002029418945 
8.481328010559082 
5.463482856750488 
4.981162071228027 
6.364839553833008 
6.197083950042725 
6.171913146972656 
5.9834794998168945 
6.345490455627441 
8.691499710083008 
6.12186336517334 
6.200709342956543 
7.539647102355957 
6.006771087646484 
5.806644439697266 
5.79593563079834 
7.067747116088867 
5.78218936920166 
6.884640216827393 
6.728378772735596 
6.3572187423706055 
4.398415565490723 
5.357349395751953 
4.740407943725586 
6.455363750457764 
5.938905715942383 
7.679203987121582 
5.4847941398620605 
5.09893798828125 
5.4454755783081055 
6.611623764038086 
6.5417375564575195 
5.158079147338867 
5.785914421081543 
5.733024597167969 
4.976325035095215 
7.063333511352539 
7.274659156799316 
6.397582054138184 
9.289765357971191 
5.861428260803223 
5.939752578735352 
5.089986801147461 
5.990099906921387 
7.701740264892578 
5.921708106994629 
5.329355239868164 
7.578203201293945 
6.055825233459473 
5.999259948730469 
7.236146926879883 
5.950958251953125 
7.196057319641113 
5.945667266845703 
6.239453315734863 
6.1179962158203125 
6.4968085289001465 
7.282469749450684 
6.236775875091553 
5.424577713012695 
5.221614837646484 
5.65875768661499 
7.765645980834961 
5.920464992523193 
5.542086124420166 
6.310382843017578 
6.269265174865723 
5.859367370605469 
6.9597487449646 
6.51840353012085 
4.87812614440918 
5.991864204406738 
7.691120147705078 
5.830496788024902 
6.410015106201172 
6.397805213928223 
7.55964469909668 
7.500802040100098 
5.086040496826172 
6.103818416595459 
6.276230812072754 
6.704441547393799 
5.737517356872559 
6.399630069732666 
5.371304512023926 
5.945167064666748 
5.171422958374023 
5.483462333679199 
7.35999870300293 
9.89853572845459 
8.705449104309082 
6.633042335510254 
6.57784366607666 
8.545941352844238 
7.955583095550537 
5.9185686111450195 
5.974332809448242 
7.0790486335754395 
5.552440643310547 
5.719700813293457 
5.585785388946533 
5.885946273803711 
6.256199836730957 
6.414295196533203 
5.6735520362854 
5.5878472328186035 
5.722143173217773 
5.760597229003906 
6.113790512084961 
6.406945705413818 
6.747147560119629 
5.780802249908447 
7.833761215209961 
6.685866832733154 
7.217916488647461 
9.910868644714355 
5.887450218200684 
5.567105293273926 
6.4296159744262695 
6.531954765319824 
4.963217258453369 
7.393302917480469 
6.934263229370117 
6.040197372436523 
7.792068004608154 
4.773468971252441 
5.896328926086426 
6.291862964630127 
5.715895652770996 
5.924263000488281 
8.160026550292969 
5.2920427322387695 
5.511735439300537 
6.863916873931885 
6.620211124420166 
8.982468605041504 
5.95864200592041 
6.082556247711182 
5.780551910400391 
5.702267169952393 
8.162683486938477 
7.462140083312988 
6.055507183074951 
6.008150577545166 
6.236807823181152 
5.0600104331970215 
6.4680681228637695 
6.615645408630371 
5.793377876281738 
6.5060319900512695 
6.471405506134033 
7.839138507843018 
7.363619804382324 
7.241212844848633 
5.364590167999268 
8.967144966125488 
6.386381149291992 
8.118829727172852 
5.171774864196777 
5.830401420593262 
10.445345878601074 
5.162561416625977 
5.942412376403809 
6.132429122924805 
6.365077972412109 
6.125607013702393 
5.761120796203613 
5.447873592376709 
7.846907138824463 
5.871890068054199 
7.070666313171387 
5.104650974273682 
6.294475555419922 
5.792035102844238 
5.6838698387146 
5.708146095275879 
6.587624549865723 
6.719582557678223 
5.6260175704956055 
5.343850135803223 
6.162784576416016 
5.996115684509277 
5.360884666442871 
6.930975914001465 
6.163248062133789 
5.525906085968018 
5.6364240646362305 
5.536073684692383 
6.046755313873291 
6.0752058029174805 
9.106645584106445 
6.119994163513184 
4.947981357574463 
7.521219253540039 
7.451171875 
7.419781684875488 
6.1109819412231445 
9.344640731811523 
7.578035354614258 
5.825778961181641 
5.911334037780762 
6.485821723937988 
5.555875778198242 
6.083738327026367 
7.310921669006348 
5.686672210693359 
6.79582405090332 
6.307278633117676 
6.909620761871338 
4.948644638061523 
5.72385311126709 
6.2790632247924805 
6.6620378494262695 
5.764825820922852 
6.099573135375977 
7.661382675170898 
6.227763652801514 
5.3924055099487305 
6.102455139160156 
5.790859222412109 
8.772858619689941 
8.873934745788574 
6.228766441345215 
4.964679718017578 
7.086752414703369 
5.790931701660156 
5.950991630554199 
6.402585029602051 
6.568615913391113 
6.126949310302734 
5.95831823348999 
7.803497314453125 
8.215259552001953 
5.395623683929443 
5.983227729797363 
6.992524147033691 
7.208059310913086 
6.277649879455566 
6.028495788574219 
8.559903144836426 
7.083192825317383 
5.7277421951293945 
6.9726057052612305 
8.162108421325684 
7.332625389099121 
5.383303642272949 
6.975420951843262 
7.4244537353515625 
5.704350471496582 
6.1248579025268555 
5.610910415649414 
7.176724433898926 
7.919764041900635 
5.11690616607666 
8.838483810424805 
6.720900535583496 
5.731476783752441 
5.374580383300781 
6.589609146118164 
4.915630340576172 
5.931946754455566 
5.484184741973877 
7.970128059387207 
5.753566741943359 
6.6389994621276855 
8.086321830749512 
6.170956611633301 
5.774716377258301 
6.458502292633057 
7.289135932922363 
6.27775764465332 
8.46081256866455 
6.723094940185547 
5.119752883911133 
6.843957901000977 
6.215583324432373 
6.231295585632324 
6.834752082824707 
7.508428573608398 
6.140964031219482 
5.506973743438721 
5.612401008605957 
5.863101959228516 
7.099112033843994 
7.290273189544678 
7.259535789489746 
6.545762538909912 
5.381963729858398 
6.362842559814453 
6.21116304397583 
7.501174449920654 
5.452371597290039 
5.32984733581543 
5.925240516662598 
6.77925968170166 
8.802468299865723 
5.623557090759277 
5.644529819488525 
5.506623268127441 
6.382939338684082 
5.828892707824707 
6.98433780670166 
6.005919933319092 
5.852777481079102 
6.282319068908691 
5.481318473815918 
6.834987163543701 
5.26370906829834 
6.778225898742676 
6.515905857086182 
5.996904373168945 
5.849499225616455 
5.083835601806641 
4.456164360046387 
7.6201348304748535 
5.625877380371094 
5.236494064331055 
6.586582660675049 
6.724993705749512 
6.24502420425415 
7.263029098510742 
5.451210021972656 
7.653888702392578 
6.398691177368164 
9.6992826461792 
6.62605094909668 
8.76476001739502 
8.1539945602417 
4.953536510467529 
5.689630508422852 
5.873339653015137 
5.674576759338379 
7.129386901855469 
6.1372270584106445 
6.828673362731934 
5.5821213722229 
6.422544479370117 
5.816499710083008 
5.287799835205078 
5.016363620758057 
5.343756675720215 
6.444531440734863 
6.8828840255737305 
6.492325305938721 
6.146248817443848 
5.861985206604004 
5.51947021484375 
4.814750671386719 
7.01909065246582 
5.206192493438721 
6.55814266204834 
5.94374418258667 
6.105020523071289 
7.593916893005371 
5.7364606857299805 
7.802238941192627 
5.432669639587402 
8.63008975982666 
6.575406074523926 
6.097714424133301 
5.838783264160156 
6.699496746063232 
8.67615032196045 
5.471402168273926 
5.367048263549805 
6.93035888671875 
7.453049182891846 
6.195627689361572 
5.911835193634033 
7.3213982582092285 
4.986208438873291 
5.543621063232422 
8.139747619628906 
5.99269962310791 
7.5683183670043945 
6.325568199157715 
6.033146858215332 
7.137275695800781 
5.336467742919922 
5.671695709228516 
5.0067033767700195 
6.005122661590576 
6.722437858581543 
7.941287040710449 
6.339571952819824 
9.205940246582031 
5.9202561378479 
6.073963165283203 
7.412400245666504 
5.513961315155029 
7.6980180740356445 
6.604517936706543 
7.983525276184082 
8.23156452178955 
5.9923930168151855 
5.5329909324646 
6.893514633178711 
7.5096755027771 
6.285138130187988 
9.325411796569824 
8.480274200439453 
4.57438850402832 
7.896017074584961 
5.888141632080078 
5.798068046569824 
5.424304962158203 
8.534708976745605 
6.052955627441406 
5.881178379058838 
6.03851842880249 
6.728671550750732 
6.99374532699585 
6.830882549285889 
9.053267478942871 
6.8658857345581055 
5.430851936340332 
6.556672096252441 
6.504356384277344 
5.740163326263428 
6.508171081542969 
5.220635414123535 
9.623888969421387 
9.119942665100098 
6.404101371765137 
5.190330505371094 
4.85420560836792 
6.336266040802002 
5.964618682861328 
9.758051872253418 
5.70723295211792 
6.549116134643555 
6.6301116943359375 
6.554576873779297 
6.126223087310791 
5.334873199462891 
5.641936302185059 
5.8885416984558105 
6.07631778717041 
7.23116397857666 
7.547440528869629 
4.514415740966797 
5.654557228088379 
4.812373161315918 
6.480525016784668 
7.123126983642578 
8.882107734680176 
5.721922874450684 
5.801296234130859 
8.431296348571777 
5.350635528564453 
5.793157577514648 
5.738559246063232 
7.358093738555908 
5.53648567199707 
7.904794216156006 
6.07424783706665 
6.207767009735107 
6.563328742980957 
6.887974739074707 
5.448177337646484 
6.115053176879883 
6.917691230773926 
6.4466233253479 
8.58471965789795 
6.442054748535156 
6.064790725708008 
5.811985015869141 
5.925887107849121 
8.910325050354004 
5.840786457061768 
5.705348968505859 
4.517430305480957 
6.378721237182617 
6.798739433288574 
8.16158676147461 
5.086093902587891 
5.55880069732666 
5.682445526123047 
7.292330265045166 
7.6003217697143555 
6.909744739532471 
4.860208511352539 
8.67978572845459 
6.979925155639648 
7.0595245361328125 
4.981936454772949 
6.662693023681641 
6.164181709289551 
7.033344268798828 
7.6549859046936035 
7.369530200958252 
8.272648811340332 
6.578120231628418 
9.6337251663208 
5.437726974487305 
6.050232887268066 
6.080158710479736 
7.998753547668457 
5.9351396560668945 
7.324624061584473 
6.535923004150391 
6.988069534301758 
5.738341331481934 
8.187564849853516 
6.588536262512207 
4.740624904632568 
5.217446327209473 
6.137923240661621 
5.563725471496582 
6.160005569458008 
6.747706413269043 
5.550527095794678 
8.541083335876465 
8.790154457092285 
7.102740287780762 
6.086841583251953 
6.1400041580200195 
5.706830024719238 
7.0652875900268555 
7.780515670776367 
6.037655830383301 
6.045374393463135 
7.232736110687256 
5.12299919128418 
5.826516628265381 
5.293281555175781 
5.362157821655273 
9.023159980773926 
5.631762504577637 
8.247639656066895 
5.727423667907715 
7.589488983154297 
7.162994384765625 
5.056286334991455 
4.882929801940918 
5.886958599090576 
6.8752031326293945 
6.259120941162109 
5.933682441711426 
4.961974143981934 
6.073649883270264 
6.369941711425781 
5.030379295349121 
6.14753532409668 
6.90132999420166 
6.574920654296875 
8.31694221496582 
9.438921928405762 
7.052637100219727 
7.86012601852417 
5.550912857055664 
7.821157455444336 
5.967252254486084 
6.474270343780518 
7.778614044189453 
6.259702205657959 
6.894868850708008 
5.878670692443848 
6.770547866821289 
4.810842514038086 
5.489546775817871 
5.962384223937988 
7.209884166717529 
8.685965538024902 
7.637618064880371 
5.927872657775879 
9.489203453063965 
6.622841835021973 
6.114076614379883 
7.157011032104492 
6.644120216369629 
5.775687217712402 
6.4230194091796875 
6.146729946136475 
6.521994590759277 
6.0912041664123535 
8.425809860229492 
5.682559490203857 
5.249726295471191 
5.138392448425293 
6.213892936706543 
6.438274383544922 
4.856894493103027 
7.832956314086914 
5.92318058013916 
7.8490166664123535 
5.866969108581543 
5.578927993774414 
8.350388526916504 
5.8184380531311035 
7.988589286804199 
6.650427341461182 
6.34373664855957 
5.977811336517334 
8.759961128234863 
6.326727867126465 
5.681521415710449 
5.561629295349121 
7.505430221557617 
5.845430374145508 
7.192608833312988 
8.226031303405762 
7.79396915435791 
5.531124114990234 
5.94330358505249 
4.741565704345703 
5.680182456970215 
5.6801652908325195 
6.219638824462891 
7.853131294250488 
5.106229782104492 
5.855276107788086 
5.691168785095215 
7.844642162322998 
6.469912052154541 
7.429844379425049 
6.398622035980225 
6.253873348236084 
7.595789909362793 
5.790217399597168 
7.413529872894287 
8.630606651306152 
6.174594879150391 
5.283542633056641 
6.002516269683838 
7.780958652496338 
5.372181415557861 
6.6815385818481445 
7.14269495010376 
6.099242210388184 
7.373742580413818 
7.518167972564697 
5.663818836212158 
6.223628044128418 
5.185115814208984 
4.840511322021484 
7.045895576477051 
7.454122066497803 
7.135220050811768 
5.8482866287231445 
6.327958583831787 
9.447993278503418 
5.932707786560059 
5.8398919105529785 
5.537502288818359 
6.48982048034668 
5.889290809631348 
5.155953884124756 
5.347728729248047 
4.681755065917969 
5.011609077453613 
6.6632208824157715 
6.2475409507751465 
4.572425842285156 
5.0970869064331055 
5.882899284362793 
5.801943778991699 
5.383028030395508 
5.93731689453125 
6.736091613769531 
7.290829181671143 
5.949652671813965 
7.0403361320495605 
4.539473533630371 
7.134005546569824 
6.149413108825684 
8.260653495788574 
7.296219825744629 
5.9954376220703125 
6.301877975463867 
7.934690475463867 
7.585083961486816 
5.73103141784668 
7.903908729553223 
9.786566734313965 
5.609018325805664 
6.07278299331665 
6.6276774406433105 
7.716719627380371 
6.3993682861328125 
6.148451328277588 
6.115797996520996 
7.560081481933594 
5.607479572296143 
6.6658782958984375 
8.795706748962402 
8.934779167175293 
6.855381011962891 
7.800783634185791 
6.222965240478516 
6.240326881408691 
6.297488212585449 
6.796242713928223 
5.965311050415039 
6.067066192626953 
5.51274299621582 
5.859247207641602 
7.05695915222168 
8.719094276428223 
6.781647682189941 
6.436496734619141 
9.100909233093262 
6.654521942138672 
7.202880859375 
7.688995361328125 
5.768225193023682 
5.431948184967041 
8.833551406860352 
6.585239410400391 
7.627745628356934 
5.685723304748535 
8.506413459777832 
6.736227989196777 
5.738183975219727 
5.775866508483887 
6.824762344360352 
4.7650532722473145 
6.718983173370361 
5.640220642089844 
5.51822566986084 
5.449424743652344 
6.059431552886963 
6.635003089904785 
7.276984214782715 
5.825003623962402 
7.171536445617676 
6.080691337585449 
6.660964012145996 
5.925493240356445 
6.9858856201171875 
5.7080769538879395 
6.842425346374512 
6.166794300079346 
5.5429582595825195 
5.323657512664795 
7.274637222290039 
8.171679496765137 
8.267752647399902 
6.634742736816406 
6.579117774963379 
4.607041358947754 
5.895146369934082 
5.986886024475098 
8.022344589233398 
7.446701526641846 
6.502011775970459 
6.955424785614014 
5.618273735046387 
6.155084609985352 
6.06307315826416 
6.102852821350098 
5.812518119812012 
7.546416282653809 
7.440253257751465 
5.335934638977051 
5.950692176818848 
5.785054683685303 
8.052059173583984 
6.933474540710449 
5.610635757446289 
7.141628265380859 
6.979765892028809 
7.199166297912598 
6.545200347900391 
6.792153358459473 
5.656839370727539 
6.536592483520508 
5.97166633605957 
5.591894149780273 
6.666004657745361 
6.260551452636719 
5.731701374053955 
7.4515228271484375 
5.617918968200684 
5.598259925842285 
7.011359214782715 
5.588643550872803 
5.487422943115234 
5.515904426574707 
5.26664924621582 
4.909038066864014 
6.122890472412109 
5.105996608734131 
6.291057586669922 
6.233529567718506 
6.23646354675293 
6.743234634399414 
4.771423816680908 
7.823826789855957 
6.698492527008057 
5.148415565490723 
5.599967002868652 
5.86292839050293 
7.332140922546387 
5.637282371520996 
5.882658958435059 
6.39345645904541 
5.844599723815918 
5.917414665222168 
6.550396919250488 
8.550169944763184 
7.048582077026367 
5.446555137634277 
6.330685138702393 
5.9047956466674805 
4.992748260498047 
6.224483013153076 
5.260239124298096 
6.102420806884766 
6.561628818511963 
6.743851661682129 
6.084665298461914 
6.461886405944824 
6.527604103088379 
5.9520463943481445 
5.677066326141357 
5.639853477478027 
5.810333251953125 
7.3164520263671875 
6.180243492126465 
5.896233558654785 
5.734376430511475 
7.000802040100098 
5.88123083114624 
7.550798416137695 
5.27195930480957 
6.610792636871338 
5.703261375427246 
5.202721118927002 
8.368680000305176 
6.558907508850098 
6.876975059509277 
7.162088394165039 
5.901927947998047 
5.583013534545898 
6.422867774963379 
5.889571189880371 
6.269284248352051 
6.049110412597656 
8.283967971801758 
5.747092247009277 
4.8728742599487305 
5.3177947998046875 
6.162352561950684 
6.1432390213012695 
7.830434799194336 
6.494966983795166 
6.02713680267334 
5.688511848449707 
6.2818403244018555 
6.346339702606201 
7.174262046813965 
5.852828025817871 
5.609476566314697 
5.782354354858398 
6.0567426681518555 
9.280739784240723 
7.058273792266846 
7.279415130615234 
7.835975646972656 
6.917296886444092 
6.806911468505859 
5.716283798217773 
6.162560939788818 
6.932722568511963 
4.777660369873047 
6.713075637817383 
6.75679874420166 
8.574466705322266 
5.750569820404053 
6.03315544128418 
5.442601203918457 
7.107391357421875 
7.045597553253174 
7.274007797241211 
5.822057723999023 
6.0297651290893555 
7.303426742553711 
6.932299613952637 
4.728320121765137 
6.359696388244629 
7.824975967407227 
5.663096904754639 
5.475755214691162 
5.7630205154418945 
8.081254005432129 
7.465597152709961 
6.953982830047607 
5.670051097869873 
5.919363021850586 
5.299168586730957 
5.946746826171875 
7.952951431274414 
6.922205924987793 
6.20862340927124 
8.671896934509277 
4.309179306030273 
7.058804512023926 
7.887111663818359 
7.201137542724609 
6.794325828552246 
4.4622368812561035 
5.345600128173828 
5.646563529968262 
6.069101810455322 
5.684838771820068 
5.498612403869629 
5.701839447021484 
6.317953109741211 
8.363850593566895 
6.487447261810303 
7.511451244354248 
5.532157897949219 
8.017109870910645 
8.686813354492188 
4.794316291809082 
5.183866024017334 
5.717020034790039 
7.492437362670898 
5.994797706604004 
5.501548767089844 
6.359797477722168 
6.178745269775391 
11.209038734436035 
6.494524955749512 
5.915590286254883 
9.594939231872559 
6.190158367156982 
7.0124711990356445 
7.210643768310547 
6.365313529968262 
8.035773277282715 
5.854783058166504 
5.857851028442383 
5.386370658874512 
6.191152572631836 
5.789617538452148 
6.250912666320801 
6.795701503753662 
6.95307731628418 
6.694985389709473 
6.265099048614502 
5.49616813659668 
7.056012153625488 
6.22962760925293 
7.048783302307129 
4.886783599853516 
6.134349346160889 
6.6754350662231445 
5.977746486663818 
6.632997512817383 
5.96435546875 
9.479765892028809 
8.552617073059082 
5.61375617980957 
7.044744491577148 
6.315629482269287 
6.427498817443848 
6.76460075378418 
6.3789167404174805 
6.276423454284668 
5.60551118850708 
6.7524003982543945 
6.133302688598633 
6.294338703155518 
6.151654243469238 
5.78798246383667 
6.614638328552246 
8.314433097839355 
5.494027137756348 
8.093379974365234 
5.691711902618408 
6.078563213348389 
5.814752101898193 
5.832752704620361 
6.251204490661621 
5.8651509284973145 
5.523956298828125 
7.606473922729492 
6.677936553955078 
5.970373153686523 
7.202276706695557 
5.943642616271973 
5.958402633666992 
5.766903877258301 
5.645960330963135 
5.54796028137207 
5.080001354217529 
4.8831377029418945 
5.472814083099365 
5.92390251159668 
5.798205375671387 
5.220136642456055 
7.288117408752441 
5.988676071166992 
7.695613861083984 
6.328573226928711 
5.923705101013184 
5.144676208496094 
8.439656257629395 
5.706374645233154 
9.041058540344238 
6.390197277069092 
6.070547103881836 
7.936309337615967 
5.9722185134887695 
6.067415237426758 
6.250168800354004 
5.787957191467285 
5.277350425720215 
5.828824996948242 
8.121309280395508 
4.704407691955566 
7.843127250671387 
5.864041328430176 
5.986719131469727 
5.812016487121582 
5.092388153076172 
5.634575843811035 
6.09961462020874 
5.551847457885742 
6.47206449508667 
5.55033540725708 
5.94963264465332 
6.65869140625 
4.4826531410217285 
5.256084442138672 
5.976904392242432 
6.344852447509766 
7.205009460449219 
7.0508012771606445 
5.766887664794922 
5.8653883934021 
6.799902439117432 
6.337211608886719 
5.87454891204834 
7.379220008850098 
6.838693618774414 
6.7987189292907715 
4.898990154266357 
6.595819473266602 
6.560713291168213 
7.260565757751465 
6.379766464233398 
6.101812839508057 
7.763306617736816 
6.012439250946045 
6.385030746459961 
7.177587509155273 
6.4353132247924805 
6.564080238342285 
5.9387054443359375 
6.444863319396973 
6.322819709777832 
6.164383888244629 
7.462209701538086 
6.9880805015563965 
5.620830535888672 
4.275079727172852 
5.797796249389648 
6.343536376953125 
6.953168869018555 
6.017094612121582 
6.110433578491211 
5.582328796386719 
6.169759750366211 
7.681571006774902 
6.4857964515686035 
5.703971862792969 
6.036866188049316 
5.746143341064453 
6.418813705444336 
5.848319053649902 
7.551016807556152 
5.17642879486084 
5.442190170288086 
6.988027095794678 
5.347860336303711 
5.395110130310059 
8.404837608337402 
4.749338150024414 
7.171736717224121 
6.071964740753174 
5.097362518310547 
5.568233489990234 
7.304370880126953 
6.543498516082764 
7.963209629058838 
7.798004627227783 
7.7711710929870605 
5.591355323791504 
7.09588623046875 
7.227311134338379 
5.71304988861084 
7.628927707672119 
5.252151012420654 
6.995622634887695 
5.793509483337402 
5.3169169425964355 
5.018986701965332 
6.105574607849121 
6.055992603302002 
7.33973503112793 
7.095340251922607 
5.609973907470703 
5.425422668457031 
8.045083999633789 
8.154232025146484 
8.058272361755371 
5.922650337219238 
6.958507537841797 
5.919227123260498 
5.27412223815918 
5.524293422698975 
5.756363868713379 
6.790083408355713 
7.800110816955566 
6.640720367431641 
5.059700012207031 
6.046655178070068 
6.8837432861328125 
8.975091934204102 
5.606252670288086 
6.566311359405518 
5.3132781982421875 
6.476702690124512 
6.596052646636963 
6.9466962814331055 
6.000642776489258 
6.300806999206543 
8.184857368469238 
6.194604396820068 
6.75778341293335 
5.947337627410889 
8.158215522766113 
5.529896259307861 
5.803845405578613 
5.850069999694824 
4.776136875152588 
5.071004867553711 
6.075986385345459 
5.684576034545898 
7.72420072555542 
7.180569171905518 
5.406744003295898 
7.131536483764648 
4.968175888061523 
6.558666229248047 
5.905261993408203 
6.907045841217041 
5.294011116027832 
5.869084358215332 
5.758424758911133 
5.217617034912109 
5.732847213745117 
5.860836029052734 
6.043785095214844 
4.90471076965332 
5.660409927368164 
5.834359169006348 
7.704767227172852 
5.5909318923950195 
6.249505996704102 
7.101154327392578 
6.2770161628723145 
5.170901298522949 
5.815681457519531 
6.091687202453613 
5.898609161376953 
5.497633457183838 
5.8644304275512695 
4.48237943649292 
7.837176322937012 
6.233620643615723 
5.804400444030762 
5.846033096313477 
6.014678001403809 
6.662229537963867 
5.718254089355469 
6.4149627685546875 
6.504974842071533 
7.541348457336426 
5.916069984436035 
6.960999965667725 
7.011600494384766 
5.1882524490356445 
9.428836822509766 
7.723443508148193 
5.7954912185668945 
6.946084022521973 
7.121537208557129 
5.144155502319336 
6.569742202758789 
6.7819318771362305 
7.385009765625 
6.282602310180664 
5.077322006225586 
7.222877502441406 
7.0933685302734375 
6.157463550567627 
5.070661544799805 
8.084199905395508 
6.067291736602783 
4.819968223571777 
6.387580394744873 
4.839858055114746 
7.995882987976074 
6.36983585357666 
6.6552534103393555 
5.79934024810791 
5.884294033050537 
5.726335525512695 
6.89107084274292 
8.446794509887695 
8.67857837677002 
5.858973979949951 
6.317153453826904 
7.731842041015625 
7.82827091217041 
5.594217300415039 
6.0986857414245605 
6.5527729988098145 
5.574840545654297 
7.441332817077637 
6.284449100494385 
5.869148254394531 
8.455732345581055 
6.117135524749756 
7.4010772705078125 
6.069857597351074 
5.849845886230469 
4.545446395874023 
7.75394344329834 
5.803736209869385 
5.609807014465332 
5.388525009155273 
5.219385147094727 
6.108436107635498 
5.710522651672363 
7.168439865112305 
7.683252334594727 
5.808709144592285 
6.895882606506348 
7.952296257019043 
6.526738166809082 
5.645112991333008 
5.305540084838867 
8.424962043762207 
6.249299049377441 
7.211239814758301 
7.464234352111816 
5.950175762176514 
5.962523937225342 
6.9296875 
5.0867133140563965 
6.085482597351074 
5.73250675201416 
8.846858978271484 
5.6083478927612305 
6.7185773849487305 
7.6934356689453125 
5.990540027618408 
5.8137640953063965 
5.478394031524658 
6.04942512512207 
5.684377670288086 
6.079957962036133 
7.116825103759766 
10.338578224182129 
6.166872024536133 
5.6906633377075195 
8.001769065856934 
5.682009696960449 
6.873674392700195 
6.468667984008789 
7.255120277404785 
7.387970924377441 
6.674422740936279 
6.920890808105469 
6.5792341232299805 
5.437795162200928 
9.168066024780273 
6.300874710083008 
6.280107498168945 
5.925792694091797 
5.677426338195801 
6.121097564697266 
5.971866607666016 
6.512121200561523 
5.40203857421875 
7.26603889465332 
5.4762372970581055 
5.8951849937438965 
6.2696027755737305 
5.45842170715332 
7.591564655303955 
6.536732196807861 
5.911602973937988 
5.6090240478515625 
7.060738563537598 
5.079615592956543 
7.12919282913208 
5.899248123168945 
7.53009033203125 
7.6556715965271 
6.438150405883789 
4.951057434082031 
7.557344913482666 
5.664984703063965 
6.103161811828613 
6.524944305419922 
6.43632173538208 
6.184345245361328 
8.187032699584961 
6.342349529266357 
8.966750144958496 
5.512763023376465 
5.493556022644043 
5.91304874420166 
6.049461364746094 
6.791034698486328 
6.37238073348999 
6.149288177490234 
5.575929164886475 
7.09151029586792 
7.511357307434082 
5.651597023010254 
8.600886344909668 
7.443629264831543 
6.494421005249023 
8.099715232849121 
5.780644416809082 
6.314376354217529 
7.943368434906006 
6.084742546081543 
5.192694664001465 
5.555832386016846 
6.5066680908203125 
6.047097206115723 
5.507327079772949 
7.075334548950195 
5.828156471252441 
6.906399726867676 
5.847734451293945 
5.329173564910889 
9.76672649383545 
6.123020172119141 
6.295412063598633 
5.877507209777832 
6.158231258392334 
8.663570404052734 
6.434360504150391 
6.911262512207031 
9.44200611114502 
6.9769978523254395 
8.305996894836426 
5.828769207000732 
8.218216896057129 
6.005837917327881 
6.332915782928467 
5.413614273071289 
6.165257453918457 
7.154660224914551 
5.971505165100098 
7.121568202972412 
6.328959941864014 
5.425165176391602 
6.708935737609863 
9.12720012664795 
5.3246870040893555 
8.316064834594727 
4.404231548309326 
5.549624919891357 
5.922638416290283 
8.216727256774902 
6.628109455108643 
7.992833137512207 
5.3655242919921875 
6.865399360656738 
5.913317680358887 
7.282120704650879 
7.773170471191406 
6.257038116455078 
6.01085090637207 
6.069890975952148 
6.223600387573242 
6.552977085113525 
5.53550910949707 
6.0245771408081055 
6.267822265625 
6.183155536651611 
6.919065475463867 
10.082959175109863 
6.0385003089904785 
5.638055801391602 
7.287729263305664 
5.996474266052246 
6.9071431159973145 
5.894242763519287 
6.64069938659668 
5.660186767578125 
5.798382759094238 
5.928559303283691 
8.413965225219727 
5.729616165161133 
8.762516975402832 
5.787478446960449 
6.5096435546875 
7.474353313446045 
6.402066230773926 
5.831747055053711 
6.5807414054870605 
5.4294023513793945 
5.349888801574707 
5.477644920349121 
5.506522178649902 
7.090433120727539 
5.682848930358887 
5.250851631164551 
6.078369140625 
5.146982669830322 
6.802460670471191 
7.921748638153076 
10.296369552612305 
4.971702575683594 
6.103650093078613 
6.931490898132324 
5.654073238372803 
5.755194664001465 
7.347864151000977 
8.031020164489746 
5.803095817565918 
6.188473701477051 
5.503573417663574 
6.322305679321289 
6.833858966827393 
5.777836322784424 
6.4476399421691895 
7.353176116943359 
6.036952972412109 
8.518614768981934 
6.205453872680664 
7.097169876098633 
6.234230995178223 
5.115900993347168 
5.692635536193848 
5.972305774688721 
7.8152756690979 
5.346460342407227 
5.21378755569458 
7.645792007446289 
5.605562686920166 
10.197787284851074 
8.429068565368652 
5.866354942321777 
6.665195941925049 
7.1726579666137695 
5.6111321449279785 
5.301993370056152 
5.512200355529785 
7.491458415985107 
6.100556373596191 
5.0170392990112305 
5.042064666748047 
6.830651760101318 
6.133708953857422 
6.797102928161621 
8.203057289123535 
5.54322624206543 
6.5085649490356445 
5.8267059326171875 
6.876809597015381 
4.652332782745361 
6.0429253578186035 
7.216495037078857 
5.746870994567871 
4.9744367599487305 
6.146671295166016 
6.434743404388428 
7.3284711837768555 
6.029275417327881 
5.607221603393555 
5.888684272766113 
5.872350692749023 
5.954195022583008 
6.498468399047852 
5.932640075683594 
9.605212211608887 
8.444119453430176 
7.318134784698486 
6.9645562171936035 
9.34903621673584 
5.678895950317383 
4.79738187789917 
5.679379463195801 
5.491421699523926 
7.738579273223877 
6.2903571128845215 
6.301189422607422 
5.9902167320251465 
5.874485492706299 
6.455086708068848 
5.591231346130371 
7.673877239227295 
6.395691394805908 
5.720123291015625 
5.672969341278076 
6.058104038238525 
6.380655288696289 
5.233466625213623 
7.338510513305664 
5.396807670593262 
6.451541900634766 
5.233194351196289 
5.316096782684326 
6.0247297286987305 
5.805352210998535 
7.686842918395996 
7.249204635620117 
7.173734664916992 
5.099287033081055 
7.574407577514648 
5.963400840759277 
6.421468257904053 
7.389529705047607 
6.914946556091309 
6.556960105895996 
5.501203536987305 
6.382445335388184 
6.392043590545654 
5.573208808898926 
5.9655985832214355 
7.892767906188965 
5.853586196899414 
6.134305000305176 
7.859986305236816 
6.4276041984558105 
7.636816024780273 
5.7955827713012695 
5.652151107788086 
6.279030799865723 
7.129497528076172 
6.159195423126221 
7.038019180297852 
8.799092292785645 
6.542971611022949 
7.074851036071777 
8.1348295211792 
5.060108184814453 
6.578962326049805 
6.299103736877441 
6.443350791931152 
7.37276554107666 
6.824019908905029 
6.766218185424805 
6.327658653259277 
6.199508190155029 
5.584644317626953 
7.900572299957275 
6.109749794006348 
6.062765121459961 
5.870872974395752 
6.112316131591797 
6.333979606628418 
6.931325912475586 
5.6762824058532715 
4.535626411437988 
5.685636043548584 
6.781473636627197 
5.531644821166992 
7.279953479766846 
7.06270694732666 
7.6219000816345215 
6.1608123779296875 
7.109079360961914 
8.963871002197266 
6.655847072601318 
5.8226118087768555 
8.15585994720459 
4.738181114196777 
7.231154441833496 
5.2403059005737305 
6.284460067749023 
5.614262104034424 
6.534368515014648 
7.3080034255981445 
6.117684364318848 
7.228477478027344 
7.614026069641113 
5.561953544616699 
5.113089561462402 
7.426290988922119 
4.88886833190918 
6.812821388244629 
5.860495567321777 
7.053585529327393 
7.447620868682861 
5.561790466308594 
6.271130561828613 
6.994284629821777 
7.936881065368652 
6.9575347900390625 
5.380505561828613 
7.091207504272461 
6.9810333251953125 
5.406259536743164 
5.546614646911621 
6.739477157592773 
6.1260528564453125 
6.564862251281738 
5.5182929039001465 
6.4107346534729 
6.444476127624512 
7.125338554382324 
7.916390419006348 
8.5739164352417 
7.943422317504883 
8.141453742980957 
4.500760078430176 
6.284382343292236 
7.374743938446045 
5.9529314041137695 
5.867889404296875 
5.750034332275391 
7.231553077697754 
7.190403461456299 
5.401706695556641 
5.289233207702637 
5.653719425201416 
5.883989334106445 
5.839041709899902 
7.8723344802856445 
7.1635026931762695 
6.758905410766602 
5.161086559295654 
5.247359275817871 
7.133441925048828 
5.9007158279418945 
6.070230960845947 
8.769457817077637 
5.6729631423950195 
6.917983055114746 
6.815403461456299 
6.226775169372559 
5.471635818481445 
5.341578483581543 
6.899831771850586 
5.823179721832275 
5.742485523223877 
6.6530938148498535 
5.452890396118164 
6.395290374755859 
7.150111198425293 
6.316038608551025 
6.090273380279541 
5.1763834953308105 
7.159005641937256 
5.0432939529418945 
5.776476860046387 
6.355767250061035 
6.099600791931152 
6.085381507873535 
5.858911991119385 
6.048415184020996 
5.456050872802734 
6.775277137756348 
5.941200256347656 
8.255653381347656 
5.776170253753662 
5.699717044830322 
5.097923755645752 
5.889225006103516 
6.682701587677002 
4.721279144287109 
5.6816253662109375 
6.635725498199463 
6.015045166015625 
7.60413122177124 
6.577569961547852 
7.504688262939453 
5.112762451171875 
8.177969932556152 
7.344797134399414 
4.952296733856201 
5.825435638427734 
5.973031520843506 
5.29095458984375 
5.305776596069336 
6.280538082122803 
5.757499694824219 
6.098806381225586 
5.126515865325928 
6.738516807556152 
7.011970043182373 
6.38784122467041 
6.838135719299316 
5.370940685272217 
7.481098651885986 
7.405538558959961 
5.447180271148682 
6.1182098388671875 
5.390344619750977 
7.793579578399658 
6.040589809417725 
6.1817545890808105 
5.754579544067383 
6.227355003356934 
6.963021278381348 
5.063606262207031 
6.160580635070801 
7.324091911315918 
8.328365325927734 
5.584782600402832 
7.026614189147949 
5.478435516357422 
9.084954261779785 
5.624819755554199 
5.913434028625488 
5.740368366241455 
6.364709854125977 
5.212334156036377 
5.053262710571289 
8.462494850158691 
5.716535568237305 
6.868697643280029 
5.677264213562012 
5.595294952392578 
6.857611656188965 
9.940693855285645 
5.519459247589111 
7.193851947784424 
4.1700263023376465 
5.886503219604492 
4.976388931274414 
6.805070400238037 
5.7807159423828125 
5.723618507385254 
6.56890869140625 
5.844207763671875 
5.781039237976074 
5.452786445617676 
6.51399040222168 
7.121172904968262 
7.29841947555542 
5.354522705078125 
6.705296516418457 
7.187071323394775 
6.62862491607666 
6.045411109924316 
5.074314117431641 
6.4880452156066895 
5.45911979675293 
5.518174171447754 
5.464879035949707 
5.008920192718506 
5.432311058044434 
6.305553436279297 
5.8875651359558105 
5.83011531829834 
8.295172691345215 
8.508338928222656 
6.5049662590026855 
7.914475917816162 
8.16257095336914 
6.739193439483643 
6.141012191772461 
6.319308757781982 
6.375053882598877 
6.732336521148682 
7.84527587890625 
6.0653228759765625 
6.499361991882324 
7.673336982727051 
7.2781243324279785 
5.600566864013672 
6.3312788009643555 
7.17284631729126 
7.336626052856445 
7.2814741134643555 
6.846686363220215 
6.398415565490723 
6.150866508483887 
5.983610153198242 
6.029124736785889 
4.951108932495117 
5.705178260803223 
6.299642562866211 
5.453072547912598 
6.5619988441467285 
5.971627235412598 
5.704800605773926 
5.9422712326049805 
5.9856648445129395 
6.992080211639404 
6.305331230163574 
6.070562362670898 
7.222162246704102 
5.515005588531494 
8.598978996276855 
7.707851886749268 
5.462177753448486 
5.079310417175293 
5.799754619598389 
7.841733932495117 
5.783945083618164 
6.38392972946167 
6.011094570159912 
6.320372104644775 
7.496804714202881 
4.746461391448975 
5.978513240814209 
6.253719329833984 
8.673733711242676 
4.817471027374268 
5.611690044403076 
6.331422805786133 
6.365665912628174 
5.628927230834961 
7.07918643951416 
6.6319580078125 
9.261068344116211 
4.76629638671875 
6.177412986755371 
7.982663154602051 
6.82351016998291 
5.173069953918457 
6.395940780639648 
5.525871753692627 
5.236527442932129 
5.170538902282715 
5.470688819885254 
6.888949394226074 
5.676093101501465 
5.308534622192383 
5.339073657989502 
5.6325154304504395 
5.729691505432129 
5.1865129470825195 
5.669250965118408 
5.002631187438965 
4.428722381591797 
7.209737777709961 
6.559704780578613 
8.048287391662598 
5.719928741455078 
5.481565475463867 
5.609546661376953 
5.206164360046387 
5.119152069091797 
5.844184875488281 
6.209685325622559 
7.018448829650879 
5.005997657775879 
5.98612117767334 
5.54741096496582 
5.24464225769043 
10.751561164855957 
7.268567085266113 
6.2918620109558105 
6.530264377593994 
7.638706684112549 
5.085811138153076 
6.232956886291504 
6.953344821929932 
8.374869346618652 
5.774323463439941 
5.876238822937012 
7.84464168548584 
6.878493309020996 
5.827322959899902 
6.3903045654296875 
7.123575210571289 
5.939274787902832 
8.856419563293457 
7.097519874572754 
7.139858245849609 
5.764976501464844 
5.397606372833252 
5.229287147521973 
5.605357646942139 
5.546628952026367 
5.790948867797852 
6.006068706512451 
6.035282135009766 
5.204686164855957 
6.843555450439453 
7.150333404541016 
6.055303573608398 
7.554849624633789 
6.179384708404541 
4.942962646484375 
7.869903564453125 
6.143919944763184 
5.277020454406738 
5.3592119216918945 
6.783123016357422 
7.672482490539551 
5.7293524742126465 
5.159296989440918 
4.804845809936523 
6.186491966247559 
5.39315128326416 
5.381241798400879 
5.661836624145508 
7.671457290649414 
5.580916881561279 
6.068375587463379 
5.099095344543457 
6.045347690582275 
6.003276348114014 
5.552689552307129 
8.884724617004395 
8.440484046936035 
6.282878398895264 
6.32558012008667 
5.624395370483398 
5.1294779777526855 
7.0934343338012695 
4.998781204223633 
8.525203704833984 
7.3457818031311035 
5.660553455352783 
7.3804192543029785 
5.624177932739258 
5.835976600646973 
8.572334289550781 
5.3458075523376465 
6.36099910736084 
7.154404640197754 
5.773191452026367 
6.885899066925049 
6.321335792541504 
5.662343978881836 
5.676924705505371 
5.295372486114502 
4.937111854553223 
7.557364463806152 
5.3380818367004395 
6.422713756561279 
7.706623077392578 
6.69520902633667 
6.7917633056640625 
4.969318866729736 
7.425971984863281 
4.6162028312683105 
7.2854180335998535 
5.579321384429932 
5.061053276062012 
6.801003456115723 
5.272348880767822 
6.690288543701172 
5.433648109436035 
6.417852401733398 
7.727872371673584 
4.934416770935059 
6.150714874267578 
6.194561958312988 
5.990731716156006 
6.349456787109375 
5.716482162475586 
5.453165054321289 
6.423615455627441 
7.617467880249023 
6.328908920288086 
5.764842987060547 
8.994418144226074 
7.91462516784668 
6.101490020751953 
6.188438415527344 
7.283395767211914 
6.426446914672852 
8.502365112304688 
6.758835315704346 
6.143674850463867 
5.962671279907227 
5.9058637619018555 
9.064558029174805 
5.795567989349365 
7.164085388183594 
5.096044063568115 
6.351280212402344 
5.650983810424805 
6.0240983963012695 
6.27365779876709 
6.116629600524902 
5.966026306152344 
5.3654375076293945 
7.095793724060059 
5.632221221923828 
7.486841201782227 
6.364529609680176 
6.165285110473633 
6.157243728637695 
7.248923301696777 
4.984739303588867 
7.009288787841797 
9.256178855895996 
6.705236434936523 
6.6718339920043945 
6.4222822189331055 
6.374173164367676 
8.659868240356445 
6.521756172180176 
5.705824851989746 
5.833218574523926 
8.212607383728027 
5.494841575622559 
6.52547550201416 
5.68644380569458 
7.13773250579834 
8.953861236572266 
5.975376129150391 
6.680517196655273 
6.088409423828125 
9.389939308166504 
4.9559736251831055 
6.556870937347412 
6.758426189422607 
5.704008102416992 
5.998136520385742 
5.97944450378418 
5.6757073402404785 
5.819714069366455 
6.009612083435059 
6.493096828460693 
5.186797142028809 
6.365355491638184 
9.500229835510254 
5.779633522033691 
6.650586128234863 
6.229588508605957 
5.181868076324463 
5.680274963378906 
8.950505256652832 
6.062685966491699 
6.145817756652832 
5.678609848022461 
5.454126358032227 
6.2405290603637695 
6.5400848388671875 
6.784832000732422 
4.875365257263184 
6.203519821166992 
7.316944599151611 
7.265697002410889 
5.249922752380371 
5.486761093139648 
6.824322700500488 
5.712554454803467 
6.45023250579834 
