5.182613849639893 
4.875766277313232 
5.670989990234375 
5.758093357086182 
5.0307440757751465 
5.045894145965576 
5.438994884490967 
4.987548828125 
4.928950786590576 
5.149787425994873 
4.961446762084961 
5.2204766273498535 
4.903012752532959 
5.644461631774902 
4.985291481018066 
5.831427574157715 
5.05975866317749 
5.027182102203369 
4.698768138885498 
5.631639003753662 
5.032744884490967 
5.216932773590088 
5.601161956787109 
6.601868152618408 
5.013482570648193 
8.097813606262207 
5.330483913421631 
5.677470684051514 
5.307604789733887 
6.3455400466918945 
4.9117560386657715 
5.202497482299805 
6.732790946960449 
5.090907096862793 
4.936794757843018 
4.908210277557373 
4.95393705368042 
5.3210530281066895 
8.235361099243164 
5.344801425933838 
5.17539119720459 
6.346001148223877 
4.918323993682861 
5.1163201332092285 
5.758285999298096 
5.111541271209717 
5.650753021240234 
5.098765850067139 
5.044154644012451 
4.859104633331299 
5.1791605949401855 
5.271378517150879 
4.8389506340026855 
4.940094470977783 
5.063582897186279 
4.990808963775635 
5.086174488067627 
5.166467189788818 
4.868659973144531 
5.723727703094482 
6.084354877471924 
5.054793834686279 
5.126013278961182 
5.933857440948486 
5.869689464569092 
6.2581868171691895 
4.733415126800537 
5.325747489929199 
4.93056058883667 
5.09507417678833 
5.002823352813721 
4.994270324707031 
5.015483379364014 
4.880098819732666 
4.9738593101501465 
5.700760841369629 
5.670945644378662 
4.985980987548828 
6.860624313354492 
8.299249649047852 
6.788229942321777 
5.024899959564209 
4.769405364990234 
5.324432373046875 
5.188864231109619 
5.152005195617676 
5.284430027008057 
5.392943859100342 
5.2779364585876465 
5.095999240875244 
5.244668483734131 
4.952891826629639 
4.701803684234619 
4.727879524230957 
7.479159832000732 
4.725985050201416 
6.332252502441406 
4.8902268409729 
5.011016368865967 
5.454272270202637 
5.187841892242432 
4.896772384643555 
5.490061283111572 
5.38427734375 
5.151122093200684 
6.02531099319458 
4.858249187469482 
5.654343605041504 
6.563595294952393 
5.099270343780518 
4.896302223205566 
5.3018388748168945 
4.878172874450684 
4.97406530380249 
5.042094707489014 
5.028153896331787 
6.095869541168213 
6.778830051422119 
5.0451130867004395 
4.693897247314453 
5.153446674346924 
5.220398426055908 
4.951232433319092 
4.93284797668457 
8.405374526977539 
7.288126468658447 
6.050530910491943 
4.956322193145752 
4.93137788772583 
5.00360631942749 
5.264986038208008 
4.998916149139404 
5.091733932495117 
4.692220687866211 
5.325242042541504 
5.4599738121032715 
8.173613548278809 
4.988178253173828 
4.772383689880371 
8.048959732055664 
5.082141399383545 
5.297854900360107 
5.028628826141357 
5.037543773651123 
5.444040775299072 
4.990834712982178 
5.017861366271973 
4.99751091003418 
7.8078293800354 
5.002265453338623 
5.314603328704834 
5.125214099884033 
7.093163013458252 
5.9124436378479 
7.07680606842041 
5.676485538482666 
7.247714519500732 
5.045376300811768 
5.872171401977539 
6.187289714813232 
5.57595682144165 
5.165485382080078 
5.639435291290283 
5.024848461151123 
5.560894012451172 
5.009248733520508 
5.249200344085693 
5.19687032699585 
7.205820083618164 
5.089715003967285 
4.710011959075928 
4.818765163421631 
4.914666652679443 
6.707885265350342 
5.158465385437012 
5.46894645690918 
4.980638027191162 
6.8208088874816895 
5.023558139801025 
4.908783435821533 
4.985690593719482 
5.060051441192627 
5.173811912536621 
4.9258246421813965 
5.265273571014404 
5.175746440887451 
5.022647380828857 
4.7639079093933105 
4.773963451385498 
5.316808223724365 
7.04743766784668 
4.994454860687256 
5.091365814208984 
5.012034893035889 
5.252514362335205 
5.047813415527344 
5.169159412384033 
5.00001335144043 
6.78278112411499 
8.564833641052246 
5.7608113288879395 
5.959649085998535 
5.407063961029053 
5.110947132110596 
5.454557418823242 
7.219773769378662 
4.927778244018555 
4.957665920257568 
8.24571704864502 
4.963982105255127 
7.441966533660889 
7.500955104827881 
5.172776699066162 
5.436941623687744 
5.574545383453369 
4.911483287811279 
6.12414026260376 
6.289866924285889 
4.764611721038818 
5.618919372558594 
5.2830281257629395 
4.982846736907959 
5.531606674194336 
5.274713516235352 
5.170551776885986 
5.43058443069458 
4.997132778167725 
5.246788501739502 
4.749230861663818 
4.7953782081604 
5.449216365814209 
5.956373691558838 
4.911121368408203 
6.041075229644775 
5.170530319213867 
5.298562526702881 
5.402900218963623 
5.118236064910889 
6.378686428070068 
5.0280890464782715 
5.016758441925049 
5.154469966888428 
4.969419956207275 
6.320156097412109 
4.740288257598877 
5.075189113616943 
5.13650369644165 
4.882347583770752 
4.871033191680908 
5.117856979370117 
5.781478404998779 
5.251652240753174 
5.97429084777832 
5.947329044342041 
5.200320720672607 
5.219666481018066 
5.05544900894165 
8.487274169921875 
5.250601768493652 
7.300352573394775 
7.211090564727783 
5.013591289520264 
5.2874016761779785 
5.007413864135742 
5.260958671569824 
4.943714141845703 
5.412915229797363 
5.016824245452881 
4.947124004364014 
8.09017276763916 
4.945873737335205 
5.007277011871338 
7.003694534301758 
5.115623950958252 
5.08347749710083 
5.246675491333008 
4.92217493057251 
5.014918327331543 
5.464478015899658 
6.055227756500244 
4.967674255371094 
5.011017322540283 
5.690751552581787 
4.868524074554443 
5.520941257476807 
4.956645965576172 
5.068272113800049 
5.166116237640381 
5.703117370605469 
8.523106575012207 
5.31070613861084 
5.0162577629089355 
7.730332851409912 
7.3760271072387695 
5.67681360244751 
4.966373920440674 
5.240701198577881 
4.802819728851318 
4.856100559234619 
5.706730365753174 
5.044426918029785 
5.6974005699157715 
5.002572536468506 
6.1422038078308105 
5.151710033416748 
4.956310749053955 
4.899459362030029 
5.438583850860596 
4.923572063446045 
4.921597480773926 
5.0532612800598145 
4.8792948722839355 
5.3207879066467285 
6.997208118438721 
4.884291172027588 
5.5262627601623535 
4.811598300933838 
5.113809108734131 
5.222285270690918 
4.913218021392822 
5.129518508911133 
5.015532970428467 
5.066869258880615 
4.848691463470459 
6.075741291046143 
5.136248588562012 
5.060673713684082 
5.908361911773682 
5.518456935882568 
5.1542816162109375 
5.378865718841553 
4.976935386657715 
4.8826518058776855 
4.934696674346924 
5.110004425048828 
5.305559158325195 
5.152554035186768 
4.891864776611328 
4.929117679595947 
4.997041702270508 
5.076719760894775 
7.2990007400512695 
5.123101711273193 
4.911478519439697 
5.027842998504639 
4.759064674377441 
4.890818119049072 
5.057749271392822 
5.064858913421631 
6.623304843902588 
5.080372333526611 
4.846614360809326 
5.020620822906494 
5.131246566772461 
5.203381061553955 
4.982558250427246 
5.0387749671936035 
4.963688373565674 
6.917831897735596 
6.475572109222412 
5.170987606048584 
5.220927715301514 
4.951037406921387 
5.254778861999512 
7.121518135070801 
4.901880741119385 
5.042177677154541 
6.028213977813721 
4.858778953552246 
6.371522903442383 
4.94788122177124 
4.936471462249756 
4.947085380554199 
7.103377819061279 
4.8846540451049805 
4.986846446990967 
5.025722503662109 
5.281921863555908 
5.043523788452148 
5.243863582611084 
4.948684215545654 
5.546356201171875 
5.101481914520264 
4.883398532867432 
5.159940719604492 
5.768027305603027 
4.924870014190674 
5.3285017013549805 
7.227279186248779 
4.97767448425293 
5.081113338470459 
4.923348426818848 
7.944982051849365 
4.925020694732666 
4.7676100730896 
5.160421848297119 
5.2217698097229 
4.832571506500244 
4.983198642730713 
5.8784027099609375 
4.92868185043335 
5.042068958282471 
5.054912090301514 
5.307762622833252 
7.429903507232666 
5.020449638366699 
5.357835292816162 
6.353074550628662 
5.078555583953857 
6.38764762878418 
4.937327861785889 
5.094659328460693 
4.978911876678467 
4.970835208892822 
6.565740585327148 
5.716134548187256 
5.1423845291137695 
6.308833599090576 
4.8903703689575195 
5.945385932922363 
7.704311847686768 
5.393124103546143 
5.311207294464111 
4.769481658935547 
5.1580424308776855 
4.908038139343262 
4.994326114654541 
5.031733989715576 
5.014838218688965 
4.979827880859375 
4.818737983703613 
5.366567611694336 
5.990620136260986 
5.722861289978027 
7.858493328094482 
4.912939548492432 
5.466638088226318 
4.974647521972656 
5.38292932510376 
5.198299407958984 
5.080506801605225 
5.057812690734863 
5.172965049743652 
5.104581356048584 
5.960324287414551 
5.018812656402588 
5.7737908363342285 
5.0877366065979 
4.929603099822998 
5.119012355804443 
4.95077657699585 
5.557906627655029 
5.512453556060791 
5.682652950286865 
4.972814559936523 
4.890307426452637 
5.150105953216553 
5.152170181274414 
5.444265365600586 
5.075989246368408 
5.873263835906982 
4.585484027862549 
5.786789894104004 
5.303999423980713 
4.983328819274902 
4.97804594039917 
5.385138511657715 
4.9447503089904785 
4.963428974151611 
4.876820087432861 
5.069267749786377 
4.7350053787231445 
4.9665350914001465 
5.655771732330322 
6.025514125823975 
4.953738689422607 
4.928203105926514 
4.983793258666992 
4.8834309577941895 
5.129244327545166 
7.778493404388428 
5.328089237213135 
5.118628025054932 
5.202065467834473 
4.994193077087402 
5.210620880126953 
5.006165027618408 
6.974912643432617 
5.015653133392334 
4.969898223876953 
5.09806489944458 
4.941008567810059 
4.874231815338135 
4.864536285400391 
5.164276599884033 
4.880812168121338 
5.0390191078186035 
4.796720027923584 
4.889585018157959 
4.975297451019287 
5.4198832511901855 
4.900604724884033 
5.239832401275635 
5.0337066650390625 
4.908071994781494 
5.017276287078857 
5.559945583343506 
4.8904643058776855 
5.250360012054443 
5.169753551483154 
6.12901496887207 
7.809257984161377 
5.547584056854248 
5.083192825317383 
5.27572774887085 
5.012516021728516 
4.984897613525391 
4.892282962799072 
5.019379138946533 
4.887753963470459 
4.87782621383667 
4.949922561645508 
4.819521427154541 
4.925859451293945 
4.948523998260498 
5.059840679168701 
5.81831693649292 
5.162142276763916 
7.433081150054932 
4.804230690002441 
5.159547328948975 
6.199628829956055 
5.694460868835449 
5.115349292755127 
6.66534948348999 
4.875347137451172 
5.246445655822754 
6.210021495819092 
5.071878910064697 
5.546889781951904 
4.976032257080078 
4.923289775848389 
5.021223545074463 
4.969564914703369 
4.7994065284729 
5.061075210571289 
5.026099681854248 
5.144406795501709 
4.877655029296875 
6.643978595733643 
8.263400077819824 
5.137055397033691 
5.190956115722656 
5.894070148468018 
5.037460803985596 
5.581681728363037 
4.813512325286865 
5.174488067626953 
5.027540683746338 
5.56321907043457 
4.852392673492432 
6.172299861907959 
5.283448696136475 
5.074456691741943 
4.941535472869873 
5.184741497039795 
5.279458045959473 
6.021825313568115 
4.8797125816345215 
4.966677665710449 
4.902538776397705 
4.906991481781006 
9.134095191955566 
5.3409271240234375 
5.261768817901611 
4.954331398010254 
8.216557502746582 
9.019895553588867 
4.855499267578125 
5.269992351531982 
5.173161029815674 
5.064249515533447 
5.177959442138672 
5.028370380401611 
4.87826681137085 
6.170012950897217 
5.504323482513428 
5.765860557556152 
5.047214031219482 
5.692367076873779 
5.083824634552002 
5.57307767868042 
4.95492696762085 
5.477029323577881 
5.999138355255127 
5.033138275146484 
4.984364986419678 
5.222891330718994 
5.432958126068115 
5.1604132652282715 
5.034136772155762 
5.205219268798828 
4.753506183624268 
6.104149341583252 
5.172635555267334 
8.040098190307617 
5.929458141326904 
4.8890299797058105 
5.161859035491943 
5.110823631286621 
4.728326797485352 
4.965897083282471 
5.014293193817139 
5.289610862731934 
4.800121784210205 
5.001802921295166 
5.0480570793151855 
6.615566253662109 
5.015227794647217 
5.4668192863464355 
4.860055446624756 
5.095662593841553 
4.79927921295166 
5.004034042358398 
4.906065464019775 
5.40807580947876 
5.898600101470947 
5.2546257972717285 
5.203001499176025 
5.131220817565918 
6.276490211486816 
5.3047966957092285 
5.442383289337158 
5.429553508758545 
7.152310848236084 
5.079051494598389 
4.909409046173096 
6.025009632110596 
5.766658306121826 
5.678114414215088 
4.867326736450195 
5.11082124710083 
4.855429172515869 
6.078096866607666 
5.0091023445129395 
5.3582987785339355 
5.891904830932617 
6.432240009307861 
4.986749172210693 
5.331961631774902 
6.132753849029541 
5.07639741897583 
4.917891025543213 
4.971658229827881 
5.244280815124512 
5.102743148803711 
6.8828349113464355 
5.053844928741455 
9.216623306274414 
5.4513373374938965 
4.632826328277588 
4.915435314178467 
5.8566060066223145 
5.007647514343262 
6.898935794830322 
5.1156206130981445 
5.099161624908447 
5.063058853149414 
5.110092639923096 
7.636458873748779 
5.210365295410156 
5.862758159637451 
4.9299540519714355 
4.768161296844482 
4.908261775970459 
5.567419052124023 
4.9448418617248535 
5.148932456970215 
4.794847011566162 
4.978902816772461 
5.18331241607666 
4.861791133880615 
4.930155277252197 
4.9064202308654785 
5.622084140777588 
5.070013523101807 
4.775260925292969 
4.956089019775391 
4.944129467010498 
5.941633701324463 
5.116750240325928 
6.012527942657471 
5.711596965789795 
5.055409908294678 
7.5699143409729 
5.077020168304443 
5.185676574707031 
5.088611125946045 
5.398597717285156 
4.951847553253174 
5.17786979675293 
7.962109088897705 
4.890134334564209 
5.194983005523682 
5.0373759269714355 
5.229337692260742 
4.866998195648193 
5.892649173736572 
4.831542015075684 
5.072436809539795 
5.473814964294434 
4.85669469833374 
4.776327610015869 
5.036022663116455 
4.969273090362549 
5.349802494049072 
5.131858825683594 
5.078553676605225 
5.09409761428833 
5.193919658660889 
4.9569244384765625 
5.538245677947998 
7.500448703765869 
5.2928690910339355 
5.220860958099365 
5.034419059753418 
5.006171226501465 
6.505669116973877 
4.9851460456848145 
8.198793411254883 
6.2984747886657715 
5.143412113189697 
5.213118076324463 
4.975864410400391 
6.282508850097656 
4.93976354598999 
4.722349166870117 
6.672485828399658 
7.404708385467529 
5.0135626792907715 
5.536290645599365 
5.1532769203186035 
5.002192497253418 
4.973684310913086 
5.278634548187256 
5.379317283630371 
5.217812538146973 
5.750945568084717 
4.97352933883667 
5.582538604736328 
5.022262096405029 
5.078069686889648 
7.710757732391357 
4.975244998931885 
6.390042781829834 
4.811848163604736 
4.894567012786865 
5.1057634353637695 
9.585736274719238 
5.452693462371826 
5.137253284454346 
4.808513164520264 
4.834059238433838 
4.95285701751709 
5.465219020843506 
4.9859232902526855 
8.286330223083496 
5.1608805656433105 
4.935451984405518 
6.36112117767334 
8.026006698608398 
7.549355506896973 
4.8668928146362305 
5.816125392913818 
4.897238254547119 
4.83198881149292 
5.2874836921691895 
4.872435569763184 
5.665637493133545 
5.370621204376221 
4.895812034606934 
5.292952060699463 
5.224013328552246 
5.004021644592285 
5.2252020835876465 
4.895270824432373 
5.618751049041748 
4.881162166595459 
5.395809173583984 
4.927860736846924 
8.839799880981445 
4.8784685134887695 
4.906310558319092 
8.66515064239502 
6.443511486053467 
5.050666809082031 
5.679630279541016 
5.043111324310303 
5.168848514556885 
4.893350124359131 
5.033759593963623 
5.165078639984131 
5.040286540985107 
4.839665412902832 
5.424659252166748 
5.233828544616699 
5.148838520050049 
5.466518402099609 
5.616065502166748 
4.924400806427002 
5.036651611328125 
4.767195224761963 
5.710350036621094 
5.353436470031738 
5.081878662109375 
4.9748101234436035 
8.16936206817627 
4.927056312561035 
5.000847816467285 
4.781596660614014 
5.2161078453063965 
5.031463623046875 
6.937661647796631 
5.076332092285156 
5.356471538543701 
5.076858997344971 
5.372610092163086 
6.665952205657959 
4.824059963226318 
5.045388698577881 
6.219892978668213 
5.0122504234313965 
4.92659854888916 
5.808477878570557 
5.260136604309082 
4.804799556732178 
5.22807502746582 
4.8894429206848145 
4.957657337188721 
5.500374794006348 
5.013416767120361 
7.51389741897583 
5.209222793579102 
4.911437034606934 
4.904121398925781 
5.073180675506592 
5.595383167266846 
4.932817459106445 
5.003498554229736 
5.256667613983154 
4.975809574127197 
5.499703884124756 
7.3043975830078125 
5.892038822174072 
5.083378314971924 
4.858373641967773 
5.300185680389404 
5.528841495513916 
5.1392598152160645 
5.3009538650512695 
6.412608623504639 
5.108375072479248 
5.629388332366943 
5.133475303649902 
5.870987415313721 
5.413956165313721 
5.201684474945068 
4.935646057128906 
5.310665607452393 
5.029776096343994 
6.637330055236816 
4.808638572692871 
5.368018627166748 
5.067091464996338 
5.193754196166992 
5.326042175292969 
5.102512836456299 
4.993319988250732 
4.7210307121276855 
4.970212459564209 
8.646505355834961 
5.3048930168151855 
5.099689483642578 
4.801398277282715 
5.670803546905518 
5.029862880706787 
6.6080403327941895 
5.0897040367126465 
5.01578426361084 
5.93171501159668 
4.986966609954834 
4.855004787445068 
5.13425350189209 
5.121777057647705 
4.912692070007324 
4.846191883087158 
5.1243672370910645 
5.738135814666748 
7.000317096710205 
5.308087348937988 
7.800820350646973 
5.307572841644287 
5.716145038604736 
4.904942989349365 
4.753960132598877 
4.960330009460449 
6.382691860198975 
4.739570140838623 
5.16407585144043 
5.527557373046875 
5.819335460662842 
8.426996231079102 
5.14501428604126 
5.059271812438965 
4.812345027923584 
4.859636306762695 
4.870404243469238 
5.148699760437012 
5.341341972351074 
5.2591633796691895 
5.24896764755249 
5.353837490081787 
4.891745090484619 
4.988500118255615 
5.090421199798584 
5.4305100440979 
5.103673458099365 
4.907046794891357 
5.292992115020752 
5.262399196624756 
5.105088710784912 
4.9739251136779785 
7.279651641845703 
5.3652119636535645 
5.092028617858887 
4.81881046295166 
5.060291767120361 
5.037777423858643 
5.138152122497559 
8.221614837646484 
4.935791492462158 
5.039055347442627 
4.910836696624756 
5.089902400970459 
4.979275226593018 
5.694050312042236 
5.231138706207275 
4.986672401428223 
8.46926212310791 
6.668181419372559 
5.170530796051025 
5.2250657081604 
8.196183204650879 
5.39661169052124 
7.835616111755371 
5.412543296813965 
5.040560245513916 
4.975268840789795 
4.907700061798096 
6.504696369171143 
5.174872875213623 
7.610711574554443 
4.950779438018799 
4.9067254066467285 
7.424153804779053 
4.726273059844971 
6.2095441818237305 
5.15839958190918 
5.3693366050720215 
4.890400409698486 
5.135716438293457 
4.916924476623535 
4.806588172912598 
4.9292778968811035 
5.36550760269165 
5.419074535369873 
6.873078346252441 
4.925181865692139 
5.169558525085449 
5.653392791748047 
5.275355815887451 
6.046224117279053 
5.25654935836792 
5.139004230499268 
4.9907708168029785 
4.797774791717529 
6.339943885803223 
5.386965751647949 
4.898287296295166 
4.988755702972412 
5.346147537231445 
5.102479457855225 
4.889009952545166 
4.916378021240234 
4.908907413482666 
5.19920015335083 
5.633100986480713 
5.061600685119629 
5.2499003410339355 
4.830996990203857 
5.300485610961914 
5.641786098480225 
4.981180667877197 
5.0202555656433105 
5.191878795623779 
5.341551303863525 
5.242655277252197 
5.078221797943115 
5.900046348571777 
5.130046367645264 
4.9573798179626465 
6.399710178375244 
5.983981609344482 
5.016054153442383 
7.501780033111572 
4.957911014556885 
4.68729829788208 
5.078243732452393 
6.04679536819458 
5.024519443511963 
4.6884355545043945 
4.952363967895508 
4.693258762359619 
5.2357587814331055 
5.44482421875 
5.393484592437744 
4.877358913421631 
5.142066955566406 
5.139317035675049 
5.250222682952881 
4.935980319976807 
4.865682601928711 
5.29307222366333 
6.541379451751709 
5.279074668884277 
4.873282432556152 
6.488034248352051 
5.030360221862793 
6.507138729095459 
4.9779372215271 
4.972138404846191 
4.940196514129639 
5.132932186126709 
5.185379981994629 
4.87960958480835 
4.878194332122803 
6.162819862365723 
4.862419605255127 
5.052358150482178 
5.203713417053223 
4.816071033477783 
5.192577838897705 
5.833219051361084 
5.225073337554932 
5.489551067352295 
4.924855709075928 
5.366766452789307 
6.460931301116943 
5.431370258331299 
5.226629257202148 
5.044239521026611 
4.953162670135498 
4.87065315246582 
5.7618489265441895 
4.984981536865234 
5.035374164581299 
4.859604358673096 
5.059161186218262 
5.1138997077941895 
4.855820655822754 
5.243016242980957 
4.96610164642334 
5.341724872589111 
5.89794397354126 
4.9101243019104 
5.0763068199157715 
4.844936847686768 
5.121815204620361 
5.173058032989502 
4.930856227874756 
4.971746921539307 
4.967628002166748 
5.087250232696533 
5.058125019073486 
4.900465488433838 
5.0828680992126465 
6.64946985244751 
4.834723949432373 
5.332979679107666 
5.035144329071045 
4.9617838859558105 
5.006285667419434 
5.130667686462402 
5.680229187011719 
5.807383060455322 
6.82789945602417 
5.12229061126709 
6.475584030151367 
5.126131534576416 
5.406494140625 
5.068995475769043 
8.72121810913086 
4.8358073234558105 
4.8352460861206055 
4.961648941040039 
5.4531569480896 
5.148488521575928 
6.171882629394531 
5.045651435852051 
4.908271312713623 
5.760064125061035 
4.971803188323975 
4.769683837890625 
5.073062896728516 
5.09251070022583 
5.121396541595459 
4.932491779327393 
5.055953502655029 
7.318563938140869 
6.81504487991333 
5.027248382568359 
5.086236476898193 
5.133420467376709 
6.106113433837891 
5.139814376831055 
5.002283573150635 
8.00594425201416 
5.5250067710876465 
5.2024712562561035 
4.980363845825195 
4.995834827423096 
6.701338768005371 
6.020798683166504 
6.8471903800964355 
4.928578853607178 
5.036880016326904 
5.622481822967529 
5.385038375854492 
5.102694511413574 
5.857410907745361 
5.164040565490723 
5.065039157867432 
4.907886028289795 
4.888280391693115 
5.190968036651611 
4.983914852142334 
9.666926383972168 
5.282960414886475 
4.78336763381958 
5.051616668701172 
5.200125217437744 
5.031482219696045 
5.035949230194092 
4.899672031402588 
5.5872673988342285 
6.174380779266357 
6.1862006187438965 
5.321434497833252 
5.0653910636901855 
4.973930835723877 
5.508538722991943 
5.213506698608398 
5.0683274269104 
5.019104480743408 
4.743387222290039 
6.482762813568115 
5.379017353057861 
4.988352298736572 
5.285170078277588 
4.976166248321533 
6.431522369384766 
8.966521263122559 
4.900628089904785 
4.988595485687256 
5.141098976135254 
5.103132724761963 
4.955005168914795 
6.4242143630981445 
5.070743083953857 
4.9288330078125 
4.868229389190674 
5.10517692565918 
5.124125003814697 
4.992218494415283 
4.898868083953857 
5.1486992835998535 
5.056329727172852 
6.056204319000244 
6.761733531951904 
4.9543375968933105 
5.120594024658203 
5.1285271644592285 
5.08828067779541 
8.176828384399414 
5.049197196960449 
5.129123210906982 
7.023254871368408 
5.147976398468018 
4.850854396820068 
5.839017868041992 
5.430505752563477 
7.155351161956787 
5.457246780395508 
5.177581310272217 
5.180595874786377 
4.896239757537842 
4.939377307891846 
4.5892510414123535 
4.993978023529053 
5.242763519287109 
6.958114147186279 
5.527594089508057 
4.9734625816345215 
4.9609246253967285 
5.335488796234131 
5.15980863571167 
4.9214606285095215 
5.033047676086426 
5.182061672210693 
5.359800338745117 
4.993164539337158 
5.121041774749756 
5.115720272064209 
5.091419696807861 
4.988222122192383 
5.314116954803467 
5.287950038909912 
5.033905506134033 
5.1120429039001465 
5.725229263305664 
5.2971696853637695 
5.567412853240967 
4.991640567779541 
6.779841423034668 
4.978470325469971 
4.978010654449463 
4.79219388961792 
5.519681453704834 
5.040196895599365 
4.847689151763916 
5.358945369720459 
4.7629780769348145 
5.773136138916016 
5.2886199951171875 
4.985806941986084 
4.844401836395264 
5.004322528839111 
5.410512924194336 
6.851179599761963 
5.652809143066406 
5.225127696990967 
5.305541038513184 
4.925410747528076 
4.839937686920166 
5.1510186195373535 
4.914874076843262 
4.971847057342529 
6.497024059295654 
5.498210906982422 
4.959570407867432 
8.02126407623291 
5.27699613571167 
5.09153413772583 
4.832479953765869 
6.056381702423096 
6.6207404136657715 
6.0887956619262695 
4.78553581237793 
5.1704301834106445 
4.889157772064209 
5.595370769500732 
5.048749923706055 
6.737310886383057 
4.992499828338623 
5.267414569854736 
4.852016925811768 
5.176741123199463 
5.209249973297119 
5.181942462921143 
5.0909342765808105 
5.731207370758057 
5.186666965484619 
6.064926624298096 
5.207797050476074 
4.904613971710205 
5.155528545379639 
5.370808124542236 
4.881652355194092 
5.359254360198975 
5.8943963050842285 
5.082034111022949 
4.991943359375 
5.009366035461426 
5.010768890380859 
4.826916694641113 
5.895788669586182 
4.845188617706299 
4.876577854156494 
9.327435493469238 
5.19457483291626 
5.0756516456604 
6.974745273590088 
7.005519390106201 
5.146632671356201 
5.91011905670166 
4.90868616104126 
5.036537170410156 
4.829939365386963 
5.092895030975342 
5.139317035675049 
5.057949542999268 
4.905803203582764 
5.728000164031982 
4.760776519775391 
6.355279445648193 
4.916059970855713 
7.604390621185303 
5.064651966094971 
5.076791286468506 
5.276809215545654 
4.8342485427856445 
5.906214237213135 
4.938172340393066 
6.720789909362793 
5.9128923416137695 
5.389564037322998 
5.4887566566467285 
5.068165302276611 
5.8415069580078125 
4.962954044342041 
4.8946027755737305 
4.836617469787598 
4.899737358093262 
4.885414123535156 
4.8595123291015625 
6.2330241203308105 
5.223333358764648 
5.019681453704834 
5.412271499633789 
4.872664928436279 
5.824325084686279 
5.050710201263428 
4.863969326019287 
5.655311107635498 
5.098849773406982 
7.248824596405029 
5.250399589538574 
6.070485591888428 
5.018618106842041 
4.908834934234619 
5.023300647735596 
5.117602825164795 
4.886870861053467 
5.103260040283203 
6.07106351852417 
5.748696804046631 
4.899597644805908 
5.095254421234131 
5.032232761383057 
6.458327770233154 
5.094695091247559 
4.924785137176514 
5.267330646514893 
5.005075931549072 
5.188715934753418 
6.635807514190674 
4.934667587280273 
7.452624797821045 
6.9590935707092285 
4.947312355041504 
4.871212005615234 
4.850673198699951 
4.917998790740967 
5.0195488929748535 
6.221656322479248 
5.061417102813721 
5.187920093536377 
6.306625843048096 
5.024230480194092 
5.1096906661987305 
5.2370171546936035 
5.830135822296143 
5.109506607055664 
5.1030144691467285 
5.058534145355225 
4.881326198577881 
5.012602806091309 
5.100818157196045 
5.271335124969482 
7.330780029296875 
6.28801155090332 
6.197311878204346 
5.5459418296813965 
5.196073055267334 
4.9826836585998535 
5.565989971160889 
5.172496795654297 
5.9930243492126465 
5.127904415130615 
5.23026704788208 
5.035521030426025 
7.390615940093994 
5.038286209106445 
8.123814582824707 
4.926212310791016 
5.141717433929443 
5.287317752838135 
5.050649166107178 
4.9140706062316895 
5.0232133865356445 
5.160302639007568 
5.142632484436035 
5.0311665534973145 
5.0993428230285645 
5.1759867668151855 
5.242969036102295 
6.930225372314453 
5.062354564666748 
5.521225452423096 
6.165177822113037 
5.9008402824401855 
4.932096004486084 
4.895558834075928 
5.08901834487915 
4.867295742034912 
4.932274341583252 
5.262791156768799 
5.073374271392822 
4.772470951080322 
5.103261470794678 
4.912906169891357 
5.109129428863525 
5.188758850097656 
6.479396343231201 
5.203802108764648 
5.082765579223633 
4.9426398277282715 
5.868199825286865 
5.220139503479004 
7.143723964691162 
7.213745594024658 
4.906903266906738 
4.919788837432861 
5.6540913581848145 
6.116670608520508 
5.160792827606201 
4.524455547332764 
6.774287700653076 
5.022672653198242 
6.573675632476807 
5.942081928253174 
5.956413745880127 
4.948151111602783 
4.911983966827393 
4.834055423736572 
5.167279243469238 
4.892484188079834 
4.892074108123779 
5.106086254119873 
4.834414482116699 
5.049380779266357 
5.028641700744629 
5.299569606781006 
4.983680248260498 
5.00166130065918 
5.88894510269165 
6.371250629425049 
4.994607448577881 
5.824211597442627 
5.615903377532959 
4.820688247680664 
5.83633279800415 
5.113964557647705 
5.100264072418213 
5.092709064483643 
7.154450416564941 
5.124264717102051 
4.9896039962768555 
4.984656810760498 
5.277547359466553 
4.897004127502441 
5.145303726196289 
8.048945426940918 
4.8671040534973145 
4.783055782318115 
5.129446983337402 
7.39963436126709 
8.008146286010742 
4.983523845672607 
5.165062427520752 
5.108030796051025 
7.74512243270874 
6.196571350097656 
4.885432720184326 
5.057509422302246 
5.150176525115967 
5.674069404602051 
4.851263999938965 
5.547339916229248 
5.079036235809326 
4.812586784362793 
5.07846212387085 
5.373650074005127 
7.431370258331299 
5.501275539398193 
6.082712650299072 
7.197920799255371 
6.37930154800415 
4.7610907554626465 
5.346627712249756 
5.355283260345459 
5.106673717498779 
4.962752819061279 
5.341615200042725 
5.397594451904297 
4.782905101776123 
5.1813554763793945 
4.915802478790283 
5.2446417808532715 
5.196783542633057 
4.925788402557373 
7.623055934906006 
5.519320011138916 
5.082902431488037 
4.953351974487305 
5.8552961349487305 
4.9194207191467285 
8.489346504211426 
4.936102390289307 
5.047389030456543 
5.103506565093994 
4.921376705169678 
5.597889423370361 
5.999131679534912 
5.0661444664001465 
4.884313106536865 
6.394272327423096 
5.456382751464844 
5.634603023529053 
7.132049560546875 
5.066397666931152 
5.43826150894165 
5.195422649383545 
6.213673114776611 
5.776539325714111 
5.197137355804443 
4.9588518142700195 
7.000637531280518 
5.004828929901123 
5.090003490447998 
4.908361911773682 
4.936768054962158 
5.2932868003845215 
5.346130847930908 
4.916136264801025 
5.443047046661377 
6.407105445861816 
5.080551624298096 
5.01985502243042 
5.272348403930664 
4.898200988769531 
5.813416004180908 
5.070861339569092 
5.118496417999268 
4.901910781860352 
5.849877834320068 
5.248075008392334 
5.435596942901611 
5.0680623054504395 
5.089502334594727 
5.331100940704346 
5.089423656463623 
7.720052242279053 
5.155482769012451 
4.930047512054443 
5.122167587280273 
5.2364678382873535 
5.217774391174316 
5.093296527862549 
4.809718132019043 
4.880660057067871 
5.101104259490967 
4.962376117706299 
4.851232051849365 
5.650988578796387 
5.489674091339111 
5.111471176147461 
5.840710163116455 
5.507201194763184 
4.884237766265869 
5.194102764129639 
4.9960246086120605 
4.969119548797607 
5.347397804260254 
5.837758541107178 
5.036870002746582 
4.983684062957764 
5.203384876251221 
5.188730716705322 
6.415973663330078 
4.978069305419922 
6.203530788421631 
5.827857971191406 
4.95092248916626 
4.930759906768799 
4.911999702453613 
4.98712682723999 
7.962138652801514 
5.606751918792725 
4.896178245544434 
5.101694107055664 
6.0524001121521 
7.68777322769165 
4.738523006439209 
5.246613025665283 
7.835031509399414 
5.187560081481934 
5.008947372436523 
5.5063157081604 
4.868916988372803 
4.709001064300537 
5.1337971687316895 
5.199875354766846 
8.020289421081543 
4.913196086883545 
5.051451206207275 
5.164550304412842 
5.170956611633301 
6.5939717292785645 
5.507160663604736 
5.126821041107178 
6.976916313171387 
5.673994541168213 
6.50058126449585 
6.575570583343506 
5.161763668060303 
4.866295337677002 
5.165501594543457 
4.910680294036865 
4.974226474761963 
6.5712809562683105 
5.471507549285889 
5.238410472869873 
5.041468143463135 
5.007235050201416 
5.8391242027282715 
5.588394641876221 
5.138819217681885 
5.320706844329834 
5.272751331329346 
4.946969509124756 
5.025797367095947 
5.142832279205322 
7.948183059692383 
4.959812641143799 
4.946683883666992 
4.991043567657471 
5.23583459854126 
5.3563151359558105 
5.3084917068481445 
6.78013277053833 
5.087676048278809 
7.984658241271973 
5.1198201179504395 
4.994602203369141 
5.723745822906494 
5.072712421417236 
4.929008960723877 
4.937158107757568 
5.066914081573486 
5.484735488891602 
5.273856163024902 
6.751502990722656 
7.527721881866455 
6.1653218269348145 
4.970333099365234 
5.896942615509033 
5.214745044708252 
5.302582263946533 
7.496716022491455 
5.4403300285339355 
5.056885242462158 
4.958946704864502 
5.763280391693115 
5.195309162139893 
5.44301176071167 
4.946299076080322 
4.87725305557251 
4.929734706878662 
4.997168064117432 
4.820946216583252 
4.986616611480713 
5.058383941650391 
5.218603610992432 
5.143888473510742 
5.047125816345215 
5.185291767120361 
5.441930770874023 
5.173275947570801 
4.963173866271973 
5.305643558502197 
4.9025678634643555 
5.060622692108154 
5.895126819610596 
5.023276329040527 
5.447493076324463 
4.8494157791137695 
4.977197170257568 
5.2646484375 
5.0872015953063965 
5.059893608093262 
5.224593162536621 
5.113073348999023 
4.942850112915039 
5.44696044921875 
5.03008508682251 
5.130243301391602 
5.053226947784424 
4.968965530395508 
4.983436584472656 
4.925012111663818 
4.890384197235107 
5.449869632720947 
5.424402236938477 
5.030543804168701 
4.961979866027832 
5.0615739822387695 
4.957830429077148 
5.133632183074951 
5.127638339996338 
5.978966236114502 
5.064707279205322 
6.310360431671143 
4.757943153381348 
4.734229564666748 
5.050450801849365 
4.82515287399292 
5.050942897796631 
6.537733554840088 
5.041265964508057 
5.024498462677002 
4.821712970733643 
5.021926403045654 
4.79185152053833 
4.948147296905518 
5.1669392585754395 
6.311069488525391 
5.21547794342041 
5.284434795379639 
5.1684064865112305 
5.005427837371826 
5.02332067489624 
4.999745845794678 
5.059601306915283 
5.334137439727783 
4.909087181091309 
5.330503463745117 
4.919642925262451 
5.359556674957275 
5.168184280395508 
5.090799331665039 
4.824357032775879 
5.261328220367432 
6.759448528289795 
5.121090412139893 
5.070643901824951 
4.917818546295166 
5.0603742599487305 
4.884517669677734 
5.473100185394287 
5.083399772644043 
9.834887504577637 
4.98043966293335 
5.120683193206787 
4.916276454925537 
5.043864727020264 
5.965869426727295 
5.279407978057861 
4.993810176849365 
4.922712802886963 
5.007696628570557 
5.398357391357422 
4.943599700927734 
4.86619234085083 
8.792600631713867 
5.207568645477295 
4.866581916809082 
5.469751834869385 
5.283380508422852 
5.104748249053955 
5.202635288238525 
6.366489410400391 
5.056120872497559 
5.156190395355225 
5.30200719833374 
5.136893272399902 
5.165970325469971 
4.766416072845459 
4.885876655578613 
5.85421895980835 
5.513333797454834 
5.647386074066162 
5.182694911956787 
5.008039951324463 
5.295504093170166 
5.274551868438721 
4.85795259475708 
4.9759955406188965 
5.0173163414001465 
4.977906227111816 
5.302456378936768 
8.6737642288208 
5.4791579246521 
5.69931697845459 
4.9049391746521 
4.945565223693848 
5.164276123046875 
5.360888957977295 
5.006995677947998 
4.857960224151611 
4.94912052154541 
4.911430835723877 
4.832838535308838 
5.1437458992004395 
6.442583084106445 
4.840582370758057 
4.931440353393555 
5.054882526397705 
5.846737384796143 
5.093194484710693 
5.947443008422852 
5.110383987426758 
6.103915691375732 
5.59343957901001 
6.587216854095459 
5.121227741241455 
4.924802303314209 
4.876227855682373 
5.171431064605713 
5.208505153656006 
5.568984508514404 
5.822765350341797 
4.976379871368408 
5.317461013793945 
6.5500712394714355 
4.970163822174072 
5.211923599243164 
5.183129787445068 
5.071227550506592 
5.243638515472412 
5.578887462615967 
4.927146911621094 
5.978020191192627 
5.901045322418213 
5.009366512298584 
5.201147556304932 
4.874853610992432 
5.0997700691223145 
5.042606830596924 
5.344441890716553 
5.221112251281738 
5.042465686798096 
4.842385768890381 
4.90603494644165 
5.393216609954834 
5.014187812805176 
4.905287265777588 
4.978240966796875 
5.05071496963501 
4.989084720611572 
6.106713771820068 
6.658897399902344 
5.201110363006592 
5.06620454788208 
5.890329360961914 
5.428548812866211 
5.792354583740234 
8.545848846435547 
5.3167290687561035 
5.402191638946533 
5.028239727020264 
5.462010860443115 
5.43402624130249 
5.082783222198486 
5.463359832763672 
5.13157320022583 
5.113523006439209 
5.194591045379639 
4.905997276306152 
6.791579723358154 
4.847509860992432 
4.90838623046875 
5.031168460845947 
5.1175642013549805 
5.030496120452881 
5.675069332122803 
5.036336421966553 
4.6693854331970215 
5.543959140777588 
5.621446132659912 
5.534692287445068 
6.327752590179443 
5.035214900970459 
5.030041217803955 
6.329917907714844 
4.844488620758057 
5.34812593460083 
5.333546161651611 
5.0190606117248535 
5.574841022491455 
5.305803298950195 
5.9543890953063965 
4.927145481109619 
5.890991687774658 
5.179640293121338 
4.8667168617248535 
4.840572357177734 
4.842343330383301 
5.166768550872803 
5.283459186553955 
7.236572742462158 
5.3597025871276855 
5.028756618499756 
5.233592510223389 
5.301738739013672 
5.1151909828186035 
5.209189414978027 
4.903393268585205 
7.178374767303467 
5.218613147735596 
4.912139415740967 
6.070460796356201 
4.934344291687012 
5.152899265289307 
5.410790920257568 
4.869299411773682 
4.99551248550415 
6.7988386154174805 
4.941956043243408 
4.883955955505371 
5.102256774902344 
4.997481822967529 
5.2139105796813965 
5.025601863861084 
5.089337348937988 
5.368581771850586 
4.958714962005615 
6.19214391708374 
5.227267742156982 
4.842349529266357 
5.3101325035095215 
4.985630512237549 
5.116271018981934 
4.800386905670166 
5.166812419891357 
4.9492387771606445 
5.396935939788818 
5.177241325378418 
4.8888468742370605 
5.024438381195068 
6.879085063934326 
5.0248332023620605 
4.992599010467529 
5.084052562713623 
5.322864055633545 
4.917750835418701 
9.129066467285156 
4.850518703460693 
5.495163440704346 
8.494218826293945 
6.016855716705322 
5.763050556182861 
5.042356014251709 
4.971935749053955 
5.363743305206299 
5.089303493499756 
5.020911693572998 
4.869921684265137 
5.131221771240234 
6.286163806915283 
7.168696880340576 
4.888716220855713 
4.871342182159424 
4.939772129058838 
5.256851673126221 
4.780938625335693 
5.021803379058838 
5.113515377044678 
5.207460880279541 
6.404696941375732 
4.953396320343018 
5.014954090118408 
4.990353584289551 
4.871670246124268 
5.710957050323486 
5.135610103607178 
5.062814235687256 
5.258659839630127 
5.095820903778076 
5.167236804962158 
5.772054195404053 
6.785318851470947 
5.302968502044678 
5.150882244110107 
4.783849239349365 
5.050788402557373 
5.367773532867432 
4.892829418182373 
5.197449207305908 
6.527357578277588 
4.91213846206665 
8.263930320739746 
5.119204998016357 
4.698644161224365 
5.264659404754639 
4.92950963973999 
4.955032825469971 
4.870358467102051 
5.017324447631836 
5.1616106033325195 
6.907616138458252 
4.98209285736084 
5.157724380493164 
5.078279972076416 
6.796075344085693 
6.254781246185303 
4.808748722076416 
5.492614269256592 
7.203176021575928 
5.048959255218506 
5.987442970275879 
6.076358318328857 
7.326348781585693 
4.771407127380371 
5.697991847991943 
5.201046943664551 
4.965137004852295 
4.840124607086182 
5.542818546295166 
4.824916362762451 
6.44837760925293 
4.971794605255127 
5.890761375427246 
5.039336204528809 
5.6111741065979 
5.4171366691589355 
6.532966136932373 
4.804193019866943 
4.883208751678467 
4.804464340209961 
4.98828125 
4.939737796783447 
4.871764183044434 
5.203675746917725 
6.844508647918701 
5.05514669418335 
5.2247724533081055 
5.744369029998779 
5.023444175720215 
5.0608601570129395 
5.074941158294678 
5.071639537811279 
5.6164164543151855 
6.86599063873291 
4.966457843780518 
4.999470233917236 
4.98740816116333 
5.2113189697265625 
5.380190849304199 
4.68998908996582 
5.903322696685791 
6.17274284362793 
5.196280479431152 
7.526809215545654 
5.190252304077148 
5.036643981933594 
4.9430975914001465 
5.709340572357178 
4.880575656890869 
5.145613193511963 
5.374159336090088 
5.265420436859131 
5.236366271972656 
4.858649730682373 
6.698531150817871 
4.986913204193115 
5.043148994445801 
4.94314432144165 
7.189306735992432 
5.654056549072266 
7.725958824157715 
5.153787612915039 
5.288424015045166 
5.04436731338501 
5.064225673675537 
6.294876575469971 
5.264283180236816 
4.9978532791137695 
5.321126937866211 
4.8359599113464355 
7.620016574859619 
5.322359561920166 
5.112630367279053 
4.999300479888916 
5.035706996917725 
5.329102516174316 
5.72897481918335 
6.327056407928467 
5.227973461151123 
4.84506893157959 
5.193228244781494 
5.063784122467041 
4.758408069610596 
5.545952320098877 
5.081839084625244 
4.932961463928223 
5.204984664916992 
5.094517230987549 
4.826605319976807 
7.114182949066162 
5.043712615966797 
4.991240978240967 
5.3470940589904785 
5.209953784942627 
7.925080299377441 
5.1404709815979 
4.877639293670654 
4.616515636444092 
5.732692241668701 
4.879563808441162 
5.031970500946045 
5.44938325881958 
5.028682708740234 
4.954694747924805 
5.177286148071289 
5.319041728973389 
8.12981128692627 
4.701636791229248 
5.063697338104248 
5.00975227355957 
5.235999584197998 
5.343307018280029 
4.983412265777588 
6.256471157073975 
5.047644138336182 
7.7258124351501465 
5.079158306121826 
5.4042534828186035 
4.8576483726501465 
6.043590545654297 
4.928419589996338 
4.896032810211182 
4.972761631011963 
4.952041149139404 
5.287557125091553 
5.232837200164795 
5.104681015014648 
6.069596290588379 
6.341841697692871 
4.868615627288818 
5.103421211242676 
4.924773693084717 
5.202308654785156 
5.134636402130127 
6.024458408355713 
4.9705610275268555 
4.808093070983887 
4.956629276275635 
5.137963771820068 
5.152709007263184 
4.943323612213135 
4.984820365905762 
4.971100330352783 
6.610620021820068 
5.109417915344238 
6.158736705780029 
5.368253707885742 
5.303654193878174 
4.993351936340332 
5.091473579406738 
5.027196407318115 
5.68583345413208 
5.067371845245361 
6.512223720550537 
5.004434108734131 
6.013722896575928 
5.143911838531494 
4.983286380767822 
5.365082740783691 
4.886822700500488 
6.68263578414917 
5.091430187225342 
5.9154887199401855 
5.072139739990234 
5.007363796234131 
5.015100002288818 
5.1194868087768555 
5.105987071990967 
4.910679340362549 
5.1022515296936035 
5.1722283363342285 
4.841802597045898 
4.945560932159424 
6.0779900550842285 
4.943977355957031 
4.986344814300537 
5.612016677856445 
6.037750720977783 
5.937165260314941 
5.236983299255371 
5.1081953048706055 
5.084700107574463 
5.39287805557251 
4.807099342346191 
4.8355584144592285 
5.3043742179870605 
5.20479679107666 
5.169933795928955 
5.368688106536865 
6.617916584014893 
5.025259494781494 
4.947779655456543 
6.496764659881592 
4.907531261444092 
4.9949631690979 
7.16339111328125 
5.0333123207092285 
5.161417484283447 
5.193109035491943 
5.24528169631958 
4.98330020904541 
5.017090320587158 
5.386321067810059 
4.9369401931762695 
5.122633934020996 
5.041378498077393 
4.991639137268066 
4.956968784332275 
5.086096286773682 
4.952732086181641 
4.796813488006592 
4.816399097442627 
5.81680965423584 
4.961632251739502 
5.10971212387085 
5.704681873321533 
5.020726203918457 
5.359508991241455 
6.924563884735107 
5.973378658294678 
5.048315525054932 
5.438711643218994 
4.990911960601807 
5.332241535186768 
5.0389933586120605 
7.701369285583496 
5.248961925506592 
4.9415602684021 
5.029399871826172 
4.954148292541504 
8.793601989746094 
6.0385422706604 
7.234001159667969 
5.152832508087158 
4.979557037353516 
5.011007785797119 
5.181685447692871 
8.580954551696777 
5.032674789428711 
5.030682563781738 
5.426718235015869 
7.7279486656188965 
5.1145853996276855 
4.960380554199219 
5.757048606872559 
4.638890266418457 
5.748081207275391 
5.654825687408447 
5.149839401245117 
5.048834323883057 
5.072604656219482 
4.829026699066162 
5.904967784881592 
5.002708435058594 
4.875784873962402 
5.022555828094482 
5.075851917266846 
4.927859306335449 
5.484711647033691 
4.896559238433838 
5.028019428253174 
5.88429594039917 
6.483103275299072 
5.4180402755737305 
5.104522228240967 
4.87172269821167 
4.745726108551025 
4.867867946624756 
5.340281963348389 
5.087035655975342 
5.139645099639893 
5.357127666473389 
4.943631649017334 
6.980068683624268 
4.864912033081055 
4.9369635581970215 
5.400137424468994 
4.851356029510498 
5.147614479064941 
5.5082106590271 
5.15355920791626 
4.919465065002441 
4.907168388366699 
4.906302452087402 
5.419201374053955 
5.7250847816467285 
4.974340915679932 
7.96522855758667 
4.989658832550049 
5.0713582038879395 
5.0321526527404785 
5.004575729370117 
5.049729347229004 
5.109175205230713 
4.895086765289307 
5.140092372894287 
5.609394550323486 
7.800475597381592 
4.988941669464111 
4.9558210372924805 
4.982476711273193 
5.634611129760742 
5.565498352050781 
5.035928249359131 
5.405270099639893 
5.034202575683594 
4.754333019256592 
5.014333248138428 
5.132456302642822 
4.958977222442627 
5.195489406585693 
4.933593273162842 
4.941691875457764 
5.2799973487854 
5.185328483581543 
5.677404880523682 
4.8690619468688965 
4.933262348175049 
5.289642333984375 
5.002715587615967 
5.0579094886779785 
5.632858753204346 
5.636268138885498 
4.995503902435303 
5.2041497230529785 
5.187028884887695 
6.282761096954346 
5.069217681884766 
5.02734899520874 
5.414362907409668 
5.847214221954346 
5.744390964508057 
5.747105121612549 
5.083602428436279 
5.055834770202637 
5.038014888763428 
4.867102146148682 
6.586381435394287 
5.238564491271973 
6.124593257904053 
4.979203701019287 
5.302732944488525 
5.386923789978027 
5.7232818603515625 
4.984410285949707 
5.826778888702393 
7.459904193878174 
5.3208394050598145 
7.656452178955078 
5.154173374176025 
4.754461765289307 
5.4008612632751465 
5.325930118560791 
4.639595985412598 
5.2541680335998535 
5.263359546661377 
5.480061054229736 
5.097712516784668 
5.0497355461120605 
4.9628190994262695 
5.506765842437744 
4.833582878112793 
6.901031970977783 
5.265714168548584 
4.922914028167725 
4.731170177459717 
4.888578414916992 
5.916547775268555 
4.8763251304626465 
8.093118667602539 
4.943353176116943 
5.311390399932861 
5.145155906677246 
5.1588215827941895 
4.938302516937256 
5.001781940460205 
5.787940502166748 
5.0609002113342285 
4.95690393447876 
5.034511089324951 
5.246857166290283 
5.033358097076416 
5.076874732971191 
5.405776500701904 
7.017364978790283 
5.602829933166504 
4.894861698150635 
5.104398250579834 
4.889039516448975 
4.77575159072876 
4.99243688583374 
4.975558280944824 
6.0816168785095215 
5.267946720123291 
4.954651832580566 
4.9569783210754395 
6.71802282333374 
5.045965194702148 
5.066267490386963 
5.001052379608154 
5.2007737159729 
4.821263313293457 
4.9754719734191895 
6.181564807891846 
4.929797172546387 
5.014271259307861 
5.465201377868652 
6.3613505363464355 
5.924139499664307 
5.016895771026611 
4.873284816741943 
4.825685024261475 
5.032430648803711 
4.906558513641357 
4.978179454803467 
5.14332389831543 
5.24508810043335 
8.247542381286621 
4.965215682983398 
5.09721040725708 
5.118481159210205 
5.007590293884277 
5.487435817718506 
5.231770992279053 
5.675120830535889 
5.092553615570068 
5.060178279876709 
5.071463108062744 
5.04802942276001 
4.829199314117432 
4.9554314613342285 
5.08207368850708 
5.24208402633667 
5.1935715675354 
5.356821537017822 
5.13362979888916 
8.136906623840332 
6.251780986785889 
9.0195951461792 
5.105720520019531 
4.87941312789917 
5.715367794036865 
5.006541728973389 
4.885615348815918 
5.219854354858398 
4.983278751373291 
5.8069329261779785 
5.90186071395874 
4.88381814956665 
4.940659046173096 
4.889100551605225 
5.077643871307373 
7.4211578369140625 
5.159484386444092 
5.093869686126709 
5.08825159072876 
6.9830169677734375 
5.062559127807617 
5.061882019042969 
5.781093120574951 
5.149883270263672 
5.659092426300049 
5.320805072784424 
6.7543110847473145 
5.091824531555176 
5.014251232147217 
5.040036201477051 
4.9739556312561035 
5.065782070159912 
5.215455532073975 
5.118971824645996 
5.1592278480529785 
5.14482307434082 
4.929318428039551 
5.675563812255859 
4.885589122772217 
5.1336445808410645 
5.778243541717529 
6.535091876983643 
4.972570419311523 
6.3333516120910645 
5.271982192993164 
5.34074068069458 
5.07885217666626 
5.174898624420166 
5.006375312805176 
5.649942874908447 
5.228219509124756 
5.041516304016113 
5.773698806762695 
5.351933002471924 
5.19891881942749 
5.486630439758301 
5.046172618865967 
5.06725549697876 
5.272610664367676 
5.254770755767822 
5.030776500701904 
4.7886576652526855 
5.033440113067627 
7.146090030670166 
5.6582512855529785 
5.265039920806885 
5.711720943450928 
4.991343021392822 
4.949563503265381 
4.6753621101379395 
4.966471195220947 
5.743664264678955 
4.854996204376221 
4.8073201179504395 
5.107222080230713 
5.034549236297607 
5.136851787567139 
5.091492652893066 
4.888437271118164 
6.859981060028076 
6.35827112197876 
4.932336330413818 
5.015832901000977 
6.518476963043213 
5.047806262969971 
5.540982723236084 
6.175943851470947 
5.214628219604492 
5.228094100952148 
4.833454132080078 
5.051750659942627 
8.463275909423828 
6.629652500152588 
5.252588748931885 
7.132489204406738 
4.939242362976074 
6.120320796966553 
6.6949310302734375 
5.105407238006592 
5.220124244689941 
5.077071666717529 
6.520382881164551 
5.193355083465576 
5.195156574249268 
5.132293701171875 
5.320818901062012 
8.628575325012207 
7.9450764656066895 
7.334514141082764 
5.003593921661377 
5.215761661529541 
5.107425689697266 
5.027308464050293 
5.116732597351074 
4.918042182922363 
5.020901203155518 
4.91495943069458 
5.108619213104248 
5.062191486358643 
6.425797939300537 
6.433987140655518 
4.947215557098389 
4.843463897705078 
4.955970287322998 
4.973281383514404 
5.578050136566162 
6.750929355621338 
5.825354099273682 
4.970555782318115 
5.774403095245361 
5.971940517425537 
8.016637802124023 
4.980813026428223 
5.178510665893555 
4.837801456451416 
5.306914806365967 
5.230104923248291 
6.739525318145752 
6.058956623077393 
5.311030864715576 
4.982698917388916 
7.8772873878479 
5.259468078613281 
5.155909061431885 
8.40188217163086 
5.750314712524414 
5.200954914093018 
5.071902275085449 
4.971234321594238 
5.693880558013916 
4.934585094451904 
4.8457865715026855 
5.084482669830322 
4.967507362365723 
6.6852126121521 
5.047812461853027 
4.872056007385254 
5.108325481414795 
4.955685138702393 
5.2879815101623535 
5.072912693023682 
5.864471912384033 
7.39453649520874 
5.007736682891846 
4.839010238647461 
4.899064540863037 
5.304364204406738 
4.644375324249268 
4.620730876922607 
6.7059102058410645 
5.211349010467529 
4.976322650909424 
5.079145908355713 
7.489217758178711 
5.290884494781494 
4.983974933624268 
5.265655040740967 
6.120866298675537 
5.433229923248291 
4.84145975112915 
5.4404754638671875 
4.860751628875732 
5.403990745544434 
5.101574420928955 
5.092004299163818 
5.8537983894348145 
5.18934965133667 
6.840389728546143 
5.517080307006836 
5.029971599578857 
4.958983898162842 
5.127125263214111 
5.74237585067749 
5.643001079559326 
4.911558628082275 
5.051891803741455 
7.340970039367676 
5.089857578277588 
5.417932987213135 
5.0994696617126465 
4.919543743133545 
5.815184116363525 
4.9216413497924805 
5.201003074645996 
5.005114555358887 
5.890974521636963 
5.145559310913086 
5.903028964996338 
5.867359638214111 
6.398067474365234 
8.908219337463379 
5.249386787414551 
4.8713507652282715 
5.152059078216553 
5.513244152069092 
6.102528095245361 
5.254577159881592 
5.065579414367676 
4.901049613952637 
9.66997241973877 
5.719679832458496 
4.860095977783203 
5.074686527252197 
4.923922061920166 
7.555199146270752 
5.921620845794678 
4.832643985748291 
4.847930908203125 
4.91973352432251 
5.156501293182373 
4.853865146636963 
5.49354362487793 
5.14556884765625 
5.5235209465026855 
5.191378116607666 
4.739047527313232 
5.020519256591797 
5.100693702697754 
4.944411277770996 
5.118475914001465 
7.5136871337890625 
6.767977714538574 
5.574241638183594 
5.053708553314209 
5.171489715576172 
5.198750972747803 
5.126091480255127 
5.110945224761963 
5.745420932769775 
5.0615692138671875 
5.940962791442871 
5.199959754943848 
9.086243629455566 
4.947830677032471 
5.014448642730713 
5.003903865814209 
4.797367572784424 
4.782354831695557 
5.162817478179932 
5.036867141723633 
4.906685829162598 
6.451570987701416 
5.365535259246826 
6.828979015350342 
5.155027866363525 
5.301213264465332 
5.078011989593506 
7.913441181182861 
5.474023342132568 
4.838096618652344 
5.071910381317139 
4.814152717590332 
5.118772983551025 
5.036500453948975 
5.212602615356445 
4.993638515472412 
5.024780750274658 
5.092099666595459 
4.965435981750488 
5.3044633865356445 
5.327143669128418 
4.933108329772949 
5.213999271392822 
4.9292707443237305 
5.100362300872803 
4.999514579772949 
5.287701606750488 
5.18075704574585 
4.917191028594971 
4.962357997894287 
8.242619514465332 
5.9919867515563965 
5.398670673370361 
5.574364185333252 
4.747972011566162 
6.543280124664307 
4.954942226409912 
6.224708080291748 
5.035843372344971 
7.880826950073242 
5.122293472290039 
4.881734848022461 
5.241091251373291 
5.109829902648926 
4.895065784454346 
5.334660053253174 
7.416623592376709 
5.598898887634277 
4.835756778717041 
6.131386756896973 
5.015741348266602 
4.85027551651001 
4.872581958770752 
4.903481483459473 
4.973726749420166 
5.385973930358887 
6.817444324493408 
7.302898406982422 
4.805853366851807 
4.881856441497803 
6.181596279144287 
6.507691860198975 
5.175315856933594 
4.973015785217285 
5.168908596038818 
5.431827545166016 
5.217589855194092 
5.148543834686279 
5.241810321807861 
5.286389350891113 
5.101686954498291 
5.940149784088135 
5.365959167480469 
5.710142612457275 
5.310570240020752 
5.596573352813721 
8.773859977722168 
4.856235504150391 
5.180563926696777 
5.645642280578613 
5.023072242736816 
5.103336811065674 
5.562155723571777 
5.967594146728516 
5.072987079620361 
4.937743663787842 
7.173840045928955 
4.773810386657715 
5.25907564163208 
5.375743865966797 
5.774165153503418 
6.899319171905518 
5.3702874183654785 
4.863855838775635 
4.979946136474609 
7.517538547515869 
5.118582248687744 
6.8409833908081055 
5.239123821258545 
5.0438385009765625 
5.3177289962768555 
6.118558406829834 
5.01865816116333 
5.218201160430908 
4.660552501678467 
5.196197032928467 
4.921435356140137 
5.3135881423950195 
5.789259910583496 
4.9507155418396 
5.409884929656982 
5.0193328857421875 
5.795754909515381 
7.808997631072998 
5.176992893218994 
5.000430583953857 
5.097501754760742 
5.006465435028076 
5.081930637359619 
4.824306964874268 
4.894413471221924 
8.952303886413574 
4.7930216789245605 
5.310854434967041 
5.1197590827941895 
7.834461688995361 
5.496711254119873 
4.957785129547119 
5.190582752227783 
5.2727580070495605 
4.925469398498535 
6.346771717071533 
5.79658842086792 
4.878987789154053 
4.90709924697876 
5.754999160766602 
5.109245777130127 
5.074912071228027 
4.989867210388184 
5.158341884613037 
5.016971588134766 
7.050856113433838 
6.390330791473389 
5.1896257400512695 
5.56059455871582 
5.122958183288574 
4.934805393218994 
5.942339897155762 
5.220209121704102 
5.083347797393799 
5.264474868774414 
4.957365036010742 
4.86644983291626 
5.128511428833008 
5.041838645935059 
4.935499668121338 
7.799732685089111 
4.802175998687744 
5.291290283203125 
5.575562477111816 
5.94887638092041 
6.6721320152282715 
4.923954486846924 
5.047014236450195 
5.154466152191162 
4.8533830642700195 
4.959262847900391 
5.167680263519287 
5.086754322052002 
5.035050868988037 
5.960440158843994 
4.98524808883667 
5.055867671966553 
4.873648166656494 
4.673641681671143 
5.604276657104492 
4.9599609375 
5.313623428344727 
7.0959086418151855 
4.896951198577881 
5.648766994476318 
4.962960720062256 
4.991946697235107 
5.16226053237915 
5.146916389465332 
4.87752103805542 
4.987796783447266 
5.094440460205078 
5.143998622894287 
5.17746114730835 
5.378393650054932 
4.755539417266846 
5.3110480308532715 
6.175181865692139 
5.563838005065918 
5.197280406951904 
4.950997352600098 
7.103285789489746 
5.380423069000244 
4.898192882537842 
5.323248863220215 
4.903487682342529 
5.358148097991943 
7.869482517242432 
5.12456750869751 
6.233399391174316 
7.162291526794434 
5.539483547210693 
4.841343402862549 
5.048531532287598 
5.214492321014404 
4.99672269821167 
5.509977340698242 
4.994457721710205 
7.118235111236572 
5.640122890472412 
5.714271068572998 
4.846994400024414 
4.914912700653076 
6.601162910461426 
6.8637003898620605 
4.96216344833374 
5.48162317276001 
5.2557454109191895 
5.6907958984375 
4.9228291511535645 
5.464178562164307 
5.098348140716553 
5.001083850860596 
4.743849277496338 
6.596953392028809 
4.792359352111816 
5.496214389801025 
4.9228949546813965 
4.889614105224609 
4.673410892486572 
8.576811790466309 
5.1503448486328125 
4.65210485458374 
4.852096080780029 
4.869971752166748 
7.2906389236450195 
6.3978800773620605 
5.12838077545166 
4.828688144683838 
4.845125675201416 
5.053440570831299 
5.321053981781006 
4.939484119415283 
5.100651264190674 
5.120943069458008 
5.147079944610596 
8.159645080566406 
5.501745223999023 
6.594013214111328 
4.91465425491333 
4.92661714553833 
5.03906774520874 
5.73138952255249 
5.009283542633057 
6.26796293258667 
5.008134365081787 
5.155399799346924 
5.574406147003174 
5.068080425262451 
4.96843957901001 
4.9840826988220215 
5.265212059020996 
5.574031829833984 
5.013850688934326 
4.857570648193359 
4.857577800750732 
5.119194030761719 
4.9012064933776855 
5.046841144561768 
5.064299583435059 
6.386343479156494 
5.007596969604492 
5.110199451446533 
6.434019565582275 
5.19358491897583 
4.747425556182861 
5.564161777496338 
7.1463751792907715 
5.533239841461182 
5.183274745941162 
5.173630714416504 
5.547460079193115 
7.929644584655762 
4.9177021980285645 
4.969020366668701 
8.424773216247559 
8.148327827453613 
5.829628944396973 
7.17111349105835 
5.429379940032959 
6.001475811004639 
4.707462787628174 
5.724447250366211 
5.051093101501465 
6.96210241317749 
9.425787925720215 
5.029270648956299 
5.006601333618164 
4.846683025360107 
4.933295726776123 
4.813572406768799 
4.82849645614624 
7.288755893707275 
5.111312389373779 
4.7305216789245605 
4.96232795715332 
5.3321967124938965 
5.0808892250061035 
5.252999782562256 
5.664096355438232 
8.342765808105469 
5.178369045257568 
4.880641460418701 
5.025887966156006 
4.9042229652404785 
7.540892124176025 
5.17496919631958 
5.057230472564697 
4.901160717010498 
5.906585693359375 
9.58310604095459 
9.231365203857422 
4.956798553466797 
5.379234313964844 
4.7804341316223145 
5.108631134033203 
4.91500997543335 
4.79208517074585 
7.589761257171631 
5.256901264190674 
4.941915035247803 
5.179040431976318 
5.080533504486084 
5.118459701538086 
5.118669509887695 
6.484532833099365 
7.777773380279541 
4.910293102264404 
4.983460903167725 
5.240541934967041 
5.399551868438721 
5.088335037231445 
8.426538467407227 
4.970170497894287 
5.097535133361816 
5.248695373535156 
5.07339334487915 
5.148471832275391 
4.902260780334473 
4.838984489440918 
5.229793071746826 
6.6995930671691895 
6.207780838012695 
5.079184055328369 
5.022231578826904 
5.016363143920898 
4.85867166519165 
6.03753137588501 
5.308878421783447 
8.362441062927246 
9.336445808410645 
5.052475452423096 
4.974424839019775 
5.056296348571777 
5.259994983673096 
4.848545551300049 
5.087510585784912 
4.909177303314209 
5.093343734741211 
5.024807453155518 
4.691944599151611 
5.054373264312744 
4.8246941566467285 
4.903868675231934 
7.547717094421387 
4.835669994354248 
5.110531806945801 
6.30104398727417 
5.647944927215576 
5.331474304199219 
5.377969264984131 
8.856118202209473 
5.174404621124268 
5.149532794952393 
6.9213480949401855 
6.548749923706055 
5.32710599899292 
5.324093341827393 
5.104870319366455 
5.0047287940979 
5.052807331085205 
5.111302375793457 
6.0635223388671875 
5.282754421234131 
5.201915264129639 
5.083654403686523 
5.018252849578857 
5.861289024353027 
5.161914348602295 
4.954580307006836 
5.362987995147705 
5.056483745574951 
7.03084135055542 
5.035327911376953 
4.9354376792907715 
4.972978115081787 
5.371002674102783 
5.049643516540527 
5.264190196990967 
5.014047622680664 
5.235812664031982 
6.838921546936035 
5.005824565887451 
5.593432903289795 
6.638373851776123 
7.286271572113037 
5.289072036743164 
5.009889125823975 
5.721918106079102 
5.116729259490967 
7.87228536605835 
6.1288065910339355 
4.962554931640625 
4.9382710456848145 
4.946421146392822 
4.960946559906006 
5.345743656158447 
5.283476829528809 
6.550981044769287 
5.157705783843994 
5.180843830108643 
5.201600074768066 
5.420359134674072 
6.283140182495117 
5.664968967437744 
5.043653964996338 
5.447147846221924 
4.95067024230957 
5.2581048011779785 
4.932205677032471 
5.449484825134277 
5.376454830169678 
4.877223491668701 
4.934685230255127 
5.7966694831848145 
5.086399555206299 
9.330489158630371 
5.269937038421631 
5.018387794494629 
5.059277057647705 
4.934408187866211 
5.509624004364014 
5.1569037437438965 
7.504037380218506 
6.014537334442139 
4.957007884979248 
4.862297534942627 
5.027479648590088 
8.41882038116455 
6.953835964202881 
5.804208278656006 
5.058836460113525 
5.746096134185791 
4.970227241516113 
4.870481491088867 
5.050665378570557 
5.147168159484863 
5.177582740783691 
4.9449849128723145 
4.9447150230407715 
5.031203746795654 
5.024637699127197 
5.188912391662598 
6.201574802398682 
4.97141170501709 
5.3673176765441895 
7.82183313369751 
4.781590938568115 
4.993429660797119 
4.966836452484131 
5.076160907745361 
5.0426435470581055 
6.229623317718506 
5.313864231109619 
5.1516852378845215 
5.116549968719482 
5.161766529083252 
4.842926025390625 
4.71030855178833 
6.6706156730651855 
5.618837833404541 
5.06433629989624 
6.81830358505249 
5.060603618621826 
5.0988264083862305 
4.97123384475708 
5.033100605010986 
4.901437282562256 
5.812373638153076 
5.025261878967285 
4.767794609069824 
5.708401203155518 
4.92613410949707 
4.990400791168213 
4.904963970184326 
5.116515159606934 
4.759787559509277 
5.0957255363464355 
5.070055961608887 
5.167579650878906 
5.733806133270264 
4.951137065887451 
4.766408443450928 
4.946582794189453 
5.020521640777588 
4.922703266143799 
4.882493495941162 
5.636589050292969 
7.315019607543945 
5.069108486175537 
5.1307692527771 
4.862161159515381 
6.247055530548096 
5.077408313751221 
4.914765357971191 
4.959261894226074 
5.108449459075928 
5.0802435874938965 
4.892869472503662 
5.538913249969482 
5.018438339233398 
4.714799404144287 
4.920888423919678 
5.403072834014893 
5.390497207641602 
4.9519243240356445 
5.0305328369140625 
4.817920684814453 
4.86417818069458 
5.109251499176025 
5.797798156738281 
5.115917682647705 
5.680809497833252 
5.155361652374268 
5.125462532043457 
5.2746262550354 
5.999626636505127 
5.148682117462158 
5.334834575653076 
5.109490871429443 
4.938064098358154 
4.944383144378662 
5.336834907531738 
4.933045864105225 
4.910152435302734 
5.409281253814697 
5.878559589385986 
5.239951133728027 
5.2158427238464355 
5.0472846031188965 
5.342710018157959 
6.004524230957031 
5.686883926391602 
5.031500339508057 
5.01549768447876 
5.009405612945557 
5.163710117340088 
4.842714786529541 
5.097533702850342 
5.096524715423584 
5.287564277648926 
5.056517124176025 
7.748460292816162 
4.919419765472412 
5.100616455078125 
5.612978458404541 
5.24515438079834 
5.292557239532471 
5.3713507652282715 
5.0240888595581055 
4.853198528289795 
7.54935359954834 
5.657690525054932 
4.8516974449157715 
5.696152687072754 
5.095161437988281 
4.98522424697876 
5.9093427658081055 
5.623545169830322 
5.05745267868042 
5.039769649505615 
5.798466205596924 
5.085164546966553 
4.984865665435791 
5.3562726974487305 
5.076558589935303 
6.304001331329346 
5.1910834312438965 
5.194873332977295 
5.051886081695557 
5.649209976196289 
5.148733615875244 
5.027109622955322 
4.9725022315979 
5.441343784332275 
4.9587531089782715 
5.111278057098389 
7.644637107849121 
5.78943395614624 
5.010619640350342 
5.034631252288818 
8.344718933105469 
6.261067867279053 
5.807063102722168 
4.965915203094482 
5.538848876953125 
5.14757776260376 
5.1539459228515625 
5.0198540687561035 
4.829155445098877 
5.1981587409973145 
5.111265659332275 
4.951557159423828 
4.9813971519470215 
5.065213203430176 
5.002967834472656 
4.786400318145752 
5.374091625213623 
5.051185131072998 
6.618525505065918 
5.661620616912842 
5.005998134613037 
4.8891825675964355 
4.930500507354736 
4.863117694854736 
5.197961807250977 
5.40501070022583 
4.923853397369385 
5.422016620635986 
5.061875820159912 
4.967876434326172 
5.1242146492004395 
4.8722100257873535 
5.069773197174072 
4.993205547332764 
4.969804286956787 
5.176178932189941 
4.9061198234558105 
5.0972208976745605 
7.229994297027588 
5.052147388458252 
5.071459770202637 
5.602447986602783 
5.182310104370117 
7.022358417510986 
5.371391296386719 
5.512455940246582 
4.815864086151123 
5.021505832672119 
5.2663044929504395 
5.986206531524658 
4.996102809906006 
5.205188274383545 
4.863511562347412 
5.163626194000244 
5.297760486602783 
5.233867645263672 
4.873338222503662 
5.0154805183410645 
5.373875617980957 
6.964721202850342 
4.663475036621094 
5.0998663902282715 
5.598259925842285 
5.317036151885986 
4.927900791168213 
4.874538421630859 
4.906845569610596 
5.166430950164795 
5.8938164710998535 
4.8597941398620605 
5.981560230255127 
5.010575771331787 
4.893442630767822 
5.0153608322143555 
4.96386194229126 
5.245100498199463 
4.995144367218018 
6.531824111938477 
5.212016582489014 
5.011525630950928 
5.977794170379639 
5.123866558074951 
6.36525297164917 
4.961510181427002 
4.850093841552734 
4.843249797821045 
5.2686591148376465 
4.892185688018799 
4.9953179359436035 
5.229989051818848 
4.697110652923584 
7.008711338043213 
5.274306774139404 
5.244201183319092 
5.373164176940918 
5.023632526397705 
5.9428253173828125 
6.50219202041626 
6.735269069671631 
7.984874248504639 
4.941069602966309 
4.819182872772217 
6.080877780914307 
5.120770454406738 
4.9680705070495605 
4.981456279754639 
5.104625225067139 
5.205348014831543 
5.38799524307251 
5.0445780754089355 
4.991769790649414 
8.340340614318848 
5.240307331085205 
6.303839206695557 
4.833067893981934 
4.989617824554443 
5.199926376342773 
5.44656229019165 
5.044925689697266 
5.068823337554932 
6.493550777435303 
5.0655951499938965 
5.465991497039795 
5.8395609855651855 
5.197426795959473 
4.977046489715576 
6.4341607093811035 
4.996023654937744 
8.679883003234863 
5.7736639976501465 
4.808725833892822 
6.163536071777344 
5.10789155960083 
5.051307678222656 
5.338741779327393 
5.6077141761779785 
5.031836986541748 
6.123103618621826 
9.141799926757812 
4.902064800262451 
7.217852592468262 
4.820964813232422 
4.855271816253662 
4.8662943840026855 
5.4034199714660645 
4.8825602531433105 
5.0532050132751465 
5.091027736663818 
4.770277500152588 
5.237762928009033 
4.869309902191162 
5.834401607513428 
5.188587188720703 
6.297518253326416 
5.094191074371338 
4.800428867340088 
4.904418468475342 
5.471032619476318 
7.704030990600586 
5.446682453155518 
6.794897556304932 
5.496430397033691 
5.057872295379639 
5.0919671058654785 
5.276724815368652 
5.943872451782227 
6.286293029785156 
5.153831958770752 
5.273108959197998 
5.027228832244873 
5.151118755340576 
4.89346170425415 
6.034780502319336 
5.141696929931641 
5.078445911407471 
5.055898189544678 
5.772914409637451 
5.060903072357178 
5.239700794219971 
5.024734020233154 
4.982113361358643 
10.135985374450684 
4.8523077964782715 
4.642719745635986 
5.03408670425415 
4.921412944793701 
4.958459377288818 
7.729085445404053 
5.317786693572998 
5.435238361358643 
8.443305969238281 
4.843911647796631 
4.89493989944458 
5.304839134216309 
5.1954569816589355 
6.381896495819092 
4.995283603668213 
7.2027268409729 
4.816677093505859 
6.083300590515137 
4.890778541564941 
4.819498538970947 
5.5568413734436035 
5.0511250495910645 
4.981889247894287 
4.929416179656982 
5.111100673675537 
5.268953323364258 
5.116342067718506 
4.943774700164795 
5.00876522064209 
5.2500224113464355 
5.005163669586182 
5.1166205406188965 
4.843925952911377 
4.993124485015869 
5.615540027618408 
7.906264305114746 
5.059180736541748 
5.524263858795166 
5.40382719039917 
4.863888263702393 
6.424631595611572 
5.123430252075195 
5.259997844696045 
4.756993293762207 
5.052008628845215 
5.176458358764648 
6.747776508331299 
4.821364402770996 
6.206785202026367 
5.2405781745910645 
4.840867519378662 
5.075297832489014 
5.465473651885986 
6.089780330657959 
9.158780097961426 
5.995223522186279 
5.316564083099365 
5.162959575653076 
4.7888569831848145 
7.687117099761963 
5.151341438293457 
6.167522430419922 
7.466411113739014 
6.718356609344482 
5.8009724617004395 
4.926029682159424 
5.038721561431885 
5.050317764282227 
5.370751857757568 
4.99936056137085 
5.122674465179443 
5.047182559967041 
5.000442028045654 
4.825562953948975 
4.874342441558838 
5.1183180809021 
5.009998798370361 
4.960229396820068 
4.927023887634277 
5.022683143615723 
5.04110860824585 
6.240373611450195 
4.913645267486572 
6.149145126342773 
4.873195648193359 
4.881004810333252 
5.20667028427124 
5.140183448791504 
5.115795612335205 
5.674575328826904 
5.427977561950684 
5.035604000091553 
5.007540225982666 
4.91902494430542 
5.145277500152588 
6.358674049377441 
5.034704685211182 
6.5196757316589355 
5.082476615905762 
5.362068176269531 
4.880195140838623 
5.880430221557617 
7.431050777435303 
4.845803260803223 
6.495572566986084 
5.479831218719482 
5.228728771209717 
4.932056903839111 
5.0724005699157715 
4.909292221069336 
5.111963748931885 
6.792940616607666 
5.1597723960876465 
5.2021565437316895 
5.4092535972595215 
4.996335029602051 
6.769417762756348 
7.049287796020508 
5.5864691734313965 
4.941780090332031 
5.126204490661621 
5.183312892913818 
5.175206661224365 
6.779005527496338 
5.000343322753906 
5.144232749938965 
4.987124919891357 
6.235069751739502 
5.241233825683594 
5.233994960784912 
5.2353434562683105 
5.122803688049316 
6.670339584350586 
5.26952600479126 
4.967893600463867 
5.420145511627197 
4.901698589324951 
5.535390377044678 
5.338742256164551 
5.413733959197998 
4.936954975128174 
5.9370293617248535 
5.698021411895752 
5.001406192779541 
4.980768203735352 
5.2605485916137695 
5.115097999572754 
4.905893802642822 
5.597016334533691 
5.0808939933776855 
5.09313440322876 
7.0966010093688965 
4.990734577178955 
5.345515251159668 
5.515469074249268 
5.241486072540283 
5.149825096130371 
5.8846516609191895 
4.812063694000244 
4.926727771759033 
5.171783447265625 
6.1742262840271 
5.04237699508667 
5.211432933807373 
4.910702228546143 
5.946426868438721 
5.153658390045166 
5.0081562995910645 
5.034543514251709 
5.1443986892700195 
6.814329624176025 
4.9881591796875 
5.434868335723877 
5.222565650939941 
5.582563877105713 
4.677222728729248 
5.444908618927002 
5.149351596832275 
4.91881799697876 
5.764224529266357 
5.0232720375061035 
5.048214912414551 
4.983872890472412 
4.902675151824951 
5.041382789611816 
7.064768314361572 
6.477671146392822 
8.295494079589844 
4.966124534606934 
5.784526348114014 
5.586600303649902 
8.42867660522461 
5.303211688995361 
5.032390117645264 
5.161771297454834 
6.3949432373046875 
4.977153301239014 
5.097012996673584 
5.824432849884033 
4.864943027496338 
5.108034133911133 
5.062446117401123 
5.389240741729736 
6.281430721282959 
4.850752830505371 
4.84304141998291 
4.955645561218262 
8.099987983703613 
5.1636810302734375 
4.9563069343566895 
5.233558654785156 
4.983578205108643 
5.129234790802002 
5.223601818084717 
6.194777011871338 
4.893030643463135 
5.021081447601318 
4.991748332977295 
5.26144552230835 
5.199774265289307 
5.424956798553467 
7.008747577667236 
5.501694202423096 
4.794772624969482 
5.218859672546387 
5.767287731170654 
4.892187595367432 
6.251240253448486 
5.198022365570068 
4.857525825500488 
6.745480060577393 
5.773255825042725 
6.200602054595947 
4.943748950958252 
4.810124397277832 
5.181618690490723 
4.8850274085998535 
5.0172905921936035 
6.050170421600342 
5.316047191619873 
4.877960205078125 
4.924343585968018 
5.939544200897217 
4.99407434463501 
4.848050117492676 
4.920080184936523 
6.210273265838623 
4.775027751922607 
6.181919574737549 
5.0674357414245605 
5.021519184112549 
4.951075553894043 
5.0384392738342285 
5.069532871246338 
5.015513896942139 
5.147783279418945 
5.066644191741943 
5.292971611022949 
4.992475986480713 
5.996899604797363 
5.2896647453308105 
5.1841349601745605 
5.165307521820068 
6.0208821296691895 
4.865559101104736 
5.1455302238464355 
4.900871276855469 
7.736653804779053 
4.885654926300049 
4.776626110076904 
4.939152240753174 
7.430514812469482 
4.924253463745117 
5.042171001434326 
4.860558032989502 
6.874145984649658 
5.016870975494385 
5.188811779022217 
7.135672092437744 
5.600188255310059 
8.88015079498291 
5.017491340637207 
5.640681743621826 
4.81953239440918 
4.995327472686768 
5.3421196937561035 
4.821199893951416 
4.993194103240967 
5.962092876434326 
6.589452266693115 
5.023870468139648 
8.150351524353027 
5.288710117340088 
8.174410820007324 
5.067239761352539 
4.998941898345947 
4.7692999839782715 
5.784088611602783 
5.937071323394775 
6.318789005279541 
5.423728942871094 
7.318030834197998 
6.221481800079346 
8.997633934020996 
4.917383193969727 
5.265986442565918 
6.854786396026611 
4.945510387420654 
5.249521255493164 
6.162978649139404 
6.724792003631592 
4.762387752532959 
5.078168869018555 
4.885982990264893 
4.812541484832764 
5.561853408813477 
6.638851642608643 
5.985594272613525 
5.672666549682617 
9.251537322998047 
5.430147647857666 
6.154796123504639 
4.957126617431641 
6.217901706695557 
5.1740922927856445 
6.217065334320068 
5.160003662109375 
5.51979923248291 
5.039300441741943 
4.936825275421143 
4.892808437347412 
6.594522953033447 
5.858937740325928 
5.359078884124756 
5.146969318389893 
6.175447940826416 
4.9206976890563965 
6.9180169105529785 
5.213830471038818 
5.724710941314697 
5.112842082977295 
4.926616191864014 
6.666018962860107 
4.851566791534424 
5.092403888702393 
8.119575500488281 
4.900320053100586 
5.148614406585693 
6.794945240020752 
9.668987274169922 
5.106448173522949 
5.269028186798096 
4.962635517120361 
6.023590564727783 
5.846121788024902 
5.028961658477783 
7.981570720672607 
5.231211185455322 
5.254657745361328 
4.889928817749023 
5.019096851348877 
6.506130695343018 
6.20361328125 
5.018441677093506 
4.954075336456299 
4.853693962097168 
5.016335487365723 
5.114126682281494 
5.451579570770264 
5.059338569641113 
5.136822700500488 
5.132592678070068 
4.984272480010986 
5.220766544342041 
4.874086856842041 
8.906195640563965 
5.368101596832275 
5.357696056365967 
4.77471399307251 
7.350146293640137 
5.357412338256836 
4.9440507888793945 
7.167775630950928 
5.221285820007324 
5.295240879058838 
7.331930637359619 
5.854957103729248 
4.858150959014893 
5.333033084869385 
6.203244686126709 
6.126214027404785 
4.94155216217041 
8.716339111328125 
5.403099536895752 
5.0438923835754395 
6.315120220184326 
4.928091526031494 
5.282078266143799 
5.015374660491943 
4.819443225860596 
5.034489154815674 
5.186647891998291 
5.093308925628662 
8.609262466430664 
4.919159412384033 
4.863994121551514 
5.234140872955322 
4.966481685638428 
5.766459941864014 
5.575730800628662 
5.112916469573975 
5.714406490325928 
4.904245853424072 
5.018528938293457 
5.152828693389893 
5.181865692138672 
5.568066120147705 
4.980586528778076 
4.939397811889648 
8.74266529083252 
4.909496307373047 
5.500650405883789 
5.041151523590088 
6.541003704071045 
5.199107646942139 
5.179905891418457 
5.26049280166626 
5.433619022369385 
5.735997676849365 
5.387902736663818 
4.997334003448486 
4.76453971862793 
4.893208980560303 
4.821634769439697 
6.258810520172119 
4.786405086517334 
5.164121150970459 
5.118285655975342 
5.147182941436768 
8.661124229431152 
6.774744033813477 
5.425943374633789 
4.8893208503723145 
7.600123882293701 
4.878912448883057 
5.513445854187012 
5.435188293457031 
5.01824951171875 
5.094191551208496 
4.969170093536377 
5.027247428894043 
5.305781841278076 
4.957250118255615 
5.458568572998047 
5.4524760246276855 
4.800950050354004 
5.1107964515686035 
4.89438009262085 
4.998688220977783 
5.965821743011475 
5.241116046905518 
5.073065280914307 
5.060301303863525 
4.97175931930542 
7.179333686828613 
5.1496429443359375 
5.0249714851379395 
5.257643699645996 
5.041353702545166 
4.9540791511535645 
7.011850833892822 
4.97783899307251 
5.946238040924072 
5.5766191482543945 
4.678284645080566 
4.957047939300537 
4.995868682861328 
4.9795098304748535 
5.185386657714844 
5.059390544891357 
5.016483306884766 
4.97836446762085 
4.977675437927246 
4.9957170486450195 
5.723510265350342 
5.766933441162109 
6.789900779724121 
5.138149738311768 
5.766256809234619 
5.583337306976318 
4.908328533172607 
5.54889440536499 
5.2694597244262695 
7.713769912719727 
4.9239373207092285 
5.323360443115234 
5.147618770599365 
5.012953281402588 
4.868714809417725 
4.951303005218506 
7.275268077850342 
4.931468963623047 
4.875646591186523 
5.192884922027588 
5.6480631828308105 
4.656722068786621 
5.042219161987305 
5.255361080169678 
5.014999866485596 
6.520863056182861 
6.4135003089904785 
5.797943592071533 
5.315361499786377 
5.053252696990967 
4.965469837188721 
4.94404411315918 
5.001222133636475 
5.126984119415283 
4.953925609588623 
5.10992956161499 
5.295003414154053 
5.18079137802124 
6.407323360443115 
9.383674621582031 
4.9315266609191895 
5.386743068695068 
5.336081027984619 
6.071508884429932 
4.902097225189209 
5.075194358825684 
4.787368297576904 
5.5440850257873535 
5.969777584075928 
4.783190727233887 
5.092370510101318 
5.609714031219482 
6.781845569610596 
4.9870171546936035 
5.15261697769165 
4.981656074523926 
7.90712308883667 
5.225771427154541 
5.232315540313721 
5.166490077972412 
5.1294989585876465 
5.151251792907715 
5.547250270843506 
5.016901969909668 
5.098759174346924 
4.860962390899658 
5.681731700897217 
5.218231678009033 
5.002921104431152 
5.086905479431152 
5.068403720855713 
5.194925785064697 
5.345792293548584 
5.249912261962891 
5.430891036987305 
4.968983173370361 
5.443007469177246 
5.102850437164307 
5.296872615814209 
4.795281887054443 
5.010898113250732 
5.065370559692383 
7.83735990524292 
4.9308271408081055 
5.56500244140625 
5.644533157348633 
4.76709508895874 
4.9521894454956055 
5.686092376708984 
5.144138813018799 
5.494009494781494 
7.052760601043701 
4.86756706237793 
5.160322666168213 
4.9079437255859375 
5.550314426422119 
5.433478832244873 
5.124635219573975 
5.175706386566162 
4.715521335601807 
5.2262797355651855 
5.111574172973633 
4.901966571807861 
7.371726036071777 
5.822694301605225 
5.142811298370361 
4.973791599273682 
5.013616561889648 
5.814791679382324 
5.118891716003418 
5.10525369644165 
5.297839641571045 
4.901885509490967 
5.154341220855713 
5.249985218048096 
5.002243518829346 
5.335569858551025 
5.444026470184326 
7.779822826385498 
7.419090747833252 
4.972336292266846 
4.913632869720459 
6.880246639251709 
4.995712757110596 
4.9743876457214355 
4.719252586364746 
5.1831464767456055 
5.034263610839844 
5.00264310836792 
5.3614373207092285 
5.528975009918213 
4.87104606628418 
4.849937438964844 
7.142665386199951 
5.421666622161865 
5.1276679039001465 
5.09879732131958 
4.959590435028076 
5.403235912322998 
5.031239986419678 
5.063351154327393 
5.085072994232178 
5.062545299530029 
8.031622886657715 
5.2009453773498535 
8.209820747375488 
7.491246700286865 
5.191723823547363 
6.273739337921143 
5.192021369934082 
6.943316459655762 
5.063004970550537 
7.361213684082031 
5.17254114151001 
5.198713302612305 
5.076568603515625 
4.934858798980713 
6.207252502441406 
4.944934844970703 
4.885743618011475 
5.177489757537842 
5.860660076141357 
5.00408935546875 
4.9746222496032715 
5.302792072296143 
5.57094144821167 
5.183380603790283 
5.310558795928955 
4.970301151275635 
5.009818077087402 
9.415610313415527 
4.919926643371582 
5.233800411224365 
4.7103495597839355 
5.324230670928955 
5.025232791900635 
4.919449329376221 
6.347860336303711 
5.016299724578857 
5.203726768493652 
5.060441493988037 
5.483178615570068 
6.980879306793213 
5.170289039611816 
4.9704365730285645 
5.379387378692627 
4.755677700042725 
5.066978931427002 
5.3439621925354 
5.346018314361572 
4.834008693695068 
5.120869159698486 
5.087236404418945 
5.0436015129089355 
4.877832412719727 
5.177046298980713 
7.913702964782715 
4.947685241699219 
5.099461555480957 
4.914863109588623 
5.1608567237854 
7.081767559051514 
7.431028842926025 
4.938053607940674 
5.03740930557251 
5.10885763168335 
5.039641380310059 
5.105668067932129 
8.394660949707031 
4.977609157562256 
4.8560404777526855 
5.131248950958252 
4.942861080169678 
4.9982523918151855 
5.300643444061279 
4.89964485168457 
5.198505878448486 
5.246091365814209 
5.033230304718018 
7.5863542556762695 
8.115934371948242 
4.983269214630127 
6.1707234382629395 
5.137979030609131 
4.983253002166748 
6.340054035186768 
5.399137020111084 
5.053541660308838 
5.035909652709961 
5.883923530578613 
5.0228657722473145 
4.878693103790283 
5.254036903381348 
8.5247802734375 
5.1472907066345215 
5.509288311004639 
4.789030075073242 
5.030137062072754 
4.966267108917236 
5.964373588562012 
5.153676509857178 
5.884548664093018 
7.211190223693848 
4.84938383102417 
4.951815128326416 
4.858465671539307 
4.903244495391846 
5.14506196975708 
4.955387592315674 
4.999099254608154 
5.177463054656982 
4.867532730102539 
7.126732349395752 
5.776547908782959 
5.0037007331848145 
5.034573554992676 
5.232852458953857 
5.220635414123535 
5.007135391235352 
7.046825885772705 
5.01503324508667 
4.936851501464844 
4.7749552726745605 
6.547255992889404 
4.786435604095459 
5.166455268859863 
4.859294414520264 
4.810864448547363 
4.8853583335876465 
6.201823711395264 
5.055655479431152 
4.963281631469727 
5.876123905181885 
5.479312419891357 
4.840336799621582 
5.3069024085998535 
4.933253288269043 
4.827601909637451 
4.9315667152404785 
5.32273530960083 
4.893342971801758 
5.183308124542236 
5.253889560699463 
5.3247599601745605 
5.064425945281982 
5.952610969543457 
7.894149303436279 
5.210225582122803 
6.3463521003723145 
4.90376091003418 
5.016297340393066 
4.765019416809082 
7.931157112121582 
5.841410160064697 
5.34385347366333 
4.968016624450684 
6.8866496086120605 
5.2657880783081055 
5.10905122756958 
4.826609134674072 
4.916324138641357 
5.055274486541748 
5.657979965209961 
5.313586711883545 
5.778050899505615 
5.042110919952393 
5.186619281768799 
4.9645094871521 
5.32537841796875 
5.051486015319824 
6.785888195037842 
6.14616060256958 
5.146233081817627 
5.232024192810059 
6.414514064788818 
4.807684421539307 
5.107594013214111 
4.967369079589844 
5.158357620239258 
5.273587703704834 
4.993104457855225 
5.047670364379883 
5.0189690589904785 
5.4487223625183105 
6.6436567306518555 
6.018102169036865 
5.179531574249268 
5.1155242919921875 
6.023928165435791 
5.027956962585449 
6.527982234954834 
5.109917163848877 
4.999720096588135 
7.406959056854248 
4.8431267738342285 
4.888105869293213 
5.016403675079346 
5.002927303314209 
6.116528034210205 
5.188906192779541 
4.990478992462158 
5.211306571960449 
4.91001033782959 
4.926413059234619 
5.1779375076293945 
6.837764263153076 
5.177661418914795 
5.115405559539795 
6.525032043457031 
7.848114967346191 
5.094909191131592 
5.901732444763184 
5.524781703948975 
6.5663042068481445 
5.741601467132568 
5.003283977508545 
4.885047435760498 
5.263518810272217 
5.834377288818359 
5.150577068328857 
4.734034061431885 
4.898761749267578 
5.0609612464904785 
5.129019260406494 
6.120041847229004 
5.44663667678833 
4.919478416442871 
4.852189540863037 
4.974727630615234 
4.914893627166748 
7.5883469581604 
4.750154972076416 
4.919962406158447 
5.0548248291015625 
5.01181173324585 
6.202226161956787 
6.588826656341553 
6.4957451820373535 
4.9930243492126465 
5.314624786376953 
6.446968078613281 
9.775618553161621 
4.913309574127197 
5.140138149261475 
5.676475524902344 
4.923184871673584 
5.226362705230713 
5.338162899017334 
4.9732489585876465 
5.17879056930542 
5.166845798492432 
5.396470069885254 
4.845757961273193 
5.028451442718506 
5.142979145050049 
5.134167194366455 
4.877412796020508 
5.4352707862854 
4.755965709686279 
6.057613849639893 
5.295169353485107 
5.755761623382568 
7.989613056182861 
5.058049201965332 
7.487096309661865 
5.008533000946045 
4.958559513092041 
5.344035625457764 
5.012745380401611 
4.995910167694092 
4.960948467254639 
4.928009510040283 
5.254271030426025 
5.014671802520752 
5.624583721160889 
5.2243523597717285 
5.048147201538086 
4.9403300285339355 
5.612569808959961 
4.990032196044922 
5.863256454467773 
5.33196496963501 
4.940240383148193 
5.21042537689209 
6.138803958892822 
5.056190490722656 
5.161433219909668 
4.860809803009033 
