5.252055644989014 
6.65482759475708 
5.322015762329102 
7.327813148498535 
6.165454864501953 
7.726070880889893 
5.6504058837890625 
7.832093715667725 
7.936661720275879 
7.020550727844238 
5.783378601074219 
9.037941932678223 
6.857826232910156 
5.657751560211182 
8.138504981994629 
8.148072242736816 
7.453398704528809 
7.292780876159668 
6.138881206512451 
7.665538311004639 
5.662009239196777 
9.125908851623535 
6.9633073806762695 
7.978698253631592 
9.291030883789062 
7.087796211242676 
7.079382419586182 
5.922089576721191 
6.852757930755615 
5.036517143249512 
7.352720260620117 
5.834955215454102 
6.301701545715332 
5.544280052185059 
7.369818210601807 
8.38560676574707 
5.957100868225098 
5.125828266143799 
7.7749457359313965 
7.569036483764648 
6.7826008796691895 
6.411199569702148 
5.111080646514893 
6.247755527496338 
4.804569721221924 
4.656816482543945 
5.895320415496826 
6.211691379547119 
8.964835166931152 
7.012252330780029 
6.178456783294678 
6.362110137939453 
9.413043975830078 
8.17111587524414 
5.630228042602539 
6.444974422454834 
6.3665924072265625 
5.204139709472656 
7.830691814422607 
7.206013202667236 
6.460072994232178 
6.451899528503418 
5.840534210205078 
4.536951065063477 
8.078633308410645 
4.487155437469482 
6.836134910583496 
6.394859313964844 
8.257660865783691 
5.905577659606934 
9.318801879882812 
8.12777328491211 
6.2812395095825195 
5.633398056030273 
8.291060447692871 
5.741766929626465 
5.772778034210205 
6.694777965545654 
6.4142069816589355 
5.222061634063721 
6.856649398803711 
5.94579553604126 
4.866911888122559 
5.755115032196045 
6.648357391357422 
8.201159477233887 
7.592216491699219 
6.600647449493408 
4.843921661376953 
7.505486965179443 
6.082708358764648 
8.389021873474121 
7.598747253417969 
5.261183738708496 
6.703141689300537 
8.009157180786133 
5.5285491943359375 
5.033771514892578 
5.519951343536377 
6.089999198913574 
6.625308513641357 
7.681787014007568 
5.428241729736328 
7.385331153869629 
6.707479953765869 
8.335298538208008 
6.420226097106934 
5.623900890350342 
6.286534786224365 
6.208845138549805 
7.186125755310059 
8.03683090209961 
7.505823612213135 
8.28034496307373 
6.760067939758301 
6.634737968444824 
5.8388285636901855 
5.562475204467773 
5.360485076904297 
5.861048698425293 
4.921054363250732 
4.83176851272583 
5.0441670417785645 
6.5961689949035645 
7.861160755157471 
6.193501949310303 
5.895781517028809 
8.183093070983887 
5.959158897399902 
6.98246955871582 
6.325352191925049 
4.937175273895264 
6.717031955718994 
7.262251377105713 
4.747852325439453 
6.339557647705078 
4.739399433135986 
5.225340366363525 
8.292036056518555 
7.634598255157471 
7.328835487365723 
5.123770236968994 
5.375435829162598 
5.020084857940674 
5.476935863494873 
8.274271011352539 
6.689998149871826 
6.426526069641113 
5.084445476531982 
5.554710388183594 
7.719563007354736 
5.711211681365967 
8.140929222106934 
5.6168928146362305 
5.511908054351807 
7.061365127563477 
6.08774471282959 
6.997620582580566 
8.788782119750977 
7.782034397125244 
6.31695556640625 
6.887730121612549 
6.553722858428955 
6.118096828460693 
5.83931827545166 
8.382373809814453 
5.419950485229492 
8.21839427947998 
7.702242851257324 
7.612977027893066 
6.171439170837402 
8.05909252166748 
7.685885429382324 
6.807376384735107 
8.632638931274414 
6.743310451507568 
6.386307239532471 
7.720579624176025 
4.974410057067871 
6.553286075592041 
4.937661170959473 
5.969204425811768 
6.799185752868652 
6.263808250427246 
5.342940807342529 
5.03273868560791 
7.046689033508301 
5.847111701965332 
7.555937767028809 
5.528413772583008 
6.307521820068359 
5.8625712394714355 
6.304187774658203 
5.4525041580200195 
8.254385948181152 
6.045162200927734 
6.489365100860596 
5.721466541290283 
7.831727981567383 
5.9196882247924805 
6.47860860824585 
6.149195671081543 
6.898095607757568 
5.400076866149902 
5.135417461395264 
7.696574687957764 
6.739604473114014 
5.949638366699219 
6.436258316040039 
6.598931789398193 
5.924628257751465 
6.442075252532959 
7.736403465270996 
5.158106327056885 
6.728301048278809 
8.77936840057373 
6.707327842712402 
5.530388355255127 
7.286966800689697 
7.187705993652344 
6.756601810455322 
6.6983323097229 
8.560954093933105 
7.275664329528809 
5.400722980499268 
6.509284973144531 
6.806959629058838 
4.550742149353027 
5.91504430770874 
6.534294128417969 
5.758228778839111 
5.562901020050049 
7.858806610107422 
7.6754913330078125 
6.29322624206543 
5.6608099937438965 
8.109823226928711 
7.6657209396362305 
5.331349849700928 
7.634270668029785 
6.271371364593506 
7.1129150390625 
7.029755115509033 
7.434423446655273 
5.514492511749268 
6.659303665161133 
5.162110805511475 
5.794339656829834 
6.378453254699707 
8.868839263916016 
6.092655658721924 
5.122430324554443 
5.828018665313721 
5.573966026306152 
10.554220199584961 
5.937597274780273 
6.0378007888793945 
5.395345687866211 
6.014972686767578 
6.889420509338379 
8.197665214538574 
5.405873775482178 
6.1706156730651855 
8.38440990447998 
6.497602462768555 
7.812297821044922 
8.032899856567383 
5.62916898727417 
4.332208156585693 
7.000319957733154 
7.757561206817627 
6.543519973754883 
6.188443660736084 
7.623863697052002 
4.990851402282715 
5.796329021453857 
4.587429046630859 
6.266347885131836 
5.437171459197998 
7.614779949188232 
6.471437454223633 
6.3771185874938965 
6.540465354919434 
6.270519256591797 
6.749228477478027 
6.12025260925293 
6.147012233734131 
7.342599391937256 
7.307689666748047 
5.168290138244629 
6.885328769683838 
6.275030612945557 
6.479085445404053 
6.310251235961914 
6.73291015625 
5.678271770477295 
6.757563591003418 
5.432632923126221 
5.905623912811279 
7.475296497344971 
8.782866477966309 
5.7621612548828125 
5.918781757354736 
4.937678337097168 
7.975879669189453 
5.282504081726074 
6.087839126586914 
7.080231666564941 
6.919712543487549 
6.834624767303467 
6.3231682777404785 
5.34869909286499 
6.021295547485352 
6.616461753845215 
7.390031337738037 
6.124300479888916 
9.349350929260254 
8.217329025268555 
6.787318229675293 
8.484203338623047 
5.979366779327393 
6.901291370391846 
5.2201385498046875 
5.862758636474609 
5.843319892883301 
4.996036052703857 
5.997137069702148 
6.540040969848633 
5.6656060218811035 
5.7509260177612305 
7.190366744995117 
6.945862293243408 
5.825059413909912 
5.4595770835876465 
5.040825843811035 
7.985373497009277 
6.48989725112915 
7.611781120300293 
6.005346775054932 
5.715780258178711 
7.295799732208252 
7.5014262199401855 
6.084925174713135 
6.038699150085449 
8.89079475402832 
6.775578498840332 
5.666236400604248 
6.412813663482666 
5.9124979972839355 
7.4140400886535645 
5.612010955810547 
8.804574012756348 
4.463812828063965 
5.372482776641846 
6.422055721282959 
9.827463150024414 
5.447932720184326 
5.854007720947266 
5.733680725097656 
5.767934322357178 
6.514112949371338 
7.133512496948242 
8.072587966918945 
5.821737289428711 
6.519063472747803 
7.181734085083008 
6.601125717163086 
6.152379512786865 
7.811242580413818 
5.370107173919678 
6.846078872680664 
6.300880432128906 
6.16515588760376 
7.241436958312988 
4.874006748199463 
6.20305061340332 
5.908798694610596 
6.327968597412109 
4.294463157653809 
6.6595048904418945 
7.154168128967285 
6.438085079193115 
4.680694103240967 
5.165461540222168 
7.096846580505371 
5.820990562438965 
5.151768684387207 
6.230416774749756 
6.108962059020996 
6.096704483032227 
5.936086654663086 
5.741323947906494 
6.207848072052002 
7.201043605804443 
5.664330005645752 
8.214144706726074 
6.762338161468506 
6.876616954803467 
7.291793346405029 
7.217640399932861 
7.619366645812988 
7.243590354919434 
5.734706878662109 
7.174564838409424 
8.543403625488281 
5.666079521179199 
7.779602527618408 
5.879752159118652 
8.32968807220459 
6.149397373199463 
9.120743751525879 
6.768627166748047 
8.39077377319336 
9.145721435546875 
7.176333904266357 
7.167021751403809 
7.454399585723877 
6.768637657165527 
5.68700647354126 
6.549896717071533 
6.148692607879639 
6.279179573059082 
6.779285907745361 
8.702679634094238 
7.116305351257324 
6.257135391235352 
8.01400089263916 
7.161327362060547 
7.314949989318848 
6.612113952636719 
6.924758434295654 
8.174198150634766 
5.467905521392822 
5.344289779663086 
8.641530990600586 
6.927104473114014 
6.885060787200928 
5.712521553039551 
5.313814640045166 
5.006810188293457 
6.205478668212891 
7.075774192810059 
7.447507858276367 
6.459444046020508 
5.170040607452393 
6.18565034866333 
6.344498634338379 
8.55230712890625 
7.517078876495361 
4.74269962310791 
8.109101295471191 
6.270593643188477 
5.850007057189941 
7.0787858963012695 
5.166825294494629 
8.614253997802734 
6.043750762939453 
8.0922269821167 
6.17555046081543 
5.342204570770264 
5.436890602111816 
6.920647144317627 
5.94484806060791 
5.2813897132873535 
5.660604000091553 
6.034448146820068 
6.025655269622803 
6.453096389770508 
7.022770881652832 
7.663813591003418 
6.807399749755859 
7.177326202392578 
7.779508590698242 
6.279382228851318 
8.212778091430664 
7.495227813720703 
6.907835006713867 
5.163217067718506 
6.792880058288574 
5.61466646194458 
5.433791160583496 
5.847472667694092 
5.5727152824401855 
5.389720439910889 
8.5314302444458 
5.478334903717041 
6.073365688323975 
5.422581672668457 
7.304141521453857 
5.942099094390869 
8.481019020080566 
5.586108684539795 
5.960200786590576 
6.3427205085754395 
5.14085054397583 
7.611823081970215 
5.869786739349365 
10.999059677124023 
7.536837577819824 
7.655478000640869 
5.449132442474365 
6.204078197479248 
6.493259429931641 
7.968599319458008 
5.546151638031006 
6.236281871795654 
6.546377658843994 
6.450029373168945 
5.7586283683776855 
5.449873924255371 
6.80863618850708 
6.989885330200195 
7.059475421905518 
8.369414329528809 
6.2740349769592285 
5.388281345367432 
5.93991231918335 
8.592345237731934 
7.5324811935424805 
5.176703453063965 
6.6668524742126465 
5.447170257568359 
5.75177526473999 
8.010851860046387 
6.133679389953613 
6.332424640655518 
6.294581413269043 
5.472311019897461 
5.305606365203857 
8.829529762268066 
6.442056655883789 
5.439234256744385 
5.364953994750977 
5.610321521759033 
6.766673564910889 
8.651859283447266 
6.6893768310546875 
7.173635959625244 
5.6572699546813965 
5.712518215179443 
6.502714157104492 
5.37021541595459 
6.023759365081787 
8.590219497680664 
5.6098504066467285 
4.865044593811035 
6.376600742340088 
5.4316205978393555 
5.680992126464844 
6.5042805671691895 
6.95845365524292 
7.39558219909668 
5.255337715148926 
5.989670276641846 
5.908056259155273 
6.542746543884277 
7.574570655822754 
7.657352447509766 
5.36644983291626 
5.812241077423096 
6.45277214050293 
6.395519733428955 
7.235048294067383 
6.405601978302002 
6.627096176147461 
5.673087120056152 
6.8249077796936035 
6.03937292098999 
5.249397277832031 
5.736213684082031 
5.927008628845215 
4.890481472015381 
7.290647983551025 
5.728647232055664 
5.393803119659424 
6.445799350738525 
7.652894973754883 
7.312054634094238 
6.049807071685791 
5.93515157699585 
6.168611526489258 
6.147860050201416 
5.455527305603027 
4.837803840637207 
6.063614368438721 
6.9948272705078125 
5.551766395568848 
8.151196479797363 
7.638896465301514 
8.74146842956543 
6.275691509246826 
6.383597373962402 
10.059040069580078 
6.597368240356445 
5.275152206420898 
4.631428241729736 
5.345475196838379 
6.0162506103515625 
6.769350051879883 
6.7067790031433105 
6.020440101623535 
5.914066314697266 
7.286952972412109 
6.439230918884277 
5.695537567138672 
6.713521957397461 
8.879653930664062 
7.8056864738464355 
7.868982791900635 
7.921182632446289 
7.011072158813477 
6.200405120849609 
6.120210647583008 
5.216448783874512 
5.702654838562012 
6.324718475341797 
6.9353251457214355 
5.5865254402160645 
8.355194091796875 
6.345027446746826 
6.412841320037842 
6.007721900939941 
4.853891372680664 
4.628112316131592 
5.70342493057251 
5.570728302001953 
5.321699142456055 
5.156575679779053 
7.43840217590332 
8.317734718322754 
7.641926288604736 
5.948365688323975 
7.685502052307129 
8.355016708374023 
5.626088619232178 
7.100751876831055 
8.8596830368042 
4.7308549880981445 
5.848805904388428 
6.1940765380859375 
5.283536434173584 
5.150389194488525 
6.416192531585693 
7.3867082595825195 
5.60846471786499 
7.301520347595215 
6.32179069519043 
9.009648323059082 
6.2312774658203125 
4.925751209259033 
6.540078163146973 
5.969543933868408 
5.171109199523926 
6.176985263824463 
6.0544538497924805 
5.531237602233887 
7.845078945159912 
6.039130687713623 
5.8792924880981445 
7.186216831207275 
6.555344581604004 
7.249485969543457 
5.175348281860352 
7.487311363220215 
6.062607288360596 
5.61297607421875 
6.408659934997559 
7.259591579437256 
6.918972969055176 
7.240199089050293 
5.237300395965576 
8.390450477600098 
5.723862648010254 
6.9936065673828125 
6.1123175621032715 
5.182413101196289 
5.063153266906738 
5.053264617919922 
6.852963924407959 
9.09678840637207 
5.21022891998291 
7.86922550201416 
5.328385829925537 
5.342433929443359 
6.86232852935791 
10.828214645385742 
8.021580696105957 
4.333528995513916 
5.841940402984619 
4.95779275894165 
5.643418312072754 
8.004813194274902 
6.591702938079834 
5.819643974304199 
8.853405952453613 
6.392370700836182 
5.448167324066162 
5.729949951171875 
5.251848220825195 
6.978607177734375 
6.804272651672363 
7.374697208404541 
6.333184719085693 
9.048020362854004 
5.446073055267334 
6.170255184173584 
6.893576145172119 
6.446317195892334 
6.860908508300781 
4.521711349487305 
8.45098876953125 
5.490203380584717 
5.385337829589844 
7.4116315841674805 
8.324324607849121 
6.310236930847168 
7.173093795776367 
5.207334041595459 
5.5492987632751465 
6.520934581756592 
5.6886677742004395 
7.026491641998291 
7.113003253936768 
6.011431694030762 
5.179610252380371 
6.295124530792236 
5.2893452644348145 
5.440302848815918 
6.015408515930176 
6.519808292388916 
4.75635290145874 
7.90030574798584 
6.181668281555176 
5.017692565917969 
4.44558048248291 
8.921487808227539 
7.048531532287598 
7.812628746032715 
4.817753314971924 
5.154719829559326 
6.144812107086182 
5.748043537139893 
5.292166709899902 
8.317179679870605 
7.132569789886475 
7.6792826652526855 
7.7398152351379395 
6.923890590667725 
6.318403720855713 
5.8552165031433105 
4.771603584289551 
6.0417256355285645 
5.721100330352783 
9.12810230255127 
6.289429187774658 
8.855072021484375 
6.0626654624938965 
5.704685211181641 
5.337065696716309 
6.744912147521973 
8.203536033630371 
7.623528957366943 
6.729205131530762 
6.695608139038086 
7.975430011749268 
5.120301246643066 
5.506642818450928 
6.01097297668457 
8.02425765991211 
5.449499607086182 
7.26233434677124 
7.4131269454956055 
10.000913619995117 
5.535627841949463 
6.043298244476318 
5.88701868057251 
5.42718505859375 
5.842922687530518 
5.997337818145752 
7.516027450561523 
6.0427937507629395 
6.070446014404297 
7.410837173461914 
7.063161849975586 
5.977360725402832 
5.286057472229004 
5.61504602432251 
8.053458213806152 
5.032134532928467 
5.268952369689941 
7.9903669357299805 
7.035317897796631 
9.1238374710083 
6.2694091796875 
4.884400367736816 
9.303958892822266 
5.958576679229736 
6.147410869598389 
5.889867782592773 
7.158904075622559 
6.845721244812012 
8.992165565490723 
6.62721586227417 
6.276890277862549 
5.520677089691162 
7.48192024230957 
5.764095306396484 
6.666543960571289 
8.771322250366211 
7.266676902770996 
7.705005168914795 
6.195298671722412 
9.310040473937988 
6.398532867431641 
5.678849697113037 
5.744499683380127 
6.540307998657227 
5.612447261810303 
5.000631332397461 
6.8022074699401855 
5.3074140548706055 
5.062526226043701 
5.506812572479248 
7.016951560974121 
5.797751426696777 
6.6290812492370605 
7.67036771774292 
6.346721172332764 
7.0846943855285645 
5.772590160369873 
6.111242294311523 
6.679870128631592 
5.295578479766846 
5.700157165527344 
7.809163570404053 
7.903358459472656 
8.073288917541504 
6.568624973297119 
5.517644882202148 
4.997848033905029 
7.297787189483643 
8.427993774414062 
7.530994892120361 
6.458259105682373 
7.311217308044434 
5.325903415679932 
6.262242794036865 
6.5138983726501465 
7.1136860847473145 
6.003271102905273 
7.258660316467285 
5.828118801116943 
5.919938087463379 
6.714537620544434 
5.676466941833496 
6.013487339019775 
7.420034885406494 
5.247956275939941 
5.4687299728393555 
5.752166271209717 
6.37477970123291 
6.29453182220459 
5.807675361633301 
6.345663547515869 
5.232943534851074 
8.240407943725586 
5.126136779785156 
4.829539775848389 
6.220334053039551 
5.38963508605957 
7.675591945648193 
5.920302391052246 
7.904881000518799 
9.530610084533691 
8.13443660736084 
6.1786298751831055 
4.208161354064941 
8.758990287780762 
5.264881610870361 
5.998909950256348 
6.318836212158203 
6.05949592590332 
6.528197288513184 
7.4916253089904785 
6.386478900909424 
6.142864227294922 
7.011138916015625 
5.75528621673584 
5.719980239868164 
5.894718170166016 
6.394839286804199 
5.25211763381958 
7.432998180389404 
6.222110271453857 
6.42431116104126 
6.649080753326416 
6.2925944328308105 
6.24119234085083 
7.057462692260742 
7.347133636474609 
7.383681774139404 
5.947603702545166 
5.727015972137451 
5.924028396606445 
6.092002868652344 
4.325323581695557 
8.94055461883545 
5.457860946655273 
5.492806911468506 
4.800665855407715 
5.880918979644775 
6.758138656616211 
6.327925682067871 
6.513617038726807 
6.0011444091796875 
7.053865909576416 
5.3710618019104 
6.208520889282227 
4.617201805114746 
5.944864749908447 
9.343717575073242 
4.787735462188721 
5.9361066818237305 
7.08912992477417 
8.846254348754883 
6.232016563415527 
6.152916431427002 
7.133913516998291 
7.11427640914917 
4.985088348388672 
6.551321506500244 
6.197032451629639 
7.015537261962891 
7.900394916534424 
7.11077356338501 
6.848710536956787 
4.8021240234375 
4.841745376586914 
5.917311191558838 
8.740128517150879 
5.5695366859436035 
6.150213718414307 
6.441954135894775 
6.482632160186768 
5.404172897338867 
9.030696868896484 
8.326586723327637 
5.267350196838379 
4.298481464385986 
5.726499080657959 
6.793539524078369 
8.152522087097168 
5.568620681762695 
6.456294536590576 
6.193584442138672 
8.131195068359375 
6.115361213684082 
8.423002243041992 
5.154781818389893 
4.926964282989502 
7.510142803192139 
7.187006950378418 
5.517785549163818 
5.3360514640808105 
6.559779167175293 
6.909143924713135 
8.278767585754395 
7.089995861053467 
6.1870927810668945 
4.800423622131348 
8.281543731689453 
5.234185695648193 
5.360879421234131 
6.869015216827393 
6.393677234649658 
7.457436561584473 
8.694963455200195 
7.494156360626221 
5.4065165519714355 
8.520926475524902 
7.2209696769714355 
5.8964924812316895 
7.7946577072143555 
5.881623268127441 
6.321640491485596 
4.68159818649292 
6.526907920837402 
6.12553071975708 
6.34116792678833 
6.0207343101501465 
8.614880561828613 
7.1829705238342285 
7.9927239418029785 
8.09526252746582 
5.79871940612793 
7.1222333908081055 
7.158405303955078 
6.047913074493408 
5.848750591278076 
7.153392791748047 
4.914951324462891 
6.696281433105469 
6.127547740936279 
5.963771343231201 
7.665189743041992 
7.474610805511475 
4.871942043304443 
6.144732475280762 
6.884530067443848 
7.454608917236328 
5.285459041595459 
7.4875946044921875 
4.968376159667969 
6.0919880867004395 
8.714131355285645 
5.688498020172119 
5.4593682289123535 
5.32738733291626 
7.181559085845947 
7.661813259124756 
6.009779453277588 
6.279605865478516 
6.3301873207092285 
6.736851692199707 
10.548829078674316 
5.2627387046813965 
8.52739429473877 
6.154164791107178 
7.7278666496276855 
5.662014961242676 
5.4476423263549805 
5.266510963439941 
7.652499675750732 
5.8585524559021 
7.585518836975098 
6.085231781005859 
8.090311050415039 
7.888376235961914 
5.708393573760986 
8.128530502319336 
6.381584644317627 
8.81609058380127 
6.809670448303223 
6.975278854370117 
6.4430832862854 
7.256170749664307 
8.011069297790527 
6.160224914550781 
5.901374340057373 
7.005826950073242 
8.306069374084473 
6.491812705993652 
5.087313652038574 
6.4083685874938965 
7.54770565032959 
6.664230823516846 
5.244430065155029 
5.618382930755615 
7.094779968261719 
6.91770076751709 
5.602941036224365 
6.04827880859375 
5.454253196716309 
5.5122175216674805 
6.645167350769043 
6.228127479553223 
8.146337509155273 
6.155302047729492 
4.775035858154297 
6.28353214263916 
7.885190486907959 
5.864529132843018 
7.388999938964844 
5.235726833343506 
7.274472713470459 
5.7573018074035645 
5.794987678527832 
6.56724739074707 
6.401702404022217 
5.595944404602051 
7.28031587600708 
7.535715103149414 
4.518929958343506 
9.964253425598145 
5.345961093902588 
7.048336029052734 
6.408621788024902 
5.740350246429443 
6.29249382019043 
5.0676445960998535 
7.380843162536621 
7.253744125366211 
6.096362590789795 
6.568696022033691 
6.15829610824585 
7.974356651306152 
6.3285813331604 
5.3573150634765625 
5.281273365020752 
8.754447937011719 
4.862091541290283 
6.0494465827941895 
7.0073394775390625 
6.174765110015869 
9.814850807189941 
5.028192043304443 
6.321479797363281 
7.7898712158203125 
5.719501972198486 
5.573489189147949 
6.619872093200684 
7.127795219421387 
6.840144634246826 
7.486995697021484 
5.598155498504639 
5.071770191192627 
5.154320240020752 
6.201913356781006 
5.831715106964111 
4.477401256561279 
7.013577461242676 
6.9733452796936035 
5.153396129608154 
8.092480659484863 
5.138980865478516 
8.285178184509277 
7.203701019287109 
6.993235111236572 
8.36113452911377 
6.428692817687988 
5.375579833984375 
8.513505935668945 
6.505116939544678 
6.2473883628845215 
6.588574409484863 
7.327931880950928 
6.066094398498535 
6.584110260009766 
5.450226783752441 
9.118551254272461 
5.652628421783447 
7.356396198272705 
7.416574001312256 
6.719282150268555 
6.24276876449585 
5.834936141967773 
6.184433460235596 
6.538935661315918 
7.273476600646973 
7.635984420776367 
6.038106441497803 
6.768319129943848 
6.460046768188477 
6.212480068206787 
6.933359622955322 
6.04216194152832 
4.759128570556641 
6.260563850402832 
7.737758636474609 
7.60309362411499 
5.62781286239624 
6.182355880737305 
8.028071403503418 
8.598977088928223 
4.47903299331665 
5.653188228607178 
8.118821144104004 
5.781294345855713 
7.374558448791504 
5.230325698852539 
6.077584266662598 
6.7049055099487305 
4.671332836151123 
6.184967994689941 
6.434932708740234 
6.00732946395874 
4.989326000213623 
6.800300598144531 
7.322655200958252 
5.836545467376709 
5.933445930480957 
5.429131507873535 
6.074044704437256 
6.538769245147705 
5.119096755981445 
5.9244561195373535 
6.117664813995361 
6.990579605102539 
5.242647171020508 
6.059962272644043 
4.612603664398193 
7.108444690704346 
5.597820281982422 
9.091877937316895 
5.740231990814209 
6.307618141174316 
7.25887393951416 
6.621143817901611 
4.832740783691406 
5.9054951667785645 
6.4814453125 
5.8694024085998535 
5.909032344818115 
5.74414587020874 
5.774195194244385 
5.8526411056518555 
5.675090312957764 
6.022282600402832 
6.111464023590088 
9.965991973876953 
7.3119049072265625 
7.0598344802856445 
7.365527629852295 
6.408389091491699 
5.472324371337891 
5.424660682678223 
7.340244293212891 
6.219510555267334 
5.6519904136657715 
6.010033130645752 
4.1569695472717285 
5.2466349601745605 
7.686829566955566 
6.930419445037842 
7.115506649017334 
7.313821315765381 
6.504793167114258 
5.524638652801514 
5.212064266204834 
8.430720329284668 
6.261045932769775 
6.204272747039795 
6.661032199859619 
6.238162994384766 
4.854890823364258 
6.307190895080566 
5.876716136932373 
4.967772483825684 
6.348904609680176 
7.316667556762695 
9.892038345336914 
5.56249475479126 
4.951694965362549 
8.203166961669922 
7.857644557952881 
6.4826741218566895 
7.099273681640625 
5.195578575134277 
5.099391460418701 
4.7608795166015625 
6.634970188140869 
5.853939056396484 
7.1049089431762695 
5.354518890380859 
5.924631118774414 
6.424919605255127 
7.458613395690918 
8.001191139221191 
7.446939945220947 
6.1628193855285645 
6.309292793273926 
7.402112007141113 
6.152930736541748 
5.104213237762451 
6.6369123458862305 
5.309571743011475 
6.490314960479736 
6.328370571136475 
8.706151008605957 
6.668970108032227 
7.042457103729248 
6.493227005004883 
5.975349426269531 
6.828840732574463 
5.222228527069092 
5.698899745941162 
6.707714080810547 
6.362845420837402 
6.62049674987793 
6.077805995941162 
4.885087966918945 
6.937626838684082 
6.6223883628845215 
5.560871601104736 
6.117260932922363 
8.39010238647461 
5.510806083679199 
5.619306564331055 
6.465061187744141 
6.160088539123535 
6.100715160369873 
9.623156547546387 
5.794703483581543 
6.683934211730957 
8.330157279968262 
6.689450263977051 
6.6515583992004395 
7.611775875091553 
7.529045581817627 
8.906246185302734 
7.302712440490723 
9.08889102935791 
5.619472980499268 
6.973212242126465 
6.183078765869141 
7.446303844451904 
5.970136642456055 
6.774031162261963 
6.304081916809082 
6.465139389038086 
7.076181411743164 
6.23625373840332 
7.391104698181152 
6.642041206359863 
7.643441677093506 
5.8372111320495605 
7.7620649337768555 
7.851913928985596 
10.748734474182129 
6.242221832275391 
5.490058898925781 
6.218961238861084 
5.713287830352783 
4.8941192626953125 
6.472908020019531 
7.966405868530273 
7.202398300170898 
6.815767288208008 
9.00764274597168 
5.526601791381836 
8.88463020324707 
5.1317524909973145 
5.544365406036377 
6.246361255645752 
7.618997573852539 
6.28855037689209 
7.376168251037598 
8.100793838500977 
5.288975715637207 
6.699347496032715 
7.605096340179443 
8.373417854309082 
9.202263832092285 
7.945568084716797 
9.493753433227539 
6.244157314300537 
6.28282356262207 
5.515603542327881 
5.573904514312744 
6.2494916915893555 
5.410624980926514 
5.5121026039123535 
5.079415321350098 
7.445093631744385 
6.964088439941406 
5.459025859832764 
7.758090496063232 
6.1502861976623535 
5.923259258270264 
5.591842174530029 
7.625555515289307 
6.662876129150391 
6.7277512550354 
6.0903191566467285 
6.334062576293945 
6.5985517501831055 
5.812367916107178 
4.470330238342285 
6.315279006958008 
8.155320167541504 
8.169363975524902 
6.080829620361328 
6.312127113342285 
6.720945835113525 
6.214457988739014 
5.980166912078857 
6.9736223220825195 
5.703187465667725 
4.91726016998291 
5.409692287445068 
6.319051742553711 
5.404449939727783 
6.214521884918213 
6.042198657989502 
4.649333477020264 
6.451117992401123 
6.403593063354492 
6.038427829742432 
5.238279342651367 
6.821389675140381 
4.895953178405762 
8.058046340942383 
7.828191757202148 
5.795608997344971 
8.60700798034668 
6.602741718292236 
5.944758892059326 
4.7595133781433105 
6.241320610046387 
8.329756736755371 
6.421977519989014 
6.92650032043457 
6.942654609680176 
7.805120944976807 
5.470623016357422 
7.6197614669799805 
6.140438556671143 
7.054540157318115 
5.698179244995117 
5.611683368682861 
7.883491039276123 
4.8601298332214355 
6.348566055297852 
6.006633758544922 
6.113716125488281 
7.321140766143799 
6.468379497528076 
8.790483474731445 
7.296802043914795 
7.092327117919922 
6.204530715942383 
5.569996356964111 
4.675137996673584 
7.2572922706604 
6.937408924102783 
7.450161457061768 
5.098186016082764 
5.379776477813721 
4.499177932739258 
6.3975067138671875 
5.549469947814941 
8.159692764282227 
5.268133640289307 
9.62028980255127 
6.2460222244262695 
5.363470554351807 
7.17144250869751 
5.730545520782471 
6.740307331085205 
5.3098344802856445 
5.764528274536133 
8.298574447631836 
6.363449573516846 
5.376987457275391 
6.146984577178955 
7.669375896453857 
6.752235412597656 
5.073536396026611 
6.440700531005859 
6.741273880004883 
5.626319408416748 
6.85453462600708 
5.697601795196533 
6.089691162109375 
6.838799953460693 
6.780806541442871 
5.47441291809082 
7.162346839904785 
8.712550163269043 
5.61613655090332 
4.8745951652526855 
5.2007551193237305 
7.156025409698486 
6.0266594886779785 
7.185700416564941 
4.386629104614258 
5.709436416625977 
7.680300712585449 
5.623555660247803 
6.900113105773926 
6.811606407165527 
5.211371421813965 
5.5476226806640625 
5.629765033721924 
7.340734958648682 
6.755751609802246 
5.433621406555176 
8.112900733947754 
5.78023099899292 
6.764493465423584 
5.760565757751465 
8.644828796386719 
6.736681938171387 
7.2222089767456055 
5.206548690795898 
5.908486843109131 
5.541083812713623 
5.805953025817871 
6.556633949279785 
7.741884708404541 
6.926863193511963 
5.245176792144775 
9.266451835632324 
5.1343536376953125 
4.990181922912598 
6.462666034698486 
5.31967830657959 
6.259308338165283 
5.217525482177734 
5.63228178024292 
4.716438293457031 
8.6643705368042 
6.904074192047119 
5.689065933227539 
7.170716285705566 
5.657101154327393 
4.494295597076416 
6.301032543182373 
6.588163375854492 
6.888888359069824 
6.466517925262451 
9.51414680480957 
8.640210151672363 
9.64583969116211 
6.078468322753906 
6.353938102722168 
6.775491714477539 
6.475951194763184 
6.238773822784424 
6.393446922302246 
7.296052932739258 
5.539093017578125 
7.093062877655029 
5.321292877197266 
5.295108795166016 
5.566530704498291 
7.531886100769043 
5.97927713394165 
6.210784435272217 
5.6154866218566895 
8.151848793029785 
5.891531467437744 
5.9986677169799805 
6.8348493576049805 
7.134545803070068 
5.586404323577881 
9.298254013061523 
7.414404392242432 
7.714603900909424 
6.175602436065674 
5.647267818450928 
9.119698524475098 
6.187140941619873 
5.782572269439697 
7.414597988128662 
6.413613319396973 
6.799605369567871 
7.5852789878845215 
5.193883895874023 
7.456203460693359 
7.430807590484619 
7.052748203277588 
6.811451435089111 
8.568987846374512 
6.759799003601074 
5.611654281616211 
8.854084968566895 
6.98772668838501 
6.314743518829346 
7.261181831359863 
8.786240577697754 
5.5270676612854 
5.985036849975586 
8.157529830932617 
4.903807640075684 
5.1842732429504395 
5.704280853271484 
5.279606819152832 
7.5495123863220215 
8.883434295654297 
6.8487982749938965 
5.5079121589660645 
5.960852146148682 
6.466237545013428 
4.734103202819824 
5.74566650390625 
6.566859245300293 
6.312536716461182 
7.6029767990112305 
7.87191104888916 
5.3754072189331055 
5.345522403717041 
4.537479400634766 
6.295409679412842 
5.38701057434082 
5.854070663452148 
5.642915725708008 
5.199357509613037 
6.572951316833496 
6.240990161895752 
5.8464555740356445 
7.938902378082275 
8.35901165008545 
5.404031276702881 
8.718502044677734 
8.182869911193848 
6.462260723114014 
6.574481964111328 
7.342306613922119 
6.2028727531433105 
9.113557815551758 
6.325181484222412 
5.3865065574646 
5.029223442077637 
6.070059776306152 
7.636670112609863 
6.524240016937256 
6.432511806488037 
5.503500938415527 
5.796447277069092 
7.834729194641113 
5.914762496948242 
4.778065204620361 
7.114158630371094 
7.87288761138916 
5.032112121582031 
6.8240532875061035 
6.38800573348999 
5.3221917152404785 
7.119786739349365 
7.6886444091796875 
6.0696282386779785 
4.533551216125488 
5.2083845138549805 
7.922609329223633 
5.272583484649658 
5.466240882873535 
6.163987636566162 
5.804176330566406 
6.3054986000061035 
6.982245445251465 
5.342085838317871 
5.49336051940918 
6.035403251647949 
5.513191223144531 
8.000770568847656 
7.447229862213135 
7.182983875274658 
7.059854507446289 
7.091893672943115 
7.332814693450928 
6.566989421844482 
5.658305644989014 
7.474485397338867 
6.431697845458984 
4.949821472167969 
6.570744037628174 
4.9729084968566895 
4.80018424987793 
4.304961204528809 
5.591840744018555 
6.577120304107666 
9.044392585754395 
5.800325870513916 
7.427436828613281 
7.476468563079834 
6.18440580368042 
6.350547790527344 
6.5005269050598145 
6.161685943603516 
5.816946029663086 
8.038238525390625 
6.78026819229126 
4.786153316497803 
6.0811543464660645 
7.80192232131958 
6.575577259063721 
5.306296348571777 
5.648874759674072 
6.192864418029785 
5.976676940917969 
8.671027183532715 
8.243603706359863 
8.304647445678711 
6.336611270904541 
8.148175239562988 
5.7389326095581055 
6.449711322784424 
5.356410026550293 
4.819211959838867 
6.421552658081055 
6.507457733154297 
7.555316925048828 
6.07526159286499 
6.451096534729004 
6.100975036621094 
7.987157344818115 
5.461239337921143 
4.761041164398193 
5.56717586517334 
7.8281755447387695 
8.193999290466309 
5.9897003173828125 
5.221029281616211 
6.016773223876953 
6.129244804382324 
6.840718746185303 
6.050205230712891 
7.830949306488037 
5.972210884094238 
6.915038585662842 
6.577641487121582 
5.839412689208984 
7.035353183746338 
5.561182022094727 
8.393168449401855 
5.995880603790283 
5.225805759429932 
9.241541862487793 
7.404377460479736 
6.287378787994385 
6.499642372131348 
7.725508213043213 
7.105954170227051 
7.278072357177734 
4.648449420928955 
7.7447509765625 
5.066337585449219 
4.9645891189575195 
5.196427822113037 
7.623741626739502 
7.431239604949951 
3.9908719062805176 
5.764542579650879 
5.379150867462158 
6.919597148895264 
6.701461315155029 
10.45622730255127 
5.728532791137695 
5.4403839111328125 
6.529164791107178 
5.524996280670166 
6.1572980880737305 
5.510640621185303 
7.541283130645752 
5.727418422698975 
5.910963535308838 
5.546862602233887 
5.904714584350586 
5.966631889343262 
8.014012336730957 
6.287874698638916 
7.121066570281982 
5.898640155792236 
7.74000358581543 
6.1074934005737305 
8.742474555969238 
7.629964351654053 
6.771842956542969 
6.786473751068115 
8.409178733825684 
5.962151050567627 
6.781589031219482 
6.156734943389893 
5.25872278213501 
8.01396656036377 
5.364267826080322 
6.735057830810547 
7.454998970031738 
5.746513843536377 
6.70964241027832 
6.576943397521973 
6.118210315704346 
6.522331237792969 
6.538695812225342 
7.347464084625244 
6.847639083862305 
8.337352752685547 
7.799744129180908 
6.7907395362854 
5.065029621124268 
5.216374397277832 
5.071610450744629 
5.847799777984619 
5.084802150726318 
5.023960113525391 
7.543594837188721 
7.013409614562988 
5.504734039306641 
6.833067417144775 
6.894652366638184 
6.550823211669922 
7.471611976623535 
7.134291172027588 
9.050419807434082 
6.755778789520264 
6.041378021240234 
7.97362756729126 
6.201590061187744 
5.890756130218506 
7.482235908508301 
5.1783037185668945 
6.233611106872559 
7.773688316345215 
5.616549491882324 
8.208235740661621 
5.467162132263184 
6.920961380004883 
5.840431213378906 
5.617932319641113 
6.180927276611328 
5.366299152374268 
5.80969762802124 
5.053101539611816 
5.494771957397461 
5.380847454071045 
7.470656394958496 
6.745621204376221 
8.188740730285645 
6.303931713104248 
6.293126583099365 
6.059462547302246 
6.11838436126709 
6.715404510498047 
6.4884772300720215 
6.286801815032959 
5.972256183624268 
6.392652988433838 
5.6028923988342285 
6.0485734939575195 
6.069652080535889 
6.849844932556152 
5.031922817230225 
4.671722412109375 
4.851943492889404 
6.873827934265137 
6.1739373207092285 
8.765410423278809 
5.817054271697998 
6.050217628479004 
5.707132339477539 
6.448030471801758 
8.011188507080078 
5.975384712219238 
4.968038082122803 
6.990410804748535 
5.187628269195557 
6.049099445343018 
9.561232566833496 
7.770388603210449 
5.518380641937256 
4.878434181213379 
7.8884596824646 
5.707901477813721 
5.196372032165527 
7.210190296173096 
4.602607250213623 
7.528968334197998 
6.107987880706787 
6.561608791351318 
7.17006254196167 
6.244194507598877 
5.68379020690918 
6.906429290771484 
5.543323993682861 
5.429849147796631 
6.9027886390686035 
6.281099796295166 
6.717525005340576 
5.58248233795166 
6.435156345367432 
4.915149688720703 
6.9027485847473145 
4.710773468017578 
6.3156514167785645 
5.029239654541016 
5.508457660675049 
6.419198513031006 
6.0999298095703125 
4.793262004852295 
6.02307653427124 
5.923497676849365 
5.489992141723633 
7.329770088195801 
8.3482084274292 
6.214714527130127 
7.694055080413818 
8.626535415649414 
7.962939262390137 
7.158939361572266 
5.428112030029297 
5.8446526527404785 
6.15479850769043 
5.717809677124023 
5.682567596435547 
5.744150638580322 
6.586429119110107 
5.608156204223633 
6.88533878326416 
8.897457122802734 
6.507707118988037 
5.619816780090332 
6.334713459014893 
8.848082542419434 
7.216678142547607 
8.095556259155273 
7.240056037902832 
7.8474440574646 
8.245390892028809 
8.574155807495117 
5.298130512237549 
7.171302795410156 
8.88170051574707 
6.7274041175842285 
7.024340629577637 
5.04729700088501 
5.138039588928223 
5.184109687805176 
8.122723579406738 
6.172752380371094 
6.41848087310791 
7.531402111053467 
5.837734699249268 
5.927096366882324 
7.351792335510254 
7.228709697723389 
6.0041584968566895 
4.883511066436768 
6.6186747550964355 
6.234772205352783 
6.203604221343994 
5.773313999176025 
9.383455276489258 
6.548768043518066 
5.842021942138672 
7.994908332824707 
5.908397674560547 
7.391610622406006 
5.323410511016846 
6.724758148193359 
4.72434663772583 
5.922675132751465 
8.750125885009766 
4.978257179260254 
5.798246383666992 
6.49111270904541 
8.175232887268066 
6.503848552703857 
6.129875659942627 
6.911020755767822 
5.910208225250244 
5.661660671234131 
6.3942742347717285 
5.368014335632324 
5.891529560089111 
6.610512733459473 
5.47664213180542 
6.774912357330322 
6.013726711273193 
5.610741138458252 
5.112514972686768 
6.061521053314209 
8.470370292663574 
5.961014747619629 
5.93047571182251 
5.6135663986206055 
7.445333003997803 
6.212587356567383 
9.39565658569336 
8.9606294631958 
9.316243171691895 
5.923984527587891 
5.800827980041504 
7.2613749504089355 
6.616925239562988 
5.905047416687012 
6.8117241859436035 
5.91216516494751 
5.138840675354004 
5.300113677978516 
6.117105007171631 
5.725123405456543 
8.402656555175781 
6.519736289978027 
6.862954616546631 
5.7244181632995605 
4.959832668304443 
6.187201976776123 
5.493791103363037 
6.571661949157715 
4.886356353759766 
6.431125164031982 
5.101055145263672 
5.247407913208008 
5.856456756591797 
9.37732219696045 
8.283905982971191 
9.061758041381836 
9.004244804382324 
7.8515520095825195 
7.451453685760498 
7.756888389587402 
5.212759017944336 
5.8842058181762695 
7.780966281890869 
6.956292152404785 
5.28649377822876 
5.690354347229004 
7.273429870605469 
5.216658115386963 
6.4797043800354 
7.690941333770752 
5.127062797546387 
4.902130603790283 
6.061522006988525 
7.799385070800781 
4.862519264221191 
6.416088581085205 
5.419941425323486 
6.1694560050964355 
7.670060157775879 
6.22960090637207 
10.40503215789795 
7.6852874755859375 
6.826175689697266 
8.21118450164795 
7.881843566894531 
7.448131084442139 
5.743505477905273 
6.530776500701904 
7.786054611206055 
5.423240661621094 
6.4277238845825195 
7.415586471557617 
6.9427337646484375 
5.4311203956604 
5.167280673980713 
7.263127326965332 
6.039247989654541 
5.4799652099609375 
4.630650997161865 
6.478316307067871 
6.063036918640137 
5.9953413009643555 
7.101511001586914 
6.03012228012085 
6.380824089050293 
5.613717555999756 
7.159215450286865 
7.560388088226318 
4.648552417755127 
7.4019856452941895 
9.273208618164062 
5.949974060058594 
6.350090026855469 
5.0116682052612305 
6.131640911102295 
7.744591236114502 
5.802987575531006 
8.619427680969238 
5.837738513946533 
7.337897777557373 
10.515862464904785 
6.440457344055176 
5.631505012512207 
5.801875591278076 
5.925228595733643 
7.366098403930664 
6.028046131134033 
5.326491832733154 
5.317570686340332 
7.091412544250488 
8.703072547912598 
5.592165470123291 
5.599751949310303 
6.681326866149902 
9.065999984741211 
8.469582557678223 
5.165000915527344 
5.212612152099609 
5.383480548858643 
5.890825271606445 
6.847692489624023 
8.071430206298828 
5.575527667999268 
7.345314025878906 
7.90453577041626 
6.343754291534424 
5.896580219268799 
5.016477584838867 
8.339984893798828 
5.778036594390869 
5.512816429138184 
7.141297817230225 
6.105800151824951 
5.020920753479004 
5.817015171051025 
6.122282981872559 
6.909631252288818 
4.985966682434082 
5.9344258308410645 
7.304875373840332 
6.663844585418701 
5.858785152435303 
6.269853591918945 
5.525909423828125 
6.540511608123779 
6.509552478790283 
7.135019779205322 
6.3972320556640625 
7.536093235015869 
5.9947991371154785 
6.701704025268555 
5.2644734382629395 
5.205974102020264 
4.801607131958008 
9.544136047363281 
7.532628536224365 
7.518848896026611 
5.7439656257629395 
6.843825817108154 
7.011015892028809 
6.114365577697754 
5.914453029632568 
5.038875102996826 
5.343599319458008 
6.43967866897583 
6.371905326843262 
4.752093315124512 
5.423423767089844 
5.425774097442627 
5.654266357421875 
6.395732402801514 
4.789515972137451 
6.075239181518555 
9.08506965637207 
5.293663501739502 
9.306509017944336 
6.993210315704346 
5.442041873931885 
5.005638122558594 
6.4886298179626465 
5.357472896575928 
7.3027849197387695 
5.0310163497924805 
5.611684799194336 
4.994769096374512 
8.522011756896973 
5.396303653717041 
5.688578128814697 
6.764412879943848 
5.253720283508301 
8.167784690856934 
4.614731311798096 
8.39656925201416 
6.259180545806885 
6.784546852111816 
6.557125568389893 
6.784961223602295 
5.356773376464844 
5.896074295043945 
6.301950931549072 
7.223586559295654 
5.993953227996826 
5.3497514724731445 
6.49870491027832 
6.309144020080566 
6.413782596588135 
7.551181793212891 
5.900242328643799 
5.14426851272583 
6.796669006347656 
6.370323181152344 
5.562900543212891 
6.391602516174316 
7.485629558563232 
7.235665798187256 
7.9344305992126465 
10.284475326538086 
6.198948383331299 
6.464748859405518 
6.746205806732178 
8.932910919189453 
5.806942462921143 
6.38603401184082 
6.489506721496582 
7.851441383361816 
5.989709854125977 
6.335334777832031 
7.249088764190674 
6.673821926116943 
5.906461715698242 
5.854936599731445 
6.678784370422363 
6.462095737457275 
6.687773704528809 
6.049699783325195 
6.964388847351074 
6.656943321228027 
5.867215156555176 
5.430951118469238 
7.77857780456543 
5.360861301422119 
5.777671813964844 
6.003469944000244 
6.49274206161499 
6.322540283203125 
6.611850738525391 
6.956497669219971 
5.390949726104736 
5.376498699188232 
5.407203197479248 
5.542972564697266 
9.180848121643066 
6.8591694831848145 
6.346579551696777 
8.576674461364746 
5.601495265960693 
7.515712261199951 
5.531616687774658 
5.750771522521973 
4.755905628204346 
6.741060733795166 
6.196461200714111 
7.430182933807373 
6.255005836486816 
5.885826587677002 
6.927560329437256 
6.313107013702393 
6.045773983001709 
6.705066680908203 
5.621232986450195 
4.967297554016113 
6.364002227783203 
6.349075794219971 
6.289780616760254 
5.329692363739014 
6.577763557434082 
5.4170756340026855 
6.318179130554199 
6.272887706756592 
5.112762451171875 
7.458767890930176 
9.876007080078125 
8.698925971984863 
5.202449321746826 
5.818086624145508 
5.4875712394714355 
6.478872299194336 
7.5151896476745605 
5.869602680206299 
5.365084648132324 
5.751213073730469 
5.192446708679199 
8.426562309265137 
7.289892673492432 
4.259898662567139 
7.435390949249268 
6.094860553741455 
8.564312934875488 
6.272058486938477 
7.551647663116455 
6.647204399108887 
6.329617023468018 
5.992187976837158 
5.579859256744385 
5.440910816192627 
7.187964916229248 
4.417056083679199 
7.3155436515808105 
6.622973442077637 
7.130007743835449 
5.522611618041992 
7.825985908508301 
6.595263957977295 
6.090607643127441 
4.803579807281494 
7.259395122528076 
7.742462635040283 
8.724189758300781 
6.463521480560303 
6.7119269371032715 
7.264444351196289 
5.5811662673950195 
5.149630069732666 
6.185916900634766 
5.044408321380615 
4.573535442352295 
5.87836217880249 
8.24045181274414 
6.318585395812988 
7.222214698791504 
5.743821144104004 
5.912204742431641 
6.358456134796143 
5.541552543640137 
6.790178298950195 
6.312603950500488 
6.117003917694092 
5.372965335845947 
6.158768177032471 
5.349030017852783 
6.840391159057617 
6.149963855743408 
8.770240783691406 
5.769950866699219 
6.669315338134766 
8.620464324951172 
4.9999680519104 
9.086685180664062 
5.318843841552734 
5.415554046630859 
4.957458019256592 
7.372600078582764 
7.892968654632568 
4.741016864776611 
5.665607929229736 
6.660984516143799 
7.800882816314697 
6.374366283416748 
6.339917182922363 
7.9302849769592285 
6.839615821838379 
5.810079097747803 
5.540054798126221 
7.8016037940979 
5.776015758514404 
5.658214569091797 
7.211950778961182 
7.074385643005371 
6.67496395111084 
7.322188377380371 
5.313329696655273 
5.997217655181885 
5.0672197341918945 
5.937394618988037 
5.836611747741699 
6.413039684295654 
7.3285675048828125 
6.878419399261475 
5.472671985626221 
6.517083168029785 
7.3075947761535645 
5.770752906799316 
5.247445583343506 
9.311798095703125 
6.381728649139404 
5.899865627288818 
6.14583683013916 
7.235048770904541 
7.450776100158691 
7.5360331535339355 
8.135172843933105 
4.986074447631836 
6.125704288482666 
7.504708766937256 
4.87368631362915 
6.914806842803955 
5.037617206573486 
8.817514419555664 
6.602322101593018 
5.899919033050537 
6.380304336547852 
6.9983744621276855 
6.628427505493164 
6.64439058303833 
7.888911247253418 
6.026985168457031 
6.014742374420166 
8.301429748535156 
5.885426998138428 
6.877103805541992 
7.472358226776123 
6.025012493133545 
8.101689338684082 
8.829837799072266 
6.784797668457031 
5.5035834312438965 
6.735774993896484 
5.967105865478516 
7.885572910308838 
5.813483715057373 
6.084517478942871 
7.088614463806152 
6.520252227783203 
6.660233020782471 
7.488763332366943 
6.314903736114502 
6.23361349105835 
6.226143836975098 
6.104537010192871 
5.438938617706299 
8.399621963500977 
6.638797283172607 
5.402109622955322 
5.6349310874938965 
4.720480442047119 
5.325786590576172 
5.510754108428955 
6.616004943847656 
6.1435370445251465 
6.785819053649902 
5.842871189117432 
5.974070072174072 
5.980528354644775 
5.472472190856934 
7.29101037979126 
7.042003631591797 
7.822851181030273 
6.149296760559082 
5.796629428863525 
7.686002254486084 
5.978636741638184 
5.575481414794922 
5.803777694702148 
5.419221878051758 
5.990721702575684 
6.058208465576172 
6.3486833572387695 
5.152525424957275 
6.392637252807617 
5.816938400268555 
5.4284491539001465 
5.830709457397461 
8.534493446350098 
5.652053356170654 
4.976080417633057 
6.835188388824463 
6.811613082885742 
5.406660079956055 
6.122104644775391 
6.246092319488525 
5.612361907958984 
6.899900913238525 
8.480618476867676 
6.18813943862915 
7.679466247558594 
8.123558044433594 
8.315571784973145 
5.865045070648193 
5.4820332527160645 
6.92527437210083 
6.124438285827637 
5.008212566375732 
7.018026828765869 
6.2878804206848145 
6.785789489746094 
10.107008934020996 
6.414156436920166 
6.020810127258301 
5.68112325668335 
5.667318820953369 
7.839024066925049 
7.161692142486572 
7.367452621459961 
5.352549076080322 
7.0962677001953125 
5.915852069854736 
8.40005874633789 
6.909280300140381 
5.990452289581299 
5.584291458129883 
6.290210247039795 
7.215851306915283 
5.401175498962402 
8.254220962524414 
8.132403373718262 
6.358067989349365 
6.058533668518066 
8.108072280883789 
7.2790446281433105 
8.416604995727539 
6.882874011993408 
7.113825798034668 
6.340523719787598 
7.533000946044922 
7.777102470397949 
7.080811500549316 
6.208485126495361 
6.532298564910889 
5.92596960067749 
5.150918960571289 
9.289118766784668 
7.30194616317749 
6.671955108642578 
7.2101030349731445 
6.959859371185303 
5.423363208770752 
7.907756328582764 
6.7209320068359375 
5.036986351013184 
7.546961784362793 
5.630638122558594 
5.259862422943115 
7.686575889587402 
5.643330097198486 
7.147672653198242 
5.77918815612793 
7.278690338134766 
5.687262058258057 
5.022477149963379 
5.150958061218262 
6.042508125305176 
5.740789413452148 
6.034499168395996 
7.829187393188477 
7.237517356872559 
8.886013984680176 
8.405973434448242 
7.595946788787842 
6.425504207611084 
6.967537879943848 
5.769237995147705 
6.096584320068359 
5.773582458496094 
6.45220422744751 
7.887356758117676 
6.8151469230651855 
9.346694946289062 
7.530979156494141 
6.042367458343506 
4.274226665496826 
5.276971817016602 
7.440718650817871 
4.623927116394043 
6.135993003845215 
5.215721130371094 
5.770923137664795 
6.841823101043701 
8.096274375915527 
6.529529571533203 
6.377186298370361 
5.53411865234375 
7.229640007019043 
7.375728130340576 
6.5414299964904785 
7.221702575683594 
9.027153015136719 
6.8229756355285645 
8.42476749420166 
5.5442047119140625 
7.5398993492126465 
8.557278633117676 
5.541674613952637 
7.059383392333984 
5.514477252960205 
9.456441879272461 
6.303874969482422 
5.1057281494140625 
6.243414878845215 
6.759153366088867 
6.347310543060303 
6.1901535987854 
5.114508152008057 
6.386517524719238 
7.24245023727417 
6.078880310058594 
6.132266998291016 
6.176351547241211 
6.046416282653809 
5.7120466232299805 
6.2734055519104 
5.772930145263672 
6.594057083129883 
7.715463638305664 
7.3443217277526855 
4.798962116241455 
6.167255401611328 
6.6203532218933105 
8.585280418395996 
5.306822776794434 
6.910505771636963 
5.657486438751221 
5.8944091796875 
9.300299644470215 
5.862101078033447 
5.076460838317871 
5.209835529327393 
6.166625499725342 
5.315394878387451 
5.926826477050781 
6.363115310668945 
7.414817810058594 
6.0321197509765625 
6.371786594390869 
7.162473201751709 
7.555576324462891 
6.324446201324463 
8.561882019042969 
4.882514476776123 
6.666937351226807 
7.926274299621582 
6.044940948486328 
7.45415735244751 
6.992623805999756 
6.760034561157227 
6.535595893859863 
5.980682849884033 
6.740213871002197 
6.668753147125244 
6.239882946014404 
5.954392433166504 
6.34459924697876 
5.910775661468506 
5.851037979125977 
9.722528457641602 
6.432031154632568 
5.302990913391113 
4.883436679840088 
8.880647659301758 
7.857978820800781 
8.49326229095459 
6.2146172523498535 
7.009561061859131 
6.578808307647705 
6.424655437469482 
6.522265434265137 
6.344351291656494 
6.114457607269287 
7.8063130378723145 
5.857279300689697 
5.327144622802734 
6.615109443664551 
5.933547019958496 
5.5122599601745605 
7.376368045806885 
6.364500045776367 
7.621034622192383 
5.673939228057861 
5.595981597900391 
8.53680419921875 
5.408719062805176 
6.779969692230225 
6.31043815612793 
7.973695278167725 
6.931371688842773 
9.123290061950684 
5.674195289611816 
4.928576469421387 
6.334179878234863 
7.022913455963135 
9.211529731750488 
6.5292487144470215 
7.468538761138916 
5.316470146179199 
9.187199592590332 
7.009775161743164 
5.297580242156982 
5.060104846954346 
6.576025485992432 
6.374936580657959 
6.257039546966553 
5.181087017059326 
7.326269149780273 
7.336618423461914 
6.122616767883301 
7.748472690582275 
5.748710632324219 
7.070981502532959 
7.056062698364258 
5.176416397094727 
7.396778583526611 
8.707237243652344 
5.755529880523682 
5.7182111740112305 
5.486331462860107 
5.795985221862793 
6.541569232940674 
5.747725009918213 
6.546841621398926 
6.715041637420654 
8.918824195861816 
8.939363479614258 
6.365080833435059 
7.172493934631348 
7.6805315017700195 
5.3559489250183105 
5.925614833831787 
6.265230178833008 
6.990584373474121 
7.701557159423828 
5.418219566345215 
5.710732460021973 
6.038344860076904 
7.32284688949585 
5.66887903213501 
7.198803424835205 
7.613521575927734 
8.320189476013184 
6.194185256958008 
4.660895824432373 
6.0117692947387695 
6.361151218414307 
5.411125659942627 
6.230974197387695 
5.101077556610107 
6.232848167419434 
7.733648777008057 
7.695397853851318 
7.058535099029541 
5.485061168670654 
7.386638164520264 
4.4797210693359375 
5.45121955871582 
6.613691806793213 
8.777328491210938 
7.013640403747559 
5.091949939727783 
7.488053798675537 
6.984495162963867 
6.842904567718506 
6.702306270599365 
7.332507133483887 
5.909308433532715 
5.225246429443359 
6.809629440307617 
8.427643775939941 
6.668071269989014 
7.48355770111084 
5.428658485412598 
5.730309963226318 
6.405422687530518 
6.169667720794678 
8.346620559692383 
7.543930530548096 
7.016633987426758 
5.985838413238525 
8.086821556091309 
5.793043613433838 
6.33278226852417 
6.801056385040283 
7.234456539154053 
5.969969749450684 
6.8295578956604 
6.6384124755859375 
8.156656265258789 
6.368892192840576 
7.089827537536621 
5.870593070983887 
5.750649929046631 
6.229066848754883 
6.850113868713379 
6.358034610748291 
6.868185997009277 
5.942869186401367 
5.969819068908691 
6.029027938842773 
5.2983293533325195 
5.15408182144165 
5.492395401000977 
5.9332966804504395 
8.279308319091797 
6.7685675621032715 
6.149960517883301 
6.7693281173706055 
6.09466552734375 
5.45865535736084 
6.717944622039795 
7.41616153717041 
5.719627380371094 
5.703824520111084 
6.715369701385498 
5.404333114624023 
7.014315605163574 
6.35338830947876 
7.105520725250244 
7.004883289337158 
5.44696044921875 
5.877201080322266 
5.55847692489624 
6.11279296875 
5.173177719116211 
5.295198440551758 
6.074030876159668 
7.491360187530518 
6.134829998016357 
5.974308490753174 
8.745039939880371 
6.514876842498779 
5.248164653778076 
5.895080089569092 
6.7840495109558105 
6.38897180557251 
6.692976951599121 
6.670163631439209 
5.372235298156738 
6.401576519012451 
6.5721330642700195 
7.662814617156982 
6.846642017364502 
8.588274002075195 
7.670414447784424 
7.354612827301025 
6.39235782623291 
4.649274826049805 
5.7876434326171875 
6.471513271331787 
8.12524700164795 
5.009657382965088 
7.947921276092529 
5.483369827270508 
6.183306694030762 
5.883869647979736 
7.5570173263549805 
6.453000068664551 
9.644096374511719 
5.936574935913086 
7.119462490081787 
6.877933502197266 
6.199150562286377 
5.563161849975586 
4.798680782318115 
8.855494499206543 
5.008017063140869 
6.509776592254639 
5.910758972167969 
5.657389163970947 
5.543874263763428 
7.16254997253418 
8.063677787780762 
6.186683177947998 
9.00130844116211 
6.393032073974609 
6.579405307769775 
7.757687091827393 
9.704672813415527 
6.07581901550293 
6.508118629455566 
5.366356372833252 
5.966939926147461 
7.65346097946167 
4.8669562339782715 
8.341081619262695 
6.6072797775268555 
8.184915542602539 
6.026578426361084 
6.771768093109131 
5.61787748336792 
6.5283522605896 
8.339489936828613 
6.363537788391113 
6.883062839508057 
7.842507362365723 
7.635303020477295 
7.322505474090576 
6.006218433380127 
7.162350654602051 
5.10455322265625 
5.7952375411987305 
7.179637908935547 
7.085500717163086 
8.880709648132324 
5.656920909881592 
8.154977798461914 
6.79405403137207 
7.755764961242676 
6.448153972625732 
6.181235313415527 
6.565666198730469 
5.272095203399658 
5.880377769470215 
6.460453987121582 
5.642652988433838 
6.902068138122559 
5.463630199432373 
5.852910041809082 
5.981551647186279 
9.611104011535645 
5.214406967163086 
6.139335632324219 
5.296511173248291 
5.3461689949035645 
5.20885705947876 
6.009460926055908 
6.150903224945068 
8.808136940002441 
5.459878921508789 
6.791502952575684 
6.168539524078369 
6.809586524963379 
6.137635707855225 
5.553556442260742 
6.340930461883545 
7.841285705566406 
6.75242280960083 
8.339813232421875 
8.916032791137695 
5.489271640777588 
6.494755744934082 
6.439294815063477 
4.689256191253662 
5.278426170349121 
9.099807739257812 
7.406367778778076 
5.138526916503906 
7.477259635925293 
6.3320159912109375 
7.993453502655029 
6.013094425201416 
6.377995014190674 
5.555665969848633 
8.024563789367676 
6.528058052062988 
5.473658084869385 
5.964252948760986 
4.970407009124756 
7.403006553649902 
6.961083889007568 
7.146450519561768 
6.867655277252197 
7.742918014526367 
6.114316940307617 
5.93034553527832 
6.678499221801758 
5.608138084411621 
5.821986675262451 
6.671150207519531 
5.167428016662598 
9.28906536102295 
8.879658699035645 
5.436457633972168 
5.533088207244873 
5.906223297119141 
6.711374282836914 
6.706416130065918 
5.8170552253723145 
6.715047359466553 
7.6925787925720215 
6.6421427726745605 
6.898566722869873 
7.09548807144165 
5.787234306335449 
6.66016960144043 
4.763113021850586 
4.764141082763672 
7.131714344024658 
7.345122337341309 
6.0218634605407715 
6.822858810424805 
7.219790458679199 
7.801793575286865 
7.528065204620361 
5.4431939125061035 
5.144582271575928 
5.854109764099121 
5.381300449371338 
5.867447376251221 
6.865118503570557 
8.320741653442383 
5.231821060180664 
6.229194164276123 
8.634926795959473 
5.447566509246826 
8.178753852844238 
7.383458137512207 
5.854282855987549 
5.3929643630981445 
7.372002124786377 
4.271676540374756 
7.037520408630371 
4.769639015197754 
5.237312316894531 
7.698873519897461 
4.587036609649658 
7.4187798500061035 
5.910159111022949 
8.167524337768555 
5.525192737579346 
5.354750156402588 
4.934131622314453 
7.146724700927734 
5.264504909515381 
7.9239091873168945 
5.300251007080078 
8.401703834533691 
6.2163896560668945 
5.8113603591918945 
6.4900312423706055 
5.370977401733398 
8.489161491394043 
5.564741611480713 
5.853988170623779 
6.540644645690918 
6.8811726570129395 
5.9141845703125 
6.3538689613342285 
6.284580230712891 
7.5572075843811035 
5.299468994140625 
7.606350421905518 
7.372433662414551 
6.140575885772705 
5.560656547546387 
5.5969929695129395 
6.141058444976807 
7.194253921508789 
8.072457313537598 
5.574876308441162 
7.528435707092285 
6.4878973960876465 
6.879301071166992 
7.460620880126953 
6.315633773803711 
7.586562156677246 
6.394748687744141 
5.870079517364502 
4.9425177574157715 
5.827517032623291 
7.742062568664551 
4.8135552406311035 
5.817163944244385 
6.736419677734375 
7.543787956237793 
6.051210880279541 
8.47789192199707 
6.53464937210083 
7.437203884124756 
4.897762298583984 
6.513677597045898 
5.780235290527344 
5.557872772216797 
5.851982593536377 
7.885461330413818 
7.897560119628906 
6.778751373291016 
10.13797378540039 
6.076802730560303 
4.963546276092529 
5.760808944702148 
8.558316230773926 
7.530854225158691 
4.767087936401367 
10.266388893127441 
7.3122124671936035 
6.526429653167725 
5.9588704109191895 
8.333051681518555 
7.686611175537109 
6.114576816558838 
7.549295425415039 
6.322714805603027 
5.3102312088012695 
6.168798446655273 
6.399170398712158 
5.587585926055908 
4.7795820236206055 
7.444847106933594 
6.296749591827393 
5.075775623321533 
5.151401519775391 
6.592737197875977 
5.710467338562012 
6.630321025848389 
6.024521350860596 
6.506710529327393 
6.6178765296936035 
6.918311595916748 
6.345269203186035 
7.202580451965332 
6.639011859893799 
5.760789394378662 
6.968525409698486 
5.986606597900391 
6.130698204040527 
6.401447296142578 
7.004018306732178 
6.7883782386779785 
4.706088066101074 
5.458717346191406 
5.6551971435546875 
5.213849067687988 
5.135868072509766 
7.936712265014648 
8.185661315917969 
6.328291416168213 
5.550273895263672 
6.183466911315918 
5.409817695617676 
10.584930419921875 
5.329950332641602 
4.228884696960449 
6.4794602394104 
6.462671279907227 
7.077800273895264 
8.020999908447266 
5.456184387207031 
4.64840841293335 
6.760007381439209 
5.176102161407471 
7.011828899383545 
5.463841438293457 
6.785904407501221 
4.982795238494873 
5.8902363777160645 
6.023258209228516 
7.337375640869141 
6.905091285705566 
7.580485820770264 
7.408105850219727 
4.401391983032227 
5.550721168518066 
5.62954568862915 
5.884683132171631 
9.076751708984375 
7.045305252075195 
9.204865455627441 
4.981584548950195 
4.558725357055664 
7.960113048553467 
6.391291618347168 
5.730189323425293 
6.6630048751831055 
5.358294486999512 
5.43717098236084 
7.946657180786133 
6.585901260375977 
5.532923698425293 
5.917741775512695 
5.6282477378845215 
8.00114631652832 
5.992464542388916 
5.903853893280029 
8.182839393615723 
4.942038059234619 
5.88339376449585 
8.292823791503906 
6.827742099761963 
7.980447292327881 
10.49301528930664 
5.846624851226807 
5.879554748535156 
5.78618860244751 
7.403066635131836 
6.398158073425293 
7.7450127601623535 
5.569811820983887 
7.690203666687012 
4.18297004699707 
5.32400369644165 
6.470532417297363 
7.715178489685059 
7.2650275230407715 
5.908083915710449 
7.614720821380615 
5.353549480438232 
6.540024757385254 
6.095778942108154 
5.845407009124756 
8.036008834838867 
7.348657131195068 
6.785516738891602 
7.012983798980713 
5.574308395385742 
5.003303527832031 
9.370811462402344 
6.646205425262451 
6.151183605194092 
5.884064197540283 
8.349413871765137 
6.836398601531982 
6.271463871002197 
8.481731414794922 
5.010083198547363 
7.5039496421813965 
7.819070339202881 
7.788105487823486 
6.4618821144104 
5.064165115356445 
6.798029899597168 
6.652456760406494 
6.417010307312012 
8.07498550415039 
10.21544361114502 
5.120066165924072 
6.300822734832764 
6.374067783355713 
5.347926616668701 
7.323882102966309 
6.528421878814697 
5.198432922363281 
6.209893703460693 
6.822817325592041 
9.748239517211914 
6.202424049377441 
6.517882347106934 
6.028000831604004 
5.187127113342285 
4.895664215087891 
8.290818214416504 
7.497771739959717 
5.618526935577393 
6.9050493240356445 
6.946935653686523 
6.319997310638428 
7.557993412017822 
6.763541221618652 
5.997104167938232 
5.979687690734863 
7.549050331115723 
7.992020606994629 
7.166224956512451 
7.856357097625732 
5.8010945320129395 
6.666374683380127 
7.8896331787109375 
5.981849193572998 
6.021732807159424 
5.106939792633057 
5.288268089294434 
5.548062801361084 
6.310641765594482 
6.636877536773682 
5.700425148010254 
5.9614386558532715 
6.131764888763428 
4.724946975708008 
7.068767547607422 
6.51949405670166 
6.097048759460449 
7.120535373687744 
5.964327335357666 
7.752221584320068 
6.773921489715576 
5.379207134246826 
7.174103736877441 
7.346956253051758 
6.98484992980957 
6.451132774353027 
8.353728294372559 
7.066695690155029 
5.946871757507324 
6.354885101318359 
7.393645286560059 
7.052484035491943 
7.384225368499756 
8.285928726196289 
6.277774333953857 
7.582702159881592 
6.405752182006836 
5.555235862731934 
6.740838527679443 
7.655258655548096 
7.633884906768799 
5.811162948608398 
5.811326026916504 
5.107090473175049 
5.6219940185546875 
4.627884387969971 
5.864229202270508 
5.516040802001953 
5.2303571701049805 
4.762308597564697 
5.633029937744141 
6.718845844268799 
9.000435829162598 
5.052785873413086 
5.514252185821533 
6.314233779907227 
5.463803291320801 
6.274725914001465 
7.8152642250061035 
5.586635112762451 
7.290504455566406 
8.120285987854004 
6.046785831451416 
5.318043231964111 
5.8190598487854 
7.363231182098389 
6.073692798614502 
6.465211868286133 
7.035801410675049 
5.990811824798584 
7.50036096572876 
7.306028842926025 
6.49867582321167 
8.787227630615234 
7.091457366943359 
6.085208415985107 
6.986734867095947 
7.82668399810791 
8.189696311950684 
6.43577766418457 
7.603350639343262 
6.488770484924316 
6.5109782218933105 
4.7617082595825195 
7.814799785614014 
6.089318752288818 
6.599281311035156 
6.435030937194824 
6.973072528839111 
5.965829849243164 
6.3599958419799805 
6.636858940124512 
6.987269401550293 
7.205873966217041 
8.562796592712402 
5.435725212097168 
5.854487895965576 
6.107987403869629 
6.72144079208374 
4.993968963623047 
5.995995044708252 
7.464602470397949 
6.846341609954834 
5.977961540222168 
7.440325736999512 
7.496333122253418 
5.821706771850586 
6.070797920227051 
5.768714427947998 
6.112807750701904 
5.5782341957092285 
5.739202976226807 
5.303941249847412 
5.693211555480957 
6.542074680328369 
6.9621710777282715 
5.350126266479492 
6.033588886260986 
5.7032928466796875 
6.408878803253174 
5.679662704467773 
6.0794854164123535 
5.378005504608154 
8.891615867614746 
5.345348358154297 
7.1084513664245605 
5.442476749420166 
7.147045135498047 
6.628727436065674 
6.895860195159912 
5.027751922607422 
5.976357936859131 
7.673007011413574 
6.395254135131836 
7.164176940917969 
7.548280239105225 
5.517480850219727 
7.374533176422119 
6.758296489715576 
5.202686309814453 
6.661169052124023 
4.992025852203369 
6.7771992683410645 
6.377312183380127 
10.051458358764648 
8.403108596801758 
6.1773905754089355 
6.450576305389404 
6.171334266662598 
7.348322868347168 
7.042143821716309 
6.212234973907471 
5.025813102722168 
6.05059814453125 
5.3221354484558105 
6.557414531707764 
6.0962724685668945 
6.313644886016846 
6.262845993041992 
6.8898420333862305 
4.735488414764404 
6.535884380340576 
6.974421501159668 
6.5825066566467285 
5.850511074066162 
9.341292381286621 
6.651122570037842 
7.504692554473877 
7.253260135650635 
9.045731544494629 
9.22415828704834 
6.607233047485352 
5.494715690612793 
8.896015167236328 
6.1266303062438965 
6.827239036560059 
5.102609157562256 
7.697444438934326 
5.532248020172119 
6.57641077041626 
9.205839157104492 
8.26412296295166 
8.257342338562012 
6.974559783935547 
7.614857196807861 
5.031209945678711 
7.881323337554932 
5.024341583251953 
5.076778888702393 
7.654557704925537 
5.278522968292236 
5.8020830154418945 
7.783926486968994 
5.776163578033447 
4.948311805725098 
7.970601558685303 
6.197627067565918 
7.184042930603027 
7.1382222175598145 
6.144891262054443 
5.763053894042969 
7.005771636962891 
5.886063575744629 
