4.977872371673584 
6.257225513458252 
5.609118938446045 
7.583942890167236 
6.256378650665283 
8.173337936401367 
5.345409393310547 
7.3549323081970215 
7.3498029708862305 
6.831605434417725 
5.713959693908691 
9.466591835021973 
5.920415878295898 
5.9170942306518555 
8.196255683898926 
7.889494895935059 
6.503600120544434 
6.801847457885742 
5.082548141479492 
6.581968784332275 
5.331094741821289 
8.399490356445312 
6.091220855712891 
7.447639465332031 
10.560399055480957 
6.9080939292907715 
6.5432820320129395 
5.5260396003723145 
7.142397880554199 
4.996326446533203 
6.537697792053223 
5.950827598571777 
6.174843788146973 
5.187629699707031 
6.691670894622803 
7.579884052276611 
5.505502700805664 
4.772340774536133 
7.0919694900512695 
7.493258476257324 
6.563777446746826 
5.712225437164307 
4.887945652008057 
6.673583507537842 
4.788029193878174 
5.038908958435059 
5.60636568069458 
5.5280961990356445 
9.106009483337402 
6.552314758300781 
6.150566101074219 
6.012754440307617 
8.649445533752441 
8.348782539367676 
5.733757972717285 
6.116460800170898 
6.318565368652344 
4.765647888183594 
8.863799095153809 
6.7524285316467285 
6.345541954040527 
5.8368306159973145 
5.587588787078857 
5.229607582092285 
8.362265586853027 
4.643224239349365 
6.694452285766602 
6.639902591705322 
8.268418312072754 
5.818389892578125 
6.818477630615234 
7.776700973510742 
5.667936325073242 
5.547957897186279 
8.092000007629395 
5.673683166503906 
5.758975982666016 
7.213646411895752 
5.683230876922607 
4.590749263763428 
7.019656658172607 
5.421501159667969 
4.910590171813965 
6.031360626220703 
6.65708065032959 
8.15877628326416 
7.046988487243652 
6.360565185546875 
4.505575180053711 
6.959979057312012 
5.632235050201416 
7.607019424438477 
7.197649002075195 
5.3235368728637695 
6.619020938873291 
7.901756286621094 
5.251900672912598 
5.305014610290527 
5.0516743659973145 
6.430224418640137 
6.836496353149414 
7.556209564208984 
5.4546403884887695 
9.245476722717285 
6.669249534606934 
8.69312572479248 
6.053759574890137 
5.563252925872803 
6.346148490905762 
5.518099784851074 
6.816197395324707 
7.879076957702637 
8.09753704071045 
7.288610458374023 
6.228773593902588 
6.212419509887695 
5.195034980773926 
5.455713272094727 
5.036261081695557 
6.320331573486328 
4.821969985961914 
5.275691032409668 
5.016483783721924 
6.696677207946777 
8.072214126586914 
6.599244117736816 
6.478456974029541 
8.004947662353516 
5.2300615310668945 
7.492872714996338 
5.962506294250488 
4.817921161651611 
6.985101699829102 
8.84438419342041 
4.3854265213012695 
5.7846832275390625 
5.038595676422119 
4.824573516845703 
7.1595659255981445 
7.883193016052246 
7.485584735870361 
5.36290979385376 
6.050873756408691 
5.406608581542969 
5.1647233963012695 
7.573333263397217 
6.0305986404418945 
6.469186782836914 
4.952615737915039 
5.1337432861328125 
7.108901023864746 
5.552311420440674 
8.200247764587402 
6.080336570739746 
5.564692497253418 
6.274106502532959 
5.771370887756348 
6.36756706237793 
8.818988800048828 
7.994405269622803 
7.675797939300537 
6.3575119972229 
6.325727462768555 
5.4995927810668945 
5.880112171173096 
7.806157112121582 
5.5924482345581055 
7.641594409942627 
7.8855485916137695 
7.206687927246094 
7.162292957305908 
7.400109767913818 
6.8000993728637695 
8.65367603302002 
9.28115463256836 
7.017953872680664 
6.554760456085205 
6.950555801391602 
5.554619789123535 
6.7251787185668945 
5.195736885070801 
5.927776336669922 
6.843142986297607 
6.1688385009765625 
5.240808486938477 
5.228233814239502 
7.0290141105651855 
6.189212799072266 
6.655553340911865 
5.246579647064209 
6.167109966278076 
6.352242469787598 
6.033278465270996 
5.028303623199463 
7.896477699279785 
5.546967506408691 
6.336820125579834 
5.531626224517822 
7.669270038604736 
6.3064284324646 
6.712335586547852 
5.437074661254883 
6.947542667388916 
5.904993057250977 
4.634274482727051 
7.723344802856445 
6.706540107727051 
6.014333724975586 
7.138950347900391 
6.6567463874816895 
5.7856645584106445 
6.266452789306641 
7.370776176452637 
4.941888809204102 
6.276620388031006 
8.508864402770996 
7.628857612609863 
5.456005573272705 
6.6944475173950195 
7.241091728210449 
7.952696800231934 
8.319927215576172 
7.917482376098633 
7.109531879425049 
5.273838520050049 
6.215875625610352 
6.572661876678467 
4.901631832122803 
5.756058216094971 
6.928735733032227 
5.986218452453613 
5.163651466369629 
8.322526931762695 
7.028713226318359 
5.668718338012695 
5.8776397705078125 
8.169997215270996 
7.518206596374512 
4.9432854652404785 
7.378713130950928 
5.911754608154297 
6.917428970336914 
6.706943511962891 
6.826541900634766 
5.482411861419678 
6.460294723510742 
5.476099014282227 
5.699924945831299 
6.404694557189941 
8.928793907165527 
5.506779193878174 
4.649075984954834 
4.876232624053955 
5.021518707275391 
9.604572296142578 
6.035122871398926 
5.8527140617370605 
5.000577926635742 
6.25216007232666 
7.194920539855957 
7.722322463989258 
5.262165069580078 
6.364632606506348 
7.967024803161621 
6.70268440246582 
9.07358169555664 
7.857104301452637 
5.280035495758057 
4.974447250366211 
6.871488571166992 
6.670787811279297 
6.299596309661865 
5.964996337890625 
7.537850856781006 
4.663969993591309 
6.0990400314331055 
4.754187107086182 
6.534311294555664 
5.197005748748779 
7.2158966064453125 
7.432284355163574 
6.365724563598633 
6.81512451171875 
6.1490888595581055 
6.419778823852539 
5.13188362121582 
5.942033767700195 
8.227869987487793 
6.380327224731445 
5.340673446655273 
6.67005729675293 
5.404939651489258 
6.742980003356934 
6.561619281768799 
6.688940048217773 
6.061121463775635 
6.625295639038086 
5.375710964202881 
6.184083938598633 
7.658073425292969 
8.174538612365723 
5.578508377075195 
5.843603134155273 
5.085713863372803 
7.623081207275391 
4.668173789978027 
5.7979326248168945 
7.281693935394287 
7.076357841491699 
6.291910648345947 
6.30637264251709 
4.924689292907715 
5.955883026123047 
7.432109355926514 
7.998678207397461 
5.640261650085449 
9.720083236694336 
8.386738777160645 
5.815126419067383 
7.960254669189453 
5.2383198738098145 
6.252954483032227 
5.100798606872559 
6.170896530151367 
5.456145286560059 
5.3664655685424805 
6.176309108734131 
6.6194000244140625 
5.355094909667969 
6.808213233947754 
7.0501508712768555 
6.5460205078125 
5.695356369018555 
5.479367256164551 
5.065941333770752 
7.804393291473389 
6.27387809753418 
7.3784637451171875 
6.200826644897461 
5.487500190734863 
7.100733757019043 
7.61510705947876 
5.69199275970459 
5.719401836395264 
8.480942726135254 
5.86337947845459 
5.257697582244873 
6.4996442794799805 
5.551341533660889 
6.816086292266846 
5.663973331451416 
8.173081398010254 
4.796243667602539 
5.061191082000732 
5.776503086090088 
8.811639785766602 
5.917038917541504 
6.05219841003418 
5.494419097900391 
5.447019577026367 
7.694479942321777 
7.289552688598633 
7.990069389343262 
5.384378433227539 
6.6450934410095215 
6.946568965911865 
6.285831928253174 
6.357194900512695 
8.649907112121582 
5.1345014572143555 
9.003870010375977 
6.4314351081848145 
5.732548713684082 
7.368892192840576 
4.737509727478027 
5.750936508178711 
6.137558460235596 
6.685840129852295 
4.970662593841553 
6.214807510375977 
7.756610870361328 
6.4086432456970215 
4.5410919189453125 
5.121371269226074 
6.8196797370910645 
5.028881549835205 
5.519257545471191 
6.181148529052734 
6.286450386047363 
6.203077793121338 
5.126591682434082 
5.487995147705078 
6.874168872833252 
6.845101833343506 
5.103725433349609 
7.698727607727051 
7.730374813079834 
7.052387237548828 
7.087858200073242 
6.146615982055664 
7.29603910446167 
7.438301086425781 
6.002317905426025 
7.377218246459961 
8.01272964477539 
5.427951812744141 
8.018182754516602 
5.50277042388916 
8.18517780303955 
6.342012405395508 
9.2543306350708 
6.629251480102539 
8.584940910339355 
9.120200157165527 
7.371748924255371 
7.040684700012207 
6.802328586578369 
7.348066806793213 
5.468003273010254 
6.3598432540893555 
6.0307769775390625 
5.903495788574219 
6.5798659324646 
9.327056884765625 
7.314001083374023 
5.861042499542236 
7.423620223999023 
7.55918025970459 
7.388924598693848 
6.685262680053711 
7.193332672119141 
7.837177276611328 
5.648526668548584 
5.197956085205078 
8.34158992767334 
6.760449409484863 
6.409381866455078 
6.254037857055664 
5.329261302947998 
5.061739921569824 
5.920604228973389 
6.690820217132568 
6.409943580627441 
6.494566917419434 
5.150539875030518 
6.755006790161133 
6.0418901443481445 
7.482725143432617 
7.164405822753906 
4.766390800476074 
7.500512599945068 
5.874603271484375 
4.855721473693848 
6.414032459259033 
5.508887767791748 
9.253439903259277 
5.594167709350586 
8.291767120361328 
5.848596572875977 
5.810246467590332 
5.338325500488281 
8.21049976348877 
5.2928619384765625 
4.877963066101074 
6.142358779907227 
5.588319778442383 
5.671538352966309 
6.1193976402282715 
6.735206127166748 
8.334403038024902 
6.52860689163208 
6.952182769775391 
7.078281879425049 
6.225030422210693 
8.138632774353027 
7.825458526611328 
6.347127437591553 
5.159486293792725 
6.722553253173828 
5.682988166809082 
5.628036022186279 
5.682272434234619 
6.286304950714111 
5.3265767097473145 
8.531624794006348 
5.70229434967041 
6.60148811340332 
5.663011074066162 
7.7349700927734375 
5.985793113708496 
8.604996681213379 
6.774125576019287 
6.041550636291504 
6.163769721984863 
5.230009078979492 
7.143572807312012 
5.519984245300293 
9.80517864227295 
7.547204971313477 
8.24585247039795 
6.053804397583008 
6.331206321716309 
6.002719879150391 
7.116358757019043 
5.637247085571289 
6.549408912658691 
5.509117126464844 
6.6493377685546875 
6.51033353805542 
4.968295097351074 
7.084566116333008 
7.619428634643555 
6.774521827697754 
8.010828971862793 
6.210424423217773 
5.418496131896973 
6.195497989654541 
8.983860969543457 
7.666746139526367 
5.61756706237793 
6.12266731262207 
5.255196571350098 
5.33890438079834 
8.290302276611328 
6.273171424865723 
5.705836296081543 
5.708548545837402 
5.0567121505737305 
5.775395393371582 
8.954947471618652 
6.050881862640381 
6.410957336425781 
4.7604827880859375 
5.002251625061035 
6.719307899475098 
8.330743789672852 
6.171021938323975 
7.574517726898193 
5.1105546951293945 
4.972016334533691 
6.883795738220215 
5.441867351531982 
5.477987766265869 
8.171122550964355 
5.332386016845703 
5.296344757080078 
5.083562850952148 
5.985660552978516 
5.778575420379639 
5.736510753631592 
7.152682304382324 
7.228440761566162 
5.668006896972656 
5.662754058837891 
5.013002395629883 
6.414173126220703 
7.001705646514893 
7.495347499847412 
4.897363185882568 
6.134555816650391 
6.210604667663574 
6.381627082824707 
7.177875518798828 
6.029685974121094 
6.967733860015869 
5.597188949584961 
6.749438285827637 
5.845036506652832 
5.200038909912109 
5.4135212898254395 
6.555858135223389 
4.390215873718262 
8.604129791259766 
6.002068042755127 
5.106285095214844 
5.989598274230957 
7.238144397735596 
7.583347320556641 
4.974065780639648 
5.5838518142700195 
6.124971389770508 
5.7491254806518555 
5.573068618774414 
4.898764133453369 
5.349547386169434 
7.188508033752441 
4.99831485748291 
8.08403205871582 
7.115382194519043 
9.001397132873535 
6.631417274475098 
6.111400604248047 
9.51717472076416 
6.141393661499023 
5.860820770263672 
4.465365886688232 
5.033455848693848 
5.280498504638672 
6.535437107086182 
6.4615278244018555 
5.470966339111328 
5.692539691925049 
7.114269256591797 
6.145909309387207 
6.141301155090332 
6.131678104400635 
9.66954231262207 
8.27620792388916 
8.322892189025879 
7.646245956420898 
7.538560390472412 
6.063603401184082 
6.188358783721924 
4.940686225891113 
5.746723651885986 
5.983343601226807 
7.458461761474609 
5.37256383895874 
8.546481132507324 
5.995307922363281 
6.172159194946289 
5.582950592041016 
5.231659889221191 
4.653304100036621 
5.6168532371521 
5.904912948608398 
5.267064571380615 
5.322324752807617 
7.4150614738464355 
6.971055030822754 
7.705716609954834 
5.8700714111328125 
8.472676277160645 
7.380511283874512 
5.597533226013184 
6.915111541748047 
8.46007251739502 
4.529541969299316 
5.596040725708008 
6.551410675048828 
5.505471706390381 
5.311987400054932 
6.247579574584961 
6.8423871994018555 
5.557583808898926 
7.238403797149658 
5.5141496658325195 
9.817706108093262 
5.656167507171631 
4.675564765930176 
5.901780605316162 
6.621582508087158 
4.895756244659424 
5.600703239440918 
6.130371570587158 
5.376288414001465 
7.80426025390625 
6.0782575607299805 
6.492027759552002 
6.559832572937012 
6.920782089233398 
7.419491291046143 
5.309439659118652 
7.78676700592041 
5.3649468421936035 
5.496335029602051 
5.882508277893066 
6.586472988128662 
7.2313127517700195 
7.421442031860352 
5.0416693687438965 
8.194818496704102 
5.506261348724365 
7.409857749938965 
5.7774152755737305 
5.369143486022949 
5.8461198806762695 
4.6083550453186035 
7.701261520385742 
8.172554016113281 
5.728056907653809 
7.275529861450195 
4.945897102355957 
5.234732627868652 
6.512862205505371 
9.57390022277832 
7.538424491882324 
4.864715576171875 
5.857832431793213 
4.752545356750488 
5.62493896484375 
7.77224063873291 
7.684460163116455 
5.344387531280518 
9.534481048583984 
6.519391059875488 
5.336521148681641 
5.564846992492676 
5.450756549835205 
6.4973649978637695 
6.260479927062988 
7.8699541091918945 
6.119306564331055 
9.111971855163574 
5.449130058288574 
5.820008277893066 
6.296588897705078 
6.709173679351807 
7.309187889099121 
4.629380702972412 
7.176654815673828 
5.976384162902832 
5.3353047370910645 
7.103747367858887 
7.410485744476318 
6.181585311889648 
6.891428470611572 
4.644292831420898 
5.0056233406066895 
6.166475296020508 
5.327132225036621 
6.877796173095703 
7.047769069671631 
6.046181678771973 
4.852442741394043 
6.467280864715576 
5.585349082946777 
4.911340713500977 
6.0775837898254395 
6.421236991882324 
4.516468048095703 
7.424431800842285 
6.3016767501831055 
4.706778526306152 
5.111543655395508 
7.568586349487305 
7.480738162994385 
7.56148099899292 
4.978515625 
5.276148796081543 
5.306467533111572 
5.587936878204346 
5.300235271453857 
6.572645664215088 
6.456913471221924 
7.414463996887207 
7.7746686935424805 
6.900200843811035 
5.76057243347168 
5.7212114334106445 
4.944576740264893 
5.840755939483643 
5.847842216491699 
9.783228874206543 
6.520181655883789 
8.932095527648926 
5.683623790740967 
5.588964939117432 
5.413008213043213 
6.585000038146973 
8.949973106384277 
7.187122344970703 
6.168280601501465 
6.557632923126221 
7.578183650970459 
5.420754432678223 
5.630446434020996 
5.872769832611084 
7.466741561889648 
5.472234725952148 
6.831857681274414 
7.024641513824463 
9.98186206817627 
5.3546671867370605 
6.259162425994873 
5.959239959716797 
5.353183746337891 
6.001247882843018 
5.738955497741699 
7.259856700897217 
6.331303596496582 
6.501431465148926 
6.741585731506348 
5.525942325592041 
5.886898994445801 
5.6032915115356445 
5.526382923126221 
7.740301132202148 
4.861304759979248 
5.391197681427002 
7.804256439208984 
7.27310848236084 
8.592103004455566 
5.853449821472168 
4.8024420738220215 
9.14885425567627 
5.3205718994140625 
6.026400566101074 
6.248439311981201 
6.821549415588379 
7.509306907653809 
8.455605506896973 
6.042159557342529 
6.646304130554199 
5.491677761077881 
7.547889709472656 
5.7003021240234375 
6.079497814178467 
7.8133463859558105 
7.3237152099609375 
7.256590843200684 
6.099953651428223 
8.68298625946045 
5.804172992706299 
5.766544818878174 
5.693228721618652 
5.872357368469238 
5.965406894683838 
4.972456932067871 
6.6064581871032715 
5.556467056274414 
5.645556449890137 
5.9775471687316895 
6.566353797912598 
5.955727577209473 
6.592765808105469 
6.91677713394165 
6.042827606201172 
6.918597221374512 
5.461094379425049 
5.596592426300049 
6.049445152282715 
5.646005153656006 
5.926210403442383 
7.287171363830566 
7.360556602478027 
7.586871147155762 
6.282463550567627 
5.2728166580200195 
5.394622802734375 
6.856290817260742 
8.806136131286621 
7.16225528717041 
7.881308555603027 
6.8146586418151855 
5.0715789794921875 
7.474907398223877 
6.048707485198975 
7.162793159484863 
6.222779750823975 
7.467596530914307 
5.488298416137695 
5.806270599365234 
6.897658348083496 
5.773660659790039 
6.134052753448486 
7.906039714813232 
5.303345203399658 
5.300580024719238 
5.614536285400391 
6.289491653442383 
6.366043567657471 
5.542241096496582 
5.9114580154418945 
5.287498950958252 
8.094721794128418 
4.874114990234375 
4.486868858337402 
5.96980619430542 
4.944705963134766 
7.071109771728516 
5.742077827453613 
7.469648361206055 
8.343792915344238 
7.324830055236816 
6.093255996704102 
4.677443504333496 
8.907632827758789 
5.069400310516357 
6.506864547729492 
6.3717803955078125 
5.955425262451172 
6.488717555999756 
7.518407821655273 
5.917336463928223 
5.604609966278076 
6.741818904876709 
5.43436336517334 
6.413680553436279 
5.949804306030273 
7.175207138061523 
5.333052158355713 
7.092210292816162 
6.537439823150635 
6.129701137542725 
6.323451995849609 
5.895961761474609 
7.464407444000244 
8.323720932006836 
6.697013854980469 
7.237026691436768 
6.498843669891357 
5.369168281555176 
6.392148017883301 
6.009943962097168 
4.740521430969238 
8.004897117614746 
5.111610412597656 
5.054976940155029 
4.752224922180176 
5.797717571258545 
6.2641072273254395 
6.136112213134766 
6.184030532836914 
6.292332172393799 
7.506241798400879 
5.703583240509033 
6.410148620605469 
4.801215648651123 
5.706689357757568 
8.999699592590332 
5.147543430328369 
5.5499420166015625 
6.928274154663086 
9.823811531066895 
5.892504692077637 
6.2724714279174805 
6.1501054763793945 
6.9259161949157715 
4.8280348777771 
6.410187721252441 
5.945199012756348 
7.189985275268555 
6.912513732910156 
6.669318199157715 
6.688716411590576 
4.866983413696289 
4.790379524230957 
5.733109951019287 
9.5243501663208 
5.284759998321533 
5.655336856842041 
6.464575290679932 
5.365494728088379 
4.947688102722168 
8.586777687072754 
8.46428394317627 
5.551455497741699 
4.1652045249938965 
6.522420406341553 
6.382740020751953 
8.243049621582031 
5.485952854156494 
6.358473777770996 
6.102907180786133 
8.53040599822998 
5.738608360290527 
8.742688179016113 
5.219877243041992 
5.544681549072266 
6.689477443695068 
6.663110733032227 
5.0901288986206055 
4.570374011993408 
6.24752140045166 
7.247959136962891 
8.22272777557373 
7.737607002258301 
5.988395690917969 
4.683572769165039 
8.832371711730957 
5.112128734588623 
5.002044677734375 
7.5423197746276855 
6.52407169342041 
6.815192222595215 
9.172831535339355 
7.509559631347656 
5.995199203491211 
8.122359275817871 
6.596522331237793 
5.569093704223633 
7.10391902923584 
6.5601630210876465 
6.304516315460205 
4.841904640197754 
7.1369194984436035 
6.080979824066162 
6.397952079772949 
6.632410049438477 
8.897072792053223 
7.423581600189209 
7.458595275878906 
7.389029026031494 
5.3294243812561035 
6.4767680168151855 
7.214852809906006 
6.839847564697266 
6.002284049987793 
7.692379474639893 
4.813019275665283 
6.463739395141602 
7.111997604370117 
6.9562273025512695 
7.521780967712402 
7.333118438720703 
5.381929874420166 
5.068316459655762 
6.082085609436035 
7.164632797241211 
5.005648136138916 
6.942028045654297 
4.833423614501953 
6.277149677276611 
7.998311996459961 
5.882698059082031 
5.062361240386963 
6.349408149719238 
7.525979042053223 
6.903939723968506 
5.662204742431641 
6.143222808837891 
5.823815822601318 
6.465109348297119 
10.13501262664795 
5.087782859802246 
8.552626609802246 
5.903420925140381 
7.764828681945801 
5.756552696228027 
5.550642013549805 
5.677599906921387 
6.900642395019531 
6.5277509689331055 
7.3974928855896 
6.117258071899414 
8.016617774963379 
7.259665012359619 
5.361945152282715 
7.791993141174316 
6.094724178314209 
8.88950252532959 
6.872715950012207 
7.873034954071045 
7.0952911376953125 
6.738564491271973 
8.14613151550293 
5.90522575378418 
5.542645454406738 
7.131507873535156 
7.241593360900879 
7.016315937042236 
4.935520172119141 
5.550540924072266 
7.438300132751465 
7.007172584533691 
4.9599151611328125 
5.808563232421875 
6.330075263977051 
7.009987831115723 
5.3152618408203125 
6.910850524902344 
5.027328014373779 
6.351363182067871 
6.933927536010742 
6.33458137512207 
7.672499656677246 
6.046271800994873 
4.793810844421387 
5.880904197692871 
6.829356670379639 
5.313338756561279 
7.057477951049805 
5.0586137771606445 
8.348811149597168 
5.555507659912109 
5.566775798797607 
5.924503326416016 
6.706292152404785 
5.920745849609375 
6.920154571533203 
6.643372535705566 
4.930051803588867 
8.471981048583984 
5.000988960266113 
5.799680709838867 
6.228265762329102 
5.2607808113098145 
5.803540229797363 
5.3390092849731445 
7.180689811706543 
7.070043087005615 
5.7242631912231445 
7.392131805419922 
6.5503363609313965 
9.038586616516113 
6.147604942321777 
5.104762554168701 
5.61368465423584 
8.42276382446289 
5.146435737609863 
6.017816543579102 
7.202024459838867 
6.173469543457031 
8.991772651672363 
4.868858337402344 
6.1527204513549805 
7.037845611572266 
5.068915367126465 
5.065126895904541 
6.2473273277282715 
7.191712379455566 
6.282066822052002 
6.299896240234375 
5.643772125244141 
4.7682204246521 
4.702775955200195 
5.836389064788818 
4.963702201843262 
4.688580513000488 
6.580255508422852 
6.754509449005127 
4.542969703674316 
8.934430122375488 
5.436557769775391 
7.214408874511719 
5.351803302764893 
6.701449394226074 
8.777254104614258 
6.8575849533081055 
5.5034565925598145 
8.280587196350098 
6.837704181671143 
6.134260177612305 
6.029362678527832 
6.886798858642578 
5.699234962463379 
6.655538082122803 
5.466647148132324 
8.42013168334961 
5.5923967361450195 
8.337536811828613 
6.454620361328125 
7.060093879699707 
5.940537452697754 
5.847285270690918 
5.45418643951416 
5.760741233825684 
6.316695213317871 
7.892911911010742 
6.055139541625977 
7.498292922973633 
7.025554656982422 
5.998959064483643 
6.154474258422852 
6.131406784057617 
5.597087383270264 
6.27143669128418 
6.690073013305664 
7.625877857208252 
6.020963191986084 
5.928989887237549 
8.394892692565918 
9.724915504455566 
4.507962226867676 
5.4394450187683105 
7.954561710357666 
5.941470146179199 
5.64154052734375 
5.215721130371094 
6.663027286529541 
6.983931541442871 
5.289698600769043 
7.026901721954346 
5.9586710929870605 
6.204158306121826 
5.218250751495361 
7.001530647277832 
6.732447147369385 
5.623139381408691 
6.292431831359863 
5.893349647521973 
5.96656608581543 
6.062437057495117 
4.874688148498535 
5.452030181884766 
6.045394420623779 
6.398521900177002 
4.873597145080566 
6.478725433349609 
4.9248762130737305 
6.050909042358398 
5.3105902671813965 
9.126172065734863 
5.6539716720581055 
5.64345645904541 
7.011415004730225 
6.670214653015137 
5.076117515563965 
6.065418720245361 
5.927119255065918 
5.442083358764648 
5.755033493041992 
4.945609092712402 
5.994274616241455 
5.405000686645508 
5.594900131225586 
6.562472343444824 
6.070596694946289 
10.193686485290527 
7.027016639709473 
6.938932418823242 
6.856267929077148 
7.025878429412842 
5.6536102294921875 
5.636111259460449 
7.4888176918029785 
5.934926509857178 
6.708623886108398 
5.52311897277832 
4.412123680114746 
5.717880725860596 
6.939621925354004 
6.738872528076172 
6.289565086364746 
7.813124179840088 
6.750445365905762 
5.158554553985596 
5.469383239746094 
8.313485145568848 
5.888284683227539 
5.9367899894714355 
6.048478126525879 
6.0849928855896 
5.025134086608887 
6.894591331481934 
6.1840386390686035 
4.91319465637207 
5.589272499084473 
6.8248796463012695 
9.727507591247559 
5.626755237579346 
5.593670845031738 
7.321159362792969 
7.770270824432373 
6.631197929382324 
5.876288890838623 
4.870957374572754 
5.056116104125977 
4.4797210693359375 
5.9257493019104 
5.516332626342773 
6.726034164428711 
6.4573516845703125 
6.047486305236816 
6.033856391906738 
7.090723037719727 
8.035791397094727 
6.963617324829102 
6.049489974975586 
5.747567176818848 
7.185975074768066 
6.30930757522583 
5.428657531738281 
7.001666069030762 
5.104821681976318 
6.050699234008789 
6.9553728103637695 
8.069194793701172 
6.235785961151123 
6.961658477783203 
7.148538589477539 
6.188904762268066 
7.347198486328125 
4.996325969696045 
5.249155521392822 
5.936308860778809 
6.08420991897583 
6.042273044586182 
7.08989143371582 
5.206134796142578 
7.018880844116211 
6.232317924499512 
5.358611106872559 
5.445261478424072 
7.4123687744140625 
5.772031784057617 
5.937729835510254 
6.675229072570801 
5.705705165863037 
5.735342502593994 
9.363805770874023 
6.0454020500183105 
6.629000663757324 
7.670907974243164 
6.833095550537109 
6.538979530334473 
7.622159957885742 
6.566446781158447 
8.150839805603027 
6.846451282501221 
9.211337089538574 
5.471409797668457 
6.242485523223877 
6.191685676574707 
6.840268135070801 
5.8065409660339355 
6.719067573547363 
6.448802471160889 
6.90758752822876 
7.209963321685791 
6.066176891326904 
8.013032913208008 
6.385459899902344 
7.491355895996094 
5.80910062789917 
7.8204426765441895 
7.8734130859375 
11.141160011291504 
6.694940090179443 
5.376194477081299 
6.080544948577881 
5.572512149810791 
4.868796348571777 
5.926992893218994 
6.682583808898926 
7.308339595794678 
6.476186752319336 
9.490241050720215 
5.2613983154296875 
9.095938682556152 
5.35220193862915 
5.023784637451172 
6.36750602722168 
7.919215679168701 
4.810008525848389 
8.031852722167969 
8.308274269104004 
5.029810905456543 
6.821645736694336 
6.3470659255981445 
7.733004093170166 
9.071791648864746 
8.383821487426758 
9.139616012573242 
5.823381423950195 
6.117514610290527 
5.725752353668213 
5.351711273193359 
6.178094863891602 
4.686811447143555 
5.6687188148498535 
5.403639793395996 
6.454211235046387 
6.370085716247559 
5.7061357498168945 
7.465269565582275 
6.149799823760986 
5.885591506958008 
4.994359016418457 
7.116876602172852 
5.809494972229004 
7.250953197479248 
6.288324356079102 
5.789327621459961 
6.173893928527832 
5.7556962966918945 
4.596806526184082 
6.099918842315674 
8.599311828613281 
7.846165657043457 
5.744056701660156 
6.1024041175842285 
6.503490924835205 
5.424762725830078 
5.5585784912109375 
7.9990997314453125 
5.621824264526367 
4.98934268951416 
5.196110725402832 
6.2555694580078125 
5.024582386016846 
5.666460037231445 
6.0588812828063965 
4.734152793884277 
6.245902061462402 
6.051939964294434 
6.666545867919922 
5.300771236419678 
7.404030799865723 
5.132633209228516 
8.250107765197754 
8.33238697052002 
5.473244667053223 
8.24484634399414 
7.135806083679199 
5.9190287590026855 
5.273287773132324 
6.179254531860352 
6.044667720794678 
6.240059852600098 
6.706456184387207 
7.0508527755737305 
7.295479774475098 
5.135671615600586 
7.545417785644531 
5.971099853515625 
6.138246059417725 
4.942351818084717 
5.785128593444824 
8.645963668823242 
4.663092613220215 
5.800642490386963 
5.558873653411865 
5.6395111083984375 
6.572079658508301 
6.251243591308594 
8.135075569152832 
6.897922515869141 
6.847691535949707 
6.333360195159912 
5.650151252746582 
5.172115325927734 
6.411406517028809 
5.957395553588867 
7.167271614074707 
5.448861122131348 
4.867196083068848 
4.7085981369018555 
6.458836555480957 
5.792987823486328 
7.137369155883789 
5.217018127441406 
9.013741493225098 
6.259299278259277 
5.639675617218018 
5.9927754402160645 
5.868685245513916 
6.806815147399902 
5.263197898864746 
5.226019382476807 
8.516777992248535 
5.169342041015625 
5.352753639221191 
6.342785835266113 
7.447691440582275 
7.488363265991211 
5.083515644073486 
6.994189262390137 
6.731020927429199 
5.542293071746826 
7.2445502281188965 
5.381058692932129 
5.962087631225586 
6.243468284606934 
6.220917224884033 
5.30556583404541 
6.470353126525879 
7.942243576049805 
6.032607555389404 
5.144717216491699 
5.0670318603515625 
7.571805477142334 
6.888052463531494 
7.45387077331543 
4.641067981719971 
5.053731918334961 
6.519082546234131 
4.785823345184326 
7.309408664703369 
6.175541877746582 
5.118401050567627 
5.098499774932861 
5.1261305809021 
7.041016101837158 
5.816269874572754 
5.024237632751465 
7.771380424499512 
5.364985466003418 
6.443173885345459 
5.824661731719971 
8.562870025634766 
7.095082759857178 
6.135303497314453 
5.870553970336914 
5.5087080001831055 
5.565311431884766 
5.645073890686035 
7.3283491134643555 
7.360543251037598 
6.137305736541748 
5.386620998382568 
8.232417106628418 
4.753150939941406 
4.696269512176514 
5.808748245239258 
4.450723648071289 
6.531004905700684 
4.932773590087891 
5.386223793029785 
4.642806053161621 
8.235901832580566 
5.498680114746094 
5.232913970947266 
6.739760398864746 
5.456498146057129 
4.969232559204102 
7.0134100914001465 
6.227442741394043 
6.80072021484375 
6.827880859375 
8.043176651000977 
8.759525299072266 
9.428193092346191 
5.971982002258301 
5.786103248596191 
5.5860700607299805 
6.07657527923584 
6.745615005493164 
6.257328033447266 
6.636882781982422 
5.464470386505127 
7.815002918243408 
4.857285499572754 
5.473534107208252 
5.489302635192871 
7.6246337890625 
6.191039085388184 
6.774707794189453 
5.681611061096191 
8.55782413482666 
5.3958282470703125 
6.235831260681152 
6.808802604675293 
6.609168529510498 
5.7465033531188965 
8.438573837280273 
7.442567348480225 
8.276251792907715 
5.811740398406982 
6.0490803718566895 
8.116982460021973 
6.077147483825684 
5.872622489929199 
6.54163932800293 
6.373658180236816 
6.206288814544678 
7.474850177764893 
4.942575454711914 
6.810590744018555 
6.365032196044922 
6.912449836730957 
6.5853376388549805 
8.942456245422363 
6.867531776428223 
5.384270668029785 
8.950933456420898 
5.542133331298828 
6.001482009887695 
8.6143159866333 
8.616504669189453 
5.912347793579102 
5.758179664611816 
8.52056884765625 
5.261414051055908 
4.911008834838867 
6.892337799072266 
4.774393558502197 
7.592509746551514 
8.427251815795898 
7.116855621337891 
5.518293380737305 
5.536111831665039 
6.458399772644043 
5.126656532287598 
4.882804870605469 
6.787468910217285 
6.207635879516602 
7.846954822540283 
7.297153472900391 
5.761664390563965 
5.027402877807617 
4.476759910583496 
5.6794586181640625 
5.040178298950195 
6.1143388748168945 
5.548460960388184 
5.292072772979736 
6.021879196166992 
6.060327529907227 
5.263197898864746 
8.34817886352539 
7.9036407470703125 
5.3282790184021 
8.23447322845459 
7.7169928550720215 
5.905156135559082 
7.232517719268799 
7.339522361755371 
6.1049580574035645 
8.732327461242676 
6.18074369430542 
5.342067241668701 
4.679440021514893 
5.912792205810547 
8.54335880279541 
5.913173198699951 
6.489249229431152 
5.848781585693359 
5.9156036376953125 
6.493995189666748 
5.996434688568115 
5.4902777671813965 
8.054152488708496 
7.469477653503418 
5.0584211349487305 
6.593246936798096 
6.333597183227539 
5.771612167358398 
7.8382415771484375 
7.671736240386963 
7.122491836547852 
4.577286243438721 
4.749814987182617 
7.582953453063965 
5.415884971618652 
5.485544204711914 
6.761500835418701 
5.222298622131348 
5.896196365356445 
6.556767463684082 
5.476651191711426 
5.411442279815674 
6.195705413818359 
5.416403770446777 
8.107558250427246 
6.820599555969238 
6.5084052085876465 
6.8833723068237305 
7.115367889404297 
7.389501571655273 
5.865193843841553 
5.33970832824707 
6.423598289489746 
6.00079870223999 
4.814605712890625 
5.984001159667969 
5.6415324211120605 
5.481115341186523 
5.245517730712891 
5.598477840423584 
5.559099197387695 
8.212477684020996 
5.874516487121582 
7.272797584533691 
7.8253045082092285 
5.184015274047852 
6.190652847290039 
6.578482151031494 
6.143636703491211 
5.5599260330200195 
7.403386116027832 
5.865035057067871 
4.495811462402344 
5.7783203125 
7.223665714263916 
6.129302024841309 
5.684624195098877 
4.680413246154785 
5.307689666748047 
5.948558807373047 
7.786910057067871 
7.563625335693359 
7.916869163513184 
6.4494218826293945 
7.806877613067627 
5.881673812866211 
6.30091667175293 
5.541299819946289 
5.1443986892700195 
5.215866565704346 
6.520782470703125 
5.4987382888793945 
6.169105529785156 
7.100679397583008 
5.9355010986328125 
8.725377082824707 
5.212303161621094 
4.867793560028076 
6.188717842102051 
7.198841571807861 
7.662205696105957 
5.583786964416504 
5.871603012084961 
5.617237091064453 
6.289678573608398 
5.629782676696777 
5.709323883056641 
8.940372467041016 
6.0157623291015625 
6.548274040222168 
7.392439842224121 
5.865811824798584 
6.427062034606934 
5.623748779296875 
8.847966194152832 
5.70635986328125 
5.022787094116211 
8.361787796020508 
7.808376789093018 
6.409121036529541 
6.794391632080078 
6.942936897277832 
7.326263904571533 
8.174239158630371 
4.638258457183838 
7.243119239807129 
5.671885013580322 
5.161643028259277 
5.484192848205566 
7.227041244506836 
7.460680961608887 
4.752283096313477 
5.545479774475098 
5.116396903991699 
6.975397109985352 
6.39506196975708 
10.117120742797852 
5.021109104156494 
5.521003723144531 
6.394643783569336 
5.239228248596191 
5.6442999839782715 
5.172759056091309 
8.003961563110352 
5.53386116027832 
5.448817729949951 
5.164172172546387 
6.018167018890381 
5.507715225219727 
7.873312950134277 
6.094836235046387 
7.0124030113220215 
5.160124778747559 
6.35183048248291 
6.6448211669921875 
9.169096946716309 
7.193950653076172 
5.613486289978027 
6.399775981903076 
8.121582984924316 
5.585477828979492 
6.06268310546875 
5.895300388336182 
4.944488525390625 
7.578797340393066 
5.457555770874023 
6.010868072509766 
6.794684410095215 
5.795054912567139 
6.34340238571167 
6.887108325958252 
5.897848129272461 
6.903746604919434 
6.531244277954102 
6.974867820739746 
6.161013603210449 
8.561820030212402 
8.640413284301758 
6.941648960113525 
5.353766441345215 
5.075472831726074 
5.212617874145508 
5.770571708679199 
5.685129165649414 
5.132962226867676 
7.458763599395752 
6.711909770965576 
5.301000595092773 
6.633802890777588 
6.29825496673584 
6.713120460510254 
7.009646415710449 
6.6393303871154785 
8.949326515197754 
6.918665885925293 
6.0069098472595215 
7.914776802062988 
5.946367263793945 
5.754721641540527 
7.263322830200195 
4.927317142486572 
5.854792594909668 
7.163607120513916 
5.879144668579102 
8.335021018981934 
5.188431262969971 
7.483220100402832 
5.85359525680542 
5.672711372375488 
5.779437065124512 
5.274573802947998 
6.117312908172607 
5.201094150543213 
5.267037391662598 
5.151453971862793 
7.6015167236328125 
6.9441914558410645 
8.701204299926758 
5.747190952301025 
7.005645751953125 
6.043576240539551 
6.248110771179199 
6.730782508850098 
6.775005340576172 
5.964094161987305 
6.1550774574279785 
6.05558967590332 
5.6701836585998535 
6.64011287689209 
5.988308906555176 
7.077060699462891 
5.368319988250732 
4.917548179626465 
6.116795063018799 
6.7605509757995605 
5.821709156036377 
7.633575916290283 
5.343196392059326 
6.285642623901367 
5.263978004455566 
6.7299909591674805 
7.231153964996338 
5.75192928314209 
4.844942092895508 
6.4363508224487305 
5.495121955871582 
6.207911491394043 
8.40342903137207 
8.298383712768555 
5.76975154876709 
5.127894401550293 
7.27725887298584 
5.915818691253662 
5.1928205490112305 
6.662322998046875 
4.906090259552002 
6.934869766235352 
5.382710933685303 
6.040087699890137 
7.168458938598633 
5.547242641448975 
4.94832181930542 
6.323774337768555 
5.334390640258789 
5.375007629394531 
6.440840721130371 
6.533127784729004 
6.3679609298706055 
5.641885280609131 
5.636328220367432 
4.614826202392578 
6.652078628540039 
5.205270290374756 
5.53554630279541 
4.8149003982543945 
5.568422317504883 
7.420809268951416 
5.939964294433594 
4.252892971038818 
5.561322212219238 
5.506310939788818 
5.357514381408691 
7.357466697692871 
7.263851165771484 
6.687492847442627 
6.891516208648682 
8.754183769226074 
6.622400283813477 
7.867876052856445 
5.145756244659424 
5.259647846221924 
5.633749008178711 
5.384204387664795 
5.395111083984375 
5.570169448852539 
6.47623348236084 
5.623006820678711 
6.19301176071167 
7.6856794357299805 
5.956940650939941 
5.1290130615234375 
5.988413333892822 
9.067000389099121 
6.795438766479492 
7.674175262451172 
5.9078474044799805 
7.481215476989746 
8.18967342376709 
8.803359985351562 
5.533413410186768 
6.61585807800293 
8.873665809631348 
6.240496635437012 
6.651007652282715 
5.128829002380371 
4.847749710083008 
5.104852676391602 
7.682846546173096 
6.944690704345703 
5.80222225189209 
6.872530460357666 
5.676564693450928 
5.841215133666992 
6.98890495300293 
7.564357280731201 
5.027718544006348 
4.988828659057617 
6.373103141784668 
5.918342113494873 
5.7630205154418945 
5.565576553344727 
9.86851692199707 
6.241152763366699 
5.7502946853637695 
7.903428077697754 
5.6855974197387695 
7.444628715515137 
5.121722221374512 
7.181568622589111 
4.722796440124512 
5.944528579711914 
8.79098892211914 
5.126844882965088 
5.65930700302124 
6.793778896331787 
8.286974906921387 
6.53753662109375 
6.578320026397705 
6.560274124145508 
5.760304927825928 
5.943747043609619 
6.163091659545898 
6.282323837280273 
5.537741184234619 
6.406597137451172 
5.332262992858887 
6.235699653625488 
6.134528160095215 
5.474855422973633 
5.1750030517578125 
6.2164740562438965 
8.447627067565918 
5.7588701248168945 
6.148601531982422 
5.706104755401611 
7.80089807510376 
6.714772701263428 
8.200695037841797 
7.623997211456299 
8.913459777832031 
5.384407043457031 
5.301782608032227 
7.1043500900268555 
6.525844097137451 
5.6164960861206055 
6.185196876525879 
6.113043785095215 
4.99028205871582 
5.336387634277344 
6.118531703948975 
5.233389377593994 
7.727952003479004 
6.240581512451172 
6.610980987548828 
5.136998176574707 
5.062227725982666 
5.968363285064697 
5.155841827392578 
6.096439838409424 
4.920182704925537 
6.242498397827148 
4.962972640991211 
5.215010166168213 
6.006105422973633 
9.494404792785645 
7.935335159301758 
8.470097541809082 
9.56116008758545 
7.2747955322265625 
7.030844211578369 
8.674038887023926 
4.94443941116333 
6.078421592712402 
7.378092288970947 
6.418854236602783 
4.655416488647461 
5.971212863922119 
7.079246520996094 
5.215797424316406 
6.693698883056641 
7.4195756912231445 
4.7706499099731445 
4.767263889312744 
5.514084815979004 
7.253276824951172 
4.517609596252441 
6.8752312660217285 
5.017213821411133 
5.746999263763428 
8.011872291564941 
6.696412563323975 
8.621127128601074 
7.807244300842285 
5.905548095703125 
9.388655662536621 
8.548680305480957 
7.853061676025391 
5.608948230743408 
7.156189918518066 
7.299929618835449 
5.259149074554443 
6.42038631439209 
7.3974609375 
6.468003273010254 
6.029289722442627 
5.525172233581543 
6.928067207336426 
7.04280948638916 
5.238840103149414 
5.141630172729492 
6.418296813964844 
5.770746231079102 
5.707918643951416 
6.301161766052246 
5.840893745422363 
7.262746334075928 
6.007096290588379 
6.873163223266602 
7.394838333129883 
5.1357951164245605 
6.767758846282959 
8.460976600646973 
6.144441604614258 
6.1004743576049805 
5.030709743499756 
7.117706298828125 
7.381826877593994 
5.222895622253418 
8.141039848327637 
6.546601295471191 
7.108766078948975 
10.126124382019043 
6.6750946044921875 
5.006175994873047 
5.293113708496094 
5.388886451721191 
6.7044243812561035 
5.519587516784668 
5.093424320220947 
5.831587791442871 
7.363694190979004 
8.940034866333008 
5.708800315856934 
5.480494022369385 
7.185003280639648 
8.470597267150879 
8.307045936584473 
5.042754650115967 
5.292414665222168 
6.090723514556885 
5.650901794433594 
6.4161882400512695 
7.877436637878418 
5.587457656860352 
6.567103862762451 
8.341833114624023 
6.752703666687012 
5.330635070800781 
5.3693695068359375 
7.754181861877441 
5.482497215270996 
4.591490745544434 
8.004790306091309 
6.341061592102051 
5.332590103149414 
5.801288604736328 
6.028956413269043 
6.3821258544921875 
5.403414726257324 
5.54332160949707 
7.629939079284668 
6.294461250305176 
6.905810356140137 
6.073314666748047 
6.026649475097656 
6.63392448425293 
6.5255126953125 
6.324996471405029 
6.156405448913574 
7.573232650756836 
5.48735237121582 
6.300894737243652 
5.141932487487793 
6.450002670288086 
4.6421918869018555 
9.387595176696777 
7.305819511413574 
8.029045104980469 
5.997994899749756 
6.786508560180664 
6.46157169342041 
6.056934833526611 
7.414636135101318 
5.217614650726318 
4.996718406677246 
6.32450008392334 
5.808077812194824 
5.30364990234375 
5.457250595092773 
5.4837141036987305 
5.163821697235107 
6.1679840087890625 
5.078901767730713 
6.592724323272705 
8.440823554992676 
4.826719760894775 
9.188250541687012 
6.876452445983887 
5.536087512969971 
5.432990074157715 
6.14193058013916 
5.249489784240723 
7.326584815979004 
4.946684837341309 
5.488009929656982 
6.516447067260742 
7.747488021850586 
5.487567901611328 
6.042593955993652 
6.782074928283691 
5.029146194458008 
8.129300117492676 
4.961573123931885 
8.55168628692627 
6.13664436340332 
6.4575090408325195 
5.867016792297363 
6.16666841506958 
6.0416765213012695 
5.826801300048828 
6.213535785675049 
6.679013252258301 
6.111056327819824 
5.611767768859863 
6.223264694213867 
5.815747261047363 
5.672668933868408 
6.548227310180664 
5.819615364074707 
5.312702178955078 
6.559966087341309 
6.522087574005127 
5.220353126525879 
5.809258937835693 
7.6481475830078125 
6.906345367431641 
7.118714332580566 
8.886723518371582 
5.678050994873047 
6.578958511352539 
6.591815948486328 
8.86361026763916 
5.757264137268066 
6.376771926879883 
7.246468544006348 
8.19768238067627 
6.170663833618164 
6.385706901550293 
6.492340564727783 
6.563649654388428 
5.758849143981934 
5.045373439788818 
6.86800479888916 
6.313138008117676 
6.762603282928467 
6.339107036590576 
6.73185396194458 
7.121913909912109 
5.610500335693359 
5.036163330078125 
7.356654167175293 
5.182701110839844 
5.145460605621338 
6.097254753112793 
6.321160316467285 
5.83006477355957 
6.341981887817383 
6.761531352996826 
5.033824920654297 
5.3286051750183105 
6.085579872131348 
5.648615837097168 
9.066838264465332 
6.798703193664551 
5.949483871459961 
8.734091758728027 
5.492893218994141 
7.296029090881348 
5.624512672424316 
5.548867225646973 
5.030866622924805 
8.052397727966309 
5.910923480987549 
7.5766801834106445 
6.573992729187012 
5.974049091339111 
6.915191173553467 
6.138785362243652 
6.697303771972656 
6.092741966247559 
5.365987777709961 
4.865677833557129 
6.1375885009765625 
6.3466033935546875 
5.852262020111084 
5.335453033447266 
6.4267754554748535 
5.337325096130371 
6.193840980529785 
5.793184757232666 
4.767560958862305 
7.849878311157227 
9.854903221130371 
7.739153861999512 
4.8379716873168945 
6.151552200317383 
5.522243499755859 
5.8580169677734375 
7.462712287902832 
5.6114044189453125 
4.917455196380615 
5.4925642013549805 
5.129861354827881 
8.364781379699707 
7.857705593109131 
4.991813659667969 
6.7902374267578125 
7.162487030029297 
7.187170028686523 
6.5263671875 
7.414892196655273 
6.306634902954102 
5.6490583419799805 
5.561694145202637 
6.413567543029785 
5.428480625152588 
6.665584087371826 
4.365755558013916 
6.3100738525390625 
7.647489070892334 
7.652853012084961 
5.553471088409424 
7.654944896697998 
7.019138336181641 
6.617732524871826 
5.003925323486328 
7.252212047576904 
7.839800834655762 
8.951422691345215 
6.24339485168457 
6.47518253326416 
7.199328422546387 
5.941336631774902 
5.069366455078125 
5.7425856590271 
5.104233264923096 
4.597921371459961 
6.410036563873291 
7.697779655456543 
6.368985176086426 
6.913173675537109 
6.342613220214844 
5.772891044616699 
6.240778923034668 
5.1637983322143555 
6.444528102874756 
5.613786697387695 
5.644464492797852 
5.781048774719238 
5.176706314086914 
5.834825038909912 
7.067172050476074 
5.659614562988281 
6.719735145568848 
6.053634166717529 
5.697943687438965 
8.110930442810059 
5.847278594970703 
7.914188385009766 
4.921510219573975 
5.9892897605896 
5.321498870849609 
7.153754234313965 
7.22244119644165 
4.923537254333496 
5.842051029205322 
5.755661487579346 
7.389599800109863 
6.298728942871094 
6.097553253173828 
7.805838584899902 
6.691746711730957 
6.307757377624512 
6.594974517822266 
7.735931873321533 
5.511656284332275 
5.999261379241943 
6.772091388702393 
6.671489715576172 
6.531365394592285 
7.081526756286621 
5.720218658447266 
5.967528343200684 
4.896721363067627 
5.972106456756592 
5.7842206954956055 
6.429721355438232 
7.181609630584717 
6.430473804473877 
5.169678211212158 
6.621992111206055 
7.393219947814941 
6.3718581199646 
5.300662994384766 
9.014012336730957 
5.6370086669921875 
5.879725933074951 
5.7571210861206055 
7.805909156799316 
7.893983840942383 
7.079554080963135 
9.266828536987305 
4.56449031829834 
6.904672622680664 
7.87157678604126 
4.657200813293457 
7.2259721755981445 
5.007407188415527 
9.631189346313477 
6.328690052032471 
6.181696891784668 
5.4875688552856445 
6.8682332038879395 
7.033479690551758 
7.180990219116211 
7.166652679443359 
5.723283290863037 
5.670185089111328 
7.872015953063965 
5.848701477050781 
6.958985805511475 
7.106775283813477 
5.751840591430664 
6.011225700378418 
8.548125267028809 
6.677821636199951 
5.704730987548828 
6.591825485229492 
5.492388725280762 
7.946024417877197 
6.0123820304870605 
6.03956413269043 
6.696188449859619 
7.205065727233887 
6.364034652709961 
7.0417160987854 
6.129659652709961 
5.671999931335449 
6.224972724914551 
5.966683864593506 
5.523099422454834 
7.549788475036621 
6.4576735496521 
5.369915008544922 
5.246835708618164 
4.61351203918457 
4.951251029968262 
5.813122749328613 
6.724181175231934 
5.993529319763184 
6.709803581237793 
5.588132858276367 
6.689881801605225 
6.322920799255371 
5.49819278717041 
7.2574357986450195 
6.108587265014648 
6.94547176361084 
5.7413506507873535 
6.723376274108887 
7.559815406799316 
5.763672828674316 
5.833198070526123 
5.759080410003662 
5.510744094848633 
5.304961204528809 
5.794168472290039 
6.876399993896484 
5.3285017013549805 
6.017271041870117 
5.4470086097717285 
5.306094169616699 
6.293097496032715 
8.456929206848145 
5.596373558044434 
5.854037761688232 
7.589163303375244 
6.625901222229004 
5.349505424499512 
6.289584159851074 
6.079192161560059 
5.303157806396484 
6.663041114807129 
7.886810302734375 
5.5689191818237305 
6.456885814666748 
9.224861145019531 
8.010497093200684 
5.246640205383301 
5.9185099601745605 
6.239865303039551 
5.664085388183594 
5.280153751373291 
7.325838088989258 
6.188543319702148 
7.01987361907959 
9.491938591003418 
7.128251552581787 
6.180568695068359 
5.3597798347473145 
5.499622344970703 
7.30104923248291 
6.588301658630371 
7.183000087738037 
5.483633041381836 
6.741725921630859 
6.621156692504883 
8.594276428222656 
7.331206321716309 
6.0017852783203125 
5.413421154022217 
6.29398250579834 
6.163152694702148 
5.0669379234313965 
8.961424827575684 
8.214306831359863 
5.879447937011719 
6.885496616363525 
7.948053359985352 
6.388805866241455 
7.7991623878479 
6.7713847160339355 
6.8656134605407715 
6.080078125 
7.384105205535889 
7.5965681076049805 
6.113135814666748 
5.8213396072387695 
6.441390514373779 
5.811992645263672 
5.1872100830078125 
9.019527435302734 
7.156865119934082 
6.496700286865234 
6.904950141906738 
7.8093976974487305 
5.063299179077148 
6.599102020263672 
6.636936187744141 
5.302402496337891 
7.638730525970459 
5.226083278656006 
5.060070991516113 
8.365007400512695 
5.849483489990234 
7.346683979034424 
5.297797203063965 
7.46630334854126 
5.323456764221191 
4.906900405883789 
5.425400733947754 
5.717662811279297 
5.1280622482299805 
5.776102066040039 
7.428281784057617 
7.373941421508789 
9.187195777893066 
8.881339073181152 
7.655191421508789 
6.761002063751221 
6.885226249694824 
5.679069519042969 
6.419367790222168 
5.384952068328857 
6.511516571044922 
7.2739176750183105 
6.388007164001465 
8.582559585571289 
6.749525547027588 
5.745423316955566 
4.387277603149414 
5.623106002807617 
7.1519646644592285 
4.877613067626953 
5.097987174987793 
4.881885051727295 
5.656908988952637 
7.593198299407959 
7.3333024978637695 
6.356096267700195 
5.997344017028809 
6.262957572937012 
7.147106170654297 
7.083740234375 
6.245388031005859 
6.746593475341797 
9.080859184265137 
7.210306167602539 
8.967082023620605 
5.1635661125183105 
7.45224666595459 
8.37329387664795 
5.544553756713867 
6.840513229370117 
5.945473670959473 
9.363336563110352 
5.767180442810059 
4.854896068572998 
5.886318206787109 
6.213562965393066 
6.2266526222229 
6.112019062042236 
4.811583042144775 
6.014565467834473 
6.5364179611206055 
5.706473350524902 
6.187246799468994 
5.7040605545043945 
6.244881629943848 
5.416863441467285 
6.918753623962402 
5.984583854675293 
6.333878517150879 
7.709775447845459 
6.528827667236328 
4.853947639465332 
6.821128845214844 
6.467485427856445 
7.597756862640381 
5.197916030883789 
7.157916069030762 
5.338040828704834 
5.41567850112915 
9.332308769226074 
6.167015552520752 
5.299013614654541 
4.745555400848389 
5.856497764587402 
5.257621765136719 
5.594966888427734 
5.4100542068481445 
7.740103244781494 
5.838629722595215 
5.928458213806152 
7.254644393920898 
7.276148796081543 
5.435829162597656 
7.585662841796875 
4.853181838989258 
7.542189121246338 
7.516297340393066 
5.4467997550964355 
7.857173919677734 
7.805257320404053 
7.1511101722717285 
5.822872161865234 
5.323362827301025 
7.402370452880859 
6.980345726013184 
7.275546073913574 
5.389645576477051 
6.528761386871338 
6.187704086303711 
6.270314693450928 
9.250821113586426 
6.7823896408081055 
5.482282638549805 
5.196779251098633 
8.374924659729004 
7.409457683563232 
8.86556339263916 
5.652341842651367 
7.3774495124816895 
6.633245944976807 
5.656230449676514 
6.394190311431885 
6.385251045227051 
5.3138203620910645 
6.9326043128967285 
5.871006011962891 
5.502012252807617 
6.80886697769165 
5.579550266265869 
5.327546119689941 
7.273469924926758 
5.924522876739502 
7.784816741943359 
5.821357727050781 
5.362708568572998 
7.746631622314453 
5.63604211807251 
6.9391398429870605 
6.155335426330566 
7.503255844116211 
5.8795552253723145 
8.633652687072754 
4.859016418457031 
5.047148704528809 
5.573235988616943 
6.2474751472473145 
8.93022632598877 
5.616630554199219 
7.091228485107422 
5.325946807861328 
9.467243194580078 
7.382575511932373 
5.272294998168945 
5.23891544342041 
6.966632843017578 
6.57822847366333 
5.617598533630371 
4.5984086990356445 
7.932441711425781 
8.074975967407227 
7.123761177062988 
7.571229934692383 
5.65233850479126 
7.5033674240112305 
7.324382781982422 
5.350706100463867 
7.267733573913574 
8.116537094116211 
5.4394636154174805 
5.861748695373535 
5.613940238952637 
5.347205638885498 
5.97354793548584 
5.724425315856934 
6.794856548309326 
7.3124237060546875 
8.234309196472168 
7.633913516998291 
6.396946907043457 
7.570013999938965 
7.990797996520996 
5.242095947265625 
6.6756672859191895 
6.030167102813721 
6.070789813995361 
8.63220500946045 
5.0372467041015625 
5.535027027130127 
6.226946830749512 
6.982869625091553 
4.891900062561035 
7.188784599304199 
7.086297512054443 
7.906435966491699 
6.273676872253418 
5.158487796783447 
6.016539096832275 
6.001666069030762 
5.418851852416992 
5.874772071838379 
4.9942121505737305 
6.625828742980957 
6.595121383666992 
7.926929473876953 
6.8098955154418945 
5.632457733154297 
7.8479156494140625 
4.275877475738525 
5.068737983703613 
6.731049060821533 
8.3298978805542 
6.872716903686523 
5.028133869171143 
7.433481693267822 
7.378227233886719 
7.406280517578125 
6.035497665405273 
7.143749713897705 
6.088910102844238 
5.216277599334717 
6.026812553405762 
8.306705474853516 
7.409998893737793 
6.568535804748535 
5.429012298583984 
5.798643112182617 
6.23201847076416 
5.442831516265869 
6.4815545082092285 
6.191893100738525 
6.792464733123779 
5.956729412078857 
6.832432746887207 
5.74845552444458 
6.339781761169434 
6.504834175109863 
6.863203048706055 
5.893199443817139 
6.042082786560059 
5.828925132751465 
8.05505084991455 
6.236635208129883 
7.4492506980896 
6.341858863830566 
5.4425368309021 
6.197183609008789 
7.544064521789551 
6.694233417510986 
6.162923812866211 
5.461705207824707 
5.791219711303711 
6.028985023498535 
5.316630840301514 
6.104352951049805 
6.038007736206055 
5.55403470993042 
9.221068382263184 
7.557830810546875 
6.261085510253906 
7.264216423034668 
5.258365154266357 
5.591841220855713 
6.530150413513184 
7.306112289428711 
5.878487586975098 
5.229769229888916 
6.415143966674805 
5.213106155395508 
8.492259979248047 
5.682621002197266 
7.392323017120361 
6.597146987915039 
5.30891752243042 
5.522512435913086 
5.808036804199219 
5.801021575927734 
5.217342376708984 
5.216549873352051 
6.365462303161621 
7.526007652282715 
5.510083198547363 
6.051346302032471 
8.09809398651123 
6.497502326965332 
5.938130855560303 
5.430161476135254 
6.121138095855713 
6.8381853103637695 
5.501197338104248 
6.4068217277526855 
5.21458101272583 
6.07966423034668 
6.752057075500488 
6.428536891937256 
6.197262763977051 
7.678733825683594 
7.015769004821777 
6.7261505126953125 
5.795530319213867 
5.105717658996582 
5.14907169342041 
5.927607536315918 
8.751675605773926 
4.9923906326293945 
7.976752281188965 
5.500907897949219 
6.272031784057617 
6.115157127380371 
6.437262058258057 
5.758294105529785 
9.706433296203613 
5.875333786010742 
6.961938381195068 
6.84571647644043 
5.597869396209717 
5.838411331176758 
4.958436489105225 
8.818026542663574 
4.949680805206299 
6.314523696899414 
5.812603950500488 
5.4141845703125 
5.609219551086426 
6.586679458618164 
8.24570369720459 
6.053762435913086 
9.358274459838867 
6.254961013793945 
6.219181060791016 
6.433923721313477 
9.85228443145752 
5.5744218826293945 
6.149786949157715 
5.2154741287231445 
5.901628017425537 
7.0740580558776855 
4.951206207275391 
7.469761848449707 
6.5140228271484375 
8.666656494140625 
5.865390777587891 
7.152890205383301 
5.514580726623535 
6.598487854003906 
7.6201887130737305 
6.752562522888184 
6.398200035095215 
7.416749954223633 
7.565519332885742 
7.527186393737793 
5.369189739227295 
6.290618896484375 
4.835522651672363 
5.7861151695251465 
7.446640968322754 
6.062041282653809 
8.333962440490723 
5.161780834197998 
8.828370094299316 
7.197490215301514 
7.3715739250183105 
5.777429103851318 
6.872213363647461 
6.116157054901123 
6.247862815856934 
5.200575828552246 
7.174123287200928 
6.127868175506592 
6.247784614562988 
5.584963798522949 
5.558399200439453 
6.047242164611816 
8.646918296813965 
5.049938201904297 
5.795045852661133 
5.271733283996582 
5.095431327819824 
5.3435564041137695 
5.4177703857421875 
5.59125280380249 
7.965087890625 
5.415571689605713 
7.275485992431641 
7.030376434326172 
5.307473182678223 
5.753697872161865 
5.817663669586182 
6.449008941650391 
7.766505718231201 
6.473703861236572 
7.75247049331665 
8.985329627990723 
4.973159313201904 
6.638575553894043 
7.166764259338379 
5.199894905090332 
5.15693473815918 
8.287171363830566 
7.3619585037231445 
5.327545166015625 
7.892206192016602 
6.688121318817139 
8.083078384399414 
6.057395935058594 
6.025293350219727 
5.194728851318359 
8.514760971069336 
6.203675270080566 
5.4623003005981445 
6.09414005279541 
5.4999284744262695 
6.646838188171387 
6.052120685577393 
6.907802581787109 
5.980295181274414 
8.766390800476074 
6.703393936157227 
5.6859564781188965 
5.8027024269104 
5.675128936767578 
4.926562309265137 
6.990689754486084 
5.224684715270996 
8.328189849853516 
8.757441520690918 
5.64491081237793 
5.431673526763916 
5.668756484985352 
6.03675651550293 
6.411706924438477 
5.738322734832764 
5.649701118469238 
7.0416083335876465 
5.736469268798828 
7.02960205078125 
7.497191429138184 
5.595061779022217 
5.936092376708984 
5.631442546844482 
5.247889518737793 
7.2519450187683105 
8.482151985168457 
5.689228057861328 
6.125514507293701 
7.011105060577393 
7.430126190185547 
6.761894702911377 
5.524427890777588 
5.622939109802246 
5.820958614349365 
5.8216552734375 
5.582676887512207 
7.50870418548584 
8.073238372802734 
5.328553199768066 
5.947610855102539 
7.376176834106445 
5.609533786773682 
8.33448314666748 
6.776210784912109 
7.077649116516113 
5.416112899780273 
7.633948802947998 
4.290449619293213 
6.619830131530762 
4.601858139038086 
4.82042932510376 
7.073006629943848 
4.6772613525390625 
7.442852020263672 
6.828232288360596 
7.690995216369629 
5.144523620605469 
5.32387638092041 
4.975874900817871 
6.197819709777832 
5.339107513427734 
6.312533378601074 
5.285894393920898 
7.818424224853516 
5.55422306060791 
5.800252914428711 
5.833813190460205 
5.4185099601745605 
8.793416023254395 
5.774138927459717 
5.619771957397461 
6.677474021911621 
5.660020351409912 
6.893764019012451 
5.750561714172363 
6.360601425170898 
7.403276443481445 
5.391012191772461 
6.871833801269531 
7.602090835571289 
5.662528038024902 
5.252704620361328 
5.519901275634766 
6.31198787689209 
7.161404609680176 
7.480993270874023 
5.071689605712891 
7.104997634887695 
6.117774486541748 
6.678806781768799 
7.061481475830078 
5.729846954345703 
7.343497276306152 
7.002885818481445 
6.658579349517822 
4.937533378601074 
5.82158088684082 
7.658090591430664 
5.02659797668457 
6.138824939727783 
6.313187599182129 
7.4211320877075195 
5.667428493499756 
9.013184547424316 
6.243260383605957 
8.3063383102417 
4.962331771850586 
6.406670570373535 
6.294112205505371 
5.4251837730407715 
5.637451171875 
8.200156211853027 
6.750456809997559 
6.610260963439941 
8.68165111541748 
5.581319808959961 
4.782867431640625 
4.735299110412598 
8.827643394470215 
7.224998474121094 
4.4073638916015625 
9.541412353515625 
7.757616996765137 
5.4246721267700195 
6.1193084716796875 
7.65041446685791 
5.882892608642578 
4.960118293762207 
6.547763347625732 
6.453274250030518 
5.16030216217041 
5.8398661613464355 
5.66262149810791 
5.564132213592529 
4.866828918457031 
7.732551574707031 
6.157594680786133 
5.187808990478516 
4.511225700378418 
6.4788289070129395 
5.52097225189209 
6.223226547241211 
5.350495338439941 
7.096744537353516 
6.7929463386535645 
6.093221664428711 
6.404543876647949 
6.231517314910889 
6.213171005249023 
5.161182403564453 
7.432065010070801 
6.008447647094727 
7.449235439300537 
5.748174667358398 
6.551266670227051 
6.670583724975586 
4.850075721740723 
5.206200122833252 
5.7220659255981445 
5.559062957763672 
5.405239105224609 
8.492124557495117 
7.22365665435791 
6.861055374145508 
5.248656749725342 
6.57911491394043 
5.314671516418457 
9.894043922424316 
5.206010818481445 
4.295525550842285 
5.8180365562438965 
6.254335403442383 
6.0591349601745605 
7.655214786529541 
5.264657974243164 
4.630064964294434 
6.882828712463379 
5.6076507568359375 
6.920018196105957 
4.941232681274414 
6.382772922515869 
5.2069807052612305 
6.497992992401123 
5.359000205993652 
6.803661346435547 
7.233860015869141 
7.13597297668457 
6.381546974182129 
4.764410972595215 
5.656805992126465 
5.596462249755859 
6.105523109436035 
8.268004417419434 
6.4937968254089355 
8.760245323181152 
4.6944427490234375 
4.798966407775879 
7.708025932312012 
5.73932409286499 
5.697243690490723 
6.188022613525391 
5.302274703979492 
6.142783164978027 
7.135490417480469 
6.166874885559082 
5.364911079406738 
5.5702033042907715 
5.495645999908447 
7.231950759887695 
6.447509288787842 
5.827176570892334 
8.140093803405762 
4.925814151763916 
5.596345901489258 
8.589844703674316 
6.68300199508667 
6.941105365753174 
9.937845230102539 
5.363278865814209 
5.8783488273620605 
5.982001781463623 
7.46549654006958 
6.122154712677002 
8.622885704040527 
5.083675384521484 
7.737524032592773 
5.173384189605713 
6.115975856781006 
6.9154253005981445 
7.159249305725098 
7.069326400756836 
6.208008766174316 
6.93035364151001 
5.139368534088135 
6.044559478759766 
6.06998348236084 
6.217202663421631 
8.775763511657715 
7.575669288635254 
6.4527482986450195 
7.044318675994873 
5.5015869140625 
5.126726150512695 
9.900275230407715 
6.219130992889404 
6.013114929199219 
5.923057556152344 
8.511592864990234 
6.446817398071289 
6.0554704666137695 
8.790087699890137 
5.5898213386535645 
7.395304203033447 
7.502668380737305 
7.875175476074219 
6.273980140686035 
4.724397659301758 
6.954716682434082 
5.727066993713379 
6.5402116775512695 
6.934018135070801 
9.96167278289795 
5.131875991821289 
6.110063076019287 
6.015926837921143 
5.454530715942383 
7.795871257781982 
6.72023868560791 
5.867772102355957 
6.727473258972168 
5.918712615966797 
9.820658683776855 
5.94846248626709 
7.009121417999268 
5.9586710929870605 
4.886384010314941 
4.4562153816223145 
7.8624043464660645 
8.104694366455078 
5.720401763916016 
6.444158554077148 
6.87544059753418 
6.3533453941345215 
6.981420516967773 
6.050178527832031 
6.106980800628662 
6.199851989746094 
6.430722713470459 
7.576422214508057 
7.511713027954102 
8.773762702941895 
5.426230430603027 
6.600034713745117 
7.36407995223999 
6.010952472686768 
5.704821586608887 
4.963784217834473 
4.693833351135254 
5.681924819946289 
5.943676948547363 
7.511236190795898 
5.405695915222168 
5.275479316711426 
5.388631820678711 
4.468025207519531 
7.12526798248291 
5.357641220092773 
5.423614025115967 
6.793688774108887 
5.816600799560547 
7.875779628753662 
6.304847240447998 
4.933221340179443 
7.164721488952637 
8.027138710021973 
7.221609115600586 
5.667881965637207 
7.82105827331543 
6.849301338195801 
6.3062214851379395 
6.686140537261963 
7.284753799438477 
6.051136016845703 
7.118306636810303 
7.813996315002441 
5.997715950012207 
7.04913330078125 
5.442958354949951 
5.707776069641113 
5.869224548339844 
7.489998817443848 
8.157608032226562 
5.558538913726807 
5.284300804138184 
5.145068645477295 
6.574244499206543 
4.540875434875488 
5.591031074523926 
5.447919845581055 
5.16721773147583 
4.744236469268799 
4.610116481781006 
6.781073570251465 
8.768255233764648 
5.090974807739258 
5.878973484039307 
6.156184673309326 
5.4149980545043945 
5.950922966003418 
6.967683792114258 
6.231391906738281 
7.014605522155762 
8.100173950195312 
5.6447553634643555 
5.273726463317871 
5.815904140472412 
7.711818695068359 
5.5984392166137695 
6.462408065795898 
6.497897624969482 
5.968194484710693 
6.936923980712891 
6.5783891677856445 
7.0030012130737305 
8.612967491149902 
7.172623634338379 
6.064702033996582 
6.843518257141113 
7.822671890258789 
8.169981956481934 
6.125881195068359 
7.879694938659668 
6.398801803588867 
6.242355823516846 
4.759287357330322 
7.849154949188232 
5.4563727378845215 
6.430538654327393 
5.333109378814697 
7.612939834594727 
6.8192362785339355 
6.080837249755859 
6.186662673950195 
6.395750045776367 
6.257530212402344 
9.224221229553223 
6.596794128417969 
6.171478271484375 
5.572332382202148 
6.9764204025268555 
4.761516571044922 
5.643354892730713 
6.235311508178711 
7.909218788146973 
6.738250732421875 
7.935483932495117 
7.709112644195557 
5.5703020095825195 
5.551883697509766 
5.903181076049805 
6.145490646362305 
5.278792858123779 
6.073976039886475 
5.210380554199219 
6.639837265014648 
6.458164215087891 
6.231340408325195 
5.458037376403809 
5.965303421020508 
5.32508659362793 
5.816980838775635 
5.785289764404297 
5.831875324249268 
5.404780864715576 
7.407362461090088 
5.366891384124756 
6.218774795532227 
5.237631320953369 
7.354976654052734 
6.589657783508301 
6.575355529785156 
5.21063232421875 
5.84361457824707 
7.419785499572754 
6.148679733276367 
7.889461517333984 
7.630258560180664 
5.436539649963379 
6.3400468826293945 
7.030409336090088 
4.560667037963867 
6.5908918380737305 
4.7536187171936035 
5.907830238342285 
5.712236404418945 
9.454161643981934 
7.841897010803223 
6.14243221282959 
6.080023288726807 
6.031774997711182 
6.997107028961182 
7.514200210571289 
5.945971965789795 
5.145656108856201 
5.852564811706543 
5.057217597961426 
5.465533256530762 
6.481261253356934 
6.186729431152344 
5.491626739501953 
7.365194320678711 
5.061952590942383 
6.389090538024902 
7.0261311531066895 
7.330554008483887 
5.365198135375977 
8.510552406311035 
6.02878475189209 
6.652189254760742 
7.417524337768555 
8.183882713317871 
8.172547340393066 
7.1445465087890625 
5.264793395996094 
7.9540205001831055 
7.175963878631592 
6.692696571350098 
5.230767250061035 
7.743224620819092 
5.3113884925842285 
7.453872203826904 
9.12963581085205 
7.950805187225342 
7.363786220550537 
7.033716201782227 
7.562860488891602 
4.8107452392578125 
7.573852062225342 
4.794389724731445 
4.5891265869140625 
8.081905364990234 
5.514509201049805 
5.94190788269043 
6.800393104553223 
5.617654323577881 
5.591058731079102 
7.637392997741699 
5.6470842361450195 
7.693037033081055 
6.662774085998535 
5.533013820648193 
5.471828460693359 
7.091424465179443 
6.055818557739258 
