5.403274059295654 
5.403274059295654 
5.403274059295654 
5.403274059295654 
5.403274059295654 
5.403274059295654 
5.403274059295654 
5.403274059295654 
5.403274059295654 
5.403274059295654 
5.403274059295654 
5.403274059295654 
5.403274059295654 
5.403274059295654 
5.403274059295654 
5.403274059295654 
5.403274059295654 
5.403274059295654 
5.403274059295654 
5.403274059295654 
5.403274059295654 
5.403274059295654 
5.403274059295654 
5.403274059295654 
5.403274059295654 
5.403274059295654 
5.403274059295654 
5.403274059295654 
5.403274059295654 
5.403274059295654 
5.403274059295654 
5.403274059295654 
5.403274059295654 
5.403274059295654 
5.403274059295654 
5.403274059295654 
5.403274059295654 
5.403274059295654 
5.403274059295654 
5.403274059295654 
5.403274059295654 
5.403274059295654 
5.403274059295654 
5.403274059295654 
5.403274059295654 
5.403274059295654 
5.403274059295654 
5.403274059295654 
5.403274059295654 
5.403274059295654 
5.403274059295654 
5.403274059295654 
5.403274059295654 
5.403274059295654 
5.403274059295654 
5.403274059295654 
5.403274059295654 
5.403274059295654 
5.403274059295654 
5.403274059295654 
5.403274059295654 
5.403274059295654 
5.403274059295654 
5.403274059295654 
5.403274059295654 
5.403274059295654 
5.403274059295654 
5.403274059295654 
5.403274059295654 
5.403274059295654 
5.403274059295654 
5.403274059295654 
5.403274059295654 
5.403274059295654 
5.403274059295654 
5.403274059295654 
5.403274059295654 
5.403274059295654 
5.403274059295654 
5.403274059295654 
5.403274059295654 
5.403274059295654 
5.403274059295654 
5.403274059295654 
5.403274059295654 
5.403274059295654 
6.8743577003479 
5.403274059295654 
5.403274059295654 
5.403274059295654 
5.403274059295654 
5.403274059295654 
5.403274059295654 
5.403274059295654 
7.137270450592041 
5.403274059295654 
5.403274059295654 
5.403274059295654 
5.403274059295654 
5.403274059295654 
5.403274059295654 
5.403274059295654 
5.403274059295654 
5.403274059295654 
5.403274059295654 
5.403274059295654 
5.403274059295654 
5.403274059295654 
5.403274059295654 
5.403274059295654 
5.403274059295654 
5.403274059295654 
5.403274059295654 
5.403274059295654 
5.403274059295654 
5.403274059295654 
5.403274059295654 
7.123920440673828 
5.403274059295654 
5.403274059295654 
5.403274059295654 
5.403274059295654 
5.403274059295654 
5.403274059295654 
5.403274059295654 
5.403274059295654 
5.403274059295654 
5.403274059295654 
5.403274059295654 
5.403274059295654 
5.403274059295654 
5.403274059295654 
5.403274059295654 
5.403274059295654 
5.403274059295654 
5.403274059295654 
5.403274059295654 
5.403274059295654 
5.403274059295654 
7.264270782470703 
5.403274059295654 
5.403274059295654 
5.403274059295654 
5.403274059295654 
5.403274059295654 
5.403274059295654 
5.403274059295654 
5.403274059295654 
5.403274059295654 
5.403274059295654 
5.403274059295654 
5.403274059295654 
5.403274059295654 
7.65636682510376 
6.4128642082214355 
5.403274059295654 
5.403274059295654 
5.403274059295654 
5.403274059295654 
5.403274059295654 
5.403274059295654 
5.403274059295654 
5.403274059295654 
5.403274059295654 
5.403274059295654 
5.403274059295654 
5.403274059295654 
5.403274059295654 
5.403274059295654 
5.403274059295654 
5.403274059295654 
5.403274059295654 
5.403274059295654 
5.403274059295654 
5.403274059295654 
5.403274059295654 
5.403274059295654 
5.403274059295654 
5.403274059295654 
5.403274059295654 
5.403274059295654 
5.403274059295654 
5.403274059295654 
5.403274059295654 
5.403274059295654 
5.403274059295654 
5.403274059295654 
5.403274059295654 
5.403274059295654 
5.403274059295654 
5.403274059295654 
5.403274059295654 
5.403274059295654 
5.403274059295654 
5.403274059295654 
5.403274059295654 
5.403274059295654 
5.403274059295654 
5.403274059295654 
5.403274059295654 
5.403274059295654 
5.403274059295654 
5.403274059295654 
5.403274059295654 
5.403274059295654 
7.746257305145264 
5.403274059295654 
5.403274059295654 
5.403274059295654 
5.403274059295654 
5.403274059295654 
6.819050312042236 
5.403274059295654 
5.403274059295654 
5.403274059295654 
5.403274059295654 
5.403274059295654 
5.403274059295654 
5.403274059295654 
5.403274059295654 
5.403274059295654 
5.403274059295654 
5.403274059295654 
5.403274059295654 
5.403274059295654 
5.403274059295654 
5.403274059295654 
5.403274059295654 
5.403274059295654 
5.403274059295654 
5.403274059295654 
5.403274059295654 
5.403274059295654 
5.403274059295654 
5.403274059295654 
5.403274059295654 
5.403274059295654 
5.403274059295654 
5.403274059295654 
5.403274059295654 
5.403274059295654 
5.403274059295654 
5.403274059295654 
5.403274059295654 
5.403274059295654 
5.403274059295654 
5.403274059295654 
5.403274059295654 
5.403274059295654 
5.403274059295654 
5.403274059295654 
5.403274059295654 
5.403274059295654 
5.403274059295654 
5.403274059295654 
5.403274059295654 
5.403274059295654 
7.655275821685791 
5.403274059295654 
7.447584629058838 
6.468174457550049 
5.403274059295654 
5.403274059295654 
5.403274059295654 
5.403274059295654 
5.403274059295654 
5.403274059295654 
5.403274059295654 
5.403274059295654 
7.7508320808410645 
5.403274059295654 
5.403274059295654 
6.768068790435791 
5.403274059295654 
5.403274059295654 
5.403274059295654 
5.403274059295654 
5.403274059295654 
5.403274059295654 
5.403274059295654 
5.403274059295654 
5.403274059295654 
5.403274059295654 
5.403274059295654 
5.403274059295654 
5.403274059295654 
5.403274059295654 
5.403274059295654 
5.403274059295654 
5.403274059295654 
5.403274059295654 
5.403274059295654 
5.403274059295654 
7.591783046722412 
5.403274059295654 
5.403274059295654 
5.403274059295654 
5.403274059295654 
5.403274059295654 
5.403274059295654 
5.403274059295654 
5.403274059295654 
5.403274059295654 
5.403274059295654 
5.403274059295654 
5.403274059295654 
5.403274059295654 
5.403274059295654 
5.403274059295654 
5.403274059295654 
5.403274059295654 
5.403274059295654 
5.403274059295654 
7.649877071380615 
5.403274059295654 
5.403274059295654 
5.403274059295654 
5.403274059295654 
5.403274059295654 
5.403274059295654 
5.403274059295654 
5.403274059295654 
5.403274059295654 
5.403274059295654 
5.403274059295654 
5.403274059295654 
5.403274059295654 
5.403274059295654 
5.403274059295654 
5.403274059295654 
5.403274059295654 
5.403274059295654 
5.403274059295654 
5.403274059295654 
5.403274059295654 
5.403274059295654 
5.403274059295654 
5.403274059295654 
5.403274059295654 
5.403274059295654 
5.403274059295654 
5.403274059295654 
5.403274059295654 
5.403274059295654 
5.403274059295654 
5.403274059295654 
5.403274059295654 
5.403274059295654 
5.403274059295654 
5.403274059295654 
5.403274059295654 
5.403274059295654 
5.403274059295654 
5.403274059295654 
5.403274059295654 
5.403274059295654 
5.403274059295654 
5.403274059295654 
5.403274059295654 
5.403274059295654 
5.403274059295654 
5.403274059295654 
5.403274059295654 
5.403274059295654 
5.403274059295654 
5.403274059295654 
5.403274059295654 
5.403274059295654 
5.403274059295654 
5.403274059295654 
5.403274059295654 
5.403274059295654 
5.403274059295654 
5.403274059295654 
5.403274059295654 
5.403274059295654 
5.403274059295654 
5.403274059295654 
5.403274059295654 
5.403274059295654 
5.403274059295654 
5.403274059295654 
5.403274059295654 
5.403274059295654 
5.403274059295654 
5.403274059295654 
5.403274059295654 
5.403274059295654 
7.546630382537842 
5.403274059295654 
5.403274059295654 
5.403274059295654 
5.403274059295654 
5.403274059295654 
5.403274059295654 
5.403274059295654 
5.403274059295654 
5.403274059295654 
5.403274059295654 
5.403274059295654 
5.403274059295654 
5.403274059295654 
5.403274059295654 
5.403274059295654 
5.403274059295654 
5.403274059295654 
5.403274059295654 
5.403274059295654 
5.403274059295654 
6.384414196014404 
5.403274059295654 
5.403274059295654 
5.403274059295654 
5.403274059295654 
5.403274059295654 
5.403274059295654 
5.403274059295654 
5.403274059295654 
5.403274059295654 
5.403274059295654 
7.7770490646362305 
5.403274059295654 
5.403274059295654 
5.403274059295654 
5.403274059295654 
5.403274059295654 
5.403274059295654 
5.403274059295654 
5.403274059295654 
5.403274059295654 
5.403274059295654 
5.403274059295654 
5.403274059295654 
5.403274059295654 
5.403274059295654 
5.403274059295654 
7.227977752685547 
5.403274059295654 
5.403274059295654 
5.403274059295654 
5.403274059295654 
5.403274059295654 
5.403274059295654 
5.403274059295654 
5.403274059295654 
5.403274059295654 
5.403274059295654 
5.403274059295654 
5.403274059295654 
5.403274059295654 
5.403274059295654 
5.403274059295654 
5.403274059295654 
5.403274059295654 
5.403274059295654 
5.403274059295654 
5.403274059295654 
5.403274059295654 
5.403274059295654 
5.403274059295654 
5.403274059295654 
5.403274059295654 
5.403274059295654 
5.403274059295654 
5.403274059295654 
5.403274059295654 
5.403274059295654 
5.403274059295654 
5.403274059295654 
5.403274059295654 
5.403274059295654 
5.403274059295654 
5.403274059295654 
5.403274059295654 
6.7094597816467285 
5.403274059295654 
5.403274059295654 
5.403274059295654 
5.403274059295654 
5.403274059295654 
5.403274059295654 
5.403274059295654 
5.403274059295654 
5.403274059295654 
5.403274059295654 
5.403274059295654 
5.403274059295654 
5.403274059295654 
5.403274059295654 
5.403274059295654 
5.403274059295654 
5.403274059295654 
5.403274059295654 
5.403274059295654 
5.403274059295654 
5.403274059295654 
5.403274059295654 
5.403274059295654 
5.403274059295654 
5.403274059295654 
5.403274059295654 
5.403274059295654 
5.403274059295654 
5.403274059295654 
5.403274059295654 
5.403274059295654 
5.403274059295654 
5.403274059295654 
5.403274059295654 
5.403274059295654 
5.403274059295654 
8.044402122497559 
5.403274059295654 
5.403274059295654 
5.403274059295654 
5.403274059295654 
5.403274059295654 
5.403274059295654 
5.403274059295654 
5.403274059295654 
5.403274059295654 
5.403274059295654 
5.403274059295654 
5.403274059295654 
5.403274059295654 
5.403274059295654 
5.403274059295654 
5.403274059295654 
6.1824822425842285 
5.403274059295654 
5.403274059295654 
5.403274059295654 
5.403274059295654 
5.403274059295654 
5.403274059295654 
6.809351921081543 
5.403274059295654 
5.403274059295654 
5.403274059295654 
5.403274059295654 
5.403274059295654 
5.403274059295654 
5.403274059295654 
5.403274059295654 
5.403274059295654 
5.403274059295654 
5.403274059295654 
5.403274059295654 
5.403274059295654 
5.403274059295654 
5.403274059295654 
5.403274059295654 
5.403274059295654 
5.403274059295654 
5.403274059295654 
5.403274059295654 
5.403274059295654 
5.403274059295654 
5.403274059295654 
7.241157054901123 
5.403274059295654 
5.403274059295654 
5.403274059295654 
5.403274059295654 
5.403274059295654 
5.403274059295654 
5.403274059295654 
7.054500579833984 
5.403274059295654 
5.403274059295654 
5.403274059295654 
5.403274059295654 
6.733865261077881 
5.403274059295654 
5.403274059295654 
5.403274059295654 
5.403274059295654 
8.378643035888672 
5.403274059295654 
5.403274059295654 
5.403274059295654 
5.403274059295654 
5.403274059295654 
5.403274059295654 
5.403274059295654 
5.403274059295654 
5.403274059295654 
5.403274059295654 
5.403274059295654 
5.403274059295654 
5.403274059295654 
5.403274059295654 
5.403274059295654 
5.403274059295654 
5.403274059295654 
5.403274059295654 
5.403274059295654 
5.403274059295654 
5.403274059295654 
5.403274059295654 
5.403274059295654 
5.403274059295654 
5.403274059295654 
5.403274059295654 
5.403274059295654 
5.403274059295654 
5.403274059295654 
5.403274059295654 
5.403274059295654 
5.403274059295654 
5.403274059295654 
5.403274059295654 
5.403274059295654 
5.403274059295654 
5.403274059295654 
5.403274059295654 
5.403274059295654 
5.403274059295654 
5.403274059295654 
5.403274059295654 
5.403274059295654 
5.403274059295654 
5.403274059295654 
5.403274059295654 
5.403274059295654 
5.403274059295654 
5.403274059295654 
5.403274059295654 
5.403274059295654 
5.403274059295654 
5.403274059295654 
5.403274059295654 
5.403274059295654 
5.403274059295654 
5.403274059295654 
5.403274059295654 
5.403274059295654 
5.403274059295654 
5.403274059295654 
5.403274059295654 
5.403274059295654 
5.403274059295654 
5.403274059295654 
5.403274059295654 
5.403274059295654 
5.403274059295654 
5.403274059295654 
5.403274059295654 
5.403274059295654 
5.403274059295654 
5.403274059295654 
5.403274059295654 
5.403274059295654 
5.403274059295654 
5.403274059295654 
5.403274059295654 
5.403274059295654 
5.403274059295654 
5.403274059295654 
5.403274059295654 
5.403274059295654 
5.403274059295654 
5.403274059295654 
5.403274059295654 
5.403274059295654 
5.403274059295654 
5.403274059295654 
5.403274059295654 
5.403274059295654 
5.403274059295654 
5.403274059295654 
5.403274059295654 
5.403274059295654 
5.403274059295654 
5.403274059295654 
5.403274059295654 
5.403274059295654 
5.403274059295654 
5.403274059295654 
5.403274059295654 
5.403274059295654 
5.403274059295654 
5.403274059295654 
5.403274059295654 
5.403274059295654 
5.403274059295654 
5.403274059295654 
5.403274059295654 
5.403274059295654 
5.403274059295654 
5.403274059295654 
5.403274059295654 
5.403274059295654 
5.403274059295654 
5.403274059295654 
5.403274059295654 
5.403274059295654 
5.403274059295654 
5.403274059295654 
5.403274059295654 
5.403274059295654 
6.965011119842529 
5.403274059295654 
5.403274059295654 
5.403274059295654 
5.403274059295654 
5.403274059295654 
5.403274059295654 
5.403274059295654 
5.403274059295654 
5.403274059295654 
5.403274059295654 
5.403274059295654 
5.403274059295654 
5.403274059295654 
5.403274059295654 
5.403274059295654 
5.403274059295654 
5.403274059295654 
5.403274059295654 
5.403274059295654 
5.403274059295654 
5.403274059295654 
5.403274059295654 
5.403274059295654 
5.403274059295654 
5.403274059295654 
5.403274059295654 
5.403274059295654 
5.403274059295654 
6.1504292488098145 
5.403274059295654 
5.403274059295654 
5.403274059295654 
5.403274059295654 
5.403274059295654 
5.403274059295654 
5.403274059295654 
5.403274059295654 
5.403274059295654 
5.403274059295654 
5.403274059295654 
5.403274059295654 
5.403274059295654 
5.403274059295654 
5.403274059295654 
5.403274059295654 
6.788100719451904 
5.403274059295654 
5.403274059295654 
5.403274059295654 
5.403274059295654 
5.403274059295654 
5.403274059295654 
5.403274059295654 
5.403274059295654 
5.403274059295654 
5.403274059295654 
5.403274059295654 
5.403274059295654 
5.403274059295654 
5.403274059295654 
5.403274059295654 
5.403274059295654 
5.403274059295654 
5.403274059295654 
5.403274059295654 
5.403274059295654 
5.403274059295654 
5.403274059295654 
5.403274059295654 
5.403274059295654 
5.403274059295654 
7.462551593780518 
5.403274059295654 
5.403274059295654 
5.403274059295654 
5.403274059295654 
5.403274059295654 
5.403274059295654 
5.403274059295654 
5.403274059295654 
5.403274059295654 
5.403274059295654 
5.403274059295654 
5.403274059295654 
5.403274059295654 
5.403274059295654 
5.403274059295654 
5.403274059295654 
7.695881366729736 
5.403274059295654 
5.403274059295654 
6.986943244934082 
5.403274059295654 
5.403274059295654 
5.403274059295654 
5.403274059295654 
5.403274059295654 
5.403274059295654 
5.403274059295654 
5.403274059295654 
5.403274059295654 
5.403274059295654 
5.403274059295654 
5.403274059295654 
5.403274059295654 
5.403274059295654 
5.403274059295654 
5.403274059295654 
5.403274059295654 
5.403274059295654 
5.403274059295654 
5.403274059295654 
5.403274059295654 
5.403274059295654 
7.0656280517578125 
5.403274059295654 
5.403274059295654 
5.403274059295654 
5.403274059295654 
5.403274059295654 
5.403274059295654 
5.403274059295654 
5.403274059295654 
5.403274059295654 
5.403274059295654 
5.403274059295654 
5.403274059295654 
5.403274059295654 
5.403274059295654 
5.403274059295654 
5.403274059295654 
5.403274059295654 
5.403274059295654 
5.403274059295654 
5.403274059295654 
5.403274059295654 
5.403274059295654 
5.403274059295654 
5.403274059295654 
5.403274059295654 
5.403274059295654 
5.403274059295654 
5.403274059295654 
5.403274059295654 
5.403274059295654 
5.403274059295654 
5.403274059295654 
5.403274059295654 
5.403274059295654 
5.403274059295654 
5.403274059295654 
5.403274059295654 
5.403274059295654 
5.403274059295654 
5.403274059295654 
5.403274059295654 
5.403274059295654 
5.403274059295654 
5.403274059295654 
5.403274059295654 
5.403274059295654 
5.403274059295654 
5.403274059295654 
5.403274059295654 
5.403274059295654 
5.403274059295654 
5.403274059295654 
5.403274059295654 
5.403274059295654 
5.403274059295654 
5.403274059295654 
5.403274059295654 
5.403274059295654 
5.403274059295654 
5.403274059295654 
5.403274059295654 
5.403274059295654 
5.403274059295654 
5.403274059295654 
5.403274059295654 
5.403274059295654 
5.403274059295654 
5.403274059295654 
5.403274059295654 
5.403274059295654 
5.403274059295654 
5.403274059295654 
5.403274059295654 
5.403274059295654 
5.403274059295654 
5.403274059295654 
5.403274059295654 
5.403274059295654 
5.403274059295654 
5.403274059295654 
5.403274059295654 
5.403274059295654 
5.403274059295654 
5.403274059295654 
5.403274059295654 
5.403274059295654 
5.403274059295654 
5.403274059295654 
5.403274059295654 
5.403274059295654 
5.403274059295654 
5.403274059295654 
5.403274059295654 
5.403274059295654 
5.403274059295654 
5.403274059295654 
5.403274059295654 
5.403274059295654 
5.403274059295654 
5.403274059295654 
5.403274059295654 
5.403274059295654 
5.403274059295654 
5.403274059295654 
5.403274059295654 
5.403274059295654 
5.403274059295654 
5.403274059295654 
5.403274059295654 
5.403274059295654 
5.403274059295654 
5.403274059295654 
5.403274059295654 
5.403274059295654 
5.403274059295654 
5.403274059295654 
5.403274059295654 
5.403274059295654 
5.403274059295654 
5.403274059295654 
5.403274059295654 
5.403274059295654 
7.199000358581543 
5.403274059295654 
5.403274059295654 
5.403274059295654 
5.403274059295654 
5.403274059295654 
5.403274059295654 
5.403274059295654 
5.403274059295654 
8.454785346984863 
5.403274059295654 
5.403274059295654 
5.403274059295654 
5.403274059295654 
5.403274059295654 
5.403274059295654 
5.403274059295654 
5.403274059295654 
5.403274059295654 
5.403274059295654 
5.403274059295654 
5.403274059295654 
6.898500919342041 
5.403274059295654 
5.403274059295654 
5.403274059295654 
5.403274059295654 
5.403274059295654 
5.403274059295654 
5.403274059295654 
5.403274059295654 
6.115757465362549 
5.403274059295654 
5.403274059295654 
5.403274059295654 
5.403274059295654 
5.403274059295654 
7.853238105773926 
5.403274059295654 
5.403274059295654 
5.403274059295654 
5.403274059295654 
5.403274059295654 
5.403274059295654 
5.403274059295654 
5.403274059295654 
5.403274059295654 
5.403274059295654 
5.403274059295654 
5.403274059295654 
5.403274059295654 
5.403274059295654 
5.403274059295654 
5.403274059295654 
5.403274059295654 
5.403274059295654 
5.403274059295654 
5.403274059295654 
5.403274059295654 
5.403274059295654 
5.403274059295654 
5.403274059295654 
5.403274059295654 
5.403274059295654 
5.403274059295654 
5.403274059295654 
5.403274059295654 
5.403274059295654 
5.403274059295654 
5.403274059295654 
5.403274059295654 
5.403274059295654 
5.403274059295654 
5.403274059295654 
5.403274059295654 
5.403274059295654 
5.403274059295654 
5.403274059295654 
5.403274059295654 
5.403274059295654 
5.403274059295654 
5.403274059295654 
5.403274059295654 
5.403274059295654 
5.403274059295654 
5.403274059295654 
5.403274059295654 
5.403274059295654 
5.403274059295654 
5.403274059295654 
5.403274059295654 
5.403274059295654 
5.403274059295654 
5.403274059295654 
7.924276828765869 
5.403274059295654 
5.403274059295654 
5.403274059295654 
5.403274059295654 
5.403274059295654 
5.403274059295654 
5.403274059295654 
5.403274059295654 
5.403274059295654 
5.403274059295654 
5.403274059295654 
5.403274059295654 
5.403274059295654 
5.403274059295654 
5.403274059295654 
5.403274059295654 
5.403274059295654 
5.403274059295654 
5.403274059295654 
5.403274059295654 
5.403274059295654 
5.403274059295654 
5.403274059295654 
8.163208961486816 
5.403274059295654 
5.403274059295654 
5.403274059295654 
5.403274059295654 
5.403274059295654 
6.923500061035156 
5.403274059295654 
5.403274059295654 
5.403274059295654 
5.403274059295654 
5.403274059295654 
5.403274059295654 
5.403274059295654 
5.403274059295654 
5.403274059295654 
5.403274059295654 
5.403274059295654 
5.403274059295654 
5.403274059295654 
5.403274059295654 
5.403274059295654 
5.403274059295654 
5.403274059295654 
5.403274059295654 
5.403274059295654 
5.403274059295654 
5.403274059295654 
5.403274059295654 
5.403274059295654 
5.403274059295654 
5.403274059295654 
5.403274059295654 
5.403274059295654 
5.403274059295654 
5.403274059295654 
5.403274059295654 
5.403274059295654 
6.964865684509277 
5.403274059295654 
5.403274059295654 
5.403274059295654 
7.691221237182617 
5.403274059295654 
7.2704596519470215 
5.403274059295654 
5.403274059295654 
5.403274059295654 
5.403274059295654 
5.403274059295654 
5.403274059295654 
5.403274059295654 
5.403274059295654 
5.403274059295654 
5.403274059295654 
5.403274059295654 
5.403274059295654 
5.403274059295654 
5.403274059295654 
5.403274059295654 
5.403274059295654 
5.403274059295654 
5.403274059295654 
5.403274059295654 
5.403274059295654 
5.403274059295654 
5.403274059295654 
5.403274059295654 
5.403274059295654 
6.974834442138672 
5.403274059295654 
5.403274059295654 
5.403274059295654 
5.403274059295654 
5.403274059295654 
5.403274059295654 
5.403274059295654 
5.403274059295654 
5.403274059295654 
5.403274059295654 
5.403274059295654 
5.403274059295654 
5.403274059295654 
5.403274059295654 
5.403274059295654 
5.403274059295654 
5.403274059295654 
5.403274059295654 
5.403274059295654 
5.403274059295654 
5.403274059295654 
5.403274059295654 
5.403274059295654 
5.403274059295654 
5.403274059295654 
5.403274059295654 
5.403274059295654 
5.403274059295654 
5.403274059295654 
5.403274059295654 
5.403274059295654 
5.403274059295654 
5.403274059295654 
5.403274059295654 
5.403274059295654 
5.403274059295654 
5.403274059295654 
5.403274059295654 
5.403274059295654 
5.403274059295654 
5.403274059295654 
5.403274059295654 
5.403274059295654 
6.9710259437561035 
5.403274059295654 
5.403274059295654 
5.403274059295654 
5.403274059295654 
5.403274059295654 
5.403274059295654 
5.403274059295654 
5.403274059295654 
5.403274059295654 
5.403274059295654 
5.403274059295654 
5.403274059295654 
5.403274059295654 
5.403274059295654 
5.403274059295654 
5.403274059295654 
5.403274059295654 
5.403274059295654 
5.403274059295654 
5.403274059295654 
5.403274059295654 
5.403274059295654 
6.505067825317383 
5.403274059295654 
5.403274059295654 
5.403274059295654 
5.403274059295654 
5.403274059295654 
5.403274059295654 
5.403274059295654 
5.403274059295654 
5.403274059295654 
5.403274059295654 
5.403274059295654 
5.403274059295654 
5.403274059295654 
5.403274059295654 
5.403274059295654 
5.403274059295654 
5.403274059295654 
5.403274059295654 
5.403274059295654 
5.403274059295654 
5.403274059295654 
5.403274059295654 
5.403274059295654 
5.403274059295654 
5.403274059295654 
5.403274059295654 
5.403274059295654 
5.403274059295654 
5.403274059295654 
5.403274059295654 
5.403274059295654 
5.403274059295654 
5.403274059295654 
5.403274059295654 
5.403274059295654 
5.403274059295654 
5.403274059295654 
5.403274059295654 
5.403274059295654 
5.403274059295654 
5.403274059295654 
5.403274059295654 
5.403274059295654 
5.403274059295654 
5.403274059295654 
5.403274059295654 
5.403274059295654 
5.403274059295654 
5.403274059295654 
5.403274059295654 
5.403274059295654 
5.403274059295654 
5.403274059295654 
5.403274059295654 
5.403274059295654 
5.403274059295654 
5.403274059295654 
5.403274059295654 
5.403274059295654 
5.403274059295654 
5.403274059295654 
5.403274059295654 
5.403274059295654 
5.403274059295654 
5.403274059295654 
5.403274059295654 
7.706349849700928 
5.403274059295654 
5.403274059295654 
5.403274059295654 
5.403274059295654 
5.403274059295654 
5.403274059295654 
5.403274059295654 
5.403274059295654 
5.403274059295654 
5.403274059295654 
5.403274059295654 
5.403274059295654 
5.403274059295654 
5.403274059295654 
5.403274059295654 
5.403274059295654 
5.403274059295654 
5.403274059295654 
5.403274059295654 
5.403274059295654 
5.403274059295654 
5.403274059295654 
5.403274059295654 
5.403274059295654 
5.403274059295654 
5.403274059295654 
5.403274059295654 
5.403274059295654 
5.403274059295654 
5.403274059295654 
5.403274059295654 
5.403274059295654 
5.403274059295654 
5.403274059295654 
5.403274059295654 
5.403274059295654 
5.403274059295654 
5.403274059295654 
6.772226333618164 
5.403274059295654 
6.898028373718262 
5.403274059295654 
5.403274059295654 
5.403274059295654 
5.403274059295654 
5.403274059295654 
5.403274059295654 
5.403274059295654 
5.403274059295654 
5.403274059295654 
5.403274059295654 
5.403274059295654 
5.403274059295654 
5.403274059295654 
5.403274059295654 
6.9251627922058105 
5.403274059295654 
5.403274059295654 
5.403274059295654 
5.403274059295654 
5.403274059295654 
5.403274059295654 
5.403274059295654 
5.403274059295654 
5.403274059295654 
5.403274059295654 
5.403274059295654 
5.403274059295654 
5.403274059295654 
5.403274059295654 
5.403274059295654 
5.403274059295654 
5.403274059295654 
5.403274059295654 
5.403274059295654 
5.403274059295654 
5.403274059295654 
5.403274059295654 
5.403274059295654 
5.403274059295654 
5.403274059295654 
5.403274059295654 
5.403274059295654 
5.403274059295654 
5.403274059295654 
5.403274059295654 
5.403274059295654 
5.403274059295654 
5.403274059295654 
5.403274059295654 
5.403274059295654 
5.403274059295654 
5.403274059295654 
5.403274059295654 
5.403274059295654 
5.403274059295654 
5.403274059295654 
5.403274059295654 
5.403274059295654 
5.403274059295654 
5.403274059295654 
5.403274059295654 
5.403274059295654 
5.403274059295654 
5.403274059295654 
5.403274059295654 
7.7811360359191895 
5.403274059295654 
5.403274059295654 
5.403274059295654 
5.403274059295654 
5.403274059295654 
5.403274059295654 
6.673193454742432 
5.403274059295654 
5.403274059295654 
5.403274059295654 
5.403274059295654 
5.403274059295654 
5.403274059295654 
5.403274059295654 
5.403274059295654 
5.403274059295654 
5.403274059295654 
5.403274059295654 
5.403274059295654 
5.403274059295654 
5.403274059295654 
5.403274059295654 
5.403274059295654 
5.403274059295654 
5.403274059295654 
5.403274059295654 
5.403274059295654 
5.403274059295654 
5.403274059295654 
6.9937663078308105 
5.403274059295654 
5.403274059295654 
5.403274059295654 
5.403274059295654 
5.403274059295654 
5.403274059295654 
5.403274059295654 
5.403274059295654 
5.403274059295654 
5.403274059295654 
5.403274059295654 
5.403274059295654 
5.403274059295654 
5.403274059295654 
5.403274059295654 
5.403274059295654 
5.403274059295654 
5.403274059295654 
6.58804178237915 
5.403274059295654 
5.403274059295654 
5.403274059295654 
5.403274059295654 
5.403274059295654 
5.403274059295654 
5.403274059295654 
5.403274059295654 
5.403274059295654 
5.403274059295654 
5.403274059295654 
5.403274059295654 
5.403274059295654 
5.403274059295654 
5.403274059295654 
5.403274059295654 
5.403274059295654 
5.403274059295654 
5.403274059295654 
5.403274059295654 
5.403274059295654 
5.403274059295654 
5.403274059295654 
5.403274059295654 
5.403274059295654 
5.403274059295654 
5.403274059295654 
5.403274059295654 
5.403274059295654 
5.403274059295654 
5.403274059295654 
5.403274059295654 
5.403274059295654 
5.403274059295654 
5.403274059295654 
5.403274059295654 
5.403274059295654 
5.403274059295654 
5.403274059295654 
5.403274059295654 
5.403274059295654 
5.403274059295654 
5.403274059295654 
5.403274059295654 
5.403274059295654 
5.403274059295654 
5.403274059295654 
5.403274059295654 
5.403274059295654 
5.403274059295654 
5.403274059295654 
5.403274059295654 
5.403274059295654 
5.403274059295654 
5.403274059295654 
5.403274059295654 
5.403274059295654 
5.403274059295654 
5.403274059295654 
6.535048007965088 
5.403274059295654 
5.403274059295654 
5.403274059295654 
5.403274059295654 
5.403274059295654 
5.403274059295654 
5.403274059295654 
5.403274059295654 
5.403274059295654 
5.403274059295654 
8.242547035217285 
5.403274059295654 
5.403274059295654 
5.403274059295654 
5.403274059295654 
5.403274059295654 
5.403274059295654 
5.403274059295654 
5.403274059295654 
5.403274059295654 
5.403274059295654 
5.403274059295654 
5.403274059295654 
5.403274059295654 
5.403274059295654 
5.403274059295654 
5.403274059295654 
5.403274059295654 
6.727837562561035 
5.403274059295654 
5.403274059295654 
5.403274059295654 
5.403274059295654 
5.403274059295654 
5.403274059295654 
5.403274059295654 
5.403274059295654 
5.403274059295654 
5.403274059295654 
5.403274059295654 
5.403274059295654 
5.403274059295654 
5.403274059295654 
5.403274059295654 
5.403274059295654 
5.403274059295654 
5.403274059295654 
5.403274059295654 
5.403274059295654 
5.403274059295654 
5.403274059295654 
5.403274059295654 
5.403274059295654 
5.403274059295654 
5.403274059295654 
5.403274059295654 
5.403274059295654 
5.403274059295654 
5.403274059295654 
5.403274059295654 
5.403274059295654 
5.403274059295654 
6.7232279777526855 
5.403274059295654 
5.403274059295654 
5.403274059295654 
5.403274059295654 
5.403274059295654 
5.403274059295654 
5.403274059295654 
5.403274059295654 
5.403274059295654 
5.403274059295654 
5.403274059295654 
5.403274059295654 
5.403274059295654 
5.403274059295654 
5.403274059295654 
5.403274059295654 
5.403274059295654 
5.403274059295654 
5.403274059295654 
5.403274059295654 
5.403274059295654 
5.403274059295654 
5.403274059295654 
5.403274059295654 
5.403274059295654 
5.403274059295654 
5.403274059295654 
5.403274059295654 
5.403274059295654 
5.403274059295654 
5.403274059295654 
5.403274059295654 
7.062039375305176 
5.403274059295654 
5.403274059295654 
5.403274059295654 
5.403274059295654 
5.403274059295654 
5.403274059295654 
5.403274059295654 
5.403274059295654 
5.403274059295654 
5.403274059295654 
5.403274059295654 
5.403274059295654 
5.403274059295654 
5.403274059295654 
5.403274059295654 
5.403274059295654 
5.403274059295654 
5.403274059295654 
5.403274059295654 
5.403274059295654 
5.403274059295654 
6.255731105804443 
5.403274059295654 
5.403274059295654 
5.403274059295654 
5.403274059295654 
7.278538703918457 
5.403274059295654 
5.403274059295654 
5.403274059295654 
5.403274059295654 
5.403274059295654 
5.403274059295654 
5.403274059295654 
5.403274059295654 
5.403274059295654 
5.403274059295654 
5.403274059295654 
5.403274059295654 
5.403274059295654 
5.403274059295654 
5.403274059295654 
5.403274059295654 
5.403274059295654 
5.403274059295654 
5.403274059295654 
5.403274059295654 
5.403274059295654 
5.403274059295654 
5.403274059295654 
5.403274059295654 
5.403274059295654 
5.403274059295654 
5.403274059295654 
5.403274059295654 
5.403274059295654 
5.403274059295654 
5.403274059295654 
5.403274059295654 
5.403274059295654 
5.403274059295654 
5.403274059295654 
5.403274059295654 
5.403274059295654 
5.403274059295654 
5.403274059295654 
5.403274059295654 
5.403274059295654 
5.403274059295654 
5.403274059295654 
5.403274059295654 
5.403274059295654 
5.403274059295654 
5.403274059295654 
5.403274059295654 
5.403274059295654 
5.403274059295654 
5.403274059295654 
5.403274059295654 
5.403274059295654 
5.403274059295654 
5.403274059295654 
5.403274059295654 
5.403274059295654 
5.403274059295654 
5.403274059295654 
5.403274059295654 
5.403274059295654 
5.403274059295654 
6.785281658172607 
5.403274059295654 
5.403274059295654 
5.403274059295654 
5.403274059295654 
5.403274059295654 
5.403274059295654 
5.403274059295654 
5.403274059295654 
5.403274059295654 
5.403274059295654 
7.941667079925537 
5.403274059295654 
5.403274059295654 
5.403274059295654 
5.403274059295654 
5.403274059295654 
7.751806735992432 
5.403274059295654 
5.403274059295654 
5.403274059295654 
5.403274059295654 
5.403274059295654 
5.403274059295654 
5.403274059295654 
5.403274059295654 
5.403274059295654 
5.403274059295654 
5.403274059295654 
5.403274059295654 
5.403274059295654 
5.403274059295654 
5.403274059295654 
5.403274059295654 
5.403274059295654 
5.403274059295654 
5.403274059295654 
5.403274059295654 
5.403274059295654 
5.403274059295654 
5.403274059295654 
6.4918084144592285 
5.403274059295654 
5.403274059295654 
5.403274059295654 
5.403274059295654 
5.403274059295654 
5.403274059295654 
5.403274059295654 
5.403274059295654 
5.403274059295654 
5.403274059295654 
5.403274059295654 
5.403274059295654 
5.403274059295654 
5.403274059295654 
5.403274059295654 
5.403274059295654 
5.403274059295654 
5.403274059295654 
5.403274059295654 
5.403274059295654 
5.403274059295654 
5.403274059295654 
5.403274059295654 
5.403274059295654 
5.403274059295654 
5.403274059295654 
6.941925048828125 
5.403274059295654 
5.403274059295654 
5.403274059295654 
5.403274059295654 
5.403274059295654 
5.403274059295654 
5.403274059295654 
5.403274059295654 
5.403274059295654 
5.403274059295654 
5.403274059295654 
5.403274059295654 
5.403274059295654 
5.403274059295654 
5.403274059295654 
5.403274059295654 
5.403274059295654 
5.403274059295654 
5.403274059295654 
5.403274059295654 
5.403274059295654 
5.403274059295654 
5.403274059295654 
5.403274059295654 
5.403274059295654 
5.403274059295654 
5.403274059295654 
5.403274059295654 
5.403274059295654 
5.403274059295654 
5.403274059295654 
5.403274059295654 
5.403274059295654 
5.403274059295654 
5.403274059295654 
5.403274059295654 
5.403274059295654 
5.403274059295654 
5.403274059295654 
5.403274059295654 
5.403274059295654 
5.403274059295654 
5.403274059295654 
5.403274059295654 
5.403274059295654 
5.403274059295654 
5.403274059295654 
5.403274059295654 
5.403274059295654 
5.403274059295654 
5.403274059295654 
5.403274059295654 
5.403274059295654 
8.06774616241455 
5.403274059295654 
5.403274059295654 
5.403274059295654 
5.403274059295654 
5.403274059295654 
5.403274059295654 
5.403274059295654 
5.403274059295654 
5.403274059295654 
5.403274059295654 
5.403274059295654 
5.403274059295654 
5.403274059295654 
5.403274059295654 
5.403274059295654 
5.403274059295654 
5.403274059295654 
5.403274059295654 
5.403274059295654 
5.403274059295654 
5.403274059295654 
5.403274059295654 
5.403274059295654 
5.403274059295654 
5.403274059295654 
5.403274059295654 
5.403274059295654 
5.403274059295654 
5.403274059295654 
5.403274059295654 
5.403274059295654 
5.403274059295654 
5.403274059295654 
5.403274059295654 
5.403274059295654 
5.403274059295654 
5.403274059295654 
5.403274059295654 
5.403274059295654 
5.403274059295654 
5.403274059295654 
5.403274059295654 
5.403274059295654 
5.403274059295654 
5.403274059295654 
5.403274059295654 
5.403274059295654 
5.403274059295654 
5.403274059295654 
5.403274059295654 
5.403274059295654 
5.403274059295654 
5.403274059295654 
5.403274059295654 
5.403274059295654 
5.403274059295654 
5.403274059295654 
5.403274059295654 
5.403274059295654 
5.403274059295654 
5.403274059295654 
5.403274059295654 
5.403274059295654 
5.403274059295654 
5.403274059295654 
5.403274059295654 
5.403274059295654 
5.403274059295654 
5.403274059295654 
5.403274059295654 
5.403274059295654 
5.403274059295654 
5.403274059295654 
5.403274059295654 
5.403274059295654 
5.403274059295654 
5.403274059295654 
5.403274059295654 
5.403274059295654 
5.403274059295654 
5.403274059295654 
5.403274059295654 
5.403274059295654 
5.403274059295654 
5.403274059295654 
5.403274059295654 
6.844742298126221 
5.403274059295654 
5.403274059295654 
5.403274059295654 
5.403274059295654 
5.403274059295654 
7.567927837371826 
5.403274059295654 
5.403274059295654 
5.403274059295654 
5.403274059295654 
5.403274059295654 
5.403274059295654 
5.403274059295654 
5.403274059295654 
5.403274059295654 
5.403274059295654 
5.403274059295654 
5.403274059295654 
5.403274059295654 
5.403274059295654 
5.403274059295654 
5.403274059295654 
5.403274059295654 
5.403274059295654 
5.403274059295654 
5.403274059295654 
5.403274059295654 
5.403274059295654 
5.403274059295654 
5.403274059295654 
5.403274059295654 
5.403274059295654 
5.403274059295654 
5.403274059295654 
5.403274059295654 
5.403274059295654 
5.403274059295654 
5.403274059295654 
5.403274059295654 
5.403274059295654 
5.403274059295654 
5.403274059295654 
5.403274059295654 
5.403274059295654 
5.403274059295654 
5.403274059295654 
5.403274059295654 
5.403274059295654 
5.403274059295654 
5.403274059295654 
5.403274059295654 
5.403274059295654 
5.403274059295654 
5.403274059295654 
5.403274059295654 
5.403274059295654 
5.403274059295654 
5.403274059295654 
5.403274059295654 
5.403274059295654 
5.403274059295654 
5.403274059295654 
5.403274059295654 
5.403274059295654 
5.403274059295654 
5.403274059295654 
5.403274059295654 
5.403274059295654 
5.403274059295654 
5.403274059295654 
5.403274059295654 
5.403274059295654 
5.403274059295654 
5.403274059295654 
5.403274059295654 
5.403274059295654 
5.403274059295654 
5.403274059295654 
5.403274059295654 
5.403274059295654 
5.403274059295654 
5.403274059295654 
5.403274059295654 
5.403274059295654 
5.403274059295654 
5.403274059295654 
5.403274059295654 
5.403274059295654 
5.403274059295654 
5.403274059295654 
5.403274059295654 
5.403274059295654 
5.403274059295654 
5.403274059295654 
7.312540531158447 
5.403274059295654 
5.403274059295654 
5.403274059295654 
6.757725238800049 
5.403274059295654 
5.403274059295654 
5.403274059295654 
5.403274059295654 
5.403274059295654 
5.403274059295654 
5.403274059295654 
5.403274059295654 
5.403274059295654 
7.3099846839904785 
5.403274059295654 
5.403274059295654 
5.403274059295654 
5.403274059295654 
5.403274059295654 
5.403274059295654 
5.403274059295654 
5.403274059295654 
5.403274059295654 
5.403274059295654 
5.403274059295654 
5.403274059295654 
5.403274059295654 
5.403274059295654 
5.403274059295654 
5.403274059295654 
5.403274059295654 
5.403274059295654 
5.403274059295654 
6.715325832366943 
6.94863748550415 
5.403274059295654 
5.403274059295654 
5.403274059295654 
5.403274059295654 
5.403274059295654 
5.403274059295654 
5.403274059295654 
5.403274059295654 
5.403274059295654 
5.403274059295654 
5.403274059295654 
5.403274059295654 
5.403274059295654 
5.403274059295654 
5.403274059295654 
5.403274059295654 
5.403274059295654 
5.403274059295654 
5.403274059295654 
5.403274059295654 
5.403274059295654 
5.403274059295654 
5.403274059295654 
5.403274059295654 
5.403274059295654 
5.403274059295654 
5.403274059295654 
5.403274059295654 
5.403274059295654 
5.403274059295654 
5.403274059295654 
5.403274059295654 
5.403274059295654 
5.403274059295654 
5.403274059295654 
5.403274059295654 
5.403274059295654 
5.403274059295654 
5.403274059295654 
5.403274059295654 
5.403274059295654 
5.403274059295654 
5.403274059295654 
5.403274059295654 
5.403274059295654 
5.403274059295654 
5.403274059295654 
5.403274059295654 
5.403274059295654 
5.403274059295654 
5.403274059295654 
5.403274059295654 
5.403274059295654 
5.403274059295654 
5.403274059295654 
5.403274059295654 
5.403274059295654 
5.403274059295654 
5.403274059295654 
5.403274059295654 
5.403274059295654 
5.403274059295654 
5.403274059295654 
5.403274059295654 
5.403274059295654 
5.403274059295654 
5.403274059295654 
5.403274059295654 
5.403274059295654 
5.403274059295654 
5.403274059295654 
5.403274059295654 
5.403274059295654 
5.403274059295654 
5.403274059295654 
5.403274059295654 
5.403274059295654 
5.403274059295654 
5.403274059295654 
5.403274059295654 
5.403274059295654 
5.403274059295654 
5.403274059295654 
5.403274059295654 
5.403274059295654 
5.403274059295654 
7.37894868850708 
5.403274059295654 
5.403274059295654 
5.403274059295654 
5.403274059295654 
5.403274059295654 
5.403274059295654 
5.403274059295654 
5.403274059295654 
5.403274059295654 
5.403274059295654 
5.403274059295654 
5.403274059295654 
5.403274059295654 
5.403274059295654 
5.403274059295654 
5.403274059295654 
5.403274059295654 
5.403274059295654 
5.403274059295654 
5.403274059295654 
5.403274059295654 
5.403274059295654 
5.403274059295654 
5.403274059295654 
5.403274059295654 
5.403274059295654 
5.403274059295654 
5.403274059295654 
5.403274059295654 
5.403274059295654 
5.403274059295654 
5.403274059295654 
5.403274059295654 
5.403274059295654 
5.403274059295654 
5.403274059295654 
5.403274059295654 
5.403274059295654 
5.403274059295654 
5.403274059295654 
5.403274059295654 
5.403274059295654 
5.403274059295654 
5.403274059295654 
5.403274059295654 
5.403274059295654 
5.403274059295654 
5.403274059295654 
5.403274059295654 
5.403274059295654 
5.403274059295654 
5.403274059295654 
5.403274059295654 
5.403274059295654 
5.403274059295654 
5.403274059295654 
5.403274059295654 
5.403274059295654 
5.403274059295654 
5.403274059295654 
5.403274059295654 
5.403274059295654 
5.403274059295654 
5.403274059295654 
5.403274059295654 
5.403274059295654 
5.403274059295654 
5.403274059295654 
5.403274059295654 
5.403274059295654 
5.403274059295654 
5.403274059295654 
5.403274059295654 
5.403274059295654 
5.403274059295654 
5.403274059295654 
5.403274059295654 
5.403274059295654 
5.403274059295654 
5.403274059295654 
5.403274059295654 
5.403274059295654 
5.403274059295654 
5.403274059295654 
5.403274059295654 
5.403274059295654 
5.403274059295654 
5.403274059295654 
5.403274059295654 
5.403274059295654 
5.403274059295654 
5.403274059295654 
5.403274059295654 
5.403274059295654 
5.403274059295654 
5.403274059295654 
5.403274059295654 
5.403274059295654 
5.403274059295654 
5.403274059295654 
5.403274059295654 
5.403274059295654 
5.403274059295654 
5.403274059295654 
5.403274059295654 
5.403274059295654 
5.403274059295654 
5.403274059295654 
5.403274059295654 
5.403274059295654 
5.403274059295654 
5.403274059295654 
5.403274059295654 
5.403274059295654 
5.403274059295654 
5.403274059295654 
5.403274059295654 
5.403274059295654 
5.403274059295654 
5.403274059295654 
5.403274059295654 
5.403274059295654 
5.403274059295654 
5.403274059295654 
5.403274059295654 
5.403274059295654 
5.403274059295654 
5.403274059295654 
5.403274059295654 
5.403274059295654 
5.403274059295654 
5.403274059295654 
5.403274059295654 
5.403274059295654 
5.403274059295654 
5.403274059295654 
5.403274059295654 
5.403274059295654 
5.403274059295654 
5.403274059295654 
5.403274059295654 
5.403274059295654 
5.403274059295654 
5.403274059295654 
5.403274059295654 
5.403274059295654 
5.403274059295654 
5.403274059295654 
5.403274059295654 
5.403274059295654 
5.403274059295654 
5.403274059295654 
5.403274059295654 
7.235215663909912 
5.403274059295654 
5.403274059295654 
5.403274059295654 
5.403274059295654 
5.403274059295654 
5.403274059295654 
5.403274059295654 
5.403274059295654 
5.403274059295654 
5.403274059295654 
5.403274059295654 
5.403274059295654 
6.812483310699463 
5.403274059295654 
5.403274059295654 
5.403274059295654 
5.403274059295654 
5.403274059295654 
5.403274059295654 
5.403274059295654 
5.403274059295654 
5.403274059295654 
5.403274059295654 
5.403274059295654 
5.403274059295654 
5.403274059295654 
5.403274059295654 
5.403274059295654 
5.403274059295654 
5.403274059295654 
5.403274059295654 
5.403274059295654 
5.403274059295654 
5.403274059295654 
5.403274059295654 
5.403274059295654 
5.403274059295654 
5.403274059295654 
5.403274059295654 
5.403274059295654 
5.403274059295654 
5.403274059295654 
5.403274059295654 
5.403274059295654 
5.403274059295654 
5.403274059295654 
5.403274059295654 
5.403274059295654 
5.403274059295654 
5.403274059295654 
5.403274059295654 
5.403274059295654 
5.403274059295654 
5.403274059295654 
5.403274059295654 
5.403274059295654 
5.403274059295654 
5.403274059295654 
5.403274059295654 
5.403274059295654 
5.403274059295654 
5.403274059295654 
5.403274059295654 
5.403274059295654 
5.403274059295654 
5.403274059295654 
5.403274059295654 
5.403274059295654 
5.403274059295654 
5.403274059295654 
5.403274059295654 
5.403274059295654 
5.403274059295654 
5.403274059295654 
8.634629249572754 
5.403274059295654 
5.403274059295654 
5.403274059295654 
5.403274059295654 
5.403274059295654 
5.403274059295654 
5.403274059295654 
5.403274059295654 
5.403274059295654 
7.6941046714782715 
5.403274059295654 
5.403274059295654 
5.403274059295654 
5.403274059295654 
5.403274059295654 
5.403274059295654 
5.403274059295654 
5.403274059295654 
5.403274059295654 
5.403274059295654 
5.403274059295654 
5.403274059295654 
5.403274059295654 
5.403274059295654 
5.403274059295654 
5.403274059295654 
5.403274059295654 
5.403274059295654 
5.403274059295654 
5.403274059295654 
5.403274059295654 
5.403274059295654 
5.403274059295654 
5.403274059295654 
5.403274059295654 
5.403274059295654 
5.403274059295654 
5.403274059295654 
5.403274059295654 
5.403274059295654 
5.403274059295654 
5.403274059295654 
5.403274059295654 
5.403274059295654 
5.403274059295654 
5.403274059295654 
5.403274059295654 
5.403274059295654 
5.403274059295654 
5.403274059295654 
5.403274059295654 
5.403274059295654 
5.403274059295654 
5.403274059295654 
5.403274059295654 
5.403274059295654 
5.403274059295654 
5.403274059295654 
5.403274059295654 
5.403274059295654 
5.403274059295654 
5.403274059295654 
5.403274059295654 
5.403274059295654 
5.403274059295654 
5.403274059295654 
5.403274059295654 
5.403274059295654 
5.403274059295654 
5.403274059295654 
5.403274059295654 
5.403274059295654 
5.403274059295654 
5.403274059295654 
5.403274059295654 
5.403274059295654 
5.403274059295654 
5.403274059295654 
5.403274059295654 
5.403274059295654 
5.403274059295654 
7.213273525238037 
5.403274059295654 
5.403274059295654 
5.403274059295654 
5.403274059295654 
5.403274059295654 
5.403274059295654 
5.403274059295654 
5.403274059295654 
5.403274059295654 
5.403274059295654 
5.403274059295654 
5.403274059295654 
5.403274059295654 
5.403274059295654 
5.403274059295654 
5.403274059295654 
5.403274059295654 
5.403274059295654 
5.403274059295654 
5.403274059295654 
5.403274059295654 
5.403274059295654 
5.403274059295654 
5.403274059295654 
5.403274059295654 
5.403274059295654 
5.403274059295654 
5.403274059295654 
5.403274059295654 
5.403274059295654 
5.403274059295654 
5.403274059295654 
5.403274059295654 
5.403274059295654 
5.403274059295654 
5.403274059295654 
5.403274059295654 
5.403274059295654 
5.403274059295654 
5.403274059295654 
5.403274059295654 
5.403274059295654 
5.403274059295654 
5.403274059295654 
5.403274059295654 
5.403274059295654 
5.403274059295654 
7.1569132804870605 
5.403274059295654 
5.403274059295654 
5.403274059295654 
5.403274059295654 
5.403274059295654 
5.403274059295654 
5.403274059295654 
5.403274059295654 
5.403274059295654 
5.403274059295654 
5.403274059295654 
5.403274059295654 
5.403274059295654 
5.403274059295654 
5.403274059295654 
5.403274059295654 
5.403274059295654 
5.403274059295654 
5.403274059295654 
5.403274059295654 
5.403274059295654 
5.403274059295654 
5.403274059295654 
5.403274059295654 
5.403274059295654 
5.403274059295654 
5.403274059295654 
5.403274059295654 
5.403274059295654 
5.403274059295654 
5.403274059295654 
5.403274059295654 
5.403274059295654 
5.403274059295654 
5.403274059295654 
5.403274059295654 
5.403274059295654 
5.403274059295654 
5.403274059295654 
5.403274059295654 
5.403274059295654 
5.403274059295654 
5.403274059295654 
5.403274059295654 
5.403274059295654 
5.403274059295654 
5.403274059295654 
5.403274059295654 
5.403274059295654 
5.403274059295654 
5.403274059295654 
5.403274059295654 
5.403274059295654 
5.403274059295654 
5.403274059295654 
5.403274059295654 
5.403274059295654 
5.403274059295654 
5.403274059295654 
5.403274059295654 
5.403274059295654 
5.403274059295654 
5.403274059295654 
5.403274059295654 
5.403274059295654 
5.403274059295654 
5.403274059295654 
5.403274059295654 
5.403274059295654 
5.403274059295654 
5.403274059295654 
5.403274059295654 
5.403274059295654 
5.403274059295654 
5.403274059295654 
5.403274059295654 
5.403274059295654 
5.403274059295654 
5.403274059295654 
5.403274059295654 
5.403274059295654 
5.403274059295654 
5.403274059295654 
5.403274059295654 
5.403274059295654 
5.403274059295654 
5.403274059295654 
5.403274059295654 
5.403274059295654 
5.403274059295654 
5.403274059295654 
5.403274059295654 
5.403274059295654 
5.403274059295654 
5.403274059295654 
5.403274059295654 
5.403274059295654 
5.403274059295654 
5.403274059295654 
5.403274059295654 
5.403274059295654 
5.403274059295654 
5.403274059295654 
5.403274059295654 
5.403274059295654 
5.403274059295654 
5.403274059295654 
5.403274059295654 
5.403274059295654 
5.403274059295654 
7.092774868011475 
5.403274059295654 
5.403274059295654 
7.1091084480285645 
5.403274059295654 
5.403274059295654 
5.403274059295654 
5.403274059295654 
5.403274059295654 
5.403274059295654 
5.403274059295654 
5.403274059295654 
5.403274059295654 
5.403274059295654 
5.403274059295654 
5.403274059295654 
5.403274059295654 
5.403274059295654 
5.403274059295654 
5.403274059295654 
5.403274059295654 
5.403274059295654 
5.403274059295654 
5.403274059295654 
5.403274059295654 
5.403274059295654 
5.403274059295654 
5.403274059295654 
5.403274059295654 
5.403274059295654 
5.403274059295654 
5.403274059295654 
5.403274059295654 
5.403274059295654 
5.403274059295654 
5.403274059295654 
5.403274059295654 
5.403274059295654 
5.403274059295654 
5.403274059295654 
5.403274059295654 
5.403274059295654 
5.403274059295654 
5.403274059295654 
5.403274059295654 
5.403274059295654 
5.403274059295654 
5.403274059295654 
5.403274059295654 
5.403274059295654 
7.502959728240967 
5.403274059295654 
5.403274059295654 
5.403274059295654 
5.403274059295654 
5.403274059295654 
5.403274059295654 
5.403274059295654 
5.403274059295654 
5.403274059295654 
5.403274059295654 
5.403274059295654 
5.403274059295654 
5.403274059295654 
5.403274059295654 
5.403274059295654 
5.403274059295654 
5.403274059295654 
5.403274059295654 
5.403274059295654 
5.403274059295654 
5.403274059295654 
5.403274059295654 
5.403274059295654 
5.403274059295654 
5.403274059295654 
5.403274059295654 
5.403274059295654 
5.403274059295654 
5.403274059295654 
5.403274059295654 
5.403274059295654 
6.946876049041748 
5.403274059295654 
5.403274059295654 
5.403274059295654 
5.403274059295654 
5.403274059295654 
5.403274059295654 
5.403274059295654 
5.403274059295654 
5.403274059295654 
5.403274059295654 
5.403274059295654 
5.403274059295654 
5.403274059295654 
5.403274059295654 
5.403274059295654 
5.403274059295654 
5.403274059295654 
5.403274059295654 
6.766939640045166 
5.403274059295654 
5.403274059295654 
5.403274059295654 
5.403274059295654 
5.403274059295654 
5.403274059295654 
5.403274059295654 
5.403274059295654 
5.403274059295654 
5.403274059295654 
5.403274059295654 
5.403274059295654 
5.403274059295654 
5.403274059295654 
5.403274059295654 
5.403274059295654 
5.403274059295654 
5.403274059295654 
5.403274059295654 
5.403274059295654 
5.403274059295654 
5.403274059295654 
5.403274059295654 
5.403274059295654 
5.403274059295654 
5.403274059295654 
5.403274059295654 
5.403274059295654 
5.403274059295654 
5.403274059295654 
5.403274059295654 
6.8099870681762695 
5.403274059295654 
5.403274059295654 
5.403274059295654 
5.403274059295654 
5.403274059295654 
5.403274059295654 
5.403274059295654 
5.403274059295654 
5.403274059295654 
5.403274059295654 
5.403274059295654 
5.403274059295654 
5.403274059295654 
5.403274059295654 
5.403274059295654 
5.403274059295654 
5.403274059295654 
5.403274059295654 
5.403274059295654 
5.403274059295654 
5.403274059295654 
5.403274059295654 
5.403274059295654 
5.403274059295654 
5.403274059295654 
5.403274059295654 
5.403274059295654 
5.403274059295654 
5.403274059295654 
5.403274059295654 
5.403274059295654 
5.403274059295654 
5.403274059295654 
5.403274059295654 
5.403274059295654 
5.403274059295654 
5.403274059295654 
5.403274059295654 
5.403274059295654 
5.403274059295654 
5.403274059295654 
5.403274059295654 
5.403274059295654 
5.403274059295654 
5.403274059295654 
5.403274059295654 
5.403274059295654 
5.403274059295654 
5.403274059295654 
5.403274059295654 
5.403274059295654 
5.403274059295654 
5.403274059295654 
5.403274059295654 
5.403274059295654 
5.403274059295654 
5.403274059295654 
5.403274059295654 
5.403274059295654 
5.403274059295654 
5.403274059295654 
5.403274059295654 
5.403274059295654 
5.403274059295654 
5.403274059295654 
5.403274059295654 
7.131681442260742 
5.403274059295654 
5.403274059295654 
5.403274059295654 
5.403274059295654 
5.403274059295654 
5.403274059295654 
5.403274059295654 
5.403274059295654 
5.403274059295654 
5.403274059295654 
5.403274059295654 
5.403274059295654 
5.403274059295654 
5.403274059295654 
5.403274059295654 
5.403274059295654 
5.403274059295654 
5.403274059295654 
5.403274059295654 
5.403274059295654 
5.403274059295654 
5.403274059295654 
5.403274059295654 
5.403274059295654 
5.403274059295654 
5.403274059295654 
5.403274059295654 
5.403274059295654 
5.403274059295654 
5.403274059295654 
5.403274059295654 
5.403274059295654 
5.403274059295654 
5.403274059295654 
5.403274059295654 
5.403274059295654 
5.403274059295654 
5.403274059295654 
5.403274059295654 
5.403274059295654 
5.403274059295654 
5.403274059295654 
5.403274059295654 
5.403274059295654 
6.902339458465576 
5.403274059295654 
5.403274059295654 
5.403274059295654 
5.403274059295654 
5.403274059295654 
5.403274059295654 
5.403274059295654 
5.403274059295654 
5.403274059295654 
6.3133931159973145 
5.403274059295654 
5.403274059295654 
5.403274059295654 
5.403274059295654 
5.403274059295654 
5.403274059295654 
5.403274059295654 
5.403274059295654 
5.403274059295654 
5.403274059295654 
5.403274059295654 
5.403274059295654 
5.403274059295654 
5.403274059295654 
5.403274059295654 
5.403274059295654 
5.403274059295654 
5.403274059295654 
5.403274059295654 
5.403274059295654 
5.403274059295654 
5.403274059295654 
5.403274059295654 
5.403274059295654 
5.403274059295654 
5.403274059295654 
7.10706090927124 
5.403274059295654 
5.403274059295654 
5.403274059295654 
5.403274059295654 
5.403274059295654 
5.403274059295654 
5.403274059295654 
5.403274059295654 
5.403274059295654 
5.403274059295654 
5.403274059295654 
5.403274059295654 
5.403274059295654 
5.403274059295654 
5.403274059295654 
5.403274059295654 
5.403274059295654 
5.403274059295654 
5.403274059295654 
5.403274059295654 
5.403274059295654 
5.403274059295654 
5.403274059295654 
5.403274059295654 
5.403274059295654 
5.403274059295654 
5.403274059295654 
6.572113990783691 
5.403274059295654 
5.403274059295654 
5.403274059295654 
5.403274059295654 
5.403274059295654 
5.403274059295654 
5.403274059295654 
5.403274059295654 
5.403274059295654 
5.403274059295654 
5.403274059295654 
5.403274059295654 
5.403274059295654 
5.403274059295654 
5.403274059295654 
5.403274059295654 
5.403274059295654 
5.403274059295654 
5.403274059295654 
5.403274059295654 
5.403274059295654 
5.403274059295654 
5.403274059295654 
5.403274059295654 
5.403274059295654 
5.403274059295654 
5.403274059295654 
5.403274059295654 
6.846608638763428 
5.403274059295654 
5.403274059295654 
5.403274059295654 
5.403274059295654 
5.403274059295654 
5.403274059295654 
5.403274059295654 
5.403274059295654 
5.403274059295654 
5.403274059295654 
5.403274059295654 
5.403274059295654 
5.403274059295654 
5.403274059295654 
5.403274059295654 
5.403274059295654 
5.403274059295654 
5.403274059295654 
5.403274059295654 
5.403274059295654 
5.403274059295654 
5.403274059295654 
5.403274059295654 
5.403274059295654 
5.403274059295654 
5.403274059295654 
5.403274059295654 
5.403274059295654 
5.403274059295654 
5.403274059295654 
5.403274059295654 
5.403274059295654 
5.403274059295654 
5.403274059295654 
5.403274059295654 
5.403274059295654 
5.403274059295654 
5.403274059295654 
5.403274059295654 
5.403274059295654 
5.403274059295654 
5.403274059295654 
5.403274059295654 
5.403274059295654 
5.403274059295654 
5.403274059295654 
5.403274059295654 
5.403274059295654 
5.403274059295654 
5.403274059295654 
5.403274059295654 
5.403274059295654 
5.403274059295654 
5.403274059295654 
5.403274059295654 
5.403274059295654 
5.403274059295654 
5.403274059295654 
5.403274059295654 
5.403274059295654 
5.403274059295654 
5.403274059295654 
5.403274059295654 
5.403274059295654 
5.403274059295654 
7.553048610687256 
5.403274059295654 
5.403274059295654 
5.403274059295654 
5.403274059295654 
5.403274059295654 
5.403274059295654 
5.403274059295654 
5.403274059295654 
5.403274059295654 
5.403274059295654 
5.403274059295654 
5.403274059295654 
5.403274059295654 
5.403274059295654 
5.403274059295654 
5.403274059295654 
5.403274059295654 
5.403274059295654 
5.403274059295654 
5.403274059295654 
5.403274059295654 
5.403274059295654 
5.403274059295654 
5.403274059295654 
5.403274059295654 
5.403274059295654 
5.403274059295654 
5.403274059295654 
5.403274059295654 
5.403274059295654 
5.403274059295654 
5.403274059295654 
5.403274059295654 
5.403274059295654 
5.403274059295654 
5.403274059295654 
5.403274059295654 
5.403274059295654 
5.403274059295654 
5.403274059295654 
5.403274059295654 
5.403274059295654 
5.403274059295654 
5.403274059295654 
5.403274059295654 
5.403274059295654 
5.403274059295654 
5.403274059295654 
5.403274059295654 
5.403274059295654 
5.403274059295654 
6.829371929168701 
5.403274059295654 
5.403274059295654 
5.403274059295654 
5.403274059295654 
5.403274059295654 
5.403274059295654 
5.403274059295654 
5.403274059295654 
5.403274059295654 
5.403274059295654 
5.403274059295654 
5.403274059295654 
7.474153995513916 
5.403274059295654 
5.403274059295654 
5.403274059295654 
5.403274059295654 
5.403274059295654 
5.403274059295654 
6.5893754959106445 
5.403274059295654 
5.403274059295654 
5.403274059295654 
5.403274059295654 
5.403274059295654 
5.403274059295654 
5.403274059295654 
5.403274059295654 
5.403274059295654 
5.403274059295654 
5.403274059295654 
5.403274059295654 
5.403274059295654 
5.403274059295654 
5.403274059295654 
5.403274059295654 
5.403274059295654 
5.403274059295654 
5.403274059295654 
5.403274059295654 
5.403274059295654 
5.403274059295654 
5.403274059295654 
5.403274059295654 
5.403274059295654 
6.834394454956055 
5.403274059295654 
5.403274059295654 
5.403274059295654 
5.403274059295654 
5.403274059295654 
5.403274059295654 
5.403274059295654 
5.403274059295654 
5.403274059295654 
5.403274059295654 
5.403274059295654 
5.403274059295654 
5.403274059295654 
5.403274059295654 
5.403274059295654 
5.403274059295654 
5.403274059295654 
5.403274059295654 
5.403274059295654 
5.403274059295654 
5.403274059295654 
5.403274059295654 
5.403274059295654 
5.403274059295654 
5.403274059295654 
5.403274059295654 
5.403274059295654 
5.403274059295654 
5.403274059295654 
5.403274059295654 
5.403274059295654 
5.403274059295654 
5.403274059295654 
5.403274059295654 
5.403274059295654 
5.403274059295654 
5.403274059295654 
5.403274059295654 
5.403274059295654 
5.403274059295654 
5.403274059295654 
5.403274059295654 
5.403274059295654 
5.403274059295654 
5.403274059295654 
5.403274059295654 
5.403274059295654 
5.403274059295654 
5.403274059295654 
5.403274059295654 
5.403274059295654 
5.403274059295654 
5.403274059295654 
5.403274059295654 
5.403274059295654 
5.403274059295654 
5.403274059295654 
5.403274059295654 
5.403274059295654 
5.403274059295654 
5.403274059295654 
5.403274059295654 
5.403274059295654 
5.403274059295654 
5.403274059295654 
5.403274059295654 
5.403274059295654 
5.403274059295654 
5.403274059295654 
5.403274059295654 
5.403274059295654 
5.403274059295654 
5.403274059295654 
5.403274059295654 
5.403274059295654 
5.403274059295654 
5.403274059295654 
5.403274059295654 
5.403274059295654 
5.403274059295654 
5.403274059295654 
5.403274059295654 
5.403274059295654 
5.403274059295654 
5.403274059295654 
5.403274059295654 
6.716019153594971 
5.403274059295654 
5.403274059295654 
5.403274059295654 
5.403274059295654 
7.283098220825195 
6.946876049041748 
5.403274059295654 
5.403274059295654 
5.403274059295654 
5.403274059295654 
5.403274059295654 
5.403274059295654 
5.403274059295654 
5.403274059295654 
5.403274059295654 
5.403274059295654 
5.403274059295654 
5.403274059295654 
5.403274059295654 
5.403274059295654 
5.403274059295654 
5.403274059295654 
5.403274059295654 
5.403274059295654 
5.403274059295654 
5.403274059295654 
5.403274059295654 
5.403274059295654 
5.403274059295654 
5.403274059295654 
7.534177780151367 
5.403274059295654 
5.403274059295654 
5.403274059295654 
5.403274059295654 
5.403274059295654 
5.403274059295654 
5.403274059295654 
5.403274059295654 
5.403274059295654 
5.403274059295654 
5.403274059295654 
5.403274059295654 
7.34978723526001 
5.403274059295654 
5.403274059295654 
5.403274059295654 
5.403274059295654 
5.403274059295654 
5.403274059295654 
5.403274059295654 
5.403274059295654 
5.403274059295654 
5.403274059295654 
5.403274059295654 
5.403274059295654 
5.403274059295654 
5.403274059295654 
5.403274059295654 
5.403274059295654 
5.403274059295654 
5.403274059295654 
5.403274059295654 
5.403274059295654 
5.403274059295654 
5.403274059295654 
5.403274059295654 
5.403274059295654 
5.403274059295654 
5.403274059295654 
5.403274059295654 
5.403274059295654 
5.403274059295654 
6.947054862976074 
5.403274059295654 
5.403274059295654 
5.403274059295654 
5.403274059295654 
5.403274059295654 
5.403274059295654 
5.403274059295654 
5.403274059295654 
5.403274059295654 
5.403274059295654 
5.403274059295654 
5.403274059295654 
5.403274059295654 
5.403274059295654 
5.403274059295654 
5.403274059295654 
5.403274059295654 
5.403274059295654 
5.403274059295654 
5.403274059295654 
5.403274059295654 
5.403274059295654 
5.403274059295654 
5.403274059295654 
5.403274059295654 
5.403274059295654 
5.403274059295654 
5.403274059295654 
6.876500606536865 
5.403274059295654 
5.403274059295654 
5.403274059295654 
5.403274059295654 
5.403274059295654 
5.403274059295654 
5.403274059295654 
5.403274059295654 
5.403274059295654 
5.403274059295654 
5.403274059295654 
5.403274059295654 
5.403274059295654 
5.403274059295654 
5.403274059295654 
5.403274059295654 
5.403274059295654 
5.403274059295654 
5.403274059295654 
5.403274059295654 
5.403274059295654 
5.403274059295654 
5.403274059295654 
5.403274059295654 
5.403274059295654 
5.403274059295654 
5.403274059295654 
5.403274059295654 
5.403274059295654 
5.403274059295654 
5.403274059295654 
5.403274059295654 
5.403274059295654 
5.403274059295654 
5.403274059295654 
5.403274059295654 
5.403274059295654 
7.236108303070068 
5.403274059295654 
5.403274059295654 
5.403274059295654 
5.403274059295654 
6.789131164550781 
5.403274059295654 
5.403274059295654 
5.403274059295654 
5.403274059295654 
5.403274059295654 
5.403274059295654 
5.403274059295654 
5.403274059295654 
5.403274059295654 
5.403274059295654 
5.403274059295654 
5.403274059295654 
5.403274059295654 
5.403274059295654 
5.403274059295654 
5.403274059295654 
5.403274059295654 
5.403274059295654 
5.403274059295654 
6.838079929351807 
5.403274059295654 
5.403274059295654 
5.403274059295654 
5.403274059295654 
5.403274059295654 
5.403274059295654 
5.403274059295654 
5.403274059295654 
5.403274059295654 
5.403274059295654 
5.403274059295654 
5.403274059295654 
5.403274059295654 
5.403274059295654 
5.403274059295654 
5.403274059295654 
5.403274059295654 
5.403274059295654 
5.403274059295654 
5.403274059295654 
5.403274059295654 
5.403274059295654 
5.403274059295654 
5.403274059295654 
5.403274059295654 
6.868422985076904 
5.403274059295654 
5.403274059295654 
5.403274059295654 
5.403274059295654 
5.403274059295654 
5.403274059295654 
5.403274059295654 
5.403274059295654 
5.403274059295654 
5.403274059295654 
5.403274059295654 
5.403274059295654 
5.403274059295654 
5.403274059295654 
6.70077657699585 
5.403274059295654 
5.403274059295654 
5.403274059295654 
5.403274059295654 
5.403274059295654 
5.403274059295654 
5.403274059295654 
5.403274059295654 
5.403274059295654 
5.403274059295654 
5.403274059295654 
5.403274059295654 
5.403274059295654 
5.403274059295654 
5.403274059295654 
5.403274059295654 
5.403274059295654 
5.403274059295654 
5.403274059295654 
5.403274059295654 
5.403274059295654 
5.403274059295654 
5.403274059295654 
5.403274059295654 
5.403274059295654 
5.403274059295654 
5.403274059295654 
5.403274059295654 
5.403274059295654 
5.403274059295654 
5.403274059295654 
5.403274059295654 
5.403274059295654 
5.403274059295654 
5.403274059295654 
5.403274059295654 
5.403274059295654 
5.403274059295654 
5.403274059295654 
5.403274059295654 
5.403274059295654 
5.403274059295654 
5.403274059295654 
5.403274059295654 
5.403274059295654 
5.403274059295654 
5.403274059295654 
5.403274059295654 
5.403274059295654 
5.403274059295654 
5.403274059295654 
5.403274059295654 
5.403274059295654 
5.403274059295654 
5.403274059295654 
5.403274059295654 
5.403274059295654 
5.403274059295654 
5.403274059295654 
5.403274059295654 
5.403274059295654 
5.403274059295654 
5.403274059295654 
5.403274059295654 
5.403274059295654 
5.403274059295654 
5.403274059295654 
5.403274059295654 
6.8541975021362305 
5.403274059295654 
5.403274059295654 
5.403274059295654 
5.403274059295654 
5.403274059295654 
5.403274059295654 
5.403274059295654 
5.403274059295654 
5.403274059295654 
5.403274059295654 
5.403274059295654 
5.403274059295654 
5.403274059295654 
5.403274059295654 
5.403274059295654 
5.403274059295654 
5.403274059295654 
5.403274059295654 
7.186065673828125 
5.403274059295654 
5.403274059295654 
5.403274059295654 
5.403274059295654 
5.403274059295654 
5.403274059295654 
5.403274059295654 
5.403274059295654 
5.403274059295654 
5.403274059295654 
5.403274059295654 
5.403274059295654 
5.403274059295654 
5.403274059295654 
5.403274059295654 
5.403274059295654 
5.403274059295654 
5.403274059295654 
5.403274059295654 
5.403274059295654 
5.403274059295654 
5.403274059295654 
5.403274059295654 
5.403274059295654 
5.403274059295654 
5.403274059295654 
6.089382648468018 
5.403274059295654 
5.403274059295654 
5.403274059295654 
5.403274059295654 
5.403274059295654 
5.403274059295654 
5.403274059295654 
5.403274059295654 
5.403274059295654 
5.403274059295654 
5.403274059295654 
5.403274059295654 
5.403274059295654 
5.403274059295654 
5.403274059295654 
5.403274059295654 
5.403274059295654 
5.403274059295654 
5.403274059295654 
5.403274059295654 
5.403274059295654 
5.403274059295654 
5.403274059295654 
5.403274059295654 
5.403274059295654 
5.403274059295654 
5.403274059295654 
5.403274059295654 
5.403274059295654 
5.403274059295654 
5.403274059295654 
7.12818717956543 
5.403274059295654 
5.403274059295654 
5.403274059295654 
5.403274059295654 
5.403274059295654 
5.403274059295654 
5.403274059295654 
5.403274059295654 
5.403274059295654 
5.403274059295654 
5.403274059295654 
5.403274059295654 
5.403274059295654 
5.403274059295654 
5.403274059295654 
5.403274059295654 
5.403274059295654 
5.403274059295654 
5.403274059295654 
5.403274059295654 
5.403274059295654 
5.403274059295654 
5.403274059295654 
5.403274059295654 
5.403274059295654 
5.403274059295654 
5.403274059295654 
5.403274059295654 
5.403274059295654 
5.403274059295654 
5.403274059295654 
5.403274059295654 
5.403274059295654 
5.403274059295654 
5.403274059295654 
5.403274059295654 
5.403274059295654 
5.403274059295654 
5.403274059295654 
5.403274059295654 
5.403274059295654 
5.403274059295654 
5.403274059295654 
5.403274059295654 
5.403274059295654 
5.403274059295654 
5.403274059295654 
5.403274059295654 
5.403274059295654 
5.403274059295654 
5.403274059295654 
5.403274059295654 
5.403274059295654 
5.403274059295654 
5.403274059295654 
5.403274059295654 
5.403274059295654 
5.403274059295654 
7.167296409606934 
5.403274059295654 
5.403274059295654 
5.403274059295654 
5.403274059295654 
5.403274059295654 
5.403274059295654 
5.403274059295654 
5.403274059295654 
5.403274059295654 
5.403274059295654 
5.403274059295654 
5.403274059295654 
5.403274059295654 
5.403274059295654 
5.403274059295654 
5.403274059295654 
6.8178534507751465 
5.403274059295654 
6.99456787109375 
5.403274059295654 
5.403274059295654 
5.403274059295654 
5.403274059295654 
5.403274059295654 
5.403274059295654 
5.403274059295654 
7.40702486038208 
5.403274059295654 
5.403274059295654 
5.403274059295654 
5.403274059295654 
5.403274059295654 
5.403274059295654 
5.403274059295654 
5.403274059295654 
5.403274059295654 
5.403274059295654 
5.403274059295654 
5.403274059295654 
5.403274059295654 
5.403274059295654 
5.403274059295654 
5.403274059295654 
5.403274059295654 
5.403274059295654 
5.403274059295654 
5.403274059295654 
5.403274059295654 
5.403274059295654 
5.403274059295654 
5.403274059295654 
5.403274059295654 
5.403274059295654 
5.403274059295654 
5.403274059295654 
5.403274059295654 
5.403274059295654 
5.403274059295654 
5.403274059295654 
5.403274059295654 
5.403274059295654 
5.403274059295654 
5.403274059295654 
5.403274059295654 
5.403274059295654 
5.403274059295654 
5.403274059295654 
5.403274059295654 
5.403274059295654 
5.403274059295654 
5.403274059295654 
5.403274059295654 
5.403274059295654 
5.403274059295654 
5.403274059295654 
5.403274059295654 
5.403274059295654 
5.403274059295654 
5.403274059295654 
5.403274059295654 
5.403274059295654 
5.403274059295654 
5.403274059295654 
5.403274059295654 
5.403274059295654 
5.403274059295654 
5.403274059295654 
5.403274059295654 
5.403274059295654 
5.403274059295654 
5.403274059295654 
5.403274059295654 
5.403274059295654 
5.403274059295654 
5.403274059295654 
5.403274059295654 
5.403274059295654 
5.403274059295654 
5.403274059295654 
5.403274059295654 
5.403274059295654 
5.403274059295654 
5.403274059295654 
5.403274059295654 
5.403274059295654 
5.403274059295654 
5.403274059295654 
5.403274059295654 
5.403274059295654 
5.403274059295654 
5.403274059295654 
5.403274059295654 
5.403274059295654 
5.403274059295654 
5.403274059295654 
5.403274059295654 
5.403274059295654 
5.403274059295654 
6.74582576751709 
5.403274059295654 
5.403274059295654 
7.221380710601807 
5.403274059295654 
5.403274059295654 
5.403274059295654 
5.403274059295654 
5.403274059295654 
5.403274059295654 
5.403274059295654 
5.403274059295654 
5.403274059295654 
5.403274059295654 
5.403274059295654 
5.403274059295654 
5.403274059295654 
5.403274059295654 
5.403274059295654 
5.403274059295654 
5.403274059295654 
5.403274059295654 
5.403274059295654 
5.403274059295654 
5.403274059295654 
5.403274059295654 
5.403274059295654 
5.403274059295654 
5.403274059295654 
5.403274059295654 
5.403274059295654 
5.403274059295654 
5.403274059295654 
5.403274059295654 
5.403274059295654 
5.403274059295654 
5.403274059295654 
5.403274059295654 
5.403274059295654 
5.403274059295654 
5.403274059295654 
5.403274059295654 
5.403274059295654 
5.403274059295654 
5.403274059295654 
5.403274059295654 
5.403274059295654 
5.403274059295654 
5.403274059295654 
5.403274059295654 
5.403274059295654 
5.403274059295654 
5.403274059295654 
5.403274059295654 
5.403274059295654 
5.403274059295654 
5.403274059295654 
5.403274059295654 
5.403274059295654 
5.403274059295654 
5.403274059295654 
5.403274059295654 
5.403274059295654 
5.403274059295654 
5.403274059295654 
5.403274059295654 
5.403274059295654 
5.403274059295654 
5.403274059295654 
5.403274059295654 
5.403274059295654 
5.403274059295654 
5.403274059295654 
5.403274059295654 
5.403274059295654 
5.403274059295654 
6.982923984527588 
5.403274059295654 
5.403274059295654 
5.403274059295654 
5.403274059295654 
5.403274059295654 
5.403274059295654 
5.403274059295654 
5.403274059295654 
5.403274059295654 
5.403274059295654 
5.403274059295654 
5.403274059295654 
5.403274059295654 
5.403274059295654 
5.403274059295654 
5.403274059295654 
5.403274059295654 
5.403274059295654 
5.403274059295654 
5.403274059295654 
5.403274059295654 
5.403274059295654 
5.403274059295654 
5.403274059295654 
5.403274059295654 
5.403274059295654 
5.403274059295654 
5.403274059295654 
5.403274059295654 
5.403274059295654 
5.403274059295654 
5.403274059295654 
5.403274059295654 
5.403274059295654 
5.403274059295654 
5.403274059295654 
7.0033087730407715 
5.403274059295654 
5.403274059295654 
5.403274059295654 
5.403274059295654 
5.403274059295654 
5.403274059295654 
5.403274059295654 
5.403274059295654 
5.403274059295654 
5.403274059295654 
5.403274059295654 
5.403274059295654 
5.403274059295654 
5.403274059295654 
5.403274059295654 
5.403274059295654 
5.403274059295654 
5.403274059295654 
5.403274059295654 
5.403274059295654 
5.403274059295654 
5.403274059295654 
5.403274059295654 
7.047168254852295 
5.403274059295654 
5.403274059295654 
5.403274059295654 
5.403274059295654 
5.403274059295654 
5.403274059295654 
5.403274059295654 
5.403274059295654 
5.403274059295654 
7.4693074226379395 
5.403274059295654 
5.403274059295654 
5.403274059295654 
5.403274059295654 
5.403274059295654 
5.403274059295654 
5.403274059295654 
5.403274059295654 
5.403274059295654 
5.403274059295654 
5.403274059295654 
5.403274059295654 
5.403274059295654 
5.403274059295654 
5.403274059295654 
5.403274059295654 
5.403274059295654 
5.403274059295654 
5.403274059295654 
5.403274059295654 
5.403274059295654 
5.403274059295654 
5.403274059295654 
5.403274059295654 
5.403274059295654 
5.403274059295654 
5.403274059295654 
5.403274059295654 
5.403274059295654 
5.403274059295654 
5.403274059295654 
5.403274059295654 
5.403274059295654 
5.403274059295654 
5.403274059295654 
5.403274059295654 
5.403274059295654 
5.403274059295654 
5.403274059295654 
5.403274059295654 
5.403274059295654 
5.403274059295654 
5.403274059295654 
5.403274059295654 
5.403274059295654 
5.403274059295654 
7.428147792816162 
5.403274059295654 
5.403274059295654 
5.403274059295654 
5.403274059295654 
5.403274059295654 
5.403274059295654 
5.403274059295654 
5.403274059295654 
5.403274059295654 
5.403274059295654 
5.403274059295654 
5.403274059295654 
5.403274059295654 
5.403274059295654 
5.403274059295654 
5.403274059295654 
5.403274059295654 
5.403274059295654 
5.403274059295654 
5.403274059295654 
5.403274059295654 
5.403274059295654 
5.403274059295654 
5.403274059295654 
5.403274059295654 
5.403274059295654 
5.403274059295654 
5.403274059295654 
5.403274059295654 
5.403274059295654 
7.304741382598877 
5.403274059295654 
5.403274059295654 
5.403274059295654 
5.403274059295654 
5.403274059295654 
5.403274059295654 
5.403274059295654 
5.403274059295654 
5.403274059295654 
5.403274059295654 
7.258862018585205 
5.403274059295654 
5.403274059295654 
5.403274059295654 
5.403274059295654 
5.403274059295654 
5.403274059295654 
5.403274059295654 
5.403274059295654 
5.403274059295654 
5.403274059295654 
5.403274059295654 
5.403274059295654 
8.203581809997559 
5.403274059295654 
5.403274059295654 
5.403274059295654 
5.403274059295654 
5.403274059295654 
5.403274059295654 
5.403274059295654 
5.403274059295654 
5.403274059295654 
5.403274059295654 
5.403274059295654 
5.403274059295654 
5.403274059295654 
5.403274059295654 
5.403274059295654 
5.403274059295654 
5.403274059295654 
5.403274059295654 
5.403274059295654 
5.403274059295654 
5.403274059295654 
5.403274059295654 
5.403274059295654 
5.403274059295654 
5.403274059295654 
5.403274059295654 
5.403274059295654 
5.403274059295654 
5.403274059295654 
5.403274059295654 
5.403274059295654 
5.403274059295654 
5.403274059295654 
5.403274059295654 
5.403274059295654 
7.7621846199035645 
5.403274059295654 
5.403274059295654 
5.403274059295654 
5.403274059295654 
5.403274059295654 
5.403274059295654 
5.403274059295654 
5.403274059295654 
5.403274059295654 
5.403274059295654 
5.403274059295654 
5.403274059295654 
5.403274059295654 
5.403274059295654 
5.403274059295654 
5.403274059295654 
5.403274059295654 
5.403274059295654 
5.403274059295654 
5.403274059295654 
5.403274059295654 
5.403274059295654 
5.403274059295654 
5.403274059295654 
5.403274059295654 
5.403274059295654 
6.707350254058838 
5.403274059295654 
5.403274059295654 
5.403274059295654 
5.403274059295654 
5.403274059295654 
5.403274059295654 
5.403274059295654 
5.403274059295654 
5.403274059295654 
5.403274059295654 
5.403274059295654 
5.403274059295654 
5.403274059295654 
5.403274059295654 
5.403274059295654 
5.403274059295654 
5.403274059295654 
5.403274059295654 
5.403274059295654 
5.403274059295654 
5.403274059295654 
5.403274059295654 
5.403274059295654 
5.403274059295654 
5.403274059295654 
5.403274059295654 
5.403274059295654 
5.403274059295654 
5.403274059295654 
5.403274059295654 
5.403274059295654 
5.403274059295654 
5.403274059295654 
5.403274059295654 
5.403274059295654 
5.403274059295654 
5.403274059295654 
5.403274059295654 
5.403274059295654 
5.403274059295654 
5.403274059295654 
5.403274059295654 
5.403274059295654 
5.403274059295654 
5.403274059295654 
5.403274059295654 
5.403274059295654 
5.403274059295654 
5.403274059295654 
5.403274059295654 
5.403274059295654 
5.403274059295654 
5.403274059295654 
5.403274059295654 
5.403274059295654 
5.403274059295654 
5.403274059295654 
5.403274059295654 
5.403274059295654 
5.403274059295654 
5.403274059295654 
5.403274059295654 
5.403274059295654 
5.403274059295654 
5.403274059295654 
5.403274059295654 
5.403274059295654 
5.403274059295654 
5.403274059295654 
7.645047664642334 
5.403274059295654 
5.403274059295654 
5.403274059295654 
5.403274059295654 
5.403274059295654 
5.403274059295654 
5.403274059295654 
5.403274059295654 
5.403274059295654 
5.403274059295654 
5.403274059295654 
5.403274059295654 
5.403274059295654 
5.403274059295654 
5.403274059295654 
5.403274059295654 
5.403274059295654 
5.403274059295654 
5.403274059295654 
5.403274059295654 
5.403274059295654 
5.403274059295654 
5.403274059295654 
5.403274059295654 
5.403274059295654 
5.403274059295654 
5.403274059295654 
5.403274059295654 
5.403274059295654 
7.028832912445068 
5.403274059295654 
5.403274059295654 
5.403274059295654 
5.403274059295654 
5.403274059295654 
5.403274059295654 
5.403274059295654 
5.403274059295654 
5.403274059295654 
5.403274059295654 
5.403274059295654 
5.403274059295654 
5.403274059295654 
5.403274059295654 
5.403274059295654 
5.403274059295654 
5.403274059295654 
5.403274059295654 
5.403274059295654 
5.403274059295654 
7.146586894989014 
5.403274059295654 
5.403274059295654 
5.403274059295654 
5.403274059295654 
5.403274059295654 
5.403274059295654 
5.403274059295654 
5.403274059295654 
5.403274059295654 
5.403274059295654 
5.403274059295654 
5.403274059295654 
5.403274059295654 
5.403274059295654 
7.082160949707031 
5.403274059295654 
5.403274059295654 
5.403274059295654 
5.403274059295654 
5.403274059295654 
5.403274059295654 
5.403274059295654 
5.403274059295654 
5.403274059295654 
5.403274059295654 
5.403274059295654 
5.403274059295654 
5.403274059295654 
5.403274059295654 
5.403274059295654 
5.403274059295654 
5.403274059295654 
5.403274059295654 
5.403274059295654 
5.403274059295654 
5.403274059295654 
5.403274059295654 
5.403274059295654 
5.403274059295654 
5.403274059295654 
5.403274059295654 
5.403274059295654 
5.403274059295654 
5.403274059295654 
5.403274059295654 
5.403274059295654 
5.403274059295654 
5.403274059295654 
7.018290042877197 
5.403274059295654 
5.403274059295654 
5.403274059295654 
5.403274059295654 
7.836711406707764 
5.403274059295654 
5.403274059295654 
5.403274059295654 
5.403274059295654 
5.403274059295654 
5.403274059295654 
5.403274059295654 
5.403274059295654 
5.403274059295654 
5.403274059295654 
5.403274059295654 
5.403274059295654 
5.403274059295654 
5.403274059295654 
5.403274059295654 
5.403274059295654 
5.403274059295654 
5.403274059295654 
5.403274059295654 
5.403274059295654 
5.403274059295654 
5.403274059295654 
5.403274059295654 
5.403274059295654 
5.403274059295654 
5.403274059295654 
5.403274059295654 
5.403274059295654 
5.403274059295654 
5.403274059295654 
5.403274059295654 
5.403274059295654 
5.403274059295654 
5.403274059295654 
5.403274059295654 
5.403274059295654 
5.403274059295654 
5.403274059295654 
7.378469944000244 
5.403274059295654 
5.403274059295654 
5.403274059295654 
5.403274059295654 
5.403274059295654 
5.403274059295654 
5.403274059295654 
5.403274059295654 
5.403274059295654 
5.403274059295654 
5.403274059295654 
5.403274059295654 
5.403274059295654 
5.403274059295654 
5.403274059295654 
5.403274059295654 
5.403274059295654 
5.403274059295654 
5.403274059295654 
5.403274059295654 
5.403274059295654 
5.403274059295654 
7.214268684387207 
5.403274059295654 
5.403274059295654 
5.403274059295654 
5.403274059295654 
5.403274059295654 
5.403274059295654 
5.403274059295654 
5.403274059295654 
5.403274059295654 
5.403274059295654 
5.403274059295654 
5.403274059295654 
5.403274059295654 
5.403274059295654 
5.403274059295654 
5.403274059295654 
5.403274059295654 
5.403274059295654 
5.403274059295654 
5.403274059295654 
5.403274059295654 
5.403274059295654 
7.333492755889893 
5.403274059295654 
5.403274059295654 
5.403274059295654 
5.403274059295654 
5.403274059295654 
5.403274059295654 
5.403274059295654 
5.403274059295654 
5.403274059295654 
5.403274059295654 
5.403274059295654 
5.403274059295654 
5.403274059295654 
5.403274059295654 
5.403274059295654 
5.403274059295654 
5.403274059295654 
5.403274059295654 
5.403274059295654 
5.403274059295654 
5.403274059295654 
5.403274059295654 
5.403274059295654 
5.403274059295654 
5.403274059295654 
5.403274059295654 
5.403274059295654 
5.403274059295654 
5.403274059295654 
5.403274059295654 
5.403274059295654 
5.403274059295654 
5.403274059295654 
5.403274059295654 
5.403274059295654 
5.403274059295654 
5.403274059295654 
5.403274059295654 
5.403274059295654 
5.403274059295654 
5.403274059295654 
5.403274059295654 
5.403274059295654 
5.403274059295654 
5.403274059295654 
5.403274059295654 
5.403274059295654 
5.403274059295654 
5.403274059295654 
6.921509265899658 
5.403274059295654 
5.403274059295654 
5.403274059295654 
5.403274059295654 
5.403274059295654 
5.403274059295654 
5.403274059295654 
5.403274059295654 
5.403274059295654 
5.403274059295654 
5.403274059295654 
5.403274059295654 
5.403274059295654 
5.403274059295654 
5.403274059295654 
5.403274059295654 
5.403274059295654 
5.403274059295654 
5.403274059295654 
5.403274059295654 
5.403274059295654 
7.636290073394775 
5.403274059295654 
5.403274059295654 
5.403274059295654 
5.403274059295654 
5.403274059295654 
5.403274059295654 
5.403274059295654 
5.403274059295654 
5.403274059295654 
5.403274059295654 
5.403274059295654 
5.403274059295654 
5.403274059295654 
5.403274059295654 
5.403274059295654 
5.403274059295654 
5.403274059295654 
5.403274059295654 
5.403274059295654 
5.403274059295654 
5.403274059295654 
5.403274059295654 
5.403274059295654 
5.403274059295654 
5.403274059295654 
5.403274059295654 
5.403274059295654 
5.403274059295654 
5.403274059295654 
5.403274059295654 
5.403274059295654 
5.403274059295654 
5.403274059295654 
5.403274059295654 
7.694394588470459 
5.403274059295654 
5.403274059295654 
5.403274059295654 
5.403274059295654 
5.403274059295654 
5.403274059295654 
5.403274059295654 
5.403274059295654 
5.403274059295654 
5.403274059295654 
5.403274059295654 
5.403274059295654 
5.403274059295654 
5.403274059295654 
5.403274059295654 
5.403274059295654 
5.403274059295654 
5.403274059295654 
5.403274059295654 
5.403274059295654 
5.403274059295654 
5.403274059295654 
5.403274059295654 
5.403274059295654 
5.403274059295654 
5.403274059295654 
5.403274059295654 
5.403274059295654 
5.403274059295654 
5.403274059295654 
5.403274059295654 
5.403274059295654 
5.403274059295654 
5.403274059295654 
5.403274059295654 
5.403274059295654 
5.403274059295654 
5.403274059295654 
5.403274059295654 
5.403274059295654 
5.403274059295654 
5.403274059295654 
5.403274059295654 
5.403274059295654 
5.403274059295654 
5.403274059295654 
5.403274059295654 
5.403274059295654 
5.403274059295654 
5.403274059295654 
5.403274059295654 
5.403274059295654 
5.403274059295654 
5.403274059295654 
5.403274059295654 
5.403274059295654 
5.403274059295654 
5.403274059295654 
5.403274059295654 
5.403274059295654 
5.403274059295654 
5.403274059295654 
5.403274059295654 
5.403274059295654 
5.403274059295654 
5.403274059295654 
5.403274059295654 
5.403274059295654 
5.403274059295654 
5.403274059295654 
5.403274059295654 
5.403274059295654 
5.403274059295654 
5.403274059295654 
5.403274059295654 
5.403274059295654 
5.403274059295654 
5.403274059295654 
