5.750954627990723 
7.418417453765869 
7.01488733291626 
5.911097526550293 
6.991444110870361 
8.358468055725098 
6.828636169433594 
9.113825798034668 
6.157167434692383 
8.034626960754395 
7.257410049438477 
6.844419956207275 
7.359052658081055 
5.822993278503418 
7.389299392700195 
5.873625755310059 
5.969983100891113 
7.746291160583496 
6.392472267150879 
7.231346130371094 
5.950436115264893 
5.377184867858887 
6.312795639038086 
5.872627258300781 
5.3884687423706055 
9.468550682067871 
7.104588985443115 
5.996682167053223 
4.994198799133301 
6.9883036613464355 
5.556448459625244 
6.781115531921387 
6.139705657958984 
6.207113265991211 
7.562453269958496 
8.004910469055176 
8.605351448059082 
6.816771507263184 
5.56995964050293 
8.874462127685547 
5.646455764770508 
5.108033657073975 
5.417295455932617 
6.512045860290527 
6.919383525848389 
5.791680335998535 
6.89038610458374 
6.465522766113281 
6.52730131149292 
5.739105224609375 
5.835188865661621 
6.497715950012207 
7.593409538269043 
6.947876930236816 
7.5503034591674805 
5.780979156494141 
9.586590766906738 
6.60110330581665 
7.578795909881592 
7.074588775634766 
7.245879650115967 
7.41612434387207 
7.026130676269531 
6.725429534912109 
7.269323825836182 
6.69405460357666 
6.329928874969482 
5.981350421905518 
6.12047004699707 
9.299149513244629 
6.057083606719971 
6.324914932250977 
7.408354759216309 
6.625594139099121 
6.806767463684082 
5.428041458129883 
7.723150253295898 
6.932618618011475 
8.350621223449707 
5.931143283843994 
6.389576435089111 
6.440275192260742 
5.94354248046875 
6.151320457458496 
6.820908069610596 
6.095439910888672 
7.442478179931641 
6.7320051193237305 
6.744251728057861 
4.130364418029785 
7.523508071899414 
6.289248466491699 
5.332043170928955 
5.939191818237305 
6.045248985290527 
7.747867107391357 
7.264019966125488 
5.9503350257873535 
6.516470909118652 
7.646086692810059 
7.431769371032715 
7.983957290649414 
5.288796424865723 
7.770280838012695 
6.673040390014648 
7.037077903747559 
7.298057556152344 
7.442794322967529 
6.995400428771973 
7.752527713775635 
6.980124473571777 
5.355748653411865 
4.92371940612793 
5.949123382568359 
6.062228679656982 
5.8388872146606445 
6.217706203460693 
6.103198528289795 
4.679945468902588 
6.648458480834961 
7.3378448486328125 
5.891078948974609 
6.629049777984619 
6.336799621582031 
6.526991844177246 
6.241871356964111 
7.432473182678223 
6.380431175231934 
6.109580993652344 
5.971378326416016 
5.700344085693359 
7.090549468994141 
5.476619720458984 
5.509945392608643 
6.6548027992248535 
6.9123945236206055 
5.869405746459961 
7.95495080947876 
6.004619598388672 
6.506275177001953 
7.294558525085449 
6.007411956787109 
5.358661651611328 
5.682505130767822 
7.019271373748779 
6.161645889282227 
7.295474052429199 
5.7803778648376465 
6.285824775695801 
6.917026519775391 
6.243762969970703 
7.148535251617432 
6.799696922302246 
8.064469337463379 
5.411937713623047 
5.377588272094727 
6.5484185218811035 
6.990059852600098 
5.603058815002441 
8.157368659973145 
9.075963020324707 
6.617744445800781 
6.302557468414307 
5.4583330154418945 
6.562915802001953 
6.968203067779541 
5.188425064086914 
7.098407745361328 
6.3145647048950195 
5.868520736694336 
6.344187259674072 
5.427597999572754 
7.038883686065674 
8.048107147216797 
7.537868499755859 
6.655311107635498 
5.89611291885376 
6.771515846252441 
8.245074272155762 
5.633209705352783 
4.9564690589904785 
5.296391487121582 
4.575737953186035 
5.790656566619873 
5.949460506439209 
7.9186553955078125 
4.814292907714844 
5.896173000335693 
5.870030403137207 
7.0543317794799805 
5.474350929260254 
5.370546817779541 
7.748548984527588 
5.81275749206543 
7.503439426422119 
5.999419212341309 
7.04744291305542 
6.038147926330566 
7.885462760925293 
8.168054580688477 
6.128486156463623 
5.625408172607422 
6.561733245849609 
6.135117530822754 
7.313300609588623 
7.152948379516602 
6.532012939453125 
5.831242561340332 
7.549098014831543 
6.764472484588623 
6.411162376403809 
7.5112409591674805 
5.851229667663574 
6.207264423370361 
6.905521869659424 
5.939265251159668 
8.307290077209473 
6.6144328117370605 
6.4612812995910645 
5.195745468139648 
6.279122352600098 
9.067967414855957 
3.8777835369110107 
5.863914489746094 
6.146744728088379 
7.102662086486816 
6.395978927612305 
6.785822868347168 
5.754523754119873 
6.023932456970215 
5.874854564666748 
5.923449516296387 
6.535833835601807 
5.862132549285889 
5.935311794281006 
6.045955657958984 
6.229160308837891 
7.4562201499938965 
5.873002052307129 
7.35157585144043 
5.762660026550293 
5.099294662475586 
5.677001953125 
5.448691368103027 
7.354196548461914 
7.671073913574219 
6.8731279373168945 
6.822535037994385 
6.583609104156494 
8.156378746032715 
5.566324234008789 
6.73869514465332 
6.458827972412109 
6.413559436798096 
6.019484519958496 
7.505743980407715 
4.580104827880859 
5.7675089836120605 
7.023599624633789 
7.294023513793945 
7.247076034545898 
5.40239143371582 
5.647421836853027 
6.523557662963867 
6.378461837768555 
8.322798728942871 
5.527978897094727 
7.74002742767334 
5.8091535568237305 
8.652497291564941 
5.983512878417969 
5.984447002410889 
6.407144546508789 
6.739563941955566 
6.684479236602783 
6.905206680297852 
6.914104461669922 
5.784041404724121 
7.536221504211426 
6.910529136657715 
8.561915397644043 
5.134524822235107 
5.335123062133789 
5.270999908447266 
8.678086280822754 
4.926009178161621 
8.777836799621582 
5.551277160644531 
6.692457675933838 
6.493023872375488 
6.151000022888184 
5.174098491668701 
7.886627197265625 
5.904679775238037 
6.278774261474609 
5.653108596801758 
9.519844055175781 
5.2780327796936035 
6.037112712860107 
6.306493759155273 
6.890210151672363 
5.561574459075928 
7.00224494934082 
7.019740104675293 
6.1128740310668945 
7.680269241333008 
5.585507392883301 
5.951003074645996 
6.343851089477539 
5.5403361320495605 
5.849125385284424 
5.899073123931885 
7.824902534484863 
5.9398603439331055 
7.964516639709473 
9.872271537780762 
6.213024139404297 
6.151177406311035 
8.150429725646973 
5.713919639587402 
5.731260776519775 
7.483502388000488 
5.754812240600586 
8.356188774108887 
6.788631916046143 
7.4660420417785645 
7.426725387573242 
6.8511810302734375 
7.8026652336120605 
6.672079086303711 
5.825958251953125 
5.462634086608887 
7.2662353515625 
5.831499099731445 
7.4295806884765625 
7.936016082763672 
6.518004417419434 
5.114999294281006 
6.921609878540039 
6.853203296661377 
7.138339996337891 
6.16554594039917 
6.140954971313477 
6.365021705627441 
6.381735324859619 
9.756892204284668 
6.54736852645874 
6.142009735107422 
5.731712341308594 
5.9233551025390625 
7.5255255699157715 
5.596833229064941 
5.421380519866943 
6.67106294631958 
5.649145126342773 
7.237484455108643 
6.1291704177856445 
7.584267616271973 
6.04268741607666 
7.951625823974609 
5.887564659118652 
7.863509178161621 
5.191644191741943 
5.937000751495361 
6.61062479019165 
6.69517707824707 
6.772408485412598 
6.427270889282227 
5.736359596252441 
5.719875335693359 
6.49346923828125 
7.602529048919678 
6.220372200012207 
5.490190505981445 
6.66103458404541 
5.81835412979126 
6.156889915466309 
6.486680030822754 
6.261396408081055 
5.178061485290527 
8.793696403503418 
5.822620391845703 
6.225940704345703 
8.113386154174805 
5.2742791175842285 
6.833180904388428 
8.286571502685547 
4.809940814971924 
5.536848068237305 
6.045825004577637 
6.144031047821045 
7.07887601852417 
7.855609893798828 
5.332165718078613 
5.6231369972229 
7.241968154907227 
6.035265922546387 
5.5660014152526855 
6.512139320373535 
6.293123245239258 
6.244789123535156 
5.0872721672058105 
8.227070808410645 
5.168237686157227 
7.006781578063965 
6.181385040283203 
5.526244163513184 
10.058225631713867 
5.937141418457031 
6.632624626159668 
5.698441505432129 
5.709375858306885 
5.778609275817871 
6.102602958679199 
7.084644317626953 
6.674516677856445 
6.599287033081055 
5.731436729431152 
6.074458122253418 
6.076376914978027 
6.978809356689453 
6.077523231506348 
7.331140041351318 
5.972598075866699 
7.209245681762695 
5.810230255126953 
4.783953666687012 
6.540372848510742 
5.578401565551758 
6.4079742431640625 
5.5263872146606445 
7.172855854034424 
8.574851989746094 
7.175021171569824 
5.2748565673828125 
6.602627754211426 
5.029073715209961 
7.347370624542236 
7.613428592681885 
6.923543453216553 
8.985100746154785 
6.98868465423584 
6.277475833892822 
5.747005462646484 
6.9854865074157715 
5.888892650604248 
6.380308151245117 
7.545677661895752 
8.371441841125488 
5.85366153717041 
6.715719699859619 
7.29819393157959 
7.923947811126709 
7.229734420776367 
6.103262901306152 
5.619829177856445 
8.1117525100708 
8.526200294494629 
6.435894966125488 
6.846352577209473 
6.1080803871154785 
6.183175086975098 
6.550354480743408 
6.527706146240234 
6.1067986488342285 
6.56710147857666 
7.130638599395752 
6.331178665161133 
5.083006858825684 
7.697675704956055 
6.569043159484863 
5.815162181854248 
6.339409828186035 
5.738161563873291 
5.570451259613037 
6.354439735412598 
6.785916328430176 
6.466451168060303 
9.832649230957031 
6.055764675140381 
7.203261375427246 
6.903918266296387 
5.867798805236816 
6.964803218841553 
5.984377384185791 
5.591643333435059 
5.710244178771973 
6.421470642089844 
4.756424903869629 
5.467364311218262 
5.552555084228516 
6.043421268463135 
7.596564292907715 
5.083421230316162 
8.452530860900879 
6.532928466796875 
8.668379783630371 
5.052939414978027 
5.565685272216797 
6.380040168762207 
7.874159812927246 
6.447080135345459 
6.805780410766602 
4.97819709777832 
5.112947940826416 
7.423718452453613 
5.574927806854248 
6.006500720977783 
5.008959770202637 
5.857956409454346 
7.709892749786377 
6.189033508300781 
6.269367218017578 
6.4241743087768555 
5.850812911987305 
6.2054338455200195 
5.579732894897461 
5.495146751403809 
6.647799491882324 
4.453184127807617 
6.442427635192871 
7.827793121337891 
5.556513786315918 
7.817615509033203 
6.157940864562988 
8.079304695129395 
5.73223876953125 
6.6112518310546875 
6.429068565368652 
5.55877685546875 
5.525197982788086 
6.663893699645996 
6.779199123382568 
6.021005630493164 
5.356441497802734 
6.875713348388672 
6.619870185852051 
5.676537990570068 
6.998454570770264 
4.766436576843262 
6.377363204956055 
6.998648643493652 
8.788286209106445 
5.844034671783447 
7.165083885192871 
5.615726470947266 
5.768165588378906 
7.020556926727295 
5.823901176452637 
6.188185691833496 
5.991646766662598 
5.540048599243164 
5.138522148132324 
5.154195785522461 
5.184941291809082 
7.036938667297363 
9.026135444641113 
7.118568420410156 
5.515918731689453 
8.273809432983398 
7.2750983238220215 
7.600482940673828 
5.501825332641602 
4.706226348876953 
5.749507904052734 
6.939558982849121 
6.862323760986328 
5.7681379318237305 
5.955453872680664 
7.660027503967285 
5.607394218444824 
7.390610218048096 
5.908150672912598 
6.223202705383301 
5.483711242675781 
6.647336959838867 
6.040536880493164 
6.402822494506836 
6.466935157775879 
5.624819278717041 
6.214875221252441 
7.941312789916992 
5.2602033615112305 
5.052094459533691 
5.479363441467285 
5.289131164550781 
5.774599552154541 
4.505398750305176 
5.76301908493042 
6.828165054321289 
7.091751575469971 
6.9815778732299805 
5.494998931884766 
6.367171764373779 
8.178366661071777 
5.393918514251709 
5.796568870544434 
6.959428310394287 
6.671321868896484 
6.297028541564941 
6.34770393371582 
5.039353370666504 
7.431550025939941 
7.178403854370117 
6.764642715454102 
6.948266983032227 
8.083244323730469 
5.6680588722229 
7.471454620361328 
7.8139238357543945 
5.879922866821289 
7.830868244171143 
5.594762802124023 
5.716378211975098 
8.153523445129395 
5.5914764404296875 
7.455544471740723 
5.75624942779541 
5.9273529052734375 
5.946498870849609 
5.721531867980957 
7.098941802978516 
5.689576148986816 
7.192296028137207 
5.866517066955566 
5.61787223815918 
7.613408088684082 
4.686424732208252 
5.686854839324951 
7.572274208068848 
6.518119812011719 
8.604121208190918 
5.5730366706848145 
5.43991231918335 
7.837996482849121 
5.110331058502197 
5.438976764678955 
7.107877731323242 
7.477912902832031 
6.626879692077637 
7.009673595428467 
8.537863731384277 
7.163268566131592 
5.263033866882324 
6.549665927886963 
5.869007110595703 
6.227265357971191 
5.574102401733398 
6.923974990844727 
7.500781059265137 
7.674535751342773 
4.787175178527832 
6.722933769226074 
6.165996551513672 
5.951918601989746 
5.919867515563965 
7.275060653686523 
7.232722282409668 
5.5109968185424805 
7.160017967224121 
5.735454559326172 
6.169097900390625 
6.715802192687988 
6.214140892028809 
8.113263130187988 
6.501923561096191 
5.618794918060303 
7.259805202484131 
7.6909685134887695 
6.4658637046813965 
8.275399208068848 
6.151651382446289 
6.959169864654541 
5.820720672607422 
5.383676528930664 
6.309666633605957 
9.46616268157959 
5.909837245941162 
6.743253707885742 
5.79286003112793 
5.9626359939575195 
4.949398040771484 
5.900845527648926 
6.049025058746338 
6.662033557891846 
6.382222652435303 
6.712668418884277 
6.741518974304199 
7.077960968017578 
5.478974342346191 
6.152033805847168 
7.470599174499512 
5.906004905700684 
6.277166366577148 
9.4541015625 
5.727264404296875 
7.211650848388672 
7.137904167175293 
5.921743392944336 
6.730130195617676 
6.289820671081543 
7.398841857910156 
5.980666160583496 
7.092889785766602 
7.246794700622559 
6.832442283630371 
6.492990016937256 
5.987761497497559 
7.091947555541992 
7.653048992156982 
6.045877456665039 
5.6478376388549805 
5.570810317993164 
6.936489105224609 
7.141696929931641 
6.965031147003174 
5.741646766662598 
6.835904121398926 
6.104825496673584 
5.22348690032959 
6.200723648071289 
9.253960609436035 
7.197375774383545 
10.215517044067383 
5.438630104064941 
6.5217461585998535 
9.340346336364746 
8.711298942565918 
6.3831281661987305 
5.926375389099121 
6.595094203948975 
8.809812545776367 
7.787203788757324 
7.016139984130859 
6.594954490661621 
5.918963432312012 
5.431507110595703 
5.874822616577148 
6.655109882354736 
4.6128764152526855 
7.1224164962768555 
5.3170623779296875 
4.808661460876465 
8.5215425491333 
6.599920272827148 
7.351040363311768 
5.959470748901367 
6.4317169189453125 
6.6660051345825195 
8.752951622009277 
6.8054633140563965 
7.552151203155518 
5.476702690124512 
7.531822204589844 
6.864224433898926 
5.529860496520996 
5.743092060089111 
7.437036514282227 
9.133545875549316 
5.707237720489502 
7.096860885620117 
5.3506951332092285 
6.1373796463012695 
8.520181655883789 
5.959381580352783 
5.982464790344238 
5.995057582855225 
6.990707874298096 
6.737458229064941 
6.379730224609375 
5.501336097717285 
6.643443584442139 
6.34428596496582 
7.339737892150879 
5.754151344299316 
8.93222713470459 
5.8585357666015625 
5.538360595703125 
6.087916374206543 
5.27816104888916 
5.846553802490234 
7.05772590637207 
5.652111053466797 
6.249536514282227 
6.628632545471191 
5.5923662185668945 
5.894194602966309 
6.681331157684326 
5.427630424499512 
6.453937530517578 
6.307925224304199 
7.405744552612305 
7.126445770263672 
6.144762992858887 
9.246003150939941 
4.844383239746094 
7.449428081512451 
7.479349613189697 
6.488938808441162 
6.446845054626465 
6.659797191619873 
7.056024074554443 
5.777356147766113 
5.627236366271973 
8.421232223510742 
5.497344970703125 
5.732691764831543 
6.66984748840332 
9.007294654846191 
6.133434295654297 
6.13481330871582 
6.016626358032227 
6.60316276550293 
5.7255144119262695 
5.25795841217041 
6.876893997192383 
6.0890302658081055 
6.514115333557129 
5.437993049621582 
5.6655964851379395 
7.630131721496582 
6.950057029724121 
6.9485578536987305 
6.5304694175720215 
5.028757572174072 
5.823437690734863 
6.015602111816406 
6.808535575866699 
5.834496974945068 
8.528512001037598 
8.087281227111816 
8.030909538269043 
6.030703544616699 
5.836205005645752 
7.714123725891113 
8.471407890319824 
7.355323791503906 
6.184099197387695 
5.893256187438965 
5.517348289489746 
6.946211814880371 
5.662052631378174 
6.749166965484619 
7.0510945320129395 
4.74113130569458 
6.570725440979004 
5.51716423034668 
5.3687872886657715 
7.341492652893066 
5.510976791381836 
6.759820938110352 
5.872190475463867 
6.791684150695801 
8.242138862609863 
5.687302589416504 
5.604069709777832 
6.306096076965332 
7.154202461242676 
5.824479103088379 
6.436333179473877 
5.84793758392334 
6.787398338317871 
5.265666961669922 
7.325948715209961 
7.366415023803711 
5.640046119689941 
5.745453834533691 
7.218968391418457 
5.86659574508667 
6.553795337677002 
6.574309349060059 
5.265333652496338 
7.702694892883301 
6.903355598449707 
6.933931350708008 
6.949410438537598 
5.946746826171875 
6.4252119064331055 
5.579654693603516 
6.284193515777588 
5.66799783706665 
7.684226036071777 
6.838874340057373 
6.148049354553223 
5.417042255401611 
6.168270111083984 
5.988589763641357 
6.6780524253845215 
5.447288513183594 
5.632609844207764 
6.220660209655762 
6.328971862792969 
6.1198859214782715 
6.419694900512695 
6.72994327545166 
7.171046257019043 
5.9958953857421875 
6.330367088317871 
5.755149841308594 
5.915836811065674 
5.801826477050781 
5.824411392211914 
5.938464164733887 
5.999639511108398 
8.566840171813965 
7.542532920837402 
7.703866481781006 
8.149144172668457 
6.611536502838135 
5.671368598937988 
6.481017112731934 
6.525594234466553 
10.235302925109863 
6.540940284729004 
5.172977447509766 
7.3217668533325195 
5.874528884887695 
6.647401809692383 
5.487751483917236 
6.824651718139648 
4.973928928375244 
8.087682723999023 
6.266321182250977 
5.920344352722168 
4.926156044006348 
6.351356029510498 
5.9338178634643555 
6.06778621673584 
6.7760515213012695 
6.59981107711792 
4.894204139709473 
6.267803192138672 
4.694274425506592 
8.336884498596191 
6.1216511726379395 
5.966429710388184 
7.140154838562012 
6.441723823547363 
5.403870582580566 
8.207950592041016 
7.39279842376709 
7.392301559448242 
5.286462783813477 
9.22631549835205 
7.742700576782227 
5.731215953826904 
6.017480373382568 
5.817695140838623 
6.2378644943237305 
6.8429718017578125 
6.174267768859863 
8.577692985534668 
7.282990455627441 
6.874320983886719 
5.752923011779785 
6.388637542724609 
6.888491630554199 
6.620704650878906 
5.522480010986328 
6.78679084777832 
6.33919095993042 
5.604489326477051 
6.813831806182861 
7.945006847381592 
6.067587852478027 
7.895050048828125 
5.208495616912842 
5.887839317321777 
7.364243507385254 
6.330098628997803 
4.559124946594238 
6.070383071899414 
7.5610151290893555 
5.655272483825684 
6.40540885925293 
4.788881301879883 
5.000214576721191 
7.5992021560668945 
6.761357307434082 
7.028909683227539 
6.339925765991211 
6.3071064949035645 
5.435412406921387 
7.006955146789551 
5.436541557312012 
6.345954418182373 
6.2422990798950195 
6.146867752075195 
5.526242256164551 
6.036118030548096 
4.648669719696045 
7.61293888092041 
6.506734371185303 
9.013617515563965 
5.971346378326416 
5.537731170654297 
6.268662452697754 
5.317045211791992 
7.124138832092285 
8.236166000366211 
5.718132019042969 
7.411420822143555 
6.215385437011719 
5.971566200256348 
6.531155586242676 
7.793346405029297 
7.067536354064941 
7.486390113830566 
6.678238391876221 
8.734288215637207 
7.143391132354736 
8.055809020996094 
6.707820892333984 
6.4314775466918945 
5.952762603759766 
5.659844398498535 
5.912494659423828 
6.638446807861328 
5.319138526916504 
7.063725471496582 
5.574705123901367 
9.330849647521973 
7.821526050567627 
5.983454704284668 
6.919691562652588 
5.531099319458008 
7.044770240783691 
5.515162944793701 
5.071399688720703 
5.07840633392334 
7.268146991729736 
5.592480182647705 
6.573631286621094 
6.737578392028809 
6.927645206451416 
5.525770664215088 
8.071803092956543 
5.719327926635742 
5.13618278503418 
5.981720447540283 
6.083468914031982 
6.5764546394348145 
8.76657772064209 
6.252166271209717 
8.149603843688965 
5.8802103996276855 
7.677044868469238 
8.159527778625488 
7.770415306091309 
6.347236633300781 
6.82130241394043 
4.5811896324157715 
8.064451217651367 
7.062650680541992 
6.808684825897217 
5.736543655395508 
7.62723970413208 
5.778379440307617 
6.1158013343811035 
6.346822738647461 
7.510433673858643 
7.143523216247559 
6.8020219802856445 
7.971668243408203 
6.502153396606445 
5.602348327636719 
6.346731185913086 
6.018444061279297 
6.662961483001709 
8.195674896240234 
6.366621017456055 
7.851298809051514 
7.074837684631348 
7.541322231292725 
6.057971000671387 
5.867526531219482 
6.790940284729004 
5.272151470184326 
5.641949653625488 
6.827712535858154 
6.7084431648254395 
6.464944839477539 
4.753065586090088 
5.959403991699219 
5.6075215339660645 
6.917701721191406 
5.469387531280518 
5.320769309997559 
7.444085121154785 
7.4359331130981445 
6.13655948638916 
7.93941593170166 
5.558743000030518 
6.328372001647949 
5.805886268615723 
6.799532890319824 
6.320365905761719 
6.394783020019531 
6.619513988494873 
7.050876617431641 
6.435365676879883 
7.482074737548828 
7.070961952209473 
8.134160041809082 
6.158027648925781 
7.581887722015381 
6.941746711730957 
5.8368730545043945 
5.574533462524414 
7.012289524078369 
5.604503631591797 
6.634863376617432 
6.299040794372559 
7.36086368560791 
5.039159774780273 
6.757599830627441 
9.343316078186035 
7.379755020141602 
6.164519309997559 
5.65908145904541 
6.907602310180664 
6.49858283996582 
5.777654647827148 
5.7885823249816895 
5.57012414932251 
6.123992919921875 
6.804588317871094 
6.852145671844482 
5.665837287902832 
6.218378067016602 
5.958871364593506 
6.8993706703186035 
5.732942581176758 
5.621102809906006 
5.545745849609375 
7.993330955505371 
6.155335426330566 
9.571606636047363 
7.254907131195068 
5.813384056091309 
5.589943885803223 
5.564024448394775 
5.453624725341797 
4.876585960388184 
5.31954288482666 
8.295950889587402 
6.442728519439697 
6.152673721313477 
7.965691566467285 
7.126546859741211 
6.1150922775268555 
6.075308322906494 
5.380801200866699 
6.860714435577393 
5.883551597595215 
6.786479473114014 
5.463725566864014 
7.709487438201904 
6.316065788269043 
6.1262922286987305 
6.742963790893555 
5.155847072601318 
5.76701021194458 
6.174088001251221 
5.305070877075195 
5.59761905670166 
7.04486083984375 
6.296943187713623 
5.860589981079102 
6.147683620452881 
4.616655349731445 
8.73024845123291 
6.130452632904053 
5.871524810791016 
6.412445068359375 
5.950194358825684 
6.226768493652344 
7.0174560546875 
5.757240295410156 
5.666064739227295 
5.220107078552246 
6.658237457275391 
6.498129367828369 
7.4404754638671875 
5.3836164474487305 
7.110033988952637 
6.3037638664245605 
6.934325218200684 
7.603178977966309 
6.329043388366699 
8.899880409240723 
7.028990745544434 
6.009824275970459 
9.519126892089844 
5.933032989501953 
6.130086421966553 
6.677498817443848 
5.628729820251465 
6.814158916473389 
6.772647380828857 
5.802048683166504 
8.638776779174805 
9.024096488952637 
5.46068000793457 
7.6566057205200195 
7.928361892700195 
6.418649673461914 
6.041827201843262 
5.622109413146973 
8.580192565917969 
6.059833526611328 
7.256622314453125 
7.8609232902526855 
7.618318557739258 
8.336688995361328 
7.745121002197266 
6.575953483581543 
5.871789932250977 
5.973690032958984 
6.659358978271484 
6.3879241943359375 
7.05269718170166 
5.473109722137451 
6.01475191116333 
6.4851603507995605 
5.149753093719482 
5.789126396179199 
7.631049633026123 
8.35509967803955 
6.597570419311523 
6.4410295486450195 
7.630923748016357 
7.152071952819824 
6.249656677246094 
6.656220436096191 
5.066392421722412 
6.351187705993652 
5.611631870269775 
5.544031143188477 
6.091829299926758 
5.592020511627197 
7.079428195953369 
4.902740955352783 
5.516701698303223 
6.887921333312988 
8.096495628356934 
6.39804744720459 
7.276492118835449 
9.685980796813965 
5.9276323318481445 
5.838117599487305 
5.967811584472656 
6.421578884124756 
7.33020544052124 
7.978835105895996 
6.4362030029296875 
9.512438774108887 
7.024585247039795 
6.458588123321533 
7.19005823135376 
4.870777130126953 
6.408548355102539 
6.156425952911377 
6.056267738342285 
5.208612442016602 
7.1550211906433105 
5.871260643005371 
7.689117908477783 
6.872538089752197 
6.6240997314453125 
5.740231037139893 
6.483482837677002 
6.989960670471191 
7.550568580627441 
6.412543773651123 
5.895773887634277 
7.058188438415527 
7.223491668701172 
6.587981700897217 
5.870786666870117 
7.568814277648926 
10.073638916015625 
5.629640102386475 
5.548415184020996 
5.391396522521973 
5.709798812866211 
6.276479721069336 
6.495993614196777 
6.902309417724609 
8.928256034851074 
7.445515155792236 
5.709714889526367 
5.761013031005859 
6.1053571701049805 
5.673942565917969 
7.2618408203125 
7.349609375 
7.083532333374023 
6.00441312789917 
5.4734344482421875 
6.715665817260742 
8.586849212646484 
5.3736467361450195 
5.221506118774414 
6.102662086486816 
6.044267177581787 
5.683548450469971 
5.671774864196777 
5.457776069641113 
7.901391983032227 
6.485032558441162 
5.164341926574707 
6.236872673034668 
7.040434837341309 
6.858911991119385 
4.451330184936523 
7.065964698791504 
7.851916313171387 
7.469836711883545 
5.867920875549316 
5.756991386413574 
6.183955192565918 
6.624652862548828 
6.866452693939209 
5.991640090942383 
6.6335601806640625 
5.4318976402282715 
6.729944705963135 
6.2958574295043945 
8.495623588562012 
6.285057067871094 
8.396279335021973 
7.661105155944824 
6.7747979164123535 
7.872264862060547 
7.1626129150390625 
6.768192768096924 
5.378264427185059 
5.933897972106934 
5.710504055023193 
7.495996952056885 
6.4781904220581055 
6.216754913330078 
5.0166521072387695 
7.340556621551514 
5.9850850105285645 
7.863814353942871 
6.105732440948486 
6.635584354400635 
7.934560775756836 
8.309328079223633 
6.436059951782227 
4.7962870597839355 
8.627644538879395 
7.302608013153076 
9.77150821685791 
9.471738815307617 
7.3358683586120605 
6.0069732666015625 
6.599265098571777 
7.822331428527832 
8.44987678527832 
6.538417339324951 
9.761360168457031 
8.68244457244873 
7.236097812652588 
7.15375280380249 
6.679876804351807 
6.781673908233643 
6.237426280975342 
7.26377010345459 
6.426212310791016 
7.185252666473389 
7.551728248596191 
5.315982818603516 
6.154797077178955 
5.121656894683838 
5.32536506652832 
7.506712913513184 
5.4508137702941895 
5.6496992111206055 
6.962292194366455 
7.505486488342285 
5.794602394104004 
5.548626899719238 
5.626943588256836 
7.516728401184082 
5.682684898376465 
5.951963901519775 
6.127264022827148 
6.656363010406494 
6.481398582458496 
4.831303596496582 
7.538142204284668 
5.732542991638184 
6.625471591949463 
7.481692790985107 
6.098445892333984 
8.003922462463379 
5.024606227874756 
6.373981475830078 
5.8361592292785645 
7.755953311920166 
4.9295244216918945 
5.843937873840332 
5.931397914886475 
6.700923442840576 
5.920743465423584 
8.270279884338379 
5.824580669403076 
7.363804817199707 
6.975710868835449 
5.823146820068359 
5.973097324371338 
8.056621551513672 
5.33472204208374 
9.97902774810791 
4.740311622619629 
4.967950820922852 
5.786553382873535 
5.512687683105469 
6.1699323654174805 
6.621662139892578 
6.55668830871582 
7.23436975479126 
6.585959434509277 
6.15715217590332 
6.287775039672852 
5.578137397766113 
7.251973628997803 
5.578548431396484 
7.170080661773682 
5.6362504959106445 
7.91016149520874 
8.490521430969238 
6.79054594039917 
7.032460689544678 
7.838571071624756 
5.384235858917236 
5.343874454498291 
6.37421178817749 
5.279508590698242 
6.6659746170043945 
5.436113357543945 
7.9570722579956055 
7.282796859741211 
6.9202446937561035 
8.068398475646973 
5.899415493011475 
6.901008605957031 
10.066485404968262 
4.549598217010498 
6.91089391708374 
8.060319900512695 
6.636271953582764 
6.955940246582031 
6.994929313659668 
5.366206169128418 
5.60268497467041 
6.7600226402282715 
5.065547943115234 
6.408605575561523 
6.256246089935303 
6.891366958618164 
5.288413047790527 
6.319496154785156 
6.367739677429199 
8.203457832336426 
5.651236534118652 
6.017118453979492 
7.141166687011719 
7.305422782897949 
7.759338855743408 
4.823619365692139 
5.494809150695801 
6.588405609130859 
7.312411785125732 
5.858477592468262 
7.056593894958496 
5.323497772216797 
5.891448020935059 
5.4476237297058105 
5.8107805252075195 
6.444815635681152 
5.7784247398376465 
6.762905597686768 
6.205574989318848 
5.407900810241699 
6.764429092407227 
6.623940467834473 
5.544821262359619 
8.46370792388916 
7.568203449249268 
7.685851097106934 
5.92564058303833 
6.907647132873535 
7.2420759201049805 
6.413792610168457 
6.070000171661377 
7.2439470291137695 
7.377835750579834 
6.464178085327148 
8.053754806518555 
5.4412126541137695 
6.9691162109375 
7.962038040161133 
6.081782817840576 
7.342334270477295 
6.026302814483643 
8.219521522521973 
5.749477863311768 
5.848210334777832 
5.755397796630859 
6.1946210861206055 
6.113222599029541 
5.996910095214844 
6.178738594055176 
6.886714935302734 
6.271056175231934 
7.579524993896484 
7.317111015319824 
7.037947654724121 
6.416879177093506 
6.279573917388916 
5.349283218383789 
5.528957843780518 
6.322666645050049 
8.129852294921875 
7.210291385650635 
7.274169921875 
6.5145673751831055 
8.700440406799316 
6.979653358459473 
6.296330451965332 
5.634383678436279 
5.894922733306885 
5.725975036621094 
7.709580421447754 
5.8609161376953125 
6.117713928222656 
9.701272010803223 
5.321224689483643 
6.206609725952148 
5.694208145141602 
5.503742218017578 
6.533095836639404 
6.976822853088379 
6.0354156494140625 
6.8798909187316895 
6.316469669342041 
6.536017894744873 
6.565927505493164 
6.9393415451049805 
7.336925506591797 
5.742592811584473 
6.593775749206543 
7.398512363433838 
8.229228019714355 
8.107433319091797 
7.2457966804504395 
6.7415385246276855 
6.713127613067627 
5.627404689788818 
5.214147567749023 
5.165923118591309 
7.4312849044799805 
9.009906768798828 
6.765637397766113 
5.225506782531738 
6.303057670593262 
6.925649642944336 
6.730464935302734 
4.391513824462891 
6.306142330169678 
6.064936637878418 
5.598727703094482 
5.643819808959961 
8.283029556274414 
5.811931133270264 
6.339817047119141 
6.341301918029785 
5.872419357299805 
5.897406101226807 
6.242275238037109 
7.1664042472839355 
4.300347328186035 
6.708232402801514 
7.792966842651367 
8.011957168579102 
5.671266555786133 
9.452412605285645 
5.051050186157227 
6.901745796203613 
4.940834999084473 
7.5634942054748535 
5.575366020202637 
6.171233177185059 
5.815800666809082 
6.639060974121094 
6.761246681213379 
5.716197967529297 
7.072207450866699 
7.3062968254089355 
5.750418186187744 
6.269160270690918 
7.383133888244629 
6.476409435272217 
5.776948928833008 
6.024211406707764 
6.327905178070068 
6.049774646759033 
5.851204872131348 
6.581911087036133 
6.110589981079102 
5.326380729675293 
6.533629417419434 
5.615029811859131 
6.643693923950195 
7.773504257202148 
7.430850982666016 
6.915257930755615 
6.339483261108398 
5.293323993682861 
6.2235918045043945 
9.480724334716797 
6.07097053527832 
5.753121376037598 
6.29946756362915 
7.150335788726807 
7.316527843475342 
6.354964733123779 
7.228842735290527 
6.5153093338012695 
8.159782409667969 
9.692826271057129 
8.181876182556152 
7.524534225463867 
7.008840560913086 
5.52091121673584 
5.758986473083496 
6.675386428833008 
7.380273818969727 
6.848955154418945 
6.106475830078125 
6.018242835998535 
7.81906795501709 
5.691462516784668 
5.543304920196533 
5.531208038330078 
5.855860710144043 
5.802443504333496 
8.667332649230957 
4.9666547775268555 
5.379366874694824 
5.6888227462768555 
7.994933128356934 
6.6596832275390625 
8.25072956085205 
6.575383186340332 
5.445803642272949 
7.044158935546875 
6.521198272705078 
6.4400153160095215 
7.566323757171631 
5.966569900512695 
5.76939582824707 
6.530740261077881 
8.136792182922363 
6.9791259765625 
6.7281928062438965 
7.02590274810791 
6.601910591125488 
7.391183853149414 
7.116666316986084 
6.384111404418945 
5.904817581176758 
6.726759910583496 
6.4344024658203125 
7.750733852386475 
6.213218688964844 
4.97025203704834 
5.484539031982422 
6.961056709289551 
6.055420875549316 
5.28255558013916 
6.317354202270508 
8.017879486083984 
4.697431564331055 
6.054071426391602 
4.662863731384277 
4.42189359664917 
6.077622413635254 
5.591292381286621 
6.805943012237549 
6.013134956359863 
6.508878231048584 
6.668097019195557 
6.739192008972168 
5.882569789886475 
6.896571636199951 
6.524170875549316 
5.788668155670166 
5.739598274230957 
4.9002838134765625 
6.361583232879639 
6.070094108581543 
6.1456499099731445 
6.878701210021973 
7.315133571624756 
5.630443096160889 
5.429684162139893 
6.14787483215332 
7.982392311096191 
6.603216171264648 
7.201145172119141 
7.742633819580078 
5.249712944030762 
8.836369514465332 
8.333623886108398 
6.422839164733887 
7.316201210021973 
7.30034065246582 
8.633269309997559 
5.71921968460083 
6.222927093505859 
6.339052677154541 
9.22411060333252 
6.752652168273926 
5.205051898956299 
6.123109817504883 
5.944292068481445 
7.762835502624512 
8.386836051940918 
7.738955497741699 
6.674196243286133 
6.4684834480285645 
7.921599388122559 
5.9806694984436035 
5.740534782409668 
5.2215681076049805 
4.626253128051758 
6.435640811920166 
4.966278553009033 
5.238354682922363 
8.087300300598145 
7.475991249084473 
5.4022722244262695 
5.719656944274902 
6.924647331237793 
7.377315044403076 
5.887022495269775 
6.888433456420898 
6.880478382110596 
6.8000874519348145 
5.771244049072266 
8.439080238342285 
6.362554550170898 
8.037434577941895 
6.1105828285217285 
6.922783851623535 
5.917881011962891 
6.770354747772217 
6.70189094543457 
9.450190544128418 
6.615869522094727 
6.6751389503479 
6.106388568878174 
7.719937324523926 
5.486496925354004 
6.1138458251953125 
7.225398063659668 
5.268950462341309 
9.164201736450195 
6.323735237121582 
5.259299278259277 
8.670914649963379 
6.157041072845459 
7.022678852081299 
7.851701736450195 
5.918758392333984 
6.039517402648926 
5.5120744705200195 
5.564451217651367 
6.320653915405273 
6.875563621520996 
7.1876420974731445 
6.060205459594727 
6.210399627685547 
7.954007148742676 
6.82309627532959 
7.201031684875488 
7.218839168548584 
8.140774726867676 
7.051755428314209 
8.257111549377441 
7.514799118041992 
6.025108814239502 
5.480312347412109 
6.462035179138184 
5.864016532897949 
6.5783233642578125 
6.51917028427124 
5.5981316566467285 
7.66632604598999 
6.285126686096191 
5.8563642501831055 
9.13416576385498 
6.206010818481445 
5.962002277374268 
5.779533386230469 
5.5606303215026855 
5.523970603942871 
4.898144721984863 
6.792239189147949 
8.478601455688477 
5.481986045837402 
9.00938892364502 
6.609160900115967 
4.848001956939697 
5.949045181274414 
8.094355583190918 
6.2977190017700195 
7.695844650268555 
11.01828670501709 
5.096485137939453 
9.277796745300293 
4.629347801208496 
5.8054609298706055 
6.978856086730957 
5.37761116027832 
6.990550994873047 
8.197781562805176 
7.746865272521973 
5.546805381774902 
5.476483345031738 
6.344509124755859 
8.190707206726074 
5.263677597045898 
5.4939985275268555 
5.29836368560791 
5.275289535522461 
6.351354122161865 
7.2940354347229 
5.944361686706543 
5.956181049346924 
6.278872013092041 
6.161479473114014 
7.6600213050842285 
7.957137107849121 
7.185969352722168 
6.3404154777526855 
6.603877067565918 
5.433605670928955 
7.916525840759277 
5.9281005859375 
8.00002384185791 
5.479392051696777 
6.325618743896484 
7.315395355224609 
5.665278434753418 
7.913695812225342 
5.958250045776367 
6.328495979309082 
6.305730819702148 
5.717527389526367 
5.313668727874756 
6.475597381591797 
7.309384346008301 
6.53877067565918 
8.440154075622559 
5.446686744689941 
7.767813682556152 
4.761258125305176 
5.935020923614502 
6.418074607849121 
6.625088691711426 
9.408987998962402 
5.969683647155762 
7.292634010314941 
6.412619113922119 
6.460687637329102 
5.691633224487305 
8.15676498413086 
8.052145957946777 
6.57149600982666 
6.014863014221191 
6.177863597869873 
6.368837356567383 
6.677019119262695 
9.08960247039795 
7.922401428222656 
6.3137102127075195 
6.391777992248535 
4.921023845672607 
6.02557373046875 
7.117508411407471 
6.6806840896606445 
6.278456687927246 
6.160013198852539 
6.658532619476318 
5.519749164581299 
5.893563747406006 
6.568637847900391 
5.402823448181152 
7.471250534057617 
5.749177932739258 
5.615320205688477 
7.028011322021484 
7.019098281860352 
6.914688587188721 
7.115653038024902 
7.452769756317139 
4.751777648925781 
7.2752861976623535 
5.824644088745117 
7.109372138977051 
6.563263893127441 
6.320808410644531 
6.407766342163086 
6.047762870788574 
7.467336654663086 
6.308279991149902 
5.547825813293457 
6.768038272857666 
5.814472198486328 
6.287520408630371 
5.186601638793945 
6.371798515319824 
6.974455833435059 
6.404755115509033 
6.275067329406738 
7.486800193786621 
6.413907527923584 
8.433371543884277 
6.000138282775879 
6.148114204406738 
6.193070888519287 
5.476576805114746 
6.915530204772949 
9.281349182128906 
6.117090225219727 
7.583691596984863 
6.631103515625 
5.6394853591918945 
7.255461692810059 
7.486623287200928 
5.483071804046631 
5.932865619659424 
5.3818793296813965 
6.344875335693359 
5.492666721343994 
7.967992782592773 
6.974623203277588 
4.811222553253174 
8.24793529510498 
6.609356880187988 
5.3409881591796875 
5.577513694763184 
5.573582649230957 
6.785058975219727 
6.593939781188965 
6.173724174499512 
8.308365821838379 
6.910116195678711 
6.901095390319824 
6.594633102416992 
6.404366493225098 
8.840987205505371 
5.98114013671875 
7.812132835388184 
5.984001159667969 
6.682062149047852 
5.297365188598633 
6.203826427459717 
8.108451843261719 
6.090750217437744 
7.084760665893555 
8.323029518127441 
7.163935661315918 
6.460406303405762 
7.576995849609375 
8.685502052307129 
9.265161514282227 
6.111939907073975 
5.83283805847168 
6.346009731292725 
6.254070281982422 
6.931758880615234 
6.3686628341674805 
6.702728271484375 
7.628544807434082 
6.428315162658691 
6.945448398590088 
7.485904693603516 
7.82414436340332 
5.999878883361816 
5.23987340927124 
7.671706199645996 
7.223114013671875 
6.972643852233887 
6.453721046447754 
6.811526298522949 
6.844675064086914 
5.866352081298828 
6.349314212799072 
6.015740394592285 
5.910007476806641 
5.8755598068237305 
5.817173480987549 
8.692777633666992 
6.747719764709473 
4.8872880935668945 
8.255053520202637 
6.326189041137695 
6.375655651092529 
7.375278472900391 
7.047871112823486 
6.473764419555664 
6.106134414672852 
5.133701801300049 
7.010018348693848 
8.359563827514648 
6.448820114135742 
6.216813087463379 
6.283727645874023 
6.1442975997924805 
6.034026622772217 
9.041203498840332 
5.910639762878418 
6.62049674987793 
6.888681888580322 
7.755980491638184 
6.436100959777832 
5.861110687255859 
6.542227745056152 
8.573538780212402 
6.527573108673096 
6.6184468269348145 
8.364274978637695 
7.367525100708008 
5.309001922607422 
6.02067756652832 
7.928454399108887 
5.394280910491943 
5.290431022644043 
8.609864234924316 
6.281777381896973 
7.0517897605896 
6.8848137855529785 
8.459447860717773 
5.571132659912109 
5.383583068847656 
5.6142354011535645 
5.933923721313477 
6.531795501708984 
5.243157386779785 
7.432406425476074 
6.471460819244385 
5.64646577835083 
5.096890449523926 
6.156062602996826 
6.727084159851074 
5.576804161071777 
7.325875759124756 
4.035366058349609 
5.688956260681152 
6.68363618850708 
5.602734088897705 
8.545159339904785 
5.564416885375977 
8.938755989074707 
7.656853675842285 
6.990355014801025 
7.193304538726807 
6.33556604385376 
5.471336364746094 
7.584354877471924 
5.70053243637085 
7.540163040161133 
6.919770240783691 
6.144979000091553 
5.3770060539245605 
6.827205181121826 
6.50053596496582 
4.714149475097656 
8.156989097595215 
6.576403617858887 
6.490518093109131 
6.567659378051758 
8.246089935302734 
6.380069732666016 
6.538634300231934 
7.528959274291992 
6.168534278869629 
8.360098838806152 
5.943722724914551 
6.153812408447266 
6.499272346496582 
6.578325271606445 
6.442133903503418 
6.2822980880737305 
5.578769683837891 
7.312051773071289 
5.4190673828125 
6.576551914215088 
8.551594734191895 
7.523371696472168 
8.499664306640625 
6.589779376983643 
6.14247989654541 
5.881647109985352 
6.5918755531311035 
6.397136688232422 
6.200295925140381 
6.203432083129883 
8.38964557647705 
7.962278366088867 
7.357512950897217 
5.996891021728516 
6.451484680175781 
6.9581427574157715 
6.690820693969727 
6.147401332855225 
6.897322654724121 
6.2634663581848145 
8.295665740966797 
7.509470462799072 
6.337924957275391 
5.714225769042969 
7.494165420532227 
7.1674933433532715 
5.255962371826172 
6.816648006439209 
6.906744956970215 
5.782345771789551 
7.563140869140625 
7.246565818786621 
5.06133508682251 
5.462893486022949 
6.875946044921875 
7.959174156188965 
5.791351795196533 
7.52478551864624 
6.9763641357421875 
6.839354038238525 
10.019407272338867 
5.50515079498291 
5.5307698249816895 
6.96656608581543 
5.616059303283691 
7.618939399719238 
7.729543685913086 
6.204437255859375 
7.431944847106934 
5.35960578918457 
5.572113513946533 
7.350147724151611 
5.130671501159668 
5.68220329284668 
5.349236488342285 
6.563911437988281 
5.837989807128906 
6.860309600830078 
7.434406280517578 
6.554018974304199 
6.458159446716309 
7.135622501373291 
5.2046051025390625 
8.31754207611084 
7.246440887451172 
8.330534934997559 
6.035198211669922 
6.768097877502441 
6.48973274230957 
4.944522380828857 
6.370603561401367 
6.637079238891602 
5.381175994873047 
4.692839622497559 
9.152024269104004 
6.802249908447266 
7.733158588409424 
6.223560333251953 
6.993217468261719 
6.664461135864258 
8.166665077209473 
7.3474836349487305 
4.930562496185303 
6.420840263366699 
6.8577470779418945 
6.236656665802002 
6.373081207275391 
6.05967903137207 
6.869250774383545 
10.397177696228027 
6.262626647949219 
5.795234680175781 
5.701955795288086 
5.590011119842529 
5.816120147705078 
7.3004961013793945 
8.470038414001465 
5.496082782745361 
7.244806289672852 
6.705932140350342 
8.353025436401367 
7.737898826599121 
5.682457447052002 
6.208853721618652 
5.728255271911621 
6.484286308288574 
7.136350631713867 
6.435267925262451 
5.916235446929932 
6.798858165740967 
5.349452018737793 
4.691296577453613 
8.050504684448242 
6.981218338012695 
5.7010297775268555 
6.386115074157715 
10.38730525970459 
5.023322105407715 
7.505051136016846 
8.805508613586426 
6.27842903137207 
5.51883602142334 
5.666303634643555 
5.898338317871094 
6.613576889038086 
8.709551811218262 
5.5553812980651855 
5.013525485992432 
8.217676162719727 
5.388223171234131 
5.44542121887207 
6.02032995223999 
5.174701690673828 
6.5162458419799805 
7.728616237640381 
6.969135761260986 
9.364432334899902 
7.324427604675293 
7.933930397033691 
5.976903915405273 
8.635529518127441 
5.588037967681885 
6.004168510437012 
5.90790319442749 
4.580840110778809 
5.8335723876953125 
6.214916229248047 
5.074284553527832 
4.928658962249756 
6.0618791580200195 
5.312343120574951 
6.879556655883789 
6.262490272521973 
8.848896980285645 
6.375261306762695 
4.902001857757568 
5.81104850769043 
6.298261642456055 
6.119040012359619 
6.202313423156738 
5.648593425750732 
7.984204292297363 
8.370856285095215 
6.8055419921875 
5.762168884277344 
5.565525054931641 
6.071244239807129 
6.0175371170043945 
4.9756669998168945 
4.337119102478027 
5.986854553222656 
5.260272026062012 
5.406854629516602 
6.496395111083984 
6.085192680358887 
5.722468376159668 
6.59581184387207 
5.278186798095703 
5.707208633422852 
6.7379984855651855 
9.344430923461914 
5.0584516525268555 
4.731690406799316 
10.195892333984375 
7.649651050567627 
6.81970739364624 
6.3385467529296875 
5.870978355407715 
5.028780937194824 
5.544483661651611 
5.483260631561279 
6.432099342346191 
5.528768539428711 
5.535654544830322 
5.3408918380737305 
6.269085884094238 
7.3298749923706055 
6.993790626525879 
7.0256452560424805 
6.5953145027160645 
9.237319946289062 
5.13930606842041 
6.058608055114746 
6.398623466491699 
5.459075927734375 
7.101839542388916 
5.993343830108643 
7.844449520111084 
6.189164161682129 
5.981373310089111 
5.66004753112793 
6.198378562927246 
6.330807209014893 
7.430441856384277 
5.4719767570495605 
6.91697883605957 
7.412992477416992 
5.494425296783447 
6.736146926879883 
6.745767593383789 
6.288596153259277 
7.884206771850586 
5.40214729309082 
7.782730579376221 
6.191128730773926 
6.049236297607422 
7.925218105316162 
5.6230573654174805 
6.539653778076172 
6.131300449371338 
8.379073143005371 
7.284030437469482 
6.7966203689575195 
5.845197677612305 
7.314470291137695 
8.034723281860352 
7.496068954467773 
6.769995212554932 
5.8560333251953125 
6.632960319519043 
7.1698174476623535 
6.482025623321533 
6.251058578491211 
5.284588813781738 
5.871026515960693 
5.474539279937744 
5.144397735595703 
5.582599639892578 
5.590587615966797 
7.296452045440674 
6.907753944396973 
7.286806583404541 
6.381343841552734 
6.178468704223633 
8.177526473999023 
6.437572002410889 
5.35552978515625 
6.826455116271973 
6.032161712646484 
7.625646114349365 
6.532326698303223 
6.866135597229004 
7.068636894226074 
6.535723686218262 
7.123137474060059 
6.117365837097168 
6.963557243347168 
5.664102077484131 
5.316622734069824 
7.511559963226318 
6.687243461608887 
8.719061851501465 
7.141759872436523 
6.850217342376709 
6.10849666595459 
7.287906646728516 
4.923055171966553 
6.850532531738281 
7.202153205871582 
6.985739707946777 
5.946061611175537 
4.942434310913086 
4.525770664215088 
6.623422622680664 
9.05570125579834 
6.206174373626709 
6.062729835510254 
6.300955295562744 
6.23349142074585 
6.710294723510742 
5.666120529174805 
5.8746819496154785 
5.629334449768066 
5.3935394287109375 
6.54667329788208 
5.979428291320801 
6.224005699157715 
6.81218147277832 
6.674551010131836 
7.235093116760254 
6.325258731842041 
9.062195777893066 
6.221093654632568 
6.0545501708984375 
5.147830963134766 
6.776322364807129 
6.290577411651611 
6.065550804138184 
5.741274833679199 
4.921435356140137 
8.27492618560791 
8.53886890411377 
5.986087799072266 
6.216055870056152 
7.889692306518555 
9.741973876953125 
6.047131538391113 
8.693375587463379 
6.395005702972412 
4.887277126312256 
5.260810852050781 
5.943281173706055 
8.125802040100098 
6.065249443054199 
5.5485992431640625 
6.276337623596191 
8.337970733642578 
6.364294528961182 
6.6396074295043945 
6.458266258239746 
7.687404632568359 
5.7452497482299805 
7.053248405456543 
5.801701545715332 
9.101021766662598 
5.066537857055664 
6.437195777893066 
6.998748779296875 
8.583946228027344 
9.46333122253418 
6.105749607086182 
4.803513526916504 
5.9801249504089355 
7.655280113220215 
5.369002342224121 
5.699871063232422 
6.941694736480713 
6.676849842071533 
6.678267478942871 
5.51915168762207 
7.255834102630615 
5.66409969329834 
6.439576148986816 
6.452609539031982 
7.132120132446289 
5.996036052703857 
6.005125999450684 
6.565802097320557 
5.689548969268799 
8.124381065368652 
5.9662017822265625 
6.829329967498779 
7.429047584533691 
5.5008955001831055 
4.772524833679199 
4.829165935516357 
5.558265209197998 
6.210021495819092 
5.804076194763184 
5.866901874542236 
5.956875801086426 
9.55971622467041 
5.2361297607421875 
8.90303897857666 
5.452348709106445 
6.084512233734131 
7.368256568908691 
6.005259037017822 
7.64787483215332 
7.948723793029785 
5.587398529052734 
5.582358360290527 
5.371445655822754 
6.030343055725098 
5.990570068359375 
6.431097507476807 
6.560516357421875 
5.967916011810303 
6.633838176727295 
7.332587718963623 
6.207026958465576 
5.033633232116699 
6.755438804626465 
8.6782808303833 
7.5882887840271 
8.679585456848145 
5.731208324432373 
10.373147010803223 
5.396933555603027 
4.958215713500977 
6.489658355712891 
5.868687152862549 
5.361999988555908 
5.882512092590332 
6.559736251831055 
7.809954643249512 
5.778168201446533 
7.082672119140625 
6.978660583496094 
8.97787857055664 
7.7146100997924805 
5.94993257522583 
8.084281921386719 
5.804175853729248 
6.963649749755859 
8.263154983520508 
6.7723588943481445 
5.688730239868164 
8.090606689453125 
6.291646957397461 
5.940906047821045 
6.6036057472229 
5.557896614074707 
5.152967929840088 
7.417097091674805 
6.078542709350586 
6.575690746307373 
6.821897983551025 
6.226141929626465 
5.202705383300781 
6.249279499053955 
7.717444896697998 
7.588346004486084 
6.763533115386963 
8.030585289001465 
5.743185520172119 
6.988309860229492 
5.904088973999023 
6.905549049377441 
8.028812408447266 
8.658743858337402 
10.243581771850586 
7.613705635070801 
5.934173583984375 
7.934187889099121 
6.936140537261963 
6.424938678741455 
6.960897922515869 
6.477836608886719 
6.691864967346191 
6.266042232513428 
5.513423442840576 
9.547799110412598 
6.242412090301514 
6.126123428344727 
6.704531669616699 
6.805960655212402 
8.16720962524414 
6.280979156494141 
6.025036334991455 
5.0699968338012695 
5.506330490112305 
4.9311909675598145 
5.628774642944336 
7.013309001922607 
6.021193504333496 
5.509404182434082 
5.834640026092529 
8.601218223571777 
9.580704689025879 
5.554439544677734 
5.5816545486450195 
5.894783020019531 
8.232495307922363 
6.245561599731445 
4.8178277015686035 
6.639097690582275 
6.0593156814575195 
8.041187286376953 
4.302628517150879 
7.4372148513793945 
7.120148181915283 
8.293335914611816 
6.09050178527832 
6.136724472045898 
5.413180351257324 
5.145971298217773 
6.058547496795654 
5.647276878356934 
5.819456100463867 
5.068428993225098 
8.659490585327148 
6.499673843383789 
6.979621410369873 
6.775111675262451 
5.372654914855957 
5.557971000671387 
6.016080856323242 
6.945300579071045 
6.388330459594727 
5.987924575805664 
5.575222969055176 
4.934703350067139 
6.152162075042725 
5.949766159057617 
4.978241920471191 
6.120964050292969 
6.227358818054199 
8.440741539001465 
6.145491600036621 
4.826297760009766 
7.105747222900391 
5.442915439605713 
6.408243179321289 
6.450284957885742 
5.554001808166504 
6.679636001586914 
6.659482479095459 
5.591313362121582 
7.379169464111328 
6.104523181915283 
8.369973182678223 
7.744128704071045 
6.18271541595459 
5.492182731628418 
5.948400497436523 
5.9289445877075195 
5.977025032043457 
6.105799674987793 
6.435636520385742 
6.936820030212402 
5.4472479820251465 
7.440843105316162 
6.755507469177246 
5.962472438812256 
8.351773262023926 
6.531477928161621 
5.919567108154297 
6.733938217163086 
5.250489234924316 
6.725522041320801 
6.065691947937012 
6.939376354217529 
6.176482677459717 
6.658245086669922 
6.36088228225708 
5.821682929992676 
6.0576677322387695 
5.784430503845215 
7.3961286544799805 
5.219089031219482 
7.4629926681518555 
6.169404029846191 
5.9223313331604 
6.597485542297363 
7.037065029144287 
6.3833160400390625 
6.038043975830078 
6.737146854400635 
5.945632457733154 
8.688015937805176 
6.552374362945557 
4.873956680297852 
8.459354400634766 
6.693731784820557 
6.221165657043457 
5.803789138793945 
7.73302698135376 
6.416625022888184 
6.569368362426758 
6.689434051513672 
6.732302665710449 
6.657092094421387 
7.370341777801514 
6.419407367706299 
5.296985626220703 
5.527726173400879 
7.34647274017334 
8.239280700683594 
5.9207940101623535 
5.403867244720459 
7.051849365234375 
6.6803436279296875 
8.390449523925781 
7.065348148345947 
6.416622161865234 
6.921523094177246 
6.819697856903076 
6.686256408691406 
5.858432769775391 
8.396803855895996 
7.44442081451416 
5.050978183746338 
6.1736040115356445 
6.017795085906982 
5.552275657653809 
6.698993682861328 
5.242281913757324 
7.523012638092041 
7.167872428894043 
7.8070268630981445 
6.569581985473633 
6.775782585144043 
5.2622151374816895 
6.404266834259033 
5.706406593322754 
7.951866149902344 
6.1781816482543945 
6.248275279998779 
6.205226898193359 
5.288314342498779 
6.0029096603393555 
6.504619598388672 
5.763635635375977 
7.976191520690918 
8.767417907714844 
5.484941005706787 
5.3060808181762695 
5.578527450561523 
5.436444282531738 
7.0900421142578125 
6.879655838012695 
6.179107666015625 
5.634589672088623 
6.14273738861084 
8.572707176208496 
7.740395545959473 
5.391844749450684 
8.070021629333496 
9.03592586517334 
6.000587463378906 
5.5693817138671875 
5.707196235656738 
6.15574312210083 
6.351762771606445 
5.826708793640137 
6.039565563201904 
7.360663414001465 
6.483494281768799 
5.741657257080078 
6.513079643249512 
6.603766441345215 
6.9599432945251465 
8.849320411682129 
9.347674369812012 
6.10471248626709 
7.301823616027832 
5.797639846801758 
6.217525482177734 
6.380082607269287 
8.528575897216797 
7.733453273773193 
4.866238117218018 
5.511613845825195 
8.925307273864746 
6.047480583190918 
6.425530433654785 
5.9229936599731445 
5.41528844833374 
7.869095325469971 
6.860599994659424 
5.151333808898926 
7.260941982269287 
5.968599796295166 
5.894742965698242 
5.565266132354736 
6.020872116088867 
7.1252593994140625 
5.720986366271973 
5.68023681640625 
6.171112537384033 
6.683957099914551 
6.452263832092285 
7.952641487121582 
8.07724380493164 
5.664536952972412 
5.645742416381836 
6.4685773849487305 
5.177426815032959 
6.196518898010254 
5.940112113952637 
7.451249599456787 
7.509068965911865 
5.800202369689941 
6.912740707397461 
8.929698944091797 
8.11387825012207 
5.805421829223633 
5.537104606628418 
4.327356815338135 
8.048208236694336 
6.813418865203857 
6.443073749542236 
6.188596725463867 
6.946359634399414 
4.967041492462158 
5.764838218688965 
7.077619552612305 
6.487262725830078 
5.791400909423828 
7.328677177429199 
4.513770580291748 
5.757236480712891 
5.220486640930176 
6.077751159667969 
6.022273063659668 
5.8574442863464355 
9.342826843261719 
7.16658878326416 
6.051412582397461 
5.826230049133301 
6.295295238494873 
7.2585015296936035 
6.596799850463867 
7.357067108154297 
5.893074035644531 
6.636183261871338 
4.858386993408203 
6.312821388244629 
6.3857221603393555 
7.400299072265625 
6.3218278884887695 
5.992575645446777 
8.874199867248535 
5.784053802490234 
5.728606224060059 
6.72403621673584 
6.646086692810059 
5.450479507446289 
6.072935104370117 
6.731089115142822 
6.320614814758301 
4.3683271408081055 
6.10356330871582 
6.759047985076904 
6.179286956787109 
6.796993255615234 
6.459118843078613 
8.936989784240723 
6.547784328460693 
5.090080261230469 
5.158331871032715 
6.352941513061523 
8.228583335876465 
8.372803688049316 
5.321435928344727 
5.681448459625244 
6.8456878662109375 
5.697615623474121 
6.873955726623535 
6.782435894012451 
5.516416549682617 
8.136059761047363 
5.570424556732178 
6.147008895874023 
5.860266208648682 
4.650465488433838 
6.200315475463867 
4.765898704528809 
6.159343719482422 
7.956079483032227 
6.578300952911377 
6.958981513977051 
6.954257011413574 
6.089654922485352 
7.269555568695068 
6.076308250427246 
6.712826251983643 
5.855616569519043 
6.7875776290893555 
6.890372276306152 
7.110962867736816 
5.671943664550781 
6.319725036621094 
5.3582258224487305 
9.116774559020996 
5.306318759918213 
6.798989772796631 
7.232182025909424 
7.05685567855835 
6.205171585083008 
6.3585710525512695 
5.357825756072998 
5.501253604888916 
6.380058288574219 
6.720137596130371 
5.438993453979492 
6.620908737182617 
5.699838161468506 
9.1713228225708 
6.813642501831055 
8.19952392578125 
7.845024108886719 
6.264909744262695 
6.06757926940918 
6.112971305847168 
6.751492023468018 
6.212898254394531 
5.47269868850708 
6.128110408782959 
7.023303985595703 
5.8172688484191895 
7.230953216552734 
6.58609676361084 
6.241377830505371 
7.231649398803711 
5.657845497131348 
9.150395393371582 
5.42305850982666 
5.501665115356445 
5.493806838989258 
6.07553243637085 
6.085637092590332 
5.6296796798706055 
7.427529335021973 
6.6493306159973145 
5.784505844116211 
7.428130626678467 
6.637080192565918 
5.936145782470703 
5.737746715545654 
7.069961071014404 
6.394119739532471 
6.733074188232422 
6.629635334014893 
7.857583522796631 
6.5617475509643555 
7.872942924499512 
5.967441558837891 
7.324641227722168 
6.0058207511901855 
5.237152099609375 
8.836899757385254 
5.603873252868652 
5.847964286804199 
5.446924209594727 
6.930085182189941 
6.238202095031738 
5.165921688079834 
6.123668193817139 
7.354616165161133 
8.959589004516602 
6.653067111968994 
7.356995105743408 
5.552107334136963 
5.96974515914917 
5.599859237670898 
10.342808723449707 
6.412174224853516 
6.869623184204102 
6.17479133605957 
5.504186153411865 
5.549953460693359 
5.543825149536133 
6.447504043579102 
5.773632526397705 
7.911664962768555 
6.386214256286621 
5.671267509460449 
6.602601051330566 
6.389839172363281 
6.3893280029296875 
5.193002223968506 
6.071234703063965 
8.326125144958496 
6.733612537384033 
5.831770420074463 
5.838236331939697 
8.191145896911621 
7.079246520996094 
5.468963146209717 
6.347919940948486 
4.882072448730469 
6.889717102050781 
5.683599948883057 
6.607454299926758 
6.903975009918213 
5.449285507202148 
6.583255767822266 
6.83013916015625 
6.1992597579956055 
6.093502998352051 
6.16151237487793 
5.725533485412598 
6.848100185394287 
6.3674116134643555 
8.415459632873535 
6.572643756866455 
6.794955730438232 
5.689886093139648 
6.208281517028809 
8.619686126708984 
5.685126781463623 
6.638713836669922 
6.397806644439697 
6.172069549560547 
8.235563278198242 
7.4139628410339355 
7.388059616088867 
6.747673988342285 
6.781023979187012 
5.979352951049805 
6.941805362701416 
6.85562801361084 
6.00242805480957 
5.6476545333862305 
6.330787658691406 
7.913754463195801 
7.278250694274902 
5.907957077026367 
6.168100357055664 
6.435842514038086 
5.789158344268799 
5.814481735229492 
5.5743207931518555 
6.298985481262207 
6.807230472564697 
5.887611389160156 
5.962606430053711 
5.0924835205078125 
8.243233680725098 
6.932762622833252 
6.004847526550293 
5.860013484954834 
5.912297248840332 
7.126150131225586 
9.437846183776855 
7.431968688964844 
5.803872108459473 
6.491884231567383 
5.746044158935547 
5.635428428649902 
6.59922981262207 
6.7425408363342285 
7.051396369934082 
6.824185371398926 
5.504977226257324 
5.4094648361206055 
7.234488487243652 
6.927084922790527 
5.962584972381592 
5.76402473449707 
7.022113800048828 
5.1930694580078125 
5.969259738922119 
6.295931339263916 
5.805377006530762 
6.315775394439697 
6.412059783935547 
5.995110034942627 
9.202842712402344 
5.7308197021484375 
5.780733108520508 
6.080883026123047 
4.365888595581055 
6.207024574279785 
6.634825706481934 
5.204545021057129 
5.780214309692383 
6.49513053894043 
8.030293464660645 
7.496447563171387 
5.805269241333008 
5.846392631530762 
5.8873066902160645 
6.391961097717285 
6.5351409912109375 
6.95212984085083 
7.774363040924072 
9.316880226135254 
6.178849697113037 
5.562351226806641 
7.831971168518066 
7.985503196716309 
6.484774589538574 
7.848258018493652 
4.985029220581055 
5.8131279945373535 
8.195737838745117 
7.5525007247924805 
5.827086925506592 
4.901737213134766 
9.425042152404785 
6.552825927734375 
6.578614711761475 
6.941050052642822 
7.594745635986328 
6.475031852722168 
6.72001838684082 
6.06787633895874 
5.1829986572265625 
6.8579182624816895 
6.9648003578186035 
5.925483703613281 
7.104061126708984 
9.094531059265137 
7.547950267791748 
6.298723220825195 
7.713278293609619 
6.08588981628418 
6.969686985015869 
6.806223392486572 
6.937700271606445 
7.047114372253418 
6.296669960021973 
5.520224571228027 
5.651768684387207 
6.514827728271484 
8.39792537689209 
8.032354354858398 
7.801716327667236 
7.549283981323242 
5.655101776123047 
5.830048561096191 
5.536313056945801 
6.3692474365234375 
8.622994422912598 
5.9471306800842285 
6.621791839599609 
5.394586563110352 
8.20160961151123 
5.541938781738281 
7.182804584503174 
6.425746917724609 
5.639845848083496 
6.66599702835083 
5.46990442276001 
6.716414451599121 
6.295173168182373 
6.3811726570129395 
6.577644348144531 
6.266511917114258 
7.119877815246582 
5.578463554382324 
7.843139171600342 
5.52512264251709 
7.150771141052246 
6.559135913848877 
6.637384414672852 
4.98403787612915 
6.989934921264648 
5.7820563316345215 
6.990184783935547 
5.800558090209961 
6.181483268737793 
7.390133380889893 
6.609861850738525 
5.803896903991699 
8.099686622619629 
5.9509782791137695 
7.005049228668213 
6.598968029022217 
4.969573020935059 
6.417966842651367 
6.481729030609131 
8.10749340057373 
4.89291524887085 
6.138511657714844 
8.016535758972168 
5.885010242462158 
7.4691853523254395 
5.715141773223877 
7.683199882507324 
6.39901065826416 
5.985257148742676 
7.314699172973633 
6.8847174644470215 
6.516592502593994 
6.174065589904785 
6.2263970375061035 
6.5244646072387695 
6.498464584350586 
5.842588424682617 
6.385470390319824 
6.265907287597656 
4.82766580581665 
6.090797424316406 
6.099886894226074 
5.503360748291016 
7.120762825012207 
5.691444396972656 
5.186400413513184 
6.368562698364258 
8.576708793640137 
8.629679679870605 
9.52245044708252 
7.091266632080078 
6.3153486251831055 
5.504355430603027 
7.168325424194336 
6.045690059661865 
7.111699104309082 
8.452537536621094 
5.9505767822265625 
6.582741737365723 
8.283947944641113 
7.472714424133301 
5.7747883796691895 
7.1438188552856445 
6.109612941741943 
8.220926284790039 
6.2633771896362305 
7.267268180847168 
9.869732856750488 
6.400618553161621 
7.678865432739258 
6.668951988220215 
9.05196762084961 
7.978435516357422 
6.520878314971924 
7.90174674987793 
7.054471969604492 
6.428240776062012 
5.423213005065918 
6.089000701904297 
7.556708335876465 
4.351354598999023 
6.340019702911377 
7.49075984954834 
6.3710432052612305 
6.793089389801025 
7.385159015655518 
6.047303676605225 
7.202871322631836 
6.0912675857543945 
6.164282321929932 
6.213568687438965 
6.477336406707764 
6.923323631286621 
5.960773944854736 
5.924483299255371 
7.785763740539551 
7.449467658996582 
6.904790878295898 
5.855714797973633 
6.191348075866699 
8.162487030029297 
6.503970623016357 
6.068598747253418 
7.332505226135254 
6.001363277435303 
7.13599967956543 
6.34362268447876 
5.521297454833984 
7.723552703857422 
5.812513828277588 
8.80188274383545 
6.457863807678223 
7.181907653808594 
6.466435432434082 
8.567212104797363 
6.063764572143555 
6.772129058837891 
6.688662052154541 
6.953257083892822 
6.212912559509277 
6.327404022216797 
6.02579402923584 
5.719551086425781 
6.2895708084106445 
6.156448841094971 
6.429821014404297 
5.843946933746338 
8.846983909606934 
6.244140625 
5.733190536499023 
5.115424633026123 
6.518144607543945 
6.228311538696289 
5.561036109924316 
7.481508255004883 
7.266549110412598 
5.1658244132995605 
7.084162712097168 
6.226860523223877 
4.8703765869140625 
4.982151508331299 
5.662444591522217 
6.74602746963501 
4.9218597412109375 
8.708290100097656 
8.612712860107422 
6.887011528015137 
5.411843299865723 
10.19962215423584 
5.961014270782471 
6.1302032470703125 
6.850177764892578 
6.137596130371094 
7.450479984283447 
6.533385753631592 
6.22254753112793 
5.587424278259277 
7.9737653732299805 
6.338723182678223 
7.272233486175537 
5.493929862976074 
5.860755920410156 
5.967519283294678 
5.55816650390625 
6.334319591522217 
5.819807529449463 
6.029633045196533 
5.6688232421875 
5.570234775543213 
5.597882270812988 
6.136780738830566 
6.2129034996032715 
7.060708045959473 
8.449840545654297 
6.272006034851074 
5.13365364074707 
5.033833026885986 
5.614523887634277 
7.142672538757324 
6.68598747253418 
5.896556854248047 
8.137393951416016 
7.489439964294434 
6.055020332336426 
7.462424278259277 
7.158108234405518 
6.026142120361328 
7.221462249755859 
6.553967475891113 
6.481808662414551 
5.928773880004883 
5.912971019744873 
6.807165145874023 
9.312920570373535 
7.3558502197265625 
4.705833911895752 
7.656257152557373 
6.201160430908203 
5.704442024230957 
5.519853591918945 
7.671231269836426 
5.8418989181518555 
6.5579304695129395 
8.649317741394043 
6.728225231170654 
6.425528526306152 
6.5070414543151855 
6.057257652282715 
5.149720191955566 
5.13934326171875 
7.886307716369629 
6.038989067077637 
6.1219482421875 
6.270801544189453 
6.772897720336914 
7.591174125671387 
7.059807777404785 
6.46064567565918 
7.245365142822266 
9.111300468444824 
6.406001091003418 
6.164830207824707 
9.211344718933105 
6.109255313873291 
7.241228103637695 
5.80598258972168 
6.717478275299072 
8.304577827453613 
6.8329973220825195 
6.707456111907959 
6.612653732299805 
5.72122859954834 
4.650247573852539 
6.9415669441223145 
7.805109024047852 
7.628725528717041 
5.658154010772705 
6.943900108337402 
5.7361674308776855 
5.360951900482178 
7.066695690155029 
5.687437057495117 
6.44210147857666 
5.717288970947266 
5.136368751525879 
7.621528625488281 
4.929193496704102 
6.026399612426758 
7.939184665679932 
6.936283588409424 
5.467998504638672 
7.521694183349609 
6.159073829650879 
5.951957702636719 
6.882969856262207 
6.579468727111816 
6.53675651550293 
4.952936172485352 
5.661276340484619 
5.7629804611206055 
10.852726936340332 
5.330646514892578 
5.048573017120361 
6.337444305419922 
6.232633113861084 
6.133450031280518 
5.52457857131958 
6.207895755767822 
6.996232032775879 
5.668459892272949 
8.172618865966797 
4.955061912536621 
6.842710018157959 
7.786192417144775 
6.483368873596191 
6.029863357543945 
7.647137641906738 
7.2885541915893555 
6.445577621459961 
6.513501167297363 
5.5755157470703125 
5.513378143310547 
8.619124412536621 
7.611361503601074 
5.45242166519165 
7.594761848449707 
5.492033958435059 
6.007645130157471 
7.823908805847168 
6.506648063659668 
6.331747055053711 
5.488749980926514 
7.044834136962891 
6.609065055847168 
6.253760814666748 
5.945574760437012 
5.472628116607666 
6.149787902832031 
5.6074981689453125 
6.454065799713135 
5.405490875244141 
5.567595481872559 
6.998225688934326 
5.787858009338379 
5.617441654205322 
5.879953861236572 
6.733112812042236 
6.036942481994629 
6.222726821899414 
8.698822975158691 
5.328067779541016 
7.63775110244751 
6.780514717102051 
6.125932693481445 
6.18079948425293 
5.247107028961182 
6.382074356079102 
7.015945911407471 
5.323347091674805 
4.740650653839111 
6.833320617675781 
6.118298530578613 
6.290002822875977 
5.5629777908325195 
4.859872817993164 
5.642703056335449 
5.695980072021484 
6.0124921798706055 
6.307467937469482 
5.6258134841918945 
6.61359167098999 
5.569803237915039 
6.683185577392578 
7.271767616271973 
7.558461666107178 
5.986730575561523 
5.866149425506592 
6.663021087646484 
5.263158798217773 
8.988624572753906 
6.078113555908203 
5.680800437927246 
6.340462684631348 
8.393342971801758 
6.936444282531738 
8.07001781463623 
7.066493988037109 
5.013960838317871 
6.970602989196777 
5.521716594696045 
5.702762603759766 
5.522397041320801 
5.026637077331543 
6.829148292541504 
6.911077499389648 
4.556862831115723 
6.278520584106445 
6.423828125 
6.221630096435547 
5.959639549255371 
6.137472152709961 
7.101545333862305 
5.081871032714844 
6.390756130218506 
5.886072158813477 
5.776402473449707 
6.859829902648926 
7.66995906829834 
6.606947422027588 
8.034659385681152 
4.43623685836792 
6.967563629150391 
7.177703857421875 
6.19062614440918 
7.2420501708984375 
5.845015048980713 
8.217151641845703 
7.585341453552246 
7.690967082977295 
6.930897235870361 
7.481570243835449 
8.70059871673584 
6.3064117431640625 
5.0533952713012695 
5.691202163696289 
6.229305267333984 
5.547053337097168 
6.086740493774414 
7.732816696166992 
6.139093399047852 
5.447301864624023 
6.6872334480285645 
6.6004743576049805 
5.423241138458252 
5.535648822784424 
8.009648323059082 
8.62201976776123 
6.546922206878662 
6.373281478881836 
5.607906341552734 
6.284908294677734 
7.214316368103027 
5.490413665771484 
8.265694618225098 
6.144603729248047 
4.971759796142578 
9.257981300354004 
6.785843372344971 
6.301764488220215 
6.877462387084961 
8.5303316116333 
6.603378772735596 
7.730534553527832 
7.021206855773926 
6.024381637573242 
8.00627613067627 
5.4577765464782715 
8.020692825317383 
7.099405288696289 
5.6807708740234375 
6.745415687561035 
6.6958818435668945 
6.500302314758301 
7.247181415557861 
7.235097408294678 
7.032628536224365 
5.829278945922852 
7.7914228439331055 
6.987257480621338 
7.651726245880127 
6.576635360717773 
6.170003890991211 
6.050861358642578 
7.414071083068848 
6.2499518394470215 
7.0098042488098145 
6.536836624145508 
5.483175754547119 
7.897045612335205 
8.45937442779541 
6.253544330596924 
6.368206024169922 
5.102077007293701 
5.507478713989258 
8.247563362121582 
5.935009956359863 
8.167651176452637 
7.368350982666016 
6.7724199295043945 
5.668301582336426 
6.43196964263916 
5.962738037109375 
4.9516754150390625 
5.994159698486328 
7.0464324951171875 
7.5492682456970215 
5.77020788192749 
6.869424819946289 
5.836070537567139 
6.621298789978027 
7.848778247833252 
6.589897155761719 
7.276328086853027 
5.2452239990234375 
5.840529441833496 
7.405483245849609 
6.420132637023926 
5.9621734619140625 
6.546623229980469 
7.262679100036621 
5.035940647125244 
5.628567695617676 
6.335903167724609 
5.485633850097656 
5.811993598937988 
5.56001091003418 
5.699012279510498 
6.224299430847168 
7.835070610046387 
6.651589870452881 
7.336935520172119 
9.159157752990723 
7.277473449707031 
6.822365760803223 
7.619463920593262 
5.569260597229004 
7.1859235763549805 
6.279270172119141 
5.8099775314331055 
7.358983516693115 
6.164579391479492 
7.285594940185547 
6.455987930297852 
6.892086982727051 
6.4740376472473145 
6.570180416107178 
7.076756477355957 
5.58627462387085 
6.556189060211182 
7.130302429199219 
8.431963920593262 
6.413364887237549 
5.632229804992676 
5.537685871124268 
6.652286529541016 
6.904613494873047 
6.731646537780762 
5.909517288208008 
7.44289493560791 
5.841988563537598 
6.219754219055176 
6.388754844665527 
6.344244956970215 
6.0705108642578125 
5.804620742797852 
6.0116868019104 
7.4650983810424805 
5.337425231933594 
6.967456817626953 
6.41619873046875 
8.442994117736816 
6.579010963439941 
6.278350353240967 
6.659663200378418 
5.710326194763184 
6.082854270935059 
5.666364669799805 
7.44429874420166 
4.925287246704102 
6.00665283203125 
7.635246276855469 
7.778677463531494 
5.787768363952637 
6.067313194274902 
8.005678176879883 
6.203827381134033 
5.110137462615967 
7.134441375732422 
7.859511852264404 
7.363767623901367 
7.347508430480957 
9.517593383789062 
5.743486404418945 
6.44088077545166 
6.69587516784668 
7.545165061950684 
6.252867698669434 
5.7940673828125 
4.74757719039917 
4.961970806121826 
5.760008811950684 
6.007137298583984 
5.258468151092529 
5.978250503540039 
6.152832984924316 
5.920145034790039 
6.6984405517578125 
5.798666954040527 
6.140356540679932 
7.577022552490234 
6.540841102600098 
6.299044609069824 
6.40363883972168 
4.949153423309326 
6.833749771118164 
5.7321929931640625 
5.825592994689941 
7.5669145584106445 
8.039759635925293 
5.891201019287109 
6.5401105880737305 
8.259279251098633 
6.778227806091309 
5.5757832527160645 
7.294552326202393 
6.588620185852051 
5.351423740386963 
7.11403751373291 
4.889159202575684 
6.651568412780762 
7.097691059112549 
6.141707420349121 
7.460258960723877 
6.320032119750977 
8.739154815673828 
5.501004695892334 
5.919764518737793 
6.596431732177734 
8.550556182861328 
6.608237266540527 
4.911552906036377 
6.584369659423828 
5.936321258544922 
6.856544494628906 
5.590799331665039 
5.4084153175354 
6.091524600982666 
6.550999641418457 
5.874294757843018 
6.929378032684326 
7.406994342803955 
5.442508697509766 
5.618808746337891 
5.092371463775635 
7.3092780113220215 
6.450313568115234 
7.555246829986572 
5.800880432128906 
7.506599426269531 
6.194789886474609 
7.316251754760742 
6.155384063720703 
4.623239517211914 
6.656803131103516 
6.871150970458984 
7.67496395111084 
7.021166801452637 
5.82531213760376 
6.711380958557129 
5.813625335693359 
5.40388298034668 
6.146650314331055 
5.662776470184326 
7.123907089233398 
6.707200050354004 
6.531069755554199 
8.315818786621094 
6.648368835449219 
6.104894638061523 
5.931665420532227 
7.031553745269775 
5.430311679840088 
6.604200839996338 
7.332860946655273 
6.043623924255371 
6.545823097229004 
8.225059509277344 
5.701148509979248 
8.660146713256836 
6.936708450317383 
6.152182579040527 
5.729852676391602 
6.047178268432617 
6.260965347290039 
7.125423431396484 
6.108540058135986 
6.27663516998291 
8.361100196838379 
6.606353759765625 
6.821379661560059 
5.445496559143066 
5.361453056335449 
6.087808609008789 
4.860659599304199 
6.684483528137207 
6.375486850738525 
8.080947875976562 
6.973660945892334 
6.527613639831543 
6.128746032714844 
5.214405059814453 
5.0661797523498535 
6.055948257446289 
6.447573661804199 
9.296696662902832 
5.635674476623535 
5.236271858215332 
8.779889106750488 
6.199718475341797 
5.316905975341797 
7.0438008308410645 
9.161715507507324 
7.3299970626831055 
7.113368988037109 
7.218048095703125 
5.8860979080200195 
6.018579959869385 
6.089239597320557 
6.648575782775879 
6.063199996948242 
7.263608932495117 
5.882828235626221 
7.209190368652344 
8.052088737487793 
6.9513983726501465 
6.384275436401367 
7.278848648071289 
6.647528648376465 
6.173177719116211 
5.892868995666504 
5.866023540496826 
6.104081153869629 
6.2623186111450195 
5.8455095291137695 
6.0325927734375 
6.295541286468506 
6.442082405090332 
5.897524356842041 
5.904077529907227 
5.548340797424316 
6.618137359619141 
7.71315860748291 
7.797328948974609 
5.711372375488281 
6.3865461349487305 
7.125609874725342 
5.436339378356934 
7.083904266357422 
6.482161045074463 
7.26187801361084 
5.736661911010742 
7.920587539672852 
5.862391948699951 
5.626237392425537 
6.410336494445801 
6.415346145629883 
7.9229416847229 
6.141145706176758 
5.4279632568359375 
5.649644374847412 
5.677519798278809 
5.515685081481934 
8.314684867858887 
5.77952766418457 
7.953711032867432 
7.04177188873291 
5.700218200683594 
7.022459506988525 
7.897640228271484 
7.633249282836914 
5.640111923217773 
6.442224502563477 
7.674594879150391 
6.520724296569824 
6.234003067016602 
9.084185600280762 
5.56644344329834 
6.248523235321045 
5.344082832336426 
5.878766059875488 
5.523679256439209 
7.247916221618652 
7.125609397888184 
8.6030855178833 
6.6844940185546875 
4.865025997161865 
6.913547515869141 
5.185946464538574 
6.116013050079346 
5.910283088684082 
7.350412845611572 
6.751500129699707 
7.670155048370361 
