7.7060017585754395 
5.151514053344727 
6.1641974449157715 
5.741150856018066 
6.070131301879883 
6.165394306182861 
6.977277755737305 
5.753190994262695 
5.391953945159912 
8.198086738586426 
6.387362480163574 
4.9386420249938965 
6.5656561851501465 
5.745412349700928 
5.428459644317627 
7.603682518005371 
7.338197231292725 
6.659494876861572 
7.403679847717285 
5.825555801391602 
7.095098972320557 
6.052495956420898 
6.480467796325684 
5.139064788818359 
6.9561638832092285 
9.322179794311523 
7.159617900848389 
5.231978893280029 
7.2926435470581055 
5.609082221984863 
6.02219295501709 
5.816220283508301 
6.365294933319092 
5.458370685577393 
6.15746545791626 
5.694852828979492 
6.121735572814941 
7.877657890319824 
7.336490154266357 
6.932132720947266 
6.567023754119873 
6.0967912673950195 
6.399588108062744 
5.979832649230957 
6.40573787689209 
5.559079170227051 
6.8691253662109375 
4.622612476348877 
9.08127498626709 
7.18329381942749 
5.601740837097168 
6.139225482940674 
7.441882133483887 
7.14259672164917 
7.181853771209717 
5.470844268798828 
6.780763149261475 
8.614909172058105 
6.186041831970215 
5.817574501037598 
5.423576831817627 
6.704724311828613 
7.881683826446533 
6.114065170288086 
6.015812873840332 
7.227769374847412 
6.437811851501465 
5.460231304168701 
5.836249351501465 
6.123702526092529 
7.805137634277344 
6.468607425689697 
6.309171676635742 
5.386735439300537 
6.443926811218262 
8.125051498413086 
6.461781024932861 
6.495046138763428 
5.015087604522705 
5.642401695251465 
6.256006240844727 
7.2219624519348145 
6.125965595245361 
6.356991767883301 
5.125585079193115 
5.834821701049805 
7.1799187660217285 
4.865958213806152 
6.926230430603027 
6.860701084136963 
6.623713493347168 
5.150084972381592 
5.18150520324707 
6.122481346130371 
7.410442352294922 
6.835890293121338 
5.461810111999512 
7.519815444946289 
6.1775031089782715 
5.775877475738525 
7.203179836273193 
7.288257122039795 
6.199009418487549 
5.829322814941406 
6.007832050323486 
9.556201934814453 
5.589653491973877 
6.539657115936279 
8.105705261230469 
5.950417995452881 
7.138010501861572 
5.883631229400635 
6.646196365356445 
6.9658942222595215 
5.173820972442627 
5.899585723876953 
6.224555492401123 
10.376882553100586 
5.859579563140869 
5.97647762298584 
6.011510848999023 
5.653668403625488 
6.938218116760254 
5.999314308166504 
7.498332500457764 
4.9210896492004395 
5.986439228057861 
8.236246109008789 
5.606098175048828 
7.398091793060303 
6.994891166687012 
7.704982280731201 
5.738336563110352 
7.050459861755371 
5.814876079559326 
7.101157188415527 
7.3477783203125 
6.015667915344238 
6.639578342437744 
8.41787052154541 
5.998963356018066 
8.515154838562012 
8.021871566772461 
6.008856773376465 
5.846140384674072 
5.3303632736206055 
7.705467224121094 
5.3083367347717285 
5.706228256225586 
6.530588626861572 
6.4409637451171875 
7.0810627937316895 
7.361496448516846 
7.257259368896484 
7.804302215576172 
6.94915771484375 
7.695430278778076 
6.271907806396484 
5.535434722900391 
5.646440029144287 
6.271384239196777 
7.190576553344727 
7.481273651123047 
7.105958461761475 
5.5726447105407715 
4.937699794769287 
6.982526779174805 
5.708399295806885 
5.774999618530273 
8.00479793548584 
5.101101398468018 
7.589523792266846 
6.161162853240967 
7.475231647491455 
6.261071681976318 
6.106368541717529 
4.790460109710693 
6.49172830581665 
9.170731544494629 
6.165421485900879 
6.774020195007324 
5.134333610534668 
4.8581671714782715 
5.940047264099121 
5.650735378265381 
6.776484966278076 
6.516909599304199 
5.761892318725586 
5.116529941558838 
6.042261600494385 
7.266739368438721 
6.272888660430908 
6.214239120483398 
5.881171703338623 
6.040469169616699 
6.7545576095581055 
6.753603935241699 
5.822588920593262 
6.20672082901001 
6.215912342071533 
5.551528453826904 
6.539074420928955 
5.772393703460693 
5.6948113441467285 
8.459212303161621 
6.028242588043213 
5.1048688888549805 
6.2909979820251465 
6.02642822265625 
6.69333553314209 
6.649889945983887 
5.523688793182373 
7.35902214050293 
6.095584869384766 
6.269302845001221 
7.599170684814453 
6.453306198120117 
7.474327564239502 
6.428236484527588 
6.065524101257324 
5.441636085510254 
6.392482757568359 
5.68867826461792 
7.1178789138793945 
5.563094615936279 
6.21746826171875 
7.936294078826904 
6.0531182289123535 
5.5687689781188965 
5.837215900421143 
7.035558223724365 
6.411687850952148 
8.38159465789795 
9.544059753417969 
5.388205528259277 
5.540024280548096 
7.4745988845825195 
6.107458114624023 
6.178500652313232 
6.7700605392456055 
5.89704704284668 
7.429065227508545 
5.474819660186768 
6.449959754943848 
5.996480941772461 
6.93719482421875 
5.487646579742432 
7.005893230438232 
6.457290172576904 
5.631284236907959 
5.653536319732666 
9.671795845031738 
4.962954998016357 
8.704970359802246 
8.275029182434082 
5.60768985748291 
6.5188822746276855 
6.732446670532227 
5.645242691040039 
6.233911037445068 
4.850985527038574 
5.9152655601501465 
7.721327781677246 
5.5680389404296875 
6.2190260887146 
5.285640716552734 
5.120898246765137 
6.3949480056762695 
6.368465423583984 
6.47804069519043 
5.555747032165527 
5.963681697845459 
6.129785060882568 
7.040764808654785 
4.452240943908691 
6.703850746154785 
5.979636192321777 
7.809530735015869 
6.728094100952148 
6.323734283447266 
7.309187889099121 
7.686622619628906 
4.646441459655762 
6.1720194816589355 
6.423744201660156 
7.4481353759765625 
6.1635518074035645 
8.878507614135742 
5.6161723136901855 
5.820319652557373 
6.601683616638184 
5.370387554168701 
5.225862979888916 
5.810905456542969 
4.505115985870361 
6.292300701141357 
5.148372173309326 
5.651427268981934 
5.5038299560546875 
6.155393600463867 
6.235995769500732 
6.1571736335754395 
5.037221908569336 
6.981745719909668 
8.393181800842285 
9.5797700881958 
6.108972072601318 
6.503983974456787 
7.980327129364014 
6.37260627746582 
6.8016767501831055 
7.221160888671875 
6.175998687744141 
7.10577917098999 
6.015114784240723 
5.484051704406738 
6.331375598907471 
6.575306415557861 
7.910347938537598 
5.630983352661133 
6.4640631675720215 
5.610475540161133 
6.626894950866699 
7.046060085296631 
5.210141658782959 
5.746821880340576 
6.119655609130859 
7.3508405685424805 
5.816505432128906 
5.790684223175049 
5.924315929412842 
6.199770450592041 
5.995931148529053 
5.746588230133057 
5.335568904876709 
6.294454097747803 
6.242509841918945 
6.3544487953186035 
5.673361778259277 
6.400540351867676 
7.491273403167725 
8.108794212341309 
6.273448944091797 
8.461087226867676 
5.883632183074951 
6.068027019500732 
6.93876838684082 
7.089478492736816 
6.672459125518799 
6.683104991912842 
4.761167049407959 
5.8506903648376465 
7.788644790649414 
6.288417816162109 
5.733964443206787 
7.7081756591796875 
6.358945369720459 
9.343755722045898 
6.768871307373047 
4.71494197845459 
8.475678443908691 
8.221799850463867 
7.632208347320557 
5.535388469696045 
6.199560642242432 
6.28124475479126 
5.641406059265137 
7.159272193908691 
6.163656711578369 
7.168582439422607 
6.892273426055908 
6.244422435760498 
6.184202194213867 
10.498072624206543 
6.573215961456299 
5.684903621673584 
7.672776699066162 
6.526209831237793 
8.578530311584473 
6.747452259063721 
6.163027763366699 
6.841385364532471 
9.176008224487305 
6.3307647705078125 
7.776515007019043 
8.617551803588867 
5.601535797119141 
5.470575332641602 
7.38734769821167 
6.431861400604248 
6.331463813781738 
6.162011623382568 
6.290035724639893 
5.889899253845215 
6.123635768890381 
5.7981157302856445 
6.094973087310791 
4.928910732269287 
6.2005133628845215 
5.996100425720215 
7.829994201660156 
7.121195316314697 
5.464817047119141 
6.0258469581604 
7.463491439819336 
6.0931220054626465 
6.330974578857422 
8.762182235717773 
6.082240104675293 
5.094611644744873 
7.849607944488525 
6.022089958190918 
6.1340436935424805 
5.804869651794434 
7.4007768630981445 
6.424633502960205 
5.7494893074035645 
5.930356502532959 
7.688162803649902 
7.157220840454102 
6.718626976013184 
5.820502281188965 
8.036286354064941 
8.608884811401367 
6.2497992515563965 
5.029140949249268 
5.781439781188965 
7.987644195556641 
7.113856315612793 
5.713907241821289 
6.875977516174316 
7.475522994995117 
7.244594573974609 
5.997932434082031 
4.9431986808776855 
6.628628253936768 
7.110997200012207 
6.294046878814697 
7.652728080749512 
5.997384071350098 
7.008416652679443 
6.45058536529541 
7.887938022613525 
6.170620918273926 
5.111128330230713 
7.244869232177734 
6.026460647583008 
5.626865863800049 
6.6689653396606445 
5.169757843017578 
5.942584991455078 
6.624668121337891 
6.044503688812256 
5.632284164428711 
5.543630599975586 
5.578518867492676 
5.741023540496826 
6.6393537521362305 
5.495883464813232 
6.969641208648682 
5.159076690673828 
5.190401077270508 
6.114638328552246 
5.452950477600098 
7.745750427246094 
5.530089855194092 
7.354493618011475 
6.2592363357543945 
6.893739700317383 
6.159938335418701 
6.652719497680664 
5.924474239349365 
5.723241806030273 
8.90461540222168 
7.4056010246276855 
6.6962714195251465 
4.592990875244141 
5.297608852386475 
5.460815906524658 
6.655825138092041 
5.512472152709961 
7.770339488983154 
8.205121040344238 
7.409824371337891 
6.922515869140625 
6.851485729217529 
5.838266372680664 
9.17873477935791 
6.233240127563477 
6.427908897399902 
6.815462112426758 
8.363106727600098 
7.477057456970215 
6.558326244354248 
6.093681335449219 
5.7105865478515625 
7.999242305755615 
6.092034816741943 
6.034840106964111 
6.359992027282715 
6.147603988647461 
6.678896427154541 
5.773550510406494 
6.077346324920654 
6.94371223449707 
4.6782002449035645 
5.4851975440979 
8.631444931030273 
5.590396881103516 
6.424632549285889 
4.353084564208984 
5.443480968475342 
6.346998691558838 
6.2780280113220215 
7.020484924316406 
5.207170009613037 
5.920781135559082 
8.58430290222168 
5.898773193359375 
7.6311421394348145 
7.7625885009765625 
8.303606986999512 
6.3665852546691895 
7.05752420425415 
6.106362342834473 
6.066182613372803 
7.109217166900635 
6.310421943664551 
7.1384053230285645 
4.965753078460693 
5.770046234130859 
4.876585960388184 
6.396589279174805 
5.185821056365967 
6.716961860656738 
6.166259288787842 
6.333669185638428 
5.631324768066406 
6.2568793296813965 
7.184076309204102 
7.0438618659973145 
5.458462238311768 
7.667438983917236 
9.224190711975098 
6.202768325805664 
5.3849945068359375 
6.036706447601318 
4.851971626281738 
6.0405707359313965 
5.637569427490234 
5.046816349029541 
6.956945419311523 
6.951179504394531 
6.274968147277832 
6.3857102394104 
5.804176330566406 
5.582691192626953 
6.519989490509033 
6.921948432922363 
6.667621612548828 
7.8963847160339355 
8.774271965026855 
7.827462196350098 
5.896212100982666 
7.86822509765625 
7.341769218444824 
8.495827674865723 
5.738099575042725 
7.371175289154053 
5.660843372344971 
5.89072322845459 
4.896835803985596 
5.429408073425293 
6.348212718963623 
7.106731414794922 
6.778250217437744 
7.281403541564941 
6.377516746520996 
5.918701171875 
6.804251194000244 
5.4193525314331055 
6.400759220123291 
7.5458784103393555 
5.751544952392578 
5.91640043258667 
6.601156234741211 
6.0363688468933105 
6.238682270050049 
5.911564350128174 
6.903456211090088 
7.025983810424805 
5.785135269165039 
7.224564075469971 
4.801611423492432 
8.251090049743652 
6.302369117736816 
6.071086883544922 
5.980776786804199 
6.544379711151123 
6.4610724449157715 
7.0431036949157715 
7.19673490524292 
7.263084411621094 
8.375052452087402 
6.462629795074463 
6.322087287902832 
5.694025993347168 
4.9074554443359375 
8.183295249938965 
7.108929634094238 
7.6288347244262695 
7.513861179351807 
7.065966606140137 
8.60940933227539 
6.8795390129089355 
6.958758354187012 
6.143493175506592 
6.753551006317139 
6.614861965179443 
6.240429401397705 
6.842345237731934 
7.68911075592041 
5.73553991317749 
7.807535648345947 
5.835681915283203 
6.327007293701172 
7.510883331298828 
7.096615791320801 
7.665958881378174 
6.4430413246154785 
9.361371040344238 
5.653517246246338 
5.915290355682373 
4.792449474334717 
6.360162258148193 
5.699155330657959 
8.09140682220459 
6.0833611488342285 
7.653689861297607 
9.401238441467285 
6.96107816696167 
7.535804271697998 
6.650737285614014 
8.713008880615234 
7.805514335632324 
5.915984153747559 
6.2995100021362305 
6.213527679443359 
5.102964401245117 
6.222513198852539 
7.629453182220459 
4.938021659851074 
6.235908508300781 
5.821962833404541 
4.906899452209473 
7.049206256866455 
6.650501251220703 
6.152935981750488 
7.022195816040039 
5.733428001403809 
6.426756858825684 
8.868308067321777 
10.132089614868164 
6.485208988189697 
4.691457748413086 
5.3924784660339355 
8.057116508483887 
7.210651397705078 
6.3542866706848145 
5.915300369262695 
8.235873222351074 
6.292889595031738 
6.383755683898926 
6.82598876953125 
6.83868932723999 
5.516678810119629 
8.157341003417969 
5.948219299316406 
6.896326541900635 
5.862451553344727 
7.044683456420898 
7.893743515014648 
5.8637566566467285 
5.716202735900879 
5.487509250640869 
7.9569091796875 
7.281859397888184 
6.754367828369141 
8.635927200317383 
5.891823768615723 
6.16247034072876 
6.740935325622559 
5.7755608558654785 
8.531438827514648 
5.8798298835754395 
8.656317710876465 
6.38244104385376 
7.243227005004883 
5.466454982757568 
5.139060020446777 
6.188476085662842 
5.089446067810059 
8.009714126586914 
7.00826358795166 
5.010787010192871 
8.725380897521973 
7.3730340003967285 
5.988312244415283 
5.4562273025512695 
6.293470859527588 
5.2722487449646 
7.590418338775635 
6.638060569763184 
6.212551116943359 
5.815365791320801 
6.302304744720459 
5.952339172363281 
5.540415287017822 
4.813183784484863 
6.10941219329834 
5.597367763519287 
7.557703495025635 
7.334170341491699 
7.941587924957275 
6.233200550079346 
5.819736003875732 
7.648609638214111 
5.9606709480285645 
7.246795654296875 
6.134247779846191 
8.08109188079834 
6.817601203918457 
7.287467956542969 
5.375603199005127 
7.458159446716309 
6.835176467895508 
6.9035539627075195 
7.469042778015137 
6.460094928741455 
8.078792572021484 
5.248913764953613 
5.025698184967041 
5.403053283691406 
6.552327632904053 
6.262332439422607 
6.463292121887207 
6.218225479125977 
8.483366966247559 
6.11917781829834 
6.421184539794922 
7.959437370300293 
9.540881156921387 
6.359938144683838 
5.727916717529297 
6.356064796447754 
5.099320411682129 
7.433117866516113 
7.56115198135376 
10.86599349975586 
6.207869052886963 
9.069666862487793 
6.036731243133545 
6.669614791870117 
5.325719833374023 
5.092342853546143 
4.670393466949463 
6.450490951538086 
8.202471733093262 
6.3521647453308105 
9.568302154541016 
6.795417785644531 
5.936046600341797 
7.95216703414917 
7.300029754638672 
7.177641868591309 
7.565697193145752 
7.863011837005615 
5.766343116760254 
7.348108291625977 
6.018758296966553 
6.4572038650512695 
5.844012260437012 
7.137843608856201 
7.990171909332275 
5.491222381591797 
6.500659942626953 
5.2813568115234375 
5.3010945320129395 
5.487490177154541 
6.809751033782959 
5.606781005859375 
6.838724613189697 
5.517902374267578 
5.974179744720459 
5.499824047088623 
6.364341735839844 
6.078249454498291 
6.615489482879639 
7.111428737640381 
7.524372577667236 
7.5576491355896 
5.661982536315918 
5.335352420806885 
6.509598731994629 
6.924432277679443 
5.548045635223389 
8.342931747436523 
6.152796268463135 
4.813189506530762 
6.017692565917969 
6.468254089355469 
7.94881010055542 
7.50377893447876 
7.935659408569336 
7.894687175750732 
5.76273250579834 
6.937514781951904 
6.409644603729248 
6.237093448638916 
5.9641618728637695 
4.938037872314453 
4.612521648406982 
6.299139499664307 
7.028084754943848 
7.051729679107666 
5.950818061828613 
7.10191011428833 
5.778217315673828 
6.618371963500977 
6.351800918579102 
6.352754592895508 
7.2175374031066895 
6.272428035736084 
6.088809967041016 
5.6840643882751465 
5.159835338592529 
6.11573600769043 
5.742605686187744 
7.079344272613525 
5.9319915771484375 
8.958772659301758 
6.477611541748047 
7.519192695617676 
7.426513195037842 
6.782599925994873 
5.977640151977539 
7.594720840454102 
6.076087474822998 
5.39853048324585 
8.894599914550781 
5.628232479095459 
5.390341281890869 
5.247032165527344 
7.0482096672058105 
6.699963092803955 
5.779823303222656 
8.424053192138672 
6.98047399520874 
8.556865692138672 
5.326125621795654 
5.978158950805664 
5.460946559906006 
6.124613285064697 
5.084158420562744 
4.916965484619141 
5.016110420227051 
4.6196112632751465 
6.583890438079834 
7.0226054191589355 
6.237277507781982 
6.151591777801514 
5.658619403839111 
6.600613117218018 
7.406414985656738 
6.947030067443848 
5.4237565994262695 
5.121465682983398 
7.090200901031494 
5.685736179351807 
5.593539714813232 
7.632333755493164 
5.5871806144714355 
7.079949378967285 
6.307982444763184 
6.823267936706543 
8.876751899719238 
7.610296249389648 
9.359662055969238 
4.822484016418457 
8.028162956237793 
5.379281997680664 
4.878432273864746 
8.134713172912598 
5.2006916999816895 
6.352703094482422 
7.416731834411621 
7.387146949768066 
6.734529495239258 
6.065304756164551 
7.511286735534668 
5.484813690185547 
5.73301362991333 
6.000332832336426 
5.270297527313232 
7.3700127601623535 
8.730939865112305 
6.909842014312744 
7.109375 
6.488529205322266 
5.91065788269043 
7.104069232940674 
5.24553918838501 
7.01448917388916 
9.969535827636719 
6.458622455596924 
5.894837379455566 
5.683774471282959 
8.3599271774292 
5.304858207702637 
4.622270107269287 
6.222147464752197 
7.625446319580078 
8.191573143005371 
5.593696594238281 
6.579071998596191 
5.645345211029053 
6.383884906768799 
5.139129161834717 
4.951226711273193 
5.783562183380127 
6.19342565536499 
6.476473808288574 
5.444785118103027 
6.930478572845459 
6.594744682312012 
6.690445899963379 
5.940797328948975 
5.86793327331543 
5.872532367706299 
5.4247307777404785 
7.175676345825195 
5.555463790893555 
6.071534633636475 
6.675107002258301 
6.3671088218688965 
6.191648006439209 
5.881913661956787 
6.2762579917907715 
6.255773067474365 
6.633582592010498 
7.084612846374512 
7.102381706237793 
6.524655818939209 
6.038179397583008 
6.12066650390625 
5.018859386444092 
6.107932090759277 
4.758556365966797 
5.676666259765625 
5.350224018096924 
7.43609619140625 
5.961764335632324 
6.2681427001953125 
5.187719821929932 
7.9154558181762695 
5.369265556335449 
7.162529468536377 
7.496785640716553 
5.4326276779174805 
5.87317419052124 
5.941374778747559 
5.212384223937988 
7.335094928741455 
4.935145854949951 
7.786386489868164 
6.88417911529541 
7.245859622955322 
7.444546222686768 
5.993091583251953 
6.937230587005615 
5.709621906280518 
6.35293436050415 
7.051399230957031 
5.300633430480957 
5.546144008636475 
7.2764668464660645 
6.427573204040527 
7.010705947875977 
5.714295864105225 
6.47891902923584 
6.676329612731934 
7.702671051025391 
5.930760860443115 
8.741883277893066 
5.543796539306641 
6.378957748413086 
6.63470458984375 
6.283849716186523 
6.747047424316406 
5.842126369476318 
7.683945655822754 
5.362907886505127 
6.358062267303467 
6.950033664703369 
6.763255596160889 
6.59030818939209 
6.210334777832031 
8.443756103515625 
7.152018070220947 
5.505191802978516 
7.666749477386475 
6.726759433746338 
5.061564922332764 
8.834407806396484 
7.084277629852295 
6.304998874664307 
5.172242641448975 
5.465933322906494 
5.1611528396606445 
7.558510780334473 
6.4595208168029785 
6.41426944732666 
5.360594749450684 
6.237137794494629 
7.456789493560791 
6.463590621948242 
8.935365676879883 
5.696755409240723 
5.9738078117370605 
7.771718978881836 
5.331419467926025 
8.258318901062012 
6.032368183135986 
5.85624885559082 
6.68022346496582 
5.5272955894470215 
6.312381744384766 
8.417572975158691 
8.374375343322754 
5.7823967933654785 
7.789414882659912 
6.279018878936768 
8.12833023071289 
8.50506591796875 
7.840278625488281 
6.4463911056518555 
6.530004024505615 
5.295605182647705 
7.827323913574219 
7.531582355499268 
5.696962833404541 
6.605100154876709 
6.246761322021484 
5.98658561706543 
5.338786602020264 
6.382898807525635 
4.504215240478516 
5.460211277008057 
6.492096900939941 
9.456757545471191 
6.658143520355225 
7.883536338806152 
6.739953517913818 
7.916271209716797 
5.09382963180542 
6.612703323364258 
5.855883598327637 
6.17785120010376 
8.509671211242676 
6.753087997436523 
5.917360305786133 
6.838660717010498 
6.859920024871826 
7.532276153564453 
5.46403694152832 
6.076531410217285 
6.2577667236328125 
8.333610534667969 
5.870875835418701 
6.916972637176514 
5.378236770629883 
4.823031425476074 
8.060918807983398 
5.141950607299805 
4.823894500732422 
6.230960845947266 
6.241735458374023 
4.5710320472717285 
6.310168743133545 
5.392631530761719 
5.6061224937438965 
7.795865535736084 
5.456757068634033 
7.067644119262695 
6.107816219329834 
8.666523933410645 
5.588606834411621 
6.332421779632568 
5.814708709716797 
6.175271987915039 
6.058568477630615 
8.961915969848633 
6.9198689460754395 
5.498243808746338 
5.18291711807251 
7.291292190551758 
8.308507919311523 
8.476119041442871 
5.252808094024658 
6.429531097412109 
5.681436061859131 
7.044769287109375 
5.181962013244629 
5.92744779586792 
6.247126579284668 
6.823994159698486 
5.538040637969971 
6.466172218322754 
8.36471176147461 
6.7123003005981445 
7.965498924255371 
7.9485883712768555 
7.725130558013916 
9.197134971618652 
8.370485305786133 
5.151995658874512 
5.766029357910156 
6.935203552246094 
6.6285905838012695 
6.2483391761779785 
8.46484661102295 
5.933532238006592 
7.592658996582031 
6.319981575012207 
5.436131000518799 
6.015522003173828 
5.984904766082764 
8.30446720123291 
5.714221954345703 
6.230964660644531 
6.784209251403809 
6.324044227600098 
6.780448913574219 
6.77877140045166 
5.8641510009765625 
6.187190055847168 
6.888006687164307 
5.912831783294678 
5.4611735343933105 
5.936962127685547 
7.7184576988220215 
6.210852146148682 
5.886084079742432 
4.891709804534912 
6.742028713226318 
5.798121929168701 
5.518939018249512 
5.3379902839660645 
6.5197248458862305 
6.076553821563721 
7.378514289855957 
5.9396443367004395 
7.559940338134766 
5.1455559730529785 
5.59943962097168 
6.164649963378906 
6.086826324462891 
6.908052444458008 
6.726885795593262 
5.2999067306518555 
4.75777530670166 
5.904867649078369 
8.763468742370605 
4.96668004989624 
6.261937141418457 
5.745562553405762 
4.525086879730225 
7.032808303833008 
6.977365016937256 
7.091695308685303 
6.722905158996582 
7.4449238777160645 
6.557281017303467 
6.2586212158203125 
4.992726802825928 
5.41062593460083 
5.487442970275879 
5.967369556427002 
6.3050971031188965 
7.214410305023193 
5.171773910522461 
7.365512847900391 
6.060520172119141 
6.242313385009766 
7.249192237854004 
8.30337905883789 
5.853702545166016 
8.595389366149902 
4.559316635131836 
6.99785852432251 
5.878442287445068 
5.603934288024902 
6.179586887359619 
6.615042686462402 
5.5674943923950195 
8.987290382385254 
6.665235996246338 
6.839452743530273 
6.966935634613037 
7.882120609283447 
6.24491024017334 
5.461121559143066 
7.837032318115234 
6.5869364738464355 
5.199683666229248 
6.171573638916016 
6.349649429321289 
5.978796005249023 
8.755534172058105 
5.786715984344482 
6.76481294631958 
7.7004523277282715 
5.743025779724121 
5.404851913452148 
5.566254138946533 
7.063808441162109 
7.915557384490967 
5.563042163848877 
6.388673782348633 
7.893967628479004 
5.23565149307251 
6.888309001922607 
6.731891632080078 
6.398204326629639 
5.584445953369141 
5.8829169273376465 
5.99449348449707 
5.916848182678223 
5.238793849945068 
5.70535135269165 
7.974721431732178 
7.249790191650391 
7.757724761962891 
6.819350242614746 
6.219521999359131 
6.314820289611816 
8.058732032775879 
5.534472465515137 
7.730913162231445 
6.287315845489502 
8.200756072998047 
6.570603847503662 
6.584995269775391 
7.30129337310791 
6.887787818908691 
6.463016986846924 
5.578240394592285 
7.631836414337158 
6.176950931549072 
5.479254245758057 
6.954410552978516 
5.983460903167725 
6.564027786254883 
5.345993995666504 
6.465785026550293 
5.9529829025268555 
6.009637832641602 
6.869588851928711 
8.218932151794434 
6.434223651885986 
5.984424591064453 
6.81680965423584 
5.700918674468994 
7.323739528656006 
10.141239166259766 
6.55144739151001 
5.9249677658081055 
6.631138324737549 
5.780948162078857 
8.450701713562012 
6.257476329803467 
7.04612922668457 
7.416284084320068 
6.287232875823975 
4.905003547668457 
6.113101959228516 
5.928483486175537 
5.7101922035217285 
8.768485069274902 
5.977061748504639 
4.803410530090332 
5.908924579620361 
7.306562900543213 
5.684390544891357 
9.761008262634277 
6.273649215698242 
6.932476997375488 
6.425844669342041 
5.167929172515869 
5.777825355529785 
6.431048393249512 
8.083836555480957 
5.152439117431641 
7.228172779083252 
9.9904146194458 
5.725050926208496 
8.311156272888184 
6.686756134033203 
5.972639560699463 
5.286548137664795 
7.538802146911621 
6.613965034484863 
7.984822750091553 
5.794473648071289 
7.153279781341553 
5.423894882202148 
6.273375511169434 
6.764618396759033 
5.894833087921143 
7.216868877410889 
7.799886226654053 
6.25019645690918 
7.654099941253662 
6.696263313293457 
5.877758026123047 
6.0334367752075195 
6.354413986206055 
6.423112392425537 
9.704973220825195 
6.70699405670166 
4.726876258850098 
7.911684513092041 
5.241230487823486 
6.3518595695495605 
5.1992034912109375 
6.057397365570068 
5.385810852050781 
4.957971572875977 
7.366314888000488 
5.374090194702148 
5.419109344482422 
5.975427627563477 
6.1614603996276855 
5.988458156585693 
7.2833428382873535 
6.673394203186035 
6.297109603881836 
6.921738147735596 
6.95054292678833 
6.3351640701293945 
8.517571449279785 
5.6115593910217285 
6.114131927490234 
4.991971015930176 
7.3450517654418945 
7.2458109855651855 
6.012881278991699 
5.390897750854492 
6.987578392028809 
5.359159469604492 
7.402318477630615 
5.906806468963623 
7.6330718994140625 
6.093188285827637 
8.930984497070312 
7.467918395996094 
7.392024517059326 
6.820903778076172 
8.392706871032715 
5.091854095458984 
6.214662551879883 
7.48496675491333 
6.7013115882873535 
5.129337310791016 
8.160977363586426 
7.216349124908447 
8.093281745910645 
5.516417026519775 
7.115196704864502 
5.900006294250488 
5.178732872009277 
6.555637359619141 
7.268171787261963 
5.012842655181885 
5.6606645584106445 
7.520323753356934 
6.975946426391602 
5.406984329223633 
7.664845943450928 
5.265949726104736 
6.1008148193359375 
7.321816444396973 
6.044483661651611 
5.949010372161865 
7.90150260925293 
5.789370059967041 
5.705196857452393 
7.09093713760376 
6.819621562957764 
7.0673065185546875 
4.732022762298584 
6.226044178009033 
6.238602161407471 
5.96373987197876 
6.176454544067383 
5.077504634857178 
5.931705951690674 
6.353836536407471 
6.646005630493164 
8.546948432922363 
7.338059425354004 
5.464198589324951 
6.358281135559082 
5.478628158569336 
7.078512668609619 
7.41713285446167 
6.361025810241699 
6.884766101837158 
5.225393295288086 
5.632624626159668 
5.574213981628418 
6.450446605682373 
5.044282913208008 
6.0970892906188965 
5.8804240226745605 
7.421713352203369 
7.05821418762207 
7.598771095275879 
8.29691219329834 
5.7328572273254395 
5.55257511138916 
7.108261585235596 
6.285168647766113 
6.1137824058532715 
5.689965724945068 
4.845455169677734 
6.182004451751709 
5.632212162017822 
5.816856384277344 
5.535233020782471 
5.571550369262695 
4.916511058807373 
8.291481971740723 
6.677380084991455 
6.475745677947998 
6.513692855834961 
7.310648441314697 
5.434645175933838 
5.521264553070068 
5.285512924194336 
6.03918981552124 
8.209952354431152 
7.345611572265625 
5.982957363128662 
4.966879844665527 
5.66791296005249 
8.658073425292969 
6.7423272132873535 
5.052850723266602 
7.07002592086792 
5.952760696411133 
6.1513214111328125 
5.888707637786865 
5.989371299743652 
6.259806156158447 
5.757375717163086 
6.353590488433838 
6.433692455291748 
7.309772968292236 
6.705183982849121 
5.962181568145752 
5.493185997009277 
6.930906772613525 
5.284014701843262 
5.648195743560791 
7.729708194732666 
6.840140342712402 
6.239858150482178 
8.55950927734375 
6.259678363800049 
8.02922248840332 
8.108566284179688 
6.027276515960693 
6.953167915344238 
9.185392379760742 
6.569700717926025 
5.900369167327881 
6.120244026184082 
8.583667755126953 
7.2478742599487305 
5.80108118057251 
5.315266132354736 
5.554756164550781 
6.687365531921387 
6.458826541900635 
5.515680313110352 
6.554651737213135 
8.93218994140625 
6.231948375701904 
6.232486248016357 
7.83141565322876 
6.94094181060791 
7.407488822937012 
5.799124717712402 
6.562092304229736 
7.268516540527344 
5.483495712280273 
5.5557780265808105 
6.552069664001465 
5.6468586921691895 
7.269906520843506 
6.360442638397217 
6.636336803436279 
7.905762672424316 
5.5323381423950195 
6.902983665466309 
9.509578704833984 
7.142858505249023 
6.0154523849487305 
5.80255651473999 
5.491697311401367 
6.729914665222168 
6.1546244621276855 
8.2340669631958 
6.032345771789551 
7.197630405426025 
6.592463970184326 
4.917094707489014 
6.992677688598633 
6.296558856964111 
5.5949907302856445 
6.096869468688965 
7.4251389503479 
6.501238822937012 
6.62038516998291 
7.007467746734619 
7.698954105377197 
5.845917701721191 
5.718601226806641 
5.6651835441589355 
5.4488630294799805 
8.147445678710938 
5.2911248207092285 
10.721121788024902 
6.5397515296936035 
7.890397548675537 
5.347910404205322 
8.70706844329834 
6.869853973388672 
7.3407135009765625 
6.7999267578125 
8.003283500671387 
5.3580851554870605 
5.293323516845703 
5.935650825500488 
6.499092102050781 
6.112415313720703 
6.725192070007324 
5.848636150360107 
7.803688049316406 
7.368411540985107 
5.550721168518066 
5.617344856262207 
6.877920150756836 
5.896907329559326 
6.178402423858643 
5.355276584625244 
6.597140312194824 
5.461810111999512 
7.83708381652832 
5.09218692779541 
9.675188064575195 
7.403226852416992 
6.12673807144165 
6.774491310119629 
5.4335174560546875 
4.755222797393799 
6.615339756011963 
7.133209705352783 
4.795199394226074 
5.561603546142578 
5.96670389175415 
6.189730167388916 
4.9271464347839355 
6.46712064743042 
5.927759170532227 
6.655371189117432 
5.343689918518066 
7.224099636077881 
6.135488986968994 
5.220834732055664 
6.445528030395508 
6.104070663452148 
5.981179714202881 
5.926663875579834 
5.089898586273193 
6.02337646484375 
6.318561553955078 
4.801985263824463 
6.046473979949951 
5.472468852996826 
6.620423793792725 
5.74217414855957 
5.256738185882568 
5.390335559844971 
7.917603015899658 
7.1176581382751465 
4.976959705352783 
6.180634498596191 
5.892066478729248 
6.11045503616333 
6.413345813751221 
6.050467491149902 
6.367473602294922 
6.465229034423828 
6.0692925453186035 
7.078167915344238 
5.7960076332092285 
6.467892169952393 
9.13080883026123 
7.413631916046143 
6.559584140777588 
7.724191188812256 
5.742784023284912 
5.968746662139893 
5.938888072967529 
6.961374759674072 
6.454965114593506 
9.43520450592041 
7.16345739364624 
6.096473693847656 
8.383650779724121 
6.534329891204834 
9.656739234924316 
5.651550769805908 
6.544386863708496 
8.536789894104004 
6.114003658294678 
7.266179084777832 
7.4099860191345215 
8.762222290039062 
6.209838390350342 
7.958470344543457 
5.943273544311523 
6.755465030670166 
5.391615867614746 
6.644226551055908 
6.240321636199951 
8.127985000610352 
9.966814994812012 
6.271466255187988 
5.6510844230651855 
8.296051979064941 
5.504119873046875 
6.907933235168457 
6.485391616821289 
7.045592308044434 
9.108160972595215 
7.190402507781982 
6.224997043609619 
6.880724906921387 
6.940925121307373 
6.615509510040283 
5.807736396789551 
6.019714832305908 
6.416877269744873 
5.399011611938477 
6.295042991638184 
8.74348258972168 
6.67540979385376 
6.849392414093018 
5.971222877502441 
6.591851711273193 
5.572972297668457 
5.506535530090332 
6.98672342300415 
7.080356597900391 
6.661170482635498 
5.838233470916748 
5.822705268859863 
7.000982284545898 
6.75019645690918 
7.512134075164795 
6.708573341369629 
7.314469337463379 
5.158585071563721 
6.81638765335083 
4.761762619018555 
6.48671293258667 
9.6334810256958 
6.31487512588501 
6.37518835067749 
6.3298845291137695 
5.887705326080322 
6.007339954376221 
6.8018317222595215 
6.783181190490723 
7.574588298797607 
5.59237813949585 
5.4632368087768555 
5.369156360626221 
5.056334972381592 
6.491838455200195 
5.351146221160889 
6.855833530426025 
6.570943355560303 
5.303049564361572 
8.475234031677246 
5.023477554321289 
6.879615783691406 
7.532741069793701 
7.439869403839111 
7.894744873046875 
6.73680305480957 
7.680068492889404 
5.21721887588501 
6.120203971862793 
6.436147212982178 
5.432656288146973 
7.950972557067871 
6.111135482788086 
5.29680061340332 
5.445904731750488 
7.126611709594727 
5.5864081382751465 
7.183592319488525 
8.525938034057617 
7.467496871948242 
5.70404577255249 
7.286822319030762 
5.298114776611328 
6.77293586730957 
6.1789469718933105 
5.2669172286987305 
5.330416202545166 
8.435436248779297 
8.245601654052734 
6.577676296234131 
5.989570617675781 
6.567578315734863 
6.916954040527344 
5.876457214355469 
5.632852077484131 
7.611351490020752 
7.768112659454346 
5.891861915588379 
5.790674686431885 
6.168556213378906 
7.61749792098999 
8.84192180633545 
6.640528678894043 
7.232483386993408 
7.595800399780273 
5.852626800537109 
5.5485615730285645 
7.1135334968566895 
4.5789971351623535 
4.438469409942627 
7.148951530456543 
6.4015960693359375 
6.834461212158203 
5.4881696701049805 
7.52501916885376 
5.344325542449951 
6.606316566467285 
5.7610392570495605 
6.04263973236084 
6.831873416900635 
7.7051286697387695 
6.855583667755127 
8.37712574005127 
6.594322681427002 
6.1005635261535645 
6.013493061065674 
8.112123489379883 
8.430121421813965 
5.943058490753174 
6.108248710632324 
5.686787128448486 
5.645122528076172 
6.874273300170898 
4.799844741821289 
7.777248382568359 
6.338912487030029 
5.278212547302246 
6.714260101318359 
6.621523380279541 
6.002051830291748 
7.450035572052002 
6.3164191246032715 
8.610540390014648 
6.20173454284668 
6.354947566986084 
7.511429309844971 
6.780734062194824 
8.027512550354004 
6.328901767730713 
6.388556957244873 
6.201932430267334 
5.689694404602051 
6.123414039611816 
7.268375396728516 
5.056125640869141 
5.283308029174805 
5.743525505065918 
7.321019649505615 
6.166153907775879 
6.927830696105957 
6.387837886810303 
5.411074638366699 
5.130980014801025 
7.491896629333496 
6.154442310333252 
9.708515167236328 
5.738899230957031 
8.288369178771973 
7.783123016357422 
6.609899997711182 
7.97586727142334 
8.431000709533691 
6.009432315826416 
6.980013847351074 
6.068359375 
6.272223949432373 
4.852304458618164 
7.30816125869751 
6.246973991394043 
5.509368419647217 
6.4668731689453125 
5.4747467041015625 
5.539734363555908 
6.66355037689209 
7.87909460067749 
5.715319633483887 
8.510906219482422 
5.002586364746094 
5.826937198638916 
7.110251426696777 
6.073019027709961 
6.054844379425049 
5.670979976654053 
5.566767692565918 
6.109695911407471 
6.2439188957214355 
6.504647254943848 
8.462172508239746 
8.369279861450195 
9.274287223815918 
6.56884765625 
7.246847152709961 
7.155142307281494 
6.695405960083008 
8.84917163848877 
5.6860880851745605 
6.033799648284912 
7.550398349761963 
6.17336893081665 
5.751511096954346 
5.9810051918029785 
6.740586280822754 
7.438577651977539 
6.412764549255371 
5.328367233276367 
7.300323486328125 
5.052830696105957 
7.480288505554199 
7.182307720184326 
7.493879318237305 
6.473915100097656 
6.340400218963623 
6.228702068328857 
6.0398664474487305 
6.548358917236328 
5.653134346008301 
5.936434268951416 
8.999886512756348 
5.7091827392578125 
6.702557563781738 
5.968252658843994 
6.0615010261535645 
5.268985748291016 
6.091490268707275 
5.57825231552124 
8.248016357421875 
5.806617259979248 
7.437302112579346 
5.592565059661865 
7.420225620269775 
6.4276251792907715 
6.40667724609375 
9.23503589630127 
9.19044017791748 
5.720261573791504 
5.547684669494629 
6.209079265594482 
5.792569637298584 
7.919347286224365 
6.043153762817383 
5.762951374053955 
8.482478141784668 
7.45947790145874 
5.528717994689941 
7.670260906219482 
5.8691630363464355 
5.913565158843994 
7.617878437042236 
6.576632976531982 
8.252018928527832 
6.701521396636963 
6.176506519317627 
6.004292011260986 
5.8124918937683105 
6.309575080871582 
7.0007452964782715 
8.682730674743652 
5.842634201049805 
6.113093376159668 
9.60004997253418 
7.76146936416626 
7.315393924713135 
6.720486640930176 
7.681148529052734 
8.700663566589355 
6.659789562225342 
6.364310264587402 
6.5502214431762695 
5.126403331756592 
7.09997034072876 
6.43389368057251 
6.651662349700928 
7.517106056213379 
4.961341381072998 
5.178796291351318 
6.000059604644775 
6.0584282875061035 
6.305988788604736 
6.263875961303711 
6.676149845123291 
5.483822822570801 
5.799241542816162 
8.088542938232422 
6.904575347900391 
6.527895927429199 
6.6832098960876465 
7.282927989959717 
5.532662868499756 
5.8409743309021 
5.11349630355835 
6.673887252807617 
7.781460285186768 
7.9264116287231445 
6.550381183624268 
6.164748191833496 
6.413975238800049 
5.897064685821533 
6.596637725830078 
5.216848373413086 
7.161148548126221 
5.8542256355285645 
6.344454288482666 
5.190489768981934 
8.5374174118042 
7.63841438293457 
6.145303249359131 
5.651974678039551 
6.199810028076172 
7.9302873611450195 
6.652998924255371 
5.6743388175964355 
6.581592082977295 
8.07101821899414 
5.908778190612793 
5.846704006195068 
5.105393409729004 
6.672739505767822 
7.002003192901611 
7.505784511566162 
6.734775066375732 
4.979259490966797 
5.853691577911377 
5.784463405609131 
6.4903564453125 
5.989900588989258 
5.347736358642578 
9.267066955566406 
5.099900722503662 
5.732531547546387 
4.888156890869141 
6.975127220153809 
7.283404350280762 
7.906487941741943 
6.934679985046387 
5.139805316925049 
6.614364147186279 
8.383275032043457 
6.301408290863037 
7.256892681121826 
6.740418910980225 
6.513533115386963 
6.745037078857422 
6.644878387451172 
6.729639530181885 
7.44767427444458 
9.299473762512207 
7.219604015350342 
6.187191486358643 
5.86524772644043 
6.139360427856445 
8.503687858581543 
6.662441730499268 
6.201035022735596 
7.287343978881836 
5.624969482421875 
6.404995918273926 
5.360774993896484 
5.208941459655762 
6.554279804229736 
6.25759220123291 
6.192868709564209 
5.281919002532959 
5.985813617706299 
7.1999735832214355 
6.717290878295898 
5.586482048034668 
6.315779685974121 
5.899588584899902 
6.541903018951416 
6.558811187744141 
5.233047008514404 
8.137931823730469 
5.234359264373779 
6.778789043426514 
5.4966936111450195 
6.490453243255615 
5.440428733825684 
6.153388500213623 
5.478504180908203 
5.856064796447754 
6.888638019561768 
6.963019371032715 
6.013000011444092 
5.3774919509887695 
6.09235954284668 
6.2228779792785645 
6.394118785858154 
7.168580532073975 
6.705066680908203 
4.850077152252197 
5.877892971038818 
5.4751715660095215 
6.480543613433838 
7.400668144226074 
7.066250324249268 
5.671245574951172 
7.415265083312988 
5.265777111053467 
6.295324325561523 
6.717777729034424 
5.321046829223633 
6.410170555114746 
7.66365385055542 
7.098428249359131 
6.764713764190674 
4.922555923461914 
5.092158317565918 
8.022972106933594 
8.476096153259277 
6.4673542976379395 
4.606539249420166 
5.581676006317139 
7.953184127807617 
5.492283821105957 
6.127298831939697 
9.851201057434082 
6.360091686248779 
5.960618019104004 
5.8653693199157715 
5.724257946014404 
9.897016525268555 
6.076050758361816 
8.493907928466797 
5.504023551940918 
6.444006443023682 
5.9000468254089355 
6.251669883728027 
6.4064435958862305 
7.551368713378906 
6.659380912780762 
6.795493125915527 
5.418464183807373 
5.4863433837890625 
5.241273880004883 
7.52930212020874 
7.003267765045166 
6.242098808288574 
7.544315814971924 
6.136363506317139 
9.472746849060059 
5.417254447937012 
6.294931411743164 
7.417270183563232 
8.705744743347168 
5.930705547332764 
6.789643287658691 
6.223260402679443 
7.08851432800293 
8.292009353637695 
6.449199676513672 
6.2746758460998535 
7.068778038024902 
5.580573081970215 
5.301023483276367 
6.76858377456665 
5.2199015617370605 
6.554232120513916 
7.022964954376221 
5.898369789123535 
6.338079929351807 
7.4005351066589355 
5.79546594619751 
5.633883476257324 
8.375911712646484 
7.226949214935303 
6.6794657707214355 
6.3409504890441895 
10.365801811218262 
4.828176498413086 
8.19471263885498 
5.837401390075684 
5.686821937561035 
6.465368270874023 
8.228261947631836 
8.346916198730469 
7.1704583168029785 
6.429044246673584 
7.969472885131836 
4.790942668914795 
7.842350006103516 
7.858572006225586 
6.5300612449646 
6.484431266784668 
5.332826614379883 
6.4274773597717285 
7.098693370819092 
9.10666561126709 
6.164928436279297 
5.916136264801025 
5.065659999847412 
7.5150017738342285 
7.076759338378906 
6.25414514541626 
8.16455364227295 
4.8226799964904785 
4.719810962677002 
5.216557502746582 
5.961453914642334 
7.820420742034912 
7.776798725128174 
8.858040809631348 
5.125706672668457 
7.513423919677734 
5.596107006072998 
7.762938976287842 
6.111162185668945 
6.238710403442383 
6.08860969543457 
5.207836151123047 
5.303325176239014 
5.213255405426025 
6.214217662811279 
5.920539379119873 
5.523565292358398 
5.809051990509033 
6.663178443908691 
7.4136176109313965 
7.758985996246338 
7.483834266662598 
7.545802116394043 
7.445068359375 
7.68090295791626 
5.447930335998535 
6.909704208374023 
6.149498462677002 
5.82383918762207 
6.016042232513428 
5.608071804046631 
6.384599685668945 
5.847956657409668 
6.204629421234131 
6.624327182769775 
6.489931583404541 
6.430500030517578 
6.420315742492676 
6.032674312591553 
6.823636531829834 
6.724037170410156 
6.960846900939941 
6.517510890960693 
5.328006744384766 
6.3392744064331055 
5.719034194946289 
5.442897796630859 
6.559592247009277 
6.060191631317139 
6.2676496505737305 
6.460501670837402 
5.8210930824279785 
6.861361503601074 
8.467256546020508 
6.690761089324951 
6.014176368713379 
7.62332820892334 
7.249017238616943 
5.798402309417725 
5.3943939208984375 
8.51707649230957 
8.2382173538208 
6.461503982543945 
5.871178150177002 
5.447980880737305 
4.755180835723877 
6.309553146362305 
6.137441158294678 
9.06417465209961 
7.52254581451416 
5.926450252532959 
6.161898136138916 
6.17500638961792 
6.273182392120361 
6.616642951965332 
6.347319602966309 
7.451828956604004 
5.261080265045166 
5.691156387329102 
6.6041107177734375 
5.237082004547119 
6.557154178619385 
6.617398262023926 
7.867386817932129 
7.805525302886963 
6.346779823303223 
7.143031120300293 
8.036849021911621 
9.5894193649292 
9.259746551513672 
6.919445991516113 
7.380118370056152 
7.769083499908447 
7.969769477844238 
5.798206329345703 
6.87529182434082 
7.14748477935791 
6.155685901641846 
5.364532470703125 
7.352102279663086 
5.350868225097656 
5.440337181091309 
7.2828450202941895 
7.343931674957275 
5.811211109161377 
7.074958801269531 
5.171710014343262 
6.081799507141113 
5.443454265594482 
4.748219013214111 
8.06645679473877 
5.547698020935059 
8.336020469665527 
4.766473293304443 
7.523800373077393 
6.928804874420166 
5.384924411773682 
4.841042518615723 
7.1015448570251465 
4.794260501861572 
6.005575180053711 
5.657991409301758 
6.092161178588867 
6.035543441772461 
6.767514228820801 
6.739944934844971 
7.334394931793213 
5.774040699005127 
7.027960777282715 
5.983816623687744 
7.505064010620117 
7.301903247833252 
7.4081268310546875 
6.909196376800537 
5.975406169891357 
7.537640571594238 
9.259825706481934 
6.7139692306518555 
6.2389817237854 
6.168429374694824 
6.9157609939575195 
6.175602436065674 
8.226055145263672 
10.130995750427246 
6.226099014282227 
6.594839096069336 
5.949751853942871 
6.225239276885986 
5.306950092315674 
6.045213222503662 
7.027757167816162 
5.811509132385254 
5.531851291656494 
6.004452228546143 
5.91347074508667 
6.824099063873291 
5.325936794281006 
5.88918399810791 
6.187379837036133 
6.3590826988220215 
6.741513729095459 
7.910231590270996 
5.730088710784912 
5.955050945281982 
7.001044750213623 
7.276147365570068 
7.185338497161865 
6.639557838439941 
6.235057830810547 
7.815747261047363 
5.997226715087891 
5.5880255699157715 
6.226721286773682 
7.099430561065674 
6.149272918701172 
5.265705108642578 
5.667755603790283 
9.765678405761719 
6.2191338539123535 
7.729057312011719 
6.6093621253967285 
6.100185871124268 
4.967532157897949 
5.429437160491943 
8.222454071044922 
6.449050426483154 
8.467090606689453 
7.299715042114258 
5.587962627410889 
8.403589248657227 
5.441177845001221 
8.521001815795898 
5.67270040512085 
5.673362731933594 
9.06600570678711 
5.240954875946045 
6.662619113922119 
8.649311065673828 
7.711156368255615 
5.754640102386475 
5.9315948486328125 
5.306138515472412 
6.289931297302246 
6.782866477966309 
6.9567975997924805 
9.303227424621582 
9.121904373168945 
6.478194236755371 
6.466446876525879 
8.021288871765137 
5.003096103668213 
5.571606636047363 
8.777703285217285 
5.854190349578857 
5.64028263092041 
5.560237884521484 
7.273993968963623 
8.612616539001465 
8.472379684448242 
5.963114261627197 
5.587168216705322 
5.882289409637451 
4.914008140563965 
7.205584526062012 
10.334613800048828 
7.446369647979736 
6.083242416381836 
6.177749156951904 
6.54157018661499 
7.110945224761963 
6.499669551849365 
5.825140953063965 
6.9557318687438965 
5.082304954528809 
6.583024024963379 
6.290968894958496 
9.419910430908203 
5.961925506591797 
6.275610446929932 
6.318370342254639 
5.612502574920654 
5.812895774841309 
9.33228588104248 
5.703053951263428 
6.742478847503662 
6.042492866516113 
6.4152655601501465 
5.771724224090576 
5.0709099769592285 
7.311563491821289 
5.046475410461426 
6.392206192016602 
6.468100547790527 
4.829251289367676 
7.5903496742248535 
6.914888858795166 
5.8979926109313965 
6.671116352081299 
7.259416103363037 
5.580048084259033 
6.927408218383789 
5.312509536743164 
5.233610153198242 
6.599576950073242 
6.735659599304199 
5.634426593780518 
6.0572099685668945 
5.793114185333252 
5.83463191986084 
5.706780910491943 
6.909224510192871 
6.449704170227051 
7.830684661865234 
7.259848117828369 
5.885037899017334 
7.693150043487549 
6.070129871368408 
4.653306484222412 
6.8536553382873535 
5.873080730438232 
5.69166374206543 
5.9776835441589355 
5.29508638381958 
6.082470417022705 
6.4322943687438965 
6.126278400421143 
5.480246067047119 
5.435797214508057 
5.176936626434326 
5.105053901672363 
6.18641996383667 
6.103362083435059 
6.260406494140625 
5.556884765625 
6.875337600708008 
7.053624153137207 
7.046885967254639 
6.141432762145996 
5.225895404815674 
7.541930675506592 
6.334549427032471 
6.8423075675964355 
6.531597137451172 
6.864612102508545 
8.026755332946777 
6.745258331298828 
5.746086597442627 
6.706908702850342 
7.427489757537842 
7.184206008911133 
6.7436652183532715 
7.103200912475586 
6.234702110290527 
8.183087348937988 
6.115617275238037 
8.092839241027832 
7.115082740783691 
5.026968002319336 
5.677514553070068 
6.551628589630127 
7.117816925048828 
6.682831764221191 
5.85630989074707 
5.444009304046631 
6.027790546417236 
4.501179218292236 
9.227845191955566 
5.242751121520996 
6.329259395599365 
5.710624694824219 
7.509961128234863 
7.025754928588867 
6.782772541046143 
5.306812286376953 
6.836291790008545 
6.874204635620117 
5.821767807006836 
7.826147079467773 
7.447325229644775 
5.180818557739258 
5.568544864654541 
6.03863000869751 
5.008418083190918 
5.674310207366943 
6.634104251861572 
6.363899230957031 
5.997054576873779 
5.095285415649414 
5.276752471923828 
5.090259552001953 
6.115828514099121 
5.702343463897705 
6.949447154998779 
6.936942100524902 
5.755970001220703 
8.482132911682129 
8.221786499023438 
6.910493850708008 
7.094293117523193 
9.121846199035645 
5.261584758758545 
6.4843645095825195 
7.395503044128418 
5.209479808807373 
7.253450393676758 
7.965468406677246 
8.101539611816406 
5.809872627258301 
6.806766033172607 
6.070032596588135 
6.623608589172363 
5.941527843475342 
6.013450622558594 
5.596004962921143 
6.863903045654297 
6.479456901550293 
6.881239414215088 
5.584828853607178 
6.232940673828125 
6.3376145362854 
6.2899980545043945 
6.139498233795166 
6.66989803314209 
5.646607875823975 
6.2033305168151855 
5.025634288787842 
5.773884296417236 
5.726643085479736 
6.890422344207764 
6.711416244506836 
5.92629337310791 
6.662547588348389 
5.352728843688965 
6.030704021453857 
6.804482460021973 
5.649867534637451 
5.9323410987854 
4.942058086395264 
6.128489971160889 
6.66116189956665 
7.063388347625732 
5.045008659362793 
5.469916820526123 
6.967856407165527 
6.8638739585876465 
6.684107303619385 
6.559422969818115 
5.346523761749268 
6.3955397605896 
5.407565593719482 
6.3772149085998535 
6.356966972351074 
7.364713191986084 
5.972567558288574 
5.602059364318848 
6.152525424957275 
8.164847373962402 
6.482487678527832 
5.891829490661621 
7.10833215713501 
5.5987467765808105 
4.844614505767822 
6.351520538330078 
8.213220596313477 
6.066410541534424 
5.4020538330078125 
7.532410621643066 
5.605938911437988 
6.01073694229126 
6.450094223022461 
7.542642116546631 
5.687100410461426 
9.743529319763184 
6.784364223480225 
7.783415794372559 
8.602225303649902 
5.791892051696777 
7.990997314453125 
6.203526973724365 
7.850108623504639 
4.84201192855835 
4.932809829711914 
4.656990051269531 
5.896008491516113 
5.5990824699401855 
7.886433124542236 
5.833194255828857 
5.627926826477051 
6.29132604598999 
5.2671685218811035 
5.680726051330566 
6.55562162399292 
6.417961120605469 
8.587904930114746 
5.983104228973389 
9.605353355407715 
6.258188247680664 
6.814766883850098 
6.124894142150879 
6.310234546661377 
6.609772682189941 
6.1145806312561035 
5.000927925109863 
6.657971382141113 
7.715310096740723 
5.920201301574707 
5.927597999572754 
4.63407039642334 
5.034483909606934 
6.814508438110352 
7.809998512268066 
4.776655197143555 
6.396962642669678 
6.553486347198486 
8.85450553894043 
6.055686950683594 
7.03491735458374 
5.737161636352539 
7.186766147613525 
5.389686584472656 
7.548213481903076 
6.1034836769104 
7.658886909484863 
6.481725215911865 
7.011470317840576 
6.914932727813721 
6.283837795257568 
5.8301920890808105 
8.704811096191406 
7.3809709548950195 
6.786530017852783 
6.411585330963135 
5.92379903793335 
6.786430358886719 
7.00862979888916 
6.010504245758057 
7.021804332733154 
4.908604145050049 
5.832882404327393 
5.4985551834106445 
6.068869113922119 
4.7243804931640625 
5.7438788414001465 
5.726418972015381 
5.693589687347412 
4.969789981842041 
5.634665012359619 
5.768883228302002 
7.023024559020996 
6.739609718322754 
7.1964616775512695 
7.392463684082031 
6.167797565460205 
6.6718220710754395 
8.614338874816895 
6.223947048187256 
6.707696437835693 
5.913748741149902 
6.245857238769531 
5.551811695098877 
5.956914901733398 
6.850363254547119 
6.466889381408691 
6.594409942626953 
5.555790901184082 
5.274689674377441 
5.146990776062012 
6.483120918273926 
7.245110988616943 
7.661416530609131 
6.226179599761963 
5.346582412719727 
5.929944038391113 
5.211911678314209 
5.359067916870117 
7.178798675537109 
6.286349296569824 
7.262828350067139 
6.264275550842285 
6.184924602508545 
6.435800075531006 
6.632567405700684 
9.197916984558105 
6.792298793792725 
7.834356784820557 
8.492724418640137 
7.715285778045654 
6.375211238861084 
7.514018535614014 
6.3384857177734375 
5.101723670959473 
5.141038417816162 
7.5046706199646 
5.0713090896606445 
6.1508331298828125 
6.0605878829956055 
5.971800804138184 
7.059755325317383 
6.101077079772949 
6.842489719390869 
8.535486221313477 
6.196251392364502 
6.300868511199951 
6.29770565032959 
6.375863075256348 
7.9341349601745605 
7.349276542663574 
5.496625900268555 
6.674403667449951 
5.551010608673096 
5.985195636749268 
5.933045387268066 
8.915325164794922 
6.8579816818237305 
7.183698654174805 
6.256752014160156 
6.834394931793213 
7.7814812660217285 
6.9511871337890625 
5.62878942489624 
5.56022834777832 
4.835810661315918 
5.791159152984619 
8.475504875183105 
6.285469055175781 
5.9098076820373535 
5.9577531814575195 
5.424764156341553 
7.189972400665283 
7.323634147644043 
6.920955657958984 
8.118271827697754 
6.305436611175537 
8.299684524536133 
6.543839454650879 
6.721183776855469 
5.71601676940918 
7.269101142883301 
6.8799662590026855 
5.897732734680176 
7.249436378479004 
5.431290149688721 
5.743035316467285 
4.668390274047852 
4.374222755432129 
5.705633640289307 
8.64165210723877 
6.103774547576904 
6.141312122344971 
6.087648391723633 
7.370987415313721 
6.3972344398498535 
5.193684101104736 
6.128094673156738 
5.8364458084106445 
6.409051418304443 
6.1881489753723145 
6.58009672164917 
6.75510311126709 
9.827378273010254 
5.627980709075928 
5.821133613586426 
6.187623500823975 
8.41436767578125 
6.2732672691345215 
6.1578264236450195 
5.734994888305664 
8.138004302978516 
7.336659908294678 
6.5788397789001465 
6.751723766326904 
7.310404300689697 
6.244877815246582 
6.476873874664307 
6.639457702636719 
6.966582298278809 
5.645564079284668 
5.625340938568115 
7.567200183868408 
6.176155090332031 
7.564919471740723 
5.752594470977783 
5.826656818389893 
5.973816871643066 
6.446120262145996 
4.2840495109558105 
7.179412841796875 
7.103078842163086 
7.555990695953369 
6.0564775466918945 
7.304221153259277 
5.944413185119629 
6.765590667724609 
6.152824878692627 
5.398177623748779 
6.197105884552002 
7.992297649383545 
7.038819789886475 
5.5047831535339355 
6.162697792053223 
8.889110565185547 
5.76155424118042 
6.379692077636719 
5.479552745819092 
5.166438579559326 
5.938755512237549 
5.890063285827637 
7.554262638092041 
6.06431245803833 
5.340582370758057 
4.277554988861084 
5.606215476989746 
6.8601508140563965 
9.22490119934082 
6.411682605743408 
6.882697105407715 
6.480727195739746 
6.364606857299805 
5.727963447570801 
7.145418643951416 
5.888630390167236 
6.615777015686035 
5.309276103973389 
5.970829010009766 
7.609957695007324 
4.8804802894592285 
5.396878242492676 
5.714662551879883 
6.045064449310303 
6.099339485168457 
8.975279808044434 
5.911956310272217 
7.52603816986084 
5.946175575256348 
5.554594039916992 
6.076221466064453 
8.608133316040039 
6.04368782043457 
6.607326507568359 
5.579070091247559 
5.995321750640869 
5.469703674316406 
6.179361343383789 
5.758289813995361 
6.21049690246582 
6.695254325866699 
6.152383327484131 
6.344185829162598 
8.81367301940918 
5.37644624710083 
6.7899556159973145 
8.532973289489746 
7.638073444366455 
6.892747402191162 
6.4049458503723145 
6.127645969390869 
5.531847953796387 
6.5054707527160645 
6.5139594078063965 
5.960250377655029 
10.072908401489258 
5.737795829772949 
8.439538955688477 
6.599974155426025 
8.808289527893066 
6.1454596519470215 
6.562173843383789 
5.678773403167725 
6.126071453094482 
7.805225372314453 
7.066812992095947 
6.619452953338623 
8.617725372314453 
5.553091526031494 
7.569045066833496 
6.1853203773498535 
6.383262634277344 
5.951525688171387 
5.220950603485107 
5.481324195861816 
5.672536373138428 
5.412027359008789 
6.615814685821533 
5.195478439331055 
4.62632942199707 
5.807394981384277 
6.154728889465332 
5.528578281402588 
8.313005447387695 
5.926360130310059 
6.150687217712402 
7.639678955078125 
5.812719345092773 
6.570681095123291 
4.987436771392822 
6.102542877197266 
5.518893241882324 
6.111481189727783 
6.407386779785156 
6.064907550811768 
6.565158843994141 
4.810224533081055 
5.576529026031494 
6.672695636749268 
8.641037940979004 
7.188518047332764 
8.064573287963867 
6.458991050720215 
8.981219291687012 
6.604047775268555 
9.452715873718262 
5.72536563873291 
5.423183441162109 
8.028128623962402 
6.95378303527832 
4.771675109863281 
5.857396602630615 
6.222541332244873 
5.439966201782227 
6.063793659210205 
6.608541965484619 
6.150420188903809 
5.96123743057251 
6.450976848602295 
7.5731916427612305 
6.212555408477783 
5.434991836547852 
5.238463878631592 
7.264267921447754 
7.412498474121094 
8.837942123413086 
6.868633270263672 
5.377613067626953 
7.7016921043396 
6.12765645980835 
5.003819465637207 
6.1086554527282715 
5.602101802825928 
5.950497150421143 
6.847866058349609 
5.47650146484375 
5.485674858093262 
5.559253692626953 
5.983888149261475 
7.310667037963867 
5.741251468658447 
5.377099990844727 
6.0330634117126465 
5.300650119781494 
4.943426132202148 
5.707836151123047 
8.432997703552246 
5.812231063842773 
6.391149044036865 
7.721565246582031 
5.355556011199951 
7.662335395812988 
4.827506065368652 
5.8707051277160645 
7.876263618469238 
5.296807765960693 
7.239422798156738 
8.50031566619873 
5.47676420211792 
8.76046371459961 
7.441339015960693 
8.011359214782715 
7.381587982177734 
6.62985372543335 
5.921215057373047 
7.6585845947265625 
5.845109939575195 
6.021063804626465 
7.13347053527832 
6.351884841918945 
6.100946426391602 
7.263688564300537 
8.353273391723633 
4.811049461364746 
6.155134201049805 
5.673124313354492 
6.18374490737915 
7.58199405670166 
8.165657997131348 
8.455052375793457 
4.5352325439453125 
5.770085334777832 
9.47488021850586 
7.365964889526367 
5.353260517120361 
5.501975059509277 
6.356983184814453 
7.25589656829834 
7.321591377258301 
6.018762111663818 
8.097782135009766 
6.201825141906738 
6.035402297973633 
8.280023574829102 
6.0011372566223145 
6.186981201171875 
6.3380632400512695 
6.1612958908081055 
6.11409854888916 
8.15578556060791 
6.643134593963623 
5.52883243560791 
6.628106594085693 
5.642453670501709 
7.0543694496154785 
8.768972396850586 
5.536179542541504 
6.115877151489258 
7.32110595703125 
5.829308986663818 
6.16065788269043 
7.792813777923584 
5.6725006103515625 
4.833034038543701 
4.906304359436035 
8.80440616607666 
6.709109783172607 
6.0937066078186035 
6.199840545654297 
7.191189289093018 
5.592136859893799 
7.673264980316162 
5.241077899932861 
6.953646659851074 
7.062370300292969 
6.562856674194336 
7.507265567779541 
5.9635419845581055 
5.679847717285156 
9.803112983703613 
5.45175838470459 
8.633594512939453 
5.014899730682373 
6.669901371002197 
6.577692985534668 
7.0963029861450195 
6.847269535064697 
5.75368070602417 
5.394805908203125 
7.947065830230713 
7.577240943908691 
5.371705532073975 
7.550816059112549 
7.834761619567871 
5.881098747253418 
5.9121270179748535 
5.998862266540527 
5.708846092224121 
6.142343044281006 
4.864120006561279 
5.831803798675537 
7.000778675079346 
5.87277364730835 
6.596020698547363 
5.724778652191162 
4.94023323059082 
6.410242557525635 
7.381780624389648 
5.010511875152588 
6.609318733215332 
6.284891128540039 
6.886430740356445 
7.5915303230285645 
4.752691268920898 
6.6109771728515625 
7.894758701324463 
9.82564640045166 
7.8901824951171875 
7.048208713531494 
6.496047019958496 
4.992581844329834 
5.715280532836914 
5.3475446701049805 
4.872945308685303 
7.111837387084961 
6.087162971496582 
7.770482063293457 
7.889532089233398 
6.231719493865967 
9.93898868560791 
5.897338390350342 
5.766262531280518 
7.0797858238220215 
6.603449821472168 
7.646139144897461 
5.646506309509277 
9.131439208984375 
6.632875442504883 
6.334423542022705 
6.769915580749512 
8.18540096282959 
6.218116760253906 
6.3770432472229 
4.744813442230225 
6.571518898010254 
5.3769330978393555 
7.466426372528076 
4.959049224853516 
6.797873497009277 
6.302873611450195 
7.984879016876221 
6.0272536277771 
6.37123966217041 
6.053290843963623 
6.024906158447266 
4.974194049835205 
6.132761001586914 
7.8017425537109375 
5.517777442932129 
6.671086311340332 
8.178725242614746 
6.1064839363098145 
5.182188987731934 
7.55152702331543 
8.324127197265625 
6.54538631439209 
6.5461201667785645 
7.230747699737549 
5.480137348175049 
7.490367889404297 
7.989720821380615 
6.041045188903809 
5.683560848236084 
4.866405487060547 
5.4071831703186035 
6.471401214599609 
6.834071159362793 
8.615410804748535 
5.915272235870361 
7.039593696594238 
7.33137321472168 
6.852315902709961 
5.725611686706543 
6.443609714508057 
5.777387619018555 
6.636886119842529 
6.2051801681518555 
6.693846702575684 
7.966546058654785 
5.741504669189453 
6.087677478790283 
7.660813331604004 
5.921972751617432 
6.786346912384033 
5.313610553741455 
7.442076683044434 
6.920108318328857 
7.584402561187744 
7.807866096496582 
6.683038234710693 
7.74658203125 
6.94416618347168 
6.834550857543945 
6.966236114501953 
6.751035690307617 
4.950849533081055 
6.5607075691223145 
7.895841121673584 
6.046963691711426 
6.067134857177734 
6.862341403961182 
5.590003490447998 
5.841106414794922 
5.612137794494629 
5.102024078369141 
6.924778461456299 
5.495415210723877 
7.641720771789551 
5.568151473999023 
7.937036991119385 
6.986974716186523 
6.2409892082214355 
6.882798194885254 
7.582524299621582 
6.980852127075195 
7.01944637298584 
6.772174835205078 
6.98527193069458 
5.2298970222473145 
5.884680271148682 
6.0928754806518555 
7.3515448570251465 
5.673795223236084 
6.22182559967041 
7.587525367736816 
8.851686477661133 
7.132665157318115 
6.007336139678955 
5.7699761390686035 
5.267978191375732 
7.524069786071777 
6.763147354125977 
8.590100288391113 
6.24768590927124 
5.954431533813477 
6.092600345611572 
6.115891933441162 
7.4539313316345215 
8.432917594909668 
6.321654319763184 
6.979485034942627 
7.203040599822998 
7.399722099304199 
6.5118937492370605 
6.758297443389893 
6.191347122192383 
7.904031753540039 
6.1650567054748535 
8.281806945800781 
7.421726703643799 
4.637017250061035 
9.036701202392578 
5.885290145874023 
7.841180801391602 
6.117832660675049 
6.694780349731445 
6.078763008117676 
7.308928489685059 
6.017073154449463 
4.941181659698486 
6.715849876403809 
8.664155006408691 
5.969742774963379 
5.426692962646484 
7.280937671661377 
5.561413288116455 
5.334325790405273 
6.375975608825684 
4.696968078613281 
7.029990196228027 
4.909056663513184 
5.859970569610596 
4.971965312957764 
5.993653297424316 
5.59238338470459 
5.706664562225342 
6.216314315795898 
7.952511787414551 
7.979548454284668 
7.106001377105713 
5.620741367340088 
7.155141353607178 
6.4080305099487305 
6.519255638122559 
6.243779182434082 
7.625588417053223 
7.151012897491455 
7.0900397300720215 
6.087728977203369 
5.728926658630371 
6.466659069061279 
8.846336364746094 
5.730716705322266 
7.308486461639404 
5.535183906555176 
5.639561176300049 
7.9755330085754395 
5.3174848556518555 
7.931300163269043 
6.469219207763672 
6.2651166915893555 
9.399974822998047 
5.929823398590088 
5.573342323303223 
6.287665843963623 
5.3722357749938965 
5.248786926269531 
9.085793495178223 
5.745241165161133 
8.625041007995605 
6.29090690612793 
5.33577299118042 
6.6614508628845215 
5.410391807556152 
6.996593952178955 
4.7886738777160645 
6.887532711029053 
4.801798343658447 
6.731957912445068 
4.874138355255127 
5.130927562713623 
5.590175628662109 
6.014990329742432 
7.676085472106934 
6.083755970001221 
6.007375717163086 
7.469764232635498 
6.372598171234131 
6.759194850921631 
6.388448715209961 
5.739524841308594 
8.297637939453125 
7.07102108001709 
5.308614253997803 
8.836112976074219 
6.834222793579102 
5.166260242462158 
6.805863857269287 
5.301013946533203 
4.8564534187316895 
5.299540042877197 
7.4240851402282715 
6.407384395599365 
6.808067798614502 
5.692263603210449 
5.164856433868408 
6.006993293762207 
7.9320902824401855 
6.175398349761963 
8.177507400512695 
5.9025678634643555 
5.789700508117676 
7.095256805419922 
5.448993682861328 
6.007687568664551 
8.513287544250488 
5.041096210479736 
6.421460151672363 
7.308204174041748 
6.354599475860596 
6.594271183013916 
5.642375946044922 
6.966851234436035 
6.984126567840576 
7.299222946166992 
5.880751132965088 
5.903322696685791 
5.345156669616699 
7.674253463745117 
6.9833173751831055 
6.2906036376953125 
7.258008003234863 
5.774243354797363 
6.483085632324219 
5.770451068878174 
7.940260887145996 
5.782361030578613 
6.33845853805542 
7.121618270874023 
7.68413782119751 
6.5871806144714355 
5.936990737915039 
4.746421813964844 
7.754871368408203 
6.145786762237549 
7.653250694274902 
4.95401668548584 
6.742290019989014 
7.403003215789795 
5.701223373413086 
6.478460311889648 
5.960525035858154 
8.784067153930664 
5.675055027008057 
5.3556108474731445 
6.273120403289795 
8.908519744873047 
6.850574016571045 
8.139619827270508 
6.209959506988525 
6.184701919555664 
6.135274410247803 
7.223786354064941 
6.5186767578125 
8.060127258300781 
5.832449436187744 
5.764363765716553 
5.5825090408325195 
6.174551963806152 
6.006502151489258 
7.060620307922363 
5.4965949058532715 
6.655487060546875 
5.026078224182129 
5.732363700866699 
6.138045787811279 
5.752643585205078 
4.585726261138916 
6.962145805358887 
6.068810939788818 
6.898064136505127 
4.4162092208862305 
5.167291641235352 
6.638551235198975 
6.0612993240356445 
5.16942024230957 
5.0076422691345215 
10.184277534484863 
5.41290283203125 
6.605968475341797 
5.917510509490967 
6.644217491149902 
5.135993957519531 
5.5869317054748535 
6.698525905609131 
7.372588634490967 
6.497665882110596 
5.503272533416748 
5.54546594619751 
5.622784614562988 
6.454192161560059 
5.047784328460693 
7.456468105316162 
6.135228633880615 
5.657652854919434 
6.209907531738281 
6.887371063232422 
6.789186954498291 
5.455808162689209 
6.311068534851074 
6.351656436920166 
9.322487831115723 
4.649603843688965 
4.871166706085205 
6.147875785827637 
6.595050811767578 
7.0901288986206055 
5.985296726226807 
5.475422382354736 
6.909188270568848 
5.096554279327393 
5.905139923095703 
7.217934608459473 
5.117696285247803 
5.038002967834473 
7.220663070678711 
6.081986904144287 
8.483743667602539 
6.532080173492432 
8.111265182495117 
6.101308345794678 
8.178293228149414 
5.660862445831299 
8.310484886169434 
7.282444000244141 
7.297992706298828 
5.954082489013672 
8.516883850097656 
8.17166805267334 
5.507460594177246 
5.568836212158203 
6.1876139640808105 
7.010857582092285 
7.194455146789551 
8.278111457824707 
7.352701187133789 
6.502317905426025 
8.094558715820312 
5.645967483520508 
5.498312950134277 
5.809022426605225 
5.5812811851501465 
5.533679962158203 
7.524496078491211 
6.581359386444092 
7.015401840209961 
5.430052757263184 
6.2434916496276855 
6.755262851715088 
4.664975643157959 
5.518935680389404 
4.86031436920166 
7.5738372802734375 
8.121797561645508 
10.383133888244629 
5.025217533111572 
5.868906497955322 
5.289961814880371 
6.212732315063477 
8.3326997756958 
5.600770950317383 
8.347943305969238 
5.660439491271973 
6.788839817047119 
5.102063179016113 
7.333312511444092 
5.764926433563232 
9.601170539855957 
5.30792760848999 
6.738014221191406 
7.584883689880371 
6.339936256408691 
5.980117321014404 
6.571994304656982 
5.812650680541992 
6.888908863067627 
7.3628010749816895 
6.456027030944824 
5.904664516448975 
7.6869072914123535 
6.671205520629883 
5.002068042755127 
5.486109733581543 
6.381782531738281 
5.434953689575195 
8.346125602722168 
8.21440315246582 
6.055839538574219 
6.061609745025635 
6.449021339416504 
5.729062557220459 
7.055269241333008 
6.230720520019531 
5.9186506271362305 
5.493483543395996 
5.898921489715576 
7.831906795501709 
4.819341659545898 
4.923830986022949 
6.069859981536865 
5.5717267990112305 
7.835710525512695 
6.414134502410889 
6.665855884552002 
6.401822090148926 
5.382665634155273 
6.408590316772461 
5.572702407836914 
5.858417987823486 
5.544039726257324 
9.102221488952637 
6.008966445922852 
6.696278095245361 
6.8233513832092285 
5.760586738586426 
5.021172046661377 
7.116758823394775 
6.364381313323975 
7.056071758270264 
5.7901129722595215 
6.453974723815918 
5.494637489318848 
5.3191633224487305 
6.222686290740967 
5.81402587890625 
6.341588020324707 
7.084801197052002 
7.902806282043457 
6.676113128662109 
5.72822380065918 
8.61867618560791 
8.96314525604248 
6.842700481414795 
5.864258766174316 
5.790350914001465 
6.682252407073975 
5.079558372497559 
5.752273082733154 
5.822762489318848 
6.519495487213135 
5.9551777839660645 
6.984448432922363 
7.082891941070557 
5.315635681152344 
5.869065761566162 
6.177175521850586 
8.49852180480957 
6.112541675567627 
5.799686908721924 
5.70004415512085 
5.068801403045654 
6.942266941070557 
6.524456024169922 
6.160818576812744 
8.049521446228027 
6.232862949371338 
8.833362579345703 
6.906496524810791 
4.975982189178467 
6.634738445281982 
5.430667400360107 
5.990329742431641 
5.296174049377441 
7.268092155456543 
5.898464679718018 
5.030364513397217 
8.135322570800781 
6.9950995445251465 
6.6709184646606445 
5.532585144042969 
5.551227569580078 
5.766939640045166 
6.77176570892334 
7.62490701675415 
7.864936351776123 
6.745192527770996 
6.5194621086120605 
5.462166786193848 
6.669179916381836 
5.848639011383057 
5.9986066818237305 
5.825929641723633 
6.0973076820373535 
6.024706840515137 
6.6789655685424805 
6.79826545715332 
8.51378345489502 
4.69376802444458 
6.7233405113220215 
5.642397880554199 
6.306954860687256 
6.517093658447266 
9.157150268554688 
6.077436447143555 
6.971370220184326 
6.591303825378418 
4.706106185913086 
4.583752155303955 
5.00863790512085 
5.963177680969238 
4.938154697418213 
8.224223136901855 
6.279019355773926 
8.529725074768066 
8.068462371826172 
9.29921817779541 
5.281657695770264 
5.7034993171691895 
6.251587867736816 
5.234894752502441 
5.215956211090088 
6.461064338684082 
5.808032035827637 
6.130440711975098 
7.038597106933594 
6.973927021026611 
6.144765377044678 
9.078643798828125 
6.292606830596924 
7.743373394012451 
5.455994129180908 
6.6674604415893555 
7.6283674240112305 
5.096499443054199 
8.11679458618164 
5.547295093536377 
7.646936893463135 
5.940218448638916 
5.699868202209473 
8.529023170471191 
8.709096908569336 
6.527449131011963 
7.980649948120117 
6.39801025390625 
7.644370079040527 
6.125380992889404 
5.3254714012146 
6.72709846496582 
8.891220092773438 
6.991164684295654 
8.288087844848633 
7.104936599731445 
6.713253021240234 
5.3081512451171875 
6.025819301605225 
6.638726711273193 
7.100301265716553 
6.938645839691162 
7.43004035949707 
6.103525638580322 
5.72529411315918 
6.167904376983643 
4.902116298675537 
6.838705062866211 
7.487734794616699 
5.6898088455200195 
5.909046173095703 
5.744889259338379 
5.5314764976501465 
6.532659530639648 
6.448708534240723 
6.432636737823486 
7.06162166595459 
5.527132987976074 
6.580297470092773 
5.853447437286377 
7.9143853187561035 
7.593968868255615 
6.137864589691162 
5.759439468383789 
5.920346260070801 
6.681506633758545 
5.541072845458984 
5.6602783203125 
7.349705696105957 
9.348597526550293 
5.970728397369385 
6.437656402587891 
6.249388217926025 
6.54850959777832 
5.368255615234375 
6.092218399047852 
5.953510761260986 
5.344287395477295 
7.780030727386475 
8.202281951904297 
6.997098445892334 
6.798851490020752 
7.023059368133545 
5.774522304534912 
6.103280067443848 
7.487470626831055 
5.66212797164917 
8.941814422607422 
6.582921504974365 
4.86726713180542 
6.214385032653809 
7.25178861618042 
6.033352851867676 
5.584460258483887 
6.0227580070495605 
5.2168354988098145 
8.03049087524414 
6.603540420532227 
6.603705406188965 
5.666767597198486 
6.759713649749756 
6.2453694343566895 
5.638428211212158 
6.508655071258545 
6.236813545227051 
6.092679977416992 
7.237612247467041 
6.213624954223633 
5.939090728759766 
5.626423358917236 
6.588797092437744 
6.471149921417236 
7.037319660186768 
6.671872138977051 
7.015345096588135 
4.929630279541016 
7.580632209777832 
7.6992011070251465 
4.912210941314697 
6.32780647277832 
6.0726799964904785 
4.097446918487549 
7.3161797523498535 
7.115738868713379 
7.763730525970459 
7.331445217132568 
5.102670192718506 
5.051817893981934 
5.498262405395508 
5.498752593994141 
7.072507858276367 
6.931895732879639 
4.9288177490234375 
6.587831020355225 
6.835112571716309 
6.422386169433594 
6.21898078918457 
7.2033257484436035 
5.215400695800781 
7.123318195343018 
5.937535285949707 
6.3476338386535645 
6.297305107116699 
6.1566243171691895 
6.090502738952637 
4.447610855102539 
6.696097373962402 
7.250675678253174 
5.505560874938965 
7.206824779510498 
5.727962970733643 
6.114621162414551 
9.745309829711914 
6.553789138793945 
5.779405117034912 
5.566066741943359 
5.338221549987793 
7.269567966461182 
9.937689781188965 
6.300963878631592 
6.950337886810303 
7.573836803436279 
6.973296642303467 
6.3836517333984375 
5.8474225997924805 
5.130789279937744 
6.771090507507324 
5.310387134552002 
6.643538475036621 
5.611215591430664 
6.7086334228515625 
6.7065815925598145 
6.832152843475342 
6.741294860839844 
7.650476455688477 
6.513014316558838 
6.624091148376465 
6.107260704040527 
7.86789083480835 
5.851019382476807 
5.798857688903809 
6.513293743133545 
5.521103382110596 
6.284091949462891 
5.7715654373168945 
5.746824264526367 
5.950349807739258 
5.604613780975342 
5.817173957824707 
5.775230407714844 
5.47020959854126 
9.13063907623291 
6.142449855804443 
5.240227222442627 
5.637458801269531 
6.414656639099121 
5.142605781555176 
5.4539079666137695 
5.685133934020996 
5.761544227600098 
6.729262351989746 
6.283838748931885 
5.68004035949707 
8.925165176391602 
6.663679122924805 
5.382349014282227 
7.198385238647461 
7.018988132476807 
7.071000576019287 
4.921262264251709 
6.787008285522461 
7.563225269317627 
7.448290824890137 
5.894555568695068 
8.034499168395996 
5.963872909545898 
5.405104637145996 
6.500433444976807 
7.501245975494385 
5.909531593322754 
6.864387512207031 
5.474723815917969 
5.762215614318848 
5.876764297485352 
6.0600433349609375 
5.859878063201904 
8.250020980834961 
8.479297637939453 
5.44484281539917 
6.072909355163574 
6.152010917663574 
7.2637224197387695 
6.858054161071777 
5.891522407531738 
7.564956188201904 
6.81520414352417 
6.466609477996826 
6.601701736450195 
6.667169570922852 
5.796745777130127 
7.127854824066162 
4.787514686584473 
8.415979385375977 
6.020125865936279 
7.170450687408447 
6.624547481536865 
10.319207191467285 
6.665247917175293 
5.449012756347656 
7.25358772277832 
7.573563575744629 
8.401659965515137 
6.743937015533447 
5.138380527496338 
7.717824935913086 
7.284242630004883 
6.775387287139893 
6.607337474822998 
