4.882709980010986 
5.448290824890137 
5.86930513381958 
5.04689359664917 
5.1801838874816895 
5.361683368682861 
4.757014751434326 
5.0426435470581055 
5.402588367462158 
6.0767693519592285 
5.907068252563477 
5.853880405426025 
5.065762519836426 
4.811656475067139 
6.249669075012207 
5.192593097686768 
5.0833868980407715 
6.304443836212158 
4.9863505363464355 
4.960686206817627 
4.992202281951904 
5.911530017852783 
5.119240760803223 
5.265294075012207 
5.08613395690918 
4.882328510284424 
5.3989715576171875 
5.161540985107422 
5.436839580535889 
5.042988300323486 
4.8819708824157715 
5.5531535148620605 
5.151259899139404 
5.0859880447387695 
6.153967380523682 
6.626920223236084 
5.527591705322266 
5.373608589172363 
4.969323635101318 
5.314737796783447 
4.754688262939453 
5.038112640380859 
5.711379528045654 
4.85093879699707 
5.063239097595215 
5.429279327392578 
5.405914783477783 
4.736845970153809 
4.820948123931885 
6.433373928070068 
6.0259222984313965 
7.490384578704834 
5.292336940765381 
5.012815952301025 
5.980610370635986 
6.301724910736084 
5.005024433135986 
5.128647327423096 
5.095508098602295 
4.992193698883057 
5.196243762969971 
5.169355869293213 
5.6198625564575195 
5.109879970550537 
5.083110809326172 
4.929537296295166 
4.8757500648498535 
4.804830074310303 
5.810835838317871 
5.111763000488281 
4.986669063568115 
4.957625865936279 
5.521213531494141 
5.024617671966553 
4.92894172668457 
7.6783905029296875 
5.177836894989014 
4.735437393188477 
5.2199273109436035 
5.283586025238037 
5.033169269561768 
5.477504730224609 
4.923516273498535 
6.153300762176514 
5.0949273109436035 
4.7484283447265625 
6.556025981903076 
5.167169094085693 
4.892521381378174 
4.955761432647705 
5.631454944610596 
5.459334850311279 
7.089787006378174 
5.2197585105896 
5.04259729385376 
6.675820350646973 
5.128173351287842 
4.753546237945557 
5.291650772094727 
5.580430030822754 
4.934450626373291 
5.110764026641846 
5.239527225494385 
5.080111026763916 
5.445944786071777 
6.25210428237915 
5.441140651702881 
5.0226569175720215 
6.739614009857178 
4.896142482757568 
4.903517723083496 
7.191352367401123 
5.308784008026123 
4.895045280456543 
4.9031500816345215 
5.433311939239502 
4.853030204772949 
4.912974834442139 
5.021062850952148 
5.085681438446045 
5.020965576171875 
5.131685733795166 
4.956942558288574 
5.302639007568359 
5.410747051239014 
4.821418285369873 
5.095519542694092 
6.089886665344238 
5.221640110015869 
5.149733066558838 
4.8854570388793945 
5.217178821563721 
5.530005931854248 
6.213090419769287 
4.8578715324401855 
4.9352335929870605 
8.616477012634277 
4.959078788757324 
5.674774646759033 
5.256772994995117 
5.357517242431641 
4.984124660491943 
6.765542507171631 
7.307620525360107 
5.330888271331787 
4.797474384307861 
4.999172210693359 
4.953248023986816 
5.230551242828369 
5.249740123748779 
5.100449085235596 
5.164000988006592 
5.0059099197387695 
5.0104146003723145 
5.305820465087891 
6.4010515213012695 
4.954270839691162 
7.1597900390625 
5.068504810333252 
4.873271942138672 
5.137232303619385 
6.9040207862854 
4.889734745025635 
5.727686405181885 
4.885609149932861 
5.1881513595581055 
4.957434177398682 
7.143782138824463 
5.041100978851318 
5.0193610191345215 
4.934142589569092 
4.8514838218688965 
5.011345863342285 
5.286686897277832 
5.160788059234619 
5.761878967285156 
4.975069522857666 
4.820821762084961 
4.980370044708252 
6.112672805786133 
5.202603816986084 
5.782116413116455 
5.567685604095459 
5.103683948516846 
5.048220157623291 
5.115759372711182 
6.642574310302734 
5.302721977233887 
5.118772983551025 
5.209622859954834 
4.995824337005615 
5.950954914093018 
5.080160617828369 
5.695139408111572 
5.124312877655029 
6.335931301116943 
4.765201568603516 
5.201028823852539 
5.017527103424072 
7.049509525299072 
4.953080654144287 
4.951018810272217 
5.659268379211426 
4.9131245613098145 
5.12521505355835 
5.386031627655029 
5.380460262298584 
5.145789623260498 
5.112029075622559 
7.779726505279541 
5.246157646179199 
5.439095973968506 
6.07572603225708 
6.177074909210205 
7.464498043060303 
4.970800876617432 
5.02097749710083 
5.177802562713623 
4.791646480560303 
5.054261684417725 
5.665946006774902 
5.27650260925293 
6.213472843170166 
7.758022785186768 
5.1593523025512695 
5.221864223480225 
4.87875509262085 
5.202752590179443 
4.981525897979736 
6.2752366065979 
5.115768909454346 
5.0657877922058105 
5.289831638336182 
4.977952003479004 
5.386927604675293 
6.1673455238342285 
5.971455097198486 
4.881808757781982 
4.8103179931640625 
9.137995719909668 
4.822956562042236 
4.9262566566467285 
5.023095607757568 
5.405984401702881 
4.865163326263428 
6.621413230895996 
5.109342098236084 
5.018163204193115 
4.902497291564941 
5.319842338562012 
5.0538482666015625 
5.078670978546143 
5.1490254402160645 
5.403893947601318 
4.963805675506592 
4.603608131408691 
5.112276554107666 
5.359581470489502 
5.0774030685424805 
5.026192665100098 
5.015008449554443 
5.13052225112915 
5.239257335662842 
5.236095428466797 
5.152829647064209 
5.001845359802246 
5.857298374176025 
4.9523701667785645 
5.0569634437561035 
4.868462085723877 
5.160285472869873 
4.848875999450684 
8.399003982543945 
5.141205310821533 
5.14346170425415 
5.275360107421875 
5.012908458709717 
4.938088893890381 
8.858211517333984 
5.0506157875061035 
8.031318664550781 
5.082041263580322 
4.890426158905029 
5.116343021392822 
5.111515522003174 
5.116258144378662 
4.718677520751953 
5.291743755340576 
4.893824577331543 
5.294884204864502 
5.087530612945557 
5.9939284324646 
4.7764458656311035 
4.8451056480407715 
4.921411514282227 
7.255277633666992 
5.389853000640869 
5.037265300750732 
6.237847805023193 
4.961644172668457 
4.9064531326293945 
5.228451251983643 
5.148367404937744 
5.183506965637207 
5.1057281494140625 
5.122775554656982 
5.244077205657959 
5.42221212387085 
5.300389766693115 
4.659276485443115 
5.409921169281006 
5.815420627593994 
7.996932506561279 
6.583582878112793 
4.796562671661377 
5.12323522567749 
5.926914691925049 
5.062714099884033 
4.89794397354126 
4.757972240447998 
7.244588375091553 
5.667410373687744 
8.392017364501953 
5.512243270874023 
5.214101791381836 
6.693192958831787 
5.163328170776367 
5.13679838180542 
4.838730335235596 
5.1016998291015625 
5.2266740798950195 
5.159902095794678 
4.800068378448486 
5.557803630828857 
5.708973407745361 
5.628271102905273 
4.899641990661621 
4.792535781860352 
5.012542724609375 
6.203193187713623 
4.95676851272583 
5.04371976852417 
5.177211284637451 
5.436967372894287 
5.01956844329834 
4.798827648162842 
5.795567035675049 
8.239280700683594 
5.350461959838867 
6.543563365936279 
5.4636759757995605 
5.1717000007629395 
4.926437854766846 
5.701447010040283 
6.637453079223633 
6.800207138061523 
5.165862560272217 
5.105413913726807 
5.463113784790039 
5.247771739959717 
4.955226421356201 
4.876561164855957 
4.998337268829346 
5.003549098968506 
5.2198710441589355 
5.006748199462891 
5.432611465454102 
5.562977313995361 
5.133049488067627 
6.501540660858154 
5.0666351318359375 
4.8334527015686035 
4.953299045562744 
5.072617053985596 
6.723713397979736 
4.919286251068115 
4.686512470245361 
4.902749061584473 
6.373793125152588 
4.969423770904541 
5.3920440673828125 
5.915066242218018 
4.727465629577637 
5.095147609710693 
5.365762710571289 
4.980587959289551 
4.972775936126709 
7.214314937591553 
4.793334484100342 
4.960803508758545 
5.1017537117004395 
4.943780422210693 
6.38556432723999 
5.3405327796936035 
6.105146884918213 
5.440837860107422 
5.026496410369873 
5.085688591003418 
5.471060276031494 
7.869569301605225 
4.9655351638793945 
4.994554042816162 
6.014500617980957 
4.997514247894287 
5.408674240112305 
5.48837423324585 
5.055814266204834 
5.0145087242126465 
5.1768798828125 
7.841383457183838 
5.018278121948242 
5.144627571105957 
5.58597993850708 
5.187743663787842 
5.040169715881348 
5.339030742645264 
4.9666924476623535 
5.124820709228516 
5.040916442871094 
6.302498817443848 
6.268895149230957 
5.045433521270752 
5.285142421722412 
5.268935203552246 
8.44471263885498 
6.063939094543457 
5.209229946136475 
4.900719165802002 
4.948657512664795 
4.89661169052124 
5.538736820220947 
5.398701190948486 
4.9237823486328125 
5.1222357749938965 
5.031890869140625 
5.351089000701904 
5.049519062042236 
5.213985919952393 
5.38296365737915 
5.222968578338623 
5.083239555358887 
6.6484880447387695 
5.207967758178711 
4.962234020233154 
5.721958637237549 
4.810204029083252 
5.0000081062316895 
4.921400547027588 
6.080211162567139 
5.396032810211182 
5.237514972686768 
6.089680194854736 
4.950807094573975 
5.25058650970459 
4.928859233856201 
5.189535617828369 
4.923008441925049 
5.261017799377441 
5.774378299713135 
5.310859203338623 
5.20428466796875 
5.155552387237549 
5.131237983703613 
5.308372974395752 
5.197815418243408 
6.747299671173096 
5.195468425750732 
4.654759883880615 
4.898281574249268 
5.082753658294678 
5.192393779754639 
5.977899074554443 
5.339564800262451 
5.821857929229736 
5.021704196929932 
5.839585781097412 
5.042103290557861 
5.68117094039917 
5.271880626678467 
7.160557270050049 
6.805074214935303 
5.091812610626221 
5.569359302520752 
5.330995082855225 
5.134106159210205 
5.8737874031066895 
5.267673015594482 
5.15278959274292 
5.136341571807861 
5.040187358856201 
5.063246250152588 
5.028244495391846 
5.558570861816406 
5.894134998321533 
5.38346004486084 
4.979221343994141 
4.729576110839844 
5.198634624481201 
4.876471996307373 
5.40698766708374 
5.175247669219971 
8.303520202636719 
5.206634998321533 
5.1536407470703125 
5.5538649559021 
5.214264869689941 
5.514986515045166 
4.939734935760498 
5.0501275062561035 
5.21797513961792 
4.9892659187316895 
5.527615070343018 
5.692398548126221 
4.906594753265381 
5.432596683502197 
8.828348159790039 
5.247670650482178 
4.837437152862549 
5.039729595184326 
5.076013088226318 
6.493643283843994 
5.4447197914123535 
4.998779773712158 
5.100128173828125 
5.111679553985596 
5.089275360107422 
6.039731979370117 
5.028933048248291 
5.027541160583496 
5.9305925369262695 
5.0785088539123535 
5.066072940826416 
5.020151615142822 
5.230576515197754 
4.907665729522705 
6.400540828704834 
8.758697509765625 
5.000661373138428 
5.50567102432251 
8.109672546386719 
5.115494251251221 
5.001939296722412 
5.088888645172119 
4.840710163116455 
7.009196758270264 
4.978553295135498 
4.8990478515625 
7.439416408538818 
5.09021520614624 
5.03649377822876 
5.037413120269775 
5.00398588180542 
5.163142204284668 
5.31450891494751 
4.782067775726318 
4.743464469909668 
5.10198974609375 
4.965925693511963 
8.663650512695312 
5.756091594696045 
5.50506067276001 
4.886417388916016 
5.059508800506592 
5.33892822265625 
5.230848789215088 
5.428238391876221 
5.024569034576416 
5.495484828948975 
5.192505836486816 
5.358871936798096 
5.030600070953369 
5.051905632019043 
8.287781715393066 
4.996810436248779 
4.929561138153076 
5.387332439422607 
6.395391941070557 
5.441070556640625 
4.763258934020996 
5.318734645843506 
5.833786487579346 
5.082570552825928 
5.168084621429443 
5.536123752593994 
6.465436935424805 
5.618967533111572 
5.012295246124268 
5.668740272521973 
5.372418403625488 
5.746042251586914 
6.620594501495361 
9.54342269897461 
5.135927677154541 
5.105565547943115 
4.825568199157715 
6.968994140625 
9.505193710327148 
4.9426798820495605 
5.238148212432861 
5.244608402252197 
4.842787265777588 
5.454918384552002 
5.171586036682129 
4.854852199554443 
5.1803436279296875 
4.909695625305176 
5.234411716461182 
9.440749168395996 
5.211145877838135 
5.09502649307251 
5.3622660636901855 
5.12278413772583 
5.180056095123291 
5.871936798095703 
5.260125637054443 
5.032442092895508 
5.060665607452393 
5.280471324920654 
5.515786647796631 
4.865518093109131 
5.310319900512695 
5.782914638519287 
5.157168865203857 
4.910592555999756 
5.091593265533447 
4.979593276977539 
5.272842884063721 
4.891818523406982 
5.255646228790283 
5.145867347717285 
5.930556774139404 
5.073672771453857 
4.923058032989502 
5.26085090637207 
5.6512885093688965 
5.141116619110107 
4.87264347076416 
4.767201900482178 
5.177988529205322 
6.934652805328369 
5.921782970428467 
6.462158679962158 
5.207910060882568 
5.305351734161377 
6.241816997528076 
5.200489521026611 
7.109748363494873 
5.193700790405273 
5.216428756713867 
5.048576831817627 
5.23453950881958 
4.88754415512085 
5.000698566436768 
4.8127970695495605 
4.936933994293213 
4.932564735412598 
5.287146091461182 
4.477164268493652 
5.026535511016846 
5.092897891998291 
5.25643253326416 
5.4305901527404785 
8.442451477050781 
5.759942054748535 
6.632075309753418 
5.120337009429932 
4.936328887939453 
5.227356910705566 
7.664495944976807 
4.676594257354736 
5.1668701171875 
5.130617618560791 
5.971693992614746 
5.036946773529053 
4.898224353790283 
8.773107528686523 
5.490184307098389 
5.096397399902344 
5.452601432800293 
4.939676761627197 
5.332542896270752 
5.5160956382751465 
5.160600185394287 
4.810187816619873 
5.106448173522949 
4.912133693695068 
5.344223499298096 
5.349055767059326 
6.3292412757873535 
5.6275811195373535 
5.085383892059326 
4.942354202270508 
6.385984897613525 
5.1698479652404785 
5.051970958709717 
5.37408447265625 
8.331850051879883 
4.939643383026123 
5.021860599517822 
5.703460693359375 
5.153800964355469 
4.999960899353027 
5.110128402709961 
5.265624523162842 
5.1139044761657715 
5.615157604217529 
5.4300312995910645 
5.141251087188721 
5.159267902374268 
4.92521333694458 
5.100096225738525 
5.428702354431152 
4.9199652671813965 
8.253695487976074 
5.3096089363098145 
5.493882179260254 
6.063920497894287 
4.8996758460998535 
5.0500264167785645 
5.246603012084961 
5.2299275398254395 
6.224116802215576 
6.511838912963867 
4.965301990509033 
4.78467321395874 
4.9207587242126465 
5.356950759887695 
5.714510440826416 
6.788544178009033 
5.022202968597412 
5.518460750579834 
5.313827991485596 
4.765045642852783 
6.156195640563965 
4.759409427642822 
5.293689250946045 
4.998106479644775 
5.432034969329834 
4.884490489959717 
4.832545280456543 
5.034228801727295 
5.280910015106201 
5.080949306488037 
5.225337982177734 
5.289555072784424 
7.028470993041992 
5.167308330535889 
5.098301410675049 
4.74061918258667 
4.994206428527832 
4.9673380851745605 
6.299211025238037 
7.799018383026123 
5.334142208099365 
4.9617018699646 
5.091561317443848 
4.823534965515137 
5.870690822601318 
5.117246150970459 
8.570419311523438 
5.138070583343506 
5.251560688018799 
5.009564399719238 
5.048386096954346 
5.002417087554932 
5.330628871917725 
6.420709133148193 
5.69310188293457 
5.083549499511719 
5.157371997833252 
5.075473785400391 
4.9088826179504395 
5.6740803718566895 
5.780235767364502 
5.321784019470215 
5.403738498687744 
5.0810418128967285 
5.416936874389648 
6.570346832275391 
4.967448711395264 
5.754607677459717 
6.287033557891846 
5.913313388824463 
5.282998561859131 
5.134890079498291 
5.1305832862854 
5.671872138977051 
6.054760932922363 
8.949193000793457 
5.045167446136475 
5.150104522705078 
5.185169219970703 
4.995652675628662 
5.025844097137451 
5.695699691772461 
5.15792989730835 
5.215524196624756 
4.963840961456299 
4.832644462585449 
6.66658353805542 
5.251657009124756 
8.193090438842773 
5.051218032836914 
9.073213577270508 
5.4769134521484375 
4.9927873611450195 
4.93617582321167 
5.064233779907227 
4.864139080047607 
4.965876579284668 
5.014976501464844 
5.903228282928467 
5.278461933135986 
4.666476726531982 
5.677879810333252 
4.866066932678223 
5.190101146697998 
7.8048996925354 
5.9260945320129395 
5.048739910125732 
5.890059947967529 
4.897641658782959 
5.415707111358643 
5.763897895812988 
6.893153667449951 
4.793891906738281 
5.150113105773926 
4.692623615264893 
4.791662693023682 
5.276928424835205 
5.155753135681152 
5.092254638671875 
4.9925312995910645 
5.097335338592529 
8.035598754882812 
5.2840752601623535 
4.9891228675842285 
6.83246374130249 
4.992306232452393 
5.7653326988220215 
5.002435684204102 
5.0860137939453125 
5.13137674331665 
5.191501140594482 
5.708741664886475 
5.0628838539123535 
5.027008533477783 
4.788938522338867 
5.08530855178833 
7.0274434089660645 
5.20409631729126 
5.231071949005127 
5.858376502990723 
5.247074604034424 
5.152456760406494 
5.336667537689209 
4.779466152191162 
5.242955684661865 
5.055052757263184 
5.259048938751221 
4.839969158172607 
5.817019939422607 
5.814094543457031 
6.092988967895508 
4.72550106048584 
5.130789279937744 
5.808669090270996 
6.519186496734619 
8.031783103942871 
5.190578460693359 
5.112152576446533 
5.223786354064941 
5.351877689361572 
4.971670627593994 
4.77898645401001 
6.113670825958252 
6.649666786193848 
5.890257358551025 
5.015462398529053 
5.364421367645264 
5.166077136993408 
5.132164478302002 
5.04433536529541 
5.044249057769775 
5.0788679122924805 
6.315062999725342 
5.460931301116943 
8.598560333251953 
5.517187595367432 
5.077478885650635 
4.8264241218566895 
4.930205821990967 
5.3317646980285645 
4.880048751831055 
5.105166912078857 
5.031048774719238 
5.034400463104248 
5.244121074676514 
5.364574909210205 
5.122888088226318 
4.815195560455322 
6.347273349761963 
7.142191410064697 
5.2561869621276855 
5.690297603607178 
4.889477252960205 
5.446732997894287 
5.261290073394775 
4.811936855316162 
6.783942699432373 
4.998518466949463 
5.057440280914307 
5.086127281188965 
5.079947471618652 
4.865730285644531 
5.02661657333374 
4.8094892501831055 
4.946310997009277 
4.97947359085083 
6.564517974853516 
7.924029350280762 
7.500871658325195 
4.980692386627197 
4.659485340118408 
5.512306213378906 
5.126234531402588 
5.20532751083374 
4.972395420074463 
4.869129657745361 
6.093816757202148 
5.04653787612915 
4.993926525115967 
5.12270975112915 
5.369688510894775 
5.085019588470459 
5.17134428024292 
5.057428359985352 
5.5850396156311035 
4.960571765899658 
4.988092422485352 
5.2040791511535645 
5.731088161468506 
5.059152126312256 
4.856225490570068 
4.95979118347168 
5.283636569976807 
5.580590724945068 
5.464934825897217 
6.321326732635498 
5.1581501960754395 
4.998556613922119 
5.040168285369873 
8.565443992614746 
5.191596508026123 
4.964244365692139 
5.8054890632629395 
4.968523025512695 
5.216127872467041 
5.611968994140625 
7.812510967254639 
5.118331432342529 
4.953704357147217 
5.2647199630737305 
4.979179859161377 
5.2346110343933105 
6.363470077514648 
5.053422927856445 
4.930270195007324 
5.033731937408447 
5.126522541046143 
4.982334613800049 
4.750035762786865 
4.9949212074279785 
4.973702430725098 
5.003118515014648 
6.905317783355713 
5.188723087310791 
6.827274799346924 
8.146860122680664 
5.144340991973877 
5.193667411804199 
6.300084114074707 
5.218355655670166 
5.303506851196289 
5.286128044128418 
5.127444744110107 
6.236904621124268 
5.559564113616943 
5.231709957122803 
5.019991397857666 
5.0633721351623535 
4.920470714569092 
5.026971340179443 
5.039569854736328 
5.01101016998291 
4.786109447479248 
5.080813407897949 
4.96926212310791 
5.446852207183838 
5.04313325881958 
5.03334379196167 
4.939273357391357 
4.958896636962891 
5.52118444442749 
5.561927318572998 
5.295708656311035 
5.107004642486572 
4.766542911529541 
5.1367506980896 
5.000678062438965 
5.253607273101807 
5.139851093292236 
7.283219337463379 
5.076983451843262 
6.973570346832275 
5.142689228057861 
5.057403087615967 
7.573981285095215 
5.17897367477417 
5.08425760269165 
4.956552028656006 
4.9788713455200195 
5.008091449737549 
5.237918376922607 
5.453628063201904 
6.608267307281494 
5.013397693634033 
4.963327884674072 
5.1995930671691895 
5.051574230194092 
5.987001895904541 
4.9603962898254395 
5.279055118560791 
5.232776165008545 
5.445153713226318 
5.17668342590332 
5.141528129577637 
4.701483249664307 
5.239466190338135 
5.1916632652282715 
5.098892688751221 
5.08399772644043 
5.162323474884033 
6.349680423736572 
5.553943634033203 
5.175745010375977 
6.403501987457275 
5.062303066253662 
5.372967720031738 
4.7287917137146 
5.181658744812012 
4.998661041259766 
4.992979526519775 
6.496875762939453 
5.2107625007629395 
5.064124584197998 
5.261515140533447 
5.274808406829834 
5.772119045257568 
5.782512187957764 
4.931404113769531 
5.882769584655762 
4.99721097946167 
5.017736911773682 
4.950340747833252 
4.974399089813232 
5.141886234283447 
5.019769668579102 
6.013118267059326 
4.875473976135254 
6.6919779777526855 
5.061289310455322 
5.080350875854492 
5.207398891448975 
7.503426551818848 
5.313831329345703 
5.33036994934082 
5.105727195739746 
5.353954315185547 
9.49875545501709 
4.945327281951904 
4.989139080047607 
7.597304344177246 
5.667703151702881 
5.442018985748291 
5.136510848999023 
6.051991939544678 
5.190681457519531 
4.907724857330322 
4.976995468139648 
4.924709320068359 
5.279149055480957 
5.045323848724365 
5.005733013153076 
5.509753704071045 
5.117674827575684 
5.099121570587158 
5.6255202293396 
5.3070502281188965 
6.484346866607666 
5.264029502868652 
5.128111362457275 
4.670612812042236 
5.431983470916748 
5.587752819061279 
5.154514789581299 
6.033910274505615 
5.284766674041748 
5.117447853088379 
5.056689739227295 
5.006017208099365 
4.9173102378845215 
4.860863208770752 
4.9076924324035645 
5.3736443519592285 
5.777256488800049 
6.710165500640869 
5.162463188171387 
5.1800360679626465 
5.3681960105896 
5.526045799255371 
4.941989898681641 
5.967030048370361 
5.356917858123779 
5.969995975494385 
5.083407878875732 
6.352609157562256 
5.08401346206665 
6.200526714324951 
5.033522605895996 
6.5996270179748535 
5.58008337020874 
5.1971540451049805 
5.0637288093566895 
5.125298976898193 
5.7133660316467285 
7.059286594390869 
4.948570251464844 
5.128554344177246 
5.809443950653076 
7.083963394165039 
4.593143939971924 
5.664430141448975 
5.178292751312256 
4.967016696929932 
4.965065956115723 
5.929964065551758 
4.767078876495361 
5.163981914520264 
6.544712543487549 
4.9387922286987305 
5.678776264190674 
5.053856372833252 
5.194091320037842 
4.808445453643799 
5.838357448577881 
6.425018787384033 
5.025568008422852 
4.773204326629639 
5.15532922744751 
5.0160956382751465 
5.635342121124268 
4.829158782958984 
5.258944034576416 
4.989418983459473 
5.22853422164917 
5.466724872589111 
4.8972907066345215 
4.8096160888671875 
4.860903739929199 
5.119804859161377 
6.006433010101318 
4.975926876068115 
5.277455806732178 
8.579066276550293 
4.879802227020264 
5.563014507293701 
5.751437664031982 
6.879770755767822 
5.4123053550720215 
8.238693237304688 
4.981447696685791 
4.951651096343994 
5.003425121307373 
5.047686576843262 
4.9421586990356445 
4.6891584396362305 
5.557301044464111 
4.949770927429199 
5.115096092224121 
5.3225579261779785 
8.481572151184082 
5.013757228851318 
5.535287857055664 
5.23090124130249 
5.228762149810791 
5.754760265350342 
5.764486789703369 
4.8789849281311035 
4.877350330352783 
6.170860290527344 
4.89170503616333 
7.128760814666748 
4.9629316329956055 
5.313459873199463 
4.728855609893799 
5.1538848876953125 
5.624577045440674 
5.310708522796631 
6.298155307769775 
5.2589335441589355 
6.03407621383667 
5.189940929412842 
5.172658920288086 
5.136483669281006 
4.98701286315918 
4.905782222747803 
5.726677417755127 
4.80399751663208 
5.456409931182861 
5.253169536590576 
5.08883810043335 
4.880238056182861 
4.952914714813232 
5.461422443389893 
4.713832378387451 
5.0959954261779785 
4.812479496002197 
5.085737705230713 
7.085754871368408 
5.070413589477539 
5.073677062988281 
5.147156238555908 
5.004184246063232 
4.694818019866943 
5.456019401550293 
6.2536139488220215 
5.416408061981201 
5.551208972930908 
5.710664749145508 
7.575064182281494 
5.3085455894470215 
6.814398765563965 
4.943741798400879 
4.777267932891846 
5.947834491729736 
8.51835823059082 
4.827291965484619 
5.007030963897705 
6.920160293579102 
4.755056858062744 
6.566379070281982 
4.965115070343018 
5.330193996429443 
4.964217185974121 
4.969959259033203 
6.341751575469971 
9.556886672973633 
4.979842185974121 
5.140697956085205 
4.904963493347168 
5.026985168457031 
5.163753986358643 
4.898207187652588 
5.279627799987793 
5.127048969268799 
4.962470054626465 
7.799386501312256 
5.074972629547119 
5.008037090301514 
5.121016025543213 
5.991499423980713 
5.817640781402588 
5.300586223602295 
5.1204047203063965 
7.2822747230529785 
5.0129828453063965 
6.095859050750732 
5.0568928718566895 
5.606667995452881 
4.971443176269531 
5.119508266448975 
5.676211357116699 
5.02974271774292 
5.028613567352295 
4.669912815093994 
6.9722418785095215 
5.599066257476807 
6.9662766456604 
4.9156174659729 
4.952315807342529 
5.424623966217041 
4.93571138381958 
5.353891849517822 
5.62291955947876 
4.988922119140625 
5.57903528213501 
5.05829381942749 
6.536509990692139 
6.021949291229248 
4.857547283172607 
5.307694435119629 
5.7924580574035645 
5.648315906524658 
7.251678466796875 
7.376790523529053 
5.194225788116455 
5.332387447357178 
5.002564907073975 
4.803961277008057 
5.282127857208252 
4.969234943389893 
5.274402141571045 
4.8944292068481445 
6.0791754722595215 
4.806822299957275 
5.39470911026001 
5.086089611053467 
4.677099704742432 
4.855560302734375 
5.349547386169434 
5.135425090789795 
5.427577495574951 
5.119521141052246 
5.371737957000732 
5.659332275390625 
5.119791030883789 
5.204273700714111 
4.972980976104736 
5.115950107574463 
5.1765923500061035 
4.945064544677734 
4.889270305633545 
5.826963901519775 
5.2908406257629395 
4.950139045715332 
6.67667818069458 
5.226412296295166 
4.826528072357178 
4.744038105010986 
5.566204071044922 
5.236051082611084 
5.078576564788818 
5.0516180992126465 
5.095119476318359 
5.799698352813721 
5.143621921539307 
5.046867847442627 
5.297482490539551 
5.219884395599365 
4.8289923667907715 
5.079849720001221 
5.105220317840576 
5.09944486618042 
8.44796371459961 
4.9150872230529785 
4.922965049743652 
4.91417932510376 
5.035346508026123 
5.013636112213135 
4.970889568328857 
5.509845733642578 
4.847578525543213 
4.9035964012146 
5.142024993896484 
5.058533191680908 
4.877445220947266 
5.391391754150391 
5.107468605041504 
5.229309558868408 
4.986341953277588 
5.697658538818359 
5.040290355682373 
7.902055263519287 
7.871192455291748 
5.262683391571045 
5.154156684875488 
5.11732816696167 
4.797714710235596 
5.566433429718018 
8.02728271484375 
5.131837844848633 
4.965744495391846 
4.925180912017822 
5.3194403648376465 
4.899535655975342 
5.127791881561279 
5.294332981109619 
5.264937877655029 
4.878633499145508 
5.042821407318115 
5.051003932952881 
5.222294330596924 
6.125983715057373 
4.747345447540283 
5.0691142082214355 
5.0395941734313965 
5.252949237823486 
5.118576526641846 
5.084707736968994 
5.194907188415527 
5.476233005523682 
4.959690093994141 
5.026984691619873 
5.1380534172058105 
6.86853551864624 
5.059625625610352 
4.99062967300415 
8.300519943237305 
5.328209400177002 
5.959897518157959 
5.504643440246582 
7.831644058227539 
5.424837112426758 
4.8983283042907715 
5.312036037445068 
4.976109981536865 
6.779012203216553 
5.576670169830322 
5.596610069274902 
5.2753682136535645 
5.030907154083252 
6.263619422912598 
5.32639217376709 
6.094139575958252 
4.829458236694336 
5.530169486999512 
5.098171710968018 
5.176997661590576 
8.696703910827637 
7.05595064163208 
5.185562610626221 
4.963907718658447 
4.774878978729248 
5.1030097007751465 
5.981445789337158 
5.127721786499023 
5.069106101989746 
5.29075288772583 
9.029672622680664 
5.812200546264648 
5.156493663787842 
5.085760593414307 
9.090032577514648 
5.334598064422607 
4.808079719543457 
5.212439060211182 
5.0098395347595215 
5.405157089233398 
4.8644866943359375 
5.13585901260376 
4.889136791229248 
4.978876113891602 
5.268519401550293 
5.302722930908203 
6.3643269538879395 
5.206472873687744 
4.939943790435791 
5.111594200134277 
5.019225120544434 
5.364974498748779 
5.077430248260498 
5.213212490081787 
4.919192790985107 
5.166897296905518 
5.328329563140869 
5.849610328674316 
5.0959248542785645 
4.782623767852783 
5.287417888641357 
5.035978317260742 
4.8592209815979 
4.706529140472412 
4.754440784454346 
5.115787982940674 
5.235011577606201 
4.637784481048584 
7.788454055786133 
4.94598913192749 
5.370724201202393 
5.494048595428467 
5.212105751037598 
4.952460765838623 
4.981085777282715 
6.602332592010498 
5.63139009475708 
4.960851669311523 
4.640192985534668 
5.1533894538879395 
5.064205646514893 
5.048524856567383 
5.027588367462158 
8.009066581726074 
5.000545024871826 
5.702185153961182 
4.729709148406982 
5.095619201660156 
5.486754894256592 
5.4959516525268555 
5.077537536621094 
5.613563060760498 
6.515982151031494 
6.097523212432861 
5.129587650299072 
5.2350077629089355 
5.267405986785889 
6.716100215911865 
7.39695930480957 
4.843748569488525 
5.057087421417236 
6.030783653259277 
4.944811820983887 
4.989372730255127 
5.13372278213501 
5.057457447052002 
5.19482946395874 
5.097862243652344 
4.895544052124023 
7.8661627769470215 
5.217652320861816 
4.959322929382324 
5.060767650604248 
5.144117832183838 
5.058864116668701 
6.9549713134765625 
4.772186756134033 
6.392567157745361 
7.086053371429443 
4.754201889038086 
4.892446994781494 
4.881392002105713 
5.284854412078857 
4.997507572174072 
5.495667457580566 
5.145809650421143 
10.098295211791992 
5.026134490966797 
5.321963787078857 
5.261348247528076 
4.952102184295654 
4.9103899002075195 
4.802127361297607 
6.662265777587891 
5.228735446929932 
5.374905109405518 
6.032093524932861 
5.2081217765808105 
5.2610039710998535 
6.883420944213867 
5.156108379364014 
5.389376163482666 
7.266296863555908 
5.173999786376953 
5.365902900695801 
5.117626190185547 
5.130865573883057 
5.133363246917725 
5.004025936126709 
4.948029041290283 
6.828243255615234 
6.415224552154541 
5.173104286193848 
5.190524101257324 
5.579586029052734 
5.118311405181885 
5.234467029571533 
4.753550052642822 
4.8116936683654785 
4.838089466094971 
5.003787994384766 
5.206066608428955 
6.157180309295654 
6.321335315704346 
5.336036682128906 
4.996152877807617 
5.336709022521973 
5.22899055480957 
5.0728230476379395 
4.718385219573975 
5.137325763702393 
5.995443344116211 
5.0922770500183105 
4.736273288726807 
8.75719165802002 
6.069024562835693 
7.189305782318115 
4.780048370361328 
7.258549213409424 
5.838745594024658 
6.3584370613098145 
7.590539455413818 
5.3324294090271 
5.341914176940918 
5.10337495803833 
7.409115314483643 
5.368393898010254 
4.899742126464844 
5.318902015686035 
5.13765811920166 
5.650636196136475 
5.680716037750244 
4.9108662605285645 
5.8728251457214355 
4.915271282196045 
5.180301189422607 
5.3506550788879395 
5.03224515914917 
5.163113594055176 
5.50221586227417 
5.295696258544922 
5.162384986877441 
5.410464286804199 
5.492400646209717 
5.201735973358154 
5.2065911293029785 
5.056543350219727 
5.044917583465576 
5.003987789154053 
5.233308792114258 
5.879756927490234 
4.9006781578063965 
5.80472993850708 
5.043853282928467 
6.171433448791504 
7.669034481048584 
4.8045525550842285 
5.2731032371521 
5.026252269744873 
4.894866943359375 
5.660651683807373 
6.282746315002441 
4.985566139221191 
5.054108142852783 
5.2450432777404785 
7.649929523468018 
4.763342380523682 
4.889373779296875 
4.77721643447876 
6.054310321807861 
4.849094867706299 
5.371737480163574 
5.5082316398620605 
5.023199558258057 
5.42954683303833 
5.190018177032471 
5.010990619659424 
6.267749786376953 
5.0391411781311035 
4.902451515197754 
6.023282051086426 
5.501094341278076 
5.181211471557617 
5.992749214172363 
5.058599472045898 
5.142629146575928 
5.3863959312438965 
5.359547138214111 
5.291372776031494 
5.046533107757568 
5.0240068435668945 
7.647517681121826 
4.884157180786133 
5.108667850494385 
4.877932071685791 
8.748759269714355 
5.159917831420898 
5.145150661468506 
5.153181552886963 
5.235467910766602 
5.265138149261475 
5.333933353424072 
4.966729640960693 
6.645251750946045 
5.427882671356201 
5.216651439666748 
6.143442153930664 
5.104093074798584 
5.035304546356201 
8.71470832824707 
4.99750280380249 
5.212832927703857 
5.214670658111572 
6.884711265563965 
5.08120584487915 
5.037505626678467 
5.26422119140625 
5.237449645996094 
4.8861403465271 
6.3649983406066895 
5.025844097137451 
4.8101935386657715 
5.229404926300049 
5.133908748626709 
5.139500141143799 
5.297328948974609 
5.085327625274658 
4.870591163635254 
5.043193817138672 
4.670011520385742 
5.082282543182373 
5.1260247230529785 
4.7305908203125 
5.135789394378662 
8.627889633178711 
5.07144021987915 
4.928600788116455 
5.001710414886475 
5.033346652984619 
5.161661624908447 
5.205225467681885 
5.017673969268799 
5.6080546379089355 
6.406917095184326 
5.1269145011901855 
4.847507953643799 
5.310237407684326 
5.466015338897705 
5.292158126831055 
5.046142578125 
5.178983688354492 
5.37237024307251 
5.153147220611572 
5.416387557983398 
4.8602423667907715 
5.060495853424072 
4.830747127532959 
4.8682732582092285 
5.123568058013916 
5.909727096557617 
5.022047996520996 
5.350270748138428 
5.348239421844482 
4.803073406219482 
4.930544853210449 
4.94679594039917 
6.925553798675537 
5.095766544342041 
5.105989933013916 
5.714139938354492 
5.084765911102295 
4.976519584655762 
5.3335442543029785 
6.735960483551025 
5.544125080108643 
5.264593601226807 
4.836182594299316 
5.1073317527771 
5.093886852264404 
6.3418755531311035 
4.744404315948486 
5.266435146331787 
4.8628363609313965 
6.802157402038574 
5.369174003601074 
5.123194694519043 
4.999988079071045 
5.182533264160156 
5.0906453132629395 
5.392052173614502 
5.223683834075928 
5.318771839141846 
5.009896755218506 
5.587657451629639 
5.004162788391113 
4.849794864654541 
5.059503078460693 
5.053534984588623 
5.140201091766357 
5.9593353271484375 
4.914905071258545 
5.047382831573486 
5.225481986999512 
4.954235076904297 
5.053511142730713 
5.196630954742432 
5.052093029022217 
5.119186878204346 
5.672715663909912 
4.968596935272217 
5.220526218414307 
5.256184101104736 
6.172326564788818 
6.587460517883301 
4.921996593475342 
4.939015865325928 
5.4950361251831055 
5.796024799346924 
5.0008344650268555 
5.481484889984131 
6.348849773406982 
5.2236647605896 
5.337668418884277 
5.0425028800964355 
5.769465923309326 
5.006683349609375 
5.0941481590271 
5.065125465393066 
4.999472141265869 
5.62078332901001 
5.052091121673584 
5.787869930267334 
7.613015651702881 
5.284448146820068 
5.025175094604492 
5.142682075500488 
4.815608024597168 
5.234743118286133 
5.204870223999023 
5.2402215003967285 
4.952733039855957 
5.72071647644043 
5.287776947021484 
5.742735862731934 
5.190083980560303 
5.148159027099609 
5.412173748016357 
4.996911525726318 
5.132081985473633 
4.939266681671143 
5.039098262786865 
5.664584159851074 
5.245621681213379 
6.291018009185791 
4.841383934020996 
5.274367332458496 
4.980831623077393 
4.894927024841309 
5.038672924041748 
5.481865406036377 
4.935182094573975 
6.157259464263916 
5.085008144378662 
4.9546074867248535 
6.135784149169922 
7.448422908782959 
5.069272518157959 
5.014580249786377 
5.035130977630615 
7.396572589874268 
5.650726795196533 
6.045477390289307 
5.038603782653809 
5.300906181335449 
5.130962371826172 
5.1262288093566895 
5.186428546905518 
5.376927852630615 
6.358606815338135 
5.3769354820251465 
5.019615650177002 
4.8840484619140625 
4.867748737335205 
5.19476842880249 
4.876060962677002 
5.431149005889893 
7.232975959777832 
4.969632625579834 
5.123908996582031 
5.1813883781433105 
4.860789775848389 
5.299707889556885 
8.027332305908203 
4.8325419425964355 
5.0220561027526855 
8.087383270263672 
5.051046371459961 
5.243777751922607 
5.440862655639648 
4.952091693878174 
6.572653293609619 
5.0737481117248535 
8.731475830078125 
5.745097637176514 
5.0228190422058105 
6.463050365447998 
5.0410685539245605 
5.007696628570557 
5.144571781158447 
6.5369486808776855 
5.724888324737549 
5.502559661865234 
5.634486675262451 
4.892345905303955 
5.661827564239502 
5.572937488555908 
5.002057075500488 
5.22194766998291 
4.9238457679748535 
5.1225972175598145 
5.582146167755127 
7.189387798309326 
4.9349589347839355 
5.8271942138671875 
5.481663227081299 
5.191226482391357 
5.161056041717529 
5.207784652709961 
5.140894412994385 
5.198326110839844 
4.892392635345459 
5.2064595222473145 
4.966696739196777 
5.924130439758301 
4.828128337860107 
4.9845428466796875 
5.102464199066162 
5.488040447235107 
5.580260753631592 
4.989422798156738 
5.9484686851501465 
5.2646565437316895 
4.966677188873291 
5.475681781768799 
5.186783313751221 
4.949265003204346 
5.6345014572143555 
4.8561482429504395 
5.122203350067139 
4.979323863983154 
4.9364237785339355 
5.137376308441162 
4.86554479598999 
6.107183933258057 
7.6329474449157715 
5.002565860748291 
4.940014362335205 
5.123050689697266 
5.082603931427002 
6.041931629180908 
5.024902820587158 
7.287128925323486 
5.076568603515625 
5.674088001251221 
5.224544048309326 
5.336238384246826 
5.1506524085998535 
5.0348286628723145 
5.00255823135376 
4.769942760467529 
5.200819492340088 
5.124594211578369 
5.580596446990967 
5.286374568939209 
5.38563871383667 
6.066063404083252 
4.889819145202637 
5.224470138549805 
7.386126518249512 
5.155791282653809 
5.351650714874268 
5.040266036987305 
5.435192108154297 
6.405545711517334 
5.160403251647949 
5.5701799392700195 
5.09773588180542 
5.269410610198975 
6.204357624053955 
4.838258266448975 
4.582118511199951 
4.75736665725708 
5.481783866882324 
5.842640399932861 
6.610134124755859 
5.419285297393799 
5.286923885345459 
5.1064934730529785 
4.709167003631592 
5.331478595733643 
9.224273681640625 
5.276447772979736 
5.143947124481201 
6.271596908569336 
5.213061809539795 
5.112490177154541 
5.4527411460876465 
5.266188144683838 
5.113206386566162 
5.2162394523620605 
7.014714241027832 
4.981918811798096 
5.634992599487305 
5.172418117523193 
5.170853137969971 
4.729522705078125 
4.911867618560791 
5.614783763885498 
5.108705997467041 
5.280853748321533 
5.137635231018066 
7.996210098266602 
6.902466297149658 
7.261828899383545 
4.97361421585083 
5.1110711097717285 
4.973524570465088 
6.689262866973877 
5.181949138641357 
5.065739631652832 
5.445088863372803 
4.9680914878845215 
5.097728252410889 
4.904874324798584 
5.237167835235596 
4.942558765411377 
6.670311450958252 
7.883383750915527 
5.484856128692627 
4.928138256072998 
4.872111797332764 
6.9749064445495605 
5.7511982917785645 
5.688455104827881 
5.702795505523682 
5.194261074066162 
5.637512683868408 
5.045260429382324 
5.723873615264893 
5.284144878387451 
4.981479167938232 
6.764934062957764 
5.090518474578857 
5.183974742889404 
8.859123229980469 
5.634548664093018 
5.75151252746582 
4.6076202392578125 
4.969054698944092 
5.553530216217041 
6.182116985321045 
5.657557010650635 
6.130120754241943 
4.929777145385742 
4.803713321685791 
5.561438083648682 
5.411453723907471 
5.736452579498291 
4.668490409851074 
5.123937129974365 
5.126998424530029 
6.478957176208496 
7.333126068115234 
4.824055194854736 
5.175767421722412 
5.021204471588135 
4.945441246032715 
7.665272235870361 
4.847264766693115 
5.4190239906311035 
5.171779632568359 
5.073790073394775 
6.611100673675537 
5.454161167144775 
5.227146625518799 
5.642475605010986 
4.913959980010986 
5.182597637176514 
5.026191711425781 
5.7137131690979 
4.896423816680908 
5.282118320465088 
4.907022953033447 
4.812159061431885 
5.331453800201416 
7.926734924316406 
5.081453800201416 
5.624597072601318 
6.3456339836120605 
5.243427276611328 
5.526533603668213 
5.149473190307617 
5.1209397315979 
5.20098352432251 
5.769819736480713 
7.136455059051514 
5.5035176277160645 
4.85806131362915 
5.098504066467285 
5.810740947723389 
8.201435089111328 
5.616544246673584 
5.296261310577393 
5.2598490715026855 
6.002147674560547 
5.477406978607178 
4.929421901702881 
6.220890522003174 
4.769778728485107 
5.195424556732178 
4.881967067718506 
7.279820919036865 
5.281131267547607 
5.655609607696533 
4.75227689743042 
5.1911468505859375 
5.930105686187744 
6.094427108764648 
5.754636764526367 
5.012241363525391 
6.589948654174805 
5.086560249328613 
5.192596912384033 
4.978879451751709 
6.839914798736572 
4.931640148162842 
5.043060302734375 
5.239459037780762 
4.953751087188721 
5.540521144866943 
5.175641059875488 
4.898642063140869 
5.021603107452393 
5.189907550811768 
7.495646953582764 
5.089860916137695 
5.511127948760986 
5.118775844573975 
5.07145881652832 
4.897337436676025 
7.269951343536377 
5.832179069519043 
5.324754238128662 
6.720844268798828 
7.04611349105835 
5.446081161499023 
6.591001987457275 
5.167617321014404 
5.672577857971191 
5.1421895027160645 
4.731023788452148 
5.61421537399292 
5.000375270843506 
4.869089603424072 
5.0662431716918945 
5.244276523590088 
6.429105758666992 
5.103769779205322 
4.925634384155273 
6.583611011505127 
4.771355628967285 
4.9781270027160645 
5.6996941566467285 
5.439368724822998 
7.632025241851807 
4.96106481552124 
9.007711410522461 
5.093418598175049 
7.126927375793457 
5.06903076171875 
5.271653652191162 
5.19009256362915 
5.194952964782715 
6.989981651306152 
5.139217853546143 
5.31516695022583 
5.260097026824951 
5.416430950164795 
5.182875156402588 
6.687495708465576 
5.237387180328369 
4.866290092468262 
5.16267728805542 
5.10464334487915 
5.486606121063232 
5.43134069442749 
6.069558620452881 
4.80539083480835 
5.0940680503845215 
5.161074161529541 
4.876495838165283 
4.921344757080078 
5.095481872558594 
5.180505275726318 
5.028576850891113 
4.997243404388428 
5.255002498626709 
6.232848644256592 
4.9338908195495605 
5.241288661956787 
5.231555938720703 
6.455979824066162 
4.974472999572754 
5.511580467224121 
4.988182544708252 
4.965911388397217 
4.91132116317749 
6.751742362976074 
8.856033325195312 
5.339533805847168 
8.769001960754395 
5.186559677124023 
4.961911201477051 
5.065410137176514 
5.649430274963379 
5.142644882202148 
6.983670234680176 
5.394093990325928 
5.15510892868042 
5.2054548263549805 
5.148256778717041 
5.784585475921631 
5.263322353363037 
5.06559419631958 
4.773678302764893 
6.23887300491333 
5.060872554779053 
4.888120651245117 
5.587404727935791 
4.944117069244385 
5.486926555633545 
5.059784412384033 
7.894535541534424 
5.140075206756592 
5.576488971710205 
4.912358283996582 
4.886429309844971 
5.288995742797852 
9.511993408203125 
6.921609401702881 
6.437318801879883 
4.928191184997559 
5.039683818817139 
5.303084850311279 
6.49399995803833 
4.98466157913208 
5.32348108291626 
8.371349334716797 
5.03291130065918 
5.757443428039551 
5.401519298553467 
4.917805194854736 
5.077611446380615 
4.967955112457275 
5.097655296325684 
7.18310022354126 
4.981414318084717 
5.662189960479736 
4.992401599884033 
4.941970348358154 
5.512516498565674 
5.23715877532959 
5.399299144744873 
4.958715438842773 
6.461358070373535 
4.914967060089111 
5.228997707366943 
5.253701686859131 
4.93549108505249 
5.500641345977783 
5.16459321975708 
5.320593357086182 
7.8621439933776855 
5.236637115478516 
5.270097255706787 
6.107350826263428 
4.891469955444336 
5.02007532119751 
5.379583835601807 
5.006965160369873 
4.905678749084473 
5.3709917068481445 
5.152065277099609 
5.947203159332275 
7.797309398651123 
5.109041690826416 
5.205009460449219 
5.05015754699707 
4.92457389831543 
5.195981025695801 
4.9656782150268555 
7.526364803314209 
5.072930812835693 
5.032949447631836 
5.030319690704346 
4.970053195953369 
5.084266662597656 
5.0525617599487305 
5.125094890594482 
4.945662021636963 
5.065920352935791 
5.119565963745117 
5.25104284286499 
5.751287460327148 
6.2980055809021 
5.123530387878418 
5.473474979400635 
8.686260223388672 
5.084758758544922 
5.223429203033447 
5.313973903656006 
7.504826068878174 
8.95512866973877 
5.062255382537842 
4.8199143409729 
4.96223783493042 
5.095150470733643 
5.093235492706299 
4.965210914611816 
5.184177875518799 
4.85647439956665 
5.019898891448975 
5.809929370880127 
7.1584272384643555 
4.740376949310303 
5.332634925842285 
5.034448146820068 
5.103634357452393 
5.373632907867432 
4.96713924407959 
4.928028106689453 
4.796103477478027 
6.42773962020874 
9.05152416229248 
5.208570957183838 
4.931458473205566 
5.708111763000488 
5.316892147064209 
4.951155662536621 
5.055081367492676 
5.145259380340576 
5.113619327545166 
5.596076488494873 
5.904063701629639 
5.160916328430176 
5.046431064605713 
5.168753623962402 
5.249621868133545 
5.159925937652588 
5.305299758911133 
4.935440540313721 
6.199450969696045 
4.738178730010986 
5.96145486831665 
5.177375316619873 
4.924246788024902 
5.493838787078857 
5.239830493927002 
5.119601726531982 
6.331233978271484 
6.370084285736084 
5.984742641448975 
5.206481456756592 
5.153090953826904 
5.696728229522705 
5.028310298919678 
7.976621150970459 
6.453044414520264 
4.904409408569336 
5.899613857269287 
4.875089645385742 
5.496439456939697 
5.121387481689453 
5.153731822967529 
5.043342113494873 
5.050682067871094 
6.5167083740234375 
5.198720455169678 
9.10435676574707 
5.561273097991943 
5.99071741104126 
5.044747829437256 
5.062765598297119 
5.021230220794678 
5.167693614959717 
7.169989109039307 
7.656327724456787 
4.9696784019470215 
6.250365734100342 
5.626435279846191 
5.139527320861816 
7.174315929412842 
5.811962127685547 
4.993436336517334 
5.125980377197266 
5.009165287017822 
4.982950687408447 
7.064015865325928 
5.708615779876709 
7.171140670776367 
5.177129745483398 
4.975156307220459 
5.4171576499938965 
5.1983418464660645 
5.499683856964111 
5.567498683929443 
5.07621431350708 
4.81011438369751 
5.040217399597168 
4.945875644683838 
6.054915904998779 
7.83762788772583 
5.134581089019775 
4.663826942443848 
6.009305477142334 
5.193349361419678 
5.267629146575928 
8.036282539367676 
5.117732048034668 
5.000953197479248 
7.692367076873779 
7.675901412963867 
5.2524027824401855 
4.932549953460693 
4.668808460235596 
4.890944957733154 
5.045648097991943 
5.292713642120361 
5.993264675140381 
5.058337211608887 
5.064274311065674 
6.224960803985596 
4.878986835479736 
5.509986400604248 
5.687567710876465 
8.219155311584473 
4.909962177276611 
5.0095086097717285 
5.7646050453186035 
4.90838098526001 
4.945666790008545 
5.182081699371338 
7.503513336181641 
5.030902862548828 
5.018502712249756 
5.013182163238525 
5.325185298919678 
5.1860480308532715 
5.494060039520264 
4.944108963012695 
5.170679569244385 
5.3337788581848145 
5.165767192840576 
5.709599018096924 
4.9499335289001465 
4.83675479888916 
5.083070755004883 
5.068446636199951 
6.045312404632568 
6.978743553161621 
5.339417934417725 
4.903736591339111 
4.963483810424805 
4.873162746429443 
5.3681960105896 
5.328367233276367 
6.378868579864502 
8.397872924804688 
6.419438362121582 
4.8978166580200195 
5.387875080108643 
5.024226188659668 
5.663976669311523 
5.555434703826904 
5.092463970184326 
5.174258708953857 
5.010097503662109 
4.948174953460693 
4.847906589508057 
4.905106067657471 
4.967525005340576 
4.955554485321045 
4.972253799438477 
5.246148109436035 
5.262488842010498 
5.1441168785095215 
5.273918628692627 
5.116865634918213 
5.403919696807861 
7.081308841705322 
5.497828960418701 
7.533725738525391 
5.644245147705078 
6.0050177574157715 
4.9500250816345215 
6.317820072174072 
4.8417510986328125 
5.431751728057861 
5.722777843475342 
5.363804817199707 
5.079137325286865 
5.018792629241943 
5.1898064613342285 
4.8399152755737305 
5.433528423309326 
5.010110378265381 
10.041744232177734 
6.325916290283203 
6.7783942222595215 
5.231321811676025 
5.270101547241211 
5.255423069000244 
5.001204967498779 
5.546458721160889 
5.057048320770264 
5.200473308563232 
4.847356796264648 
5.08522891998291 
5.5771870613098145 
5.1144843101501465 
6.737663745880127 
5.172702312469482 
4.979918956756592 
5.023317813873291 
7.330369472503662 
6.42736291885376 
4.954329967498779 
6.316709995269775 
5.050619125366211 
5.214137554168701 
5.081820487976074 
5.110142230987549 
5.35363245010376 
8.353479385375977 
5.998495578765869 
5.201989650726318 
5.501731872558594 
6.617506504058838 
4.84122896194458 
5.687899112701416 
5.7027201652526855 
5.233172416687012 
5.247784614562988 
5.001368045806885 
6.443035125732422 
5.014286994934082 
5.145298004150391 
4.88953161239624 
5.682188510894775 
5.695859432220459 
5.914142608642578 
5.196624279022217 
5.0879340171813965 
5.243669033050537 
5.175355434417725 
7.423982620239258 
5.050541877746582 
5.761661052703857 
7.308181285858154 
5.138855934143066 
5.046440601348877 
6.603692054748535 
4.870159149169922 
8.746358871459961 
5.250378131866455 
5.360915660858154 
5.044965744018555 
5.082735538482666 
5.089507579803467 
5.098708629608154 
5.107466220855713 
5.069530963897705 
4.777207851409912 
5.087274074554443 
5.31552267074585 
5.009361267089844 
5.631604194641113 
5.021939754486084 
5.649126052856445 
5.249979019165039 
5.257880210876465 
5.260130882263184 
5.076467514038086 
4.913919448852539 
8.302301406860352 
4.873574256896973 
7.278961658477783 
5.004275798797607 
5.207643032073975 
4.934580326080322 
5.095280647277832 
6.072066783905029 
5.530756950378418 
4.869575023651123 
6.157145023345947 
5.014822483062744 
5.192907810211182 
6.627682209014893 
5.042602062225342 
5.240580081939697 
5.902754306793213 
5.207571983337402 
5.294215202331543 
5.1684699058532715 
5.720449924468994 
6.739217281341553 
5.192413330078125 
5.191666603088379 
5.2125420570373535 
4.870482444763184 
5.049392223358154 
5.361366271972656 
5.769294738769531 
5.154694080352783 
5.1140313148498535 
4.961251735687256 
5.410272598266602 
4.89821195602417 
4.9663190841674805 
5.7028632164001465 
5.181620121002197 
4.909400939941406 
4.912589073181152 
5.165042400360107 
5.044994831085205 
4.9764604568481445 
6.809109210968018 
5.553800106048584 
5.000768661499023 
5.020479202270508 
5.247787952423096 
5.202165603637695 
5.234750270843506 
5.6892595291137695 
4.764983654022217 
6.266173839569092 
9.97666072845459 
5.076413631439209 
6.0630717277526855 
5.501460552215576 
4.8984880447387695 
5.781411647796631 
5.616883754730225 
4.985743522644043 
6.813787937164307 
5.2464470863342285 
5.038346767425537 
5.276308536529541 
5.444568634033203 
5.0815205574035645 
5.035083770751953 
5.099185943603516 
5.2496562004089355 
5.050716876983643 
5.514864444732666 
6.09889030456543 
4.89508581161499 
6.279113292694092 
6.510035991668701 
5.245112895965576 
4.698853969573975 
4.776327610015869 
4.961594581604004 
5.016213893890381 
5.598164081573486 
5.053541660308838 
4.833333492279053 
5.27207612991333 
5.033850193023682 
5.07377290725708 
5.030280113220215 
5.059811592102051 
5.470851421356201 
5.477749824523926 
5.017340183258057 
4.905786514282227 
5.400441646575928 
6.744185447692871 
4.883494853973389 
4.864711761474609 
5.179750442504883 
5.181316375732422 
5.837820053100586 
5.788121223449707 
5.0412116050720215 
5.924755096435547 
4.988134860992432 
5.101261138916016 
4.89583683013916 
5.7468791007995605 
6.7570085525512695 
5.024561405181885 
6.047497749328613 
5.343729496002197 
4.81011438369751 
4.901474475860596 
5.706932544708252 
5.087979793548584 
5.413227558135986 
5.712377071380615 
5.1323771476745605 
4.860605716705322 
5.242330551147461 
4.9117960929870605 
5.367794513702393 
5.441234588623047 
5.200681209564209 
5.0441670417785645 
4.970992565155029 
5.8633646965026855 
5.043003559112549 
5.740835666656494 
5.09544038772583 
5.090096950531006 
5.197689533233643 
5.146315097808838 
6.540918827056885 
4.856111526489258 
4.860802173614502 
6.960252285003662 
5.151157855987549 
5.091824054718018 
6.5898237228393555 
5.207059383392334 
5.565614223480225 
5.088684558868408 
5.004587650299072 
6.410208225250244 
5.2118916511535645 
5.0190110206604 
6.579479217529297 
5.281035900115967 
5.294612407684326 
4.723675727844238 
5.312422752380371 
5.689635276794434 
6.436837196350098 
5.871046543121338 
5.094314098358154 
5.850353717803955 
5.288663387298584 
5.0832905769348145 
5.262661457061768 
5.482208728790283 
5.268307209014893 
6.258703231811523 
4.918258190155029 
4.725642204284668 
4.950501918792725 
5.1869072914123535 
5.234859466552734 
5.035590171813965 
5.005956649780273 
5.057765483856201 
5.1715240478515625 
5.136053562164307 
4.969028949737549 
5.925708293914795 
4.832006931304932 
6.356654644012451 
4.941975116729736 
5.003805637359619 
5.0991435050964355 
4.833942413330078 
5.137519359588623 
6.125114917755127 
6.704853534698486 
5.48607873916626 
5.49639892578125 
5.222377300262451 
6.849355220794678 
4.859605312347412 
5.431065559387207 
4.938169956207275 
4.869253635406494 
5.358798027038574 
5.148688793182373 
5.110870838165283 
4.95188570022583 
4.850622653961182 
5.110499382019043 
9.663382530212402 
5.127391338348389 
5.241612911224365 
6.180111408233643 
4.9482879638671875 
5.029005527496338 
6.18257999420166 
8.65530776977539 
4.959921360015869 
5.1887898445129395 
5.127804756164551 
4.742967128753662 
6.010215759277344 
8.208295822143555 
5.065832138061523 
5.140134334564209 
5.344250202178955 
5.253738880157471 
4.913730144500732 
5.470057487487793 
5.1262593269348145 
5.180832862854004 
4.947221279144287 
5.939744472503662 
4.966932773590088 
5.107902526855469 
5.417704105377197 
5.189018726348877 
5.26279354095459 
5.147086143493652 
6.959949970245361 
4.991499423980713 
5.452260494232178 
5.067089557647705 
5.142730236053467 
5.8585429191589355 
5.517409324645996 
5.009279727935791 
5.236965656280518 
5.07300329208374 
4.849528789520264 
5.519996166229248 
5.208983898162842 
4.922943115234375 
5.04085111618042 
5.148854732513428 
4.885306358337402 
5.370004177093506 
5.236334323883057 
4.855191230773926 
5.201744556427002 
6.331137180328369 
5.243197441101074 
5.365840435028076 
5.493344783782959 
5.266263484954834 
5.081161022186279 
5.209234714508057 
5.118056774139404 
5.362772464752197 
5.516042709350586 
6.139954090118408 
6.064300537109375 
5.399505138397217 
4.8883442878723145 
5.0392231941223145 
5.016504764556885 
5.266924858093262 
4.780446529388428 
5.968921184539795 
5.110454082489014 
5.744750499725342 
5.992861270904541 
5.10100793838501 
6.736338138580322 
5.057251453399658 
5.193554401397705 
4.9029011726379395 
4.9119744300842285 
4.7890119552612305 
5.019914627075195 
5.1228718757629395 
5.410783290863037 
4.9595255851745605 
5.035648345947266 
4.978793621063232 
5.063325881958008 
4.887956142425537 
6.898007869720459 
4.8648600578308105 
5.096183776855469 
5.772015571594238 
5.080270290374756 
4.8235039710998535 
5.162492275238037 
4.869439125061035 
5.241567611694336 
5.043015480041504 
4.921571254730225 
4.884403705596924 
5.250744819641113 
5.004936695098877 
6.39601993560791 
5.224032878875732 
5.242772102355957 
5.3066582679748535 
5.771962642669678 
5.581273555755615 
5.13527250289917 
5.988638877868652 
4.7712082862854 
6.5071611404418945 
5.053714752197266 
5.058536052703857 
4.784717082977295 
5.011729717254639 
8.649643898010254 
5.0284743309021 
4.9390387535095215 
5.074782848358154 
4.915218830108643 
5.099223613739014 
6.120253562927246 
5.766200542449951 
5.962631702423096 
5.544944763183594 
5.426893711090088 
5.402889728546143 
4.947624683380127 
7.276695728302002 
4.985636234283447 
9.530179023742676 
5.076752662658691 
6.85195779800415 
5.544307231903076 
6.496187686920166 
5.528890132904053 
6.528199672698975 
4.948927402496338 
4.758908748626709 
5.243657112121582 
6.878873348236084 
6.047435760498047 
5.113345146179199 
5.285947322845459 
8.063774108886719 
5.795411109924316 
4.938382148742676 
4.955993175506592 
5.130192279815674 
5.286433696746826 
5.165877819061279 
5.1596903800964355 
5.153791904449463 
5.544615268707275 
4.9495415687561035 
5.375045299530029 
5.719328880310059 
4.913261413574219 
5.195253849029541 
5.087757110595703 
5.161830425262451 
5.848232746124268 
5.4329938888549805 
6.572609901428223 
6.4864821434021 
4.8084306716918945 
5.4857964515686035 
10.086511611938477 
6.388603687286377 
4.835375785827637 
5.217545032501221 
6.524928092956543 
7.301730632781982 
5.610015869140625 
5.6648945808410645 
4.998270034790039 
5.1950154304504395 
6.460083484649658 
5.402262210845947 
5.021041393280029 
8.629091262817383 
5.012714862823486 
5.620983600616455 
4.929138660430908 
5.245530605316162 
4.9745283126831055 
4.934098720550537 
6.345349311828613 
5.38631534576416 
4.94046688079834 
5.00889253616333 
6.493714809417725 
6.324640274047852 
5.453431606292725 
5.126401424407959 
5.083972930908203 
5.052427768707275 
5.341497898101807 
5.206326961517334 
5.5104241371154785 
5.175304412841797 
5.0751872062683105 
6.13643217086792 
5.1488471031188965 
5.185056686401367 
5.462665557861328 
5.4558634757995605 
4.795932292938232 
4.875351905822754 
5.360034465789795 
5.077310085296631 
6.465031147003174 
4.9595513343811035 
5.358389377593994 
5.034740447998047 
5.284987449645996 
5.390787601470947 
4.9121928215026855 
4.9366326332092285 
4.984864234924316 
7.253540515899658 
5.347787380218506 
5.0491743087768555 
5.575616359710693 
7.284290790557861 
5.308267116546631 
5.785082817077637 
5.123680591583252 
6.482761859893799 
5.169554233551025 
5.039793491363525 
5.214213848114014 
5.121281147003174 
5.2430291175842285 
5.321174144744873 
6.804131984710693 
4.8537373542785645 
9.829063415527344 
5.838220596313477 
5.112731456756592 
5.619048595428467 
5.111782550811768 
5.299716472625732 
4.930049419403076 
4.863958835601807 
6.73330545425415 
5.052117824554443 
5.0530500411987305 
5.037588596343994 
5.1594648361206055 
5.2057414054870605 
5.624897480010986 
5.139380931854248 
5.30658483505249 
5.359890460968018 
6.478233814239502 
4.986948490142822 
5.571387767791748 
5.300546169281006 
5.002535343170166 
5.383156776428223 
4.8040642738342285 
5.078925132751465 
5.635781764984131 
5.071170806884766 
4.843583583831787 
4.668046951293945 
5.197745323181152 
6.617421627044678 
5.115347385406494 
5.069645404815674 
4.725829601287842 
5.005265712738037 
5.282656192779541 
5.165024280548096 
8.782380104064941 
5.48723840713501 
5.004765033721924 
4.931692600250244 
5.012934684753418 
5.0202789306640625 
5.119309902191162 
5.410237789154053 
5.638518333435059 
5.117609024047852 
4.925617694854736 
5.426703929901123 
5.979312419891357 
5.224196910858154 
5.0238118171691895 
5.479314804077148 
5.279909610748291 
5.310204982757568 
5.2788214683532715 
4.905496597290039 
5.869961261749268 
5.053738117218018 
5.075747966766357 
5.573437213897705 
6.579864978790283 
5.388077735900879 
5.043685436248779 
5.100949287414551 
6.427457332611084 
4.88892126083374 
5.362874507904053 
5.906103610992432 
4.864645481109619 
6.2468342781066895 
5.8398661613464355 
4.83442497253418 
5.991971015930176 
5.070738792419434 
5.070362567901611 
4.7869696617126465 
5.651215076446533 
4.842900276184082 
6.724112510681152 
4.920635223388672 
4.925872325897217 
5.18890905380249 
5.563675880432129 
4.726273059844971 
5.340099334716797 
5.097265720367432 
5.239765644073486 
5.259951114654541 
6.511202812194824 
5.185692310333252 
4.988974094390869 
6.628478527069092 
5.254260540008545 
6.594229221343994 
5.005532264709473 
5.134867191314697 
4.892671585083008 
5.613431453704834 
5.071151256561279 
6.672653675079346 
5.101824760437012 
6.187678813934326 
4.887533664703369 
5.081859111785889 
5.629086017608643 
5.222612380981445 
8.566949844360352 
5.130733966827393 
4.9900126457214355 
8.49259090423584 
6.036318302154541 
5.054886817932129 
4.702612400054932 
5.117153167724609 
5.0316572189331055 
5.879676818847656 
5.788139820098877 
5.8504638671875 
5.109601020812988 
6.424224376678467 
5.36824369430542 
4.9834818840026855 
5.423637866973877 
6.1483845710754395 
5.289717197418213 
7.018185615539551 
4.988239765167236 
5.133175373077393 
5.006529331207275 
5.184933185577393 
5.304963111877441 
4.983492374420166 
5.302742958068848 
5.496890544891357 
5.082968235015869 
5.152930736541748 
5.3595871925354 
7.127415180206299 
5.096938610076904 
5.492663860321045 
4.791874408721924 
4.600754261016846 
6.33809232711792 
5.3208794593811035 
4.853152751922607 
5.367356300354004 
5.417510032653809 
5.0784711837768555 
7.899265289306641 
5.21414041519165 
5.129678249359131 
5.092719554901123 
5.104868412017822 
4.900631427764893 
5.327126502990723 
7.8505144119262695 
5.690377235412598 
5.138545513153076 
5.204926013946533 
4.961465358734131 
4.9949846267700195 
5.3729634284973145 
4.952850818634033 
5.0142927169799805 
5.08039665222168 
5.09677267074585 
5.3022589683532715 
5.06146240234375 
5.1293416023254395 
4.931949138641357 
5.147990703582764 
4.986927509307861 
5.162960529327393 
4.884076118469238 
5.528522968292236 
4.965627193450928 
5.342286586761475 
5.028982162475586 
5.010421276092529 
5.2346906661987305 
5.026947975158691 
4.9994683265686035 
6.3240065574646 
4.922323703765869 
4.918001651763916 
6.546184539794922 
4.8171586990356445 
5.162999629974365 
4.944222927093506 
5.6142473220825195 
5.096200466156006 
5.061422824859619 
5.01185941696167 
5.7845778465271 
5.238658905029297 
4.73827600479126 
5.179959774017334 
5.130364894866943 
8.188901901245117 
5.65619421005249 
5.219831943511963 
4.914910793304443 
5.598135948181152 
4.890198707580566 
5.352747440338135 
7.669948101043701 
5.322640895843506 
5.966182231903076 
5.798882007598877 
4.775389194488525 
6.408451080322266 
5.125313758850098 
4.913590908050537 
4.769629001617432 
5.466214179992676 
5.26046085357666 
5.3992486000061035 
6.293937683105469 
5.737216472625732 
4.9059224128723145 
4.941389083862305 
4.773280620574951 
5.221654415130615 
5.178666591644287 
4.959527492523193 
5.1090898513793945 
4.88781213760376 
4.874142169952393 
7.237576961517334 
4.9968719482421875 
5.410372257232666 
5.172054290771484 
5.844345569610596 
5.205355644226074 
4.914610385894775 
5.33912992477417 
5.105491638183594 
4.872422218322754 
5.014022350311279 
5.829146862030029 
5.1619486808776855 
4.929327964782715 
4.788585186004639 
4.95775032043457 
6.391145706176758 
7.4016499519348145 
5.160594463348389 
5.113635540008545 
5.3246636390686035 
4.982845783233643 
5.62675142288208 
5.334674835205078 
5.178473472595215 
5.608442783355713 
4.930054187774658 
7.800090312957764 
5.63234806060791 
5.077700138092041 
5.299248218536377 
5.0525641441345215 
4.890657424926758 
5.086414813995361 
5.055525779724121 
5.620469570159912 
4.906617641448975 
5.128836154937744 
5.943680286407471 
5.1751580238342285 
8.72964859008789 
4.876890659332275 
5.967366695404053 
5.007847785949707 
8.05733871459961 
5.271422863006592 
5.643327236175537 
5.152647972106934 
5.117593765258789 
5.1391777992248535 
5.8303070068359375 
6.081450939178467 
4.937378406524658 
5.064225673675537 
5.308863162994385 
6.982023239135742 
5.612269878387451 
6.722502708435059 
4.827725887298584 
4.9175286293029785 
6.26467752456665 
5.327971458435059 
5.3658061027526855 
8.32813835144043 
5.02191162109375 
5.825764179229736 
5.056326866149902 
5.053203105926514 
4.948253154754639 
6.077631950378418 
5.066037654876709 
6.272352695465088 
5.260478496551514 
4.7463603019714355 
5.797332286834717 
4.9754533767700195 
5.147804260253906 
5.864187717437744 
5.01466703414917 
5.1178297996521 
6.985987663269043 
5.237325191497803 
5.086337566375732 
5.786406993865967 
5.570314407348633 
6.167384624481201 
5.4219136238098145 
5.473979473114014 
4.975354194641113 
4.999772548675537 
5.439437389373779 
7.646048069000244 
5.231997013092041 
5.031116485595703 
4.846766948699951 
5.310871601104736 
4.974503517150879 
6.476632595062256 
4.965447902679443 
5.376011848449707 
5.0877861976623535 
5.282481670379639 
5.984726428985596 
5.476064205169678 
5.581294536590576 
5.229830265045166 
5.1953654289245605 
5.329040050506592 
5.204183578491211 
5.340160846710205 
5.7244038581848145 
4.956797122955322 
5.079578876495361 
5.081765651702881 
5.080141067504883 
5.267776966094971 
5.690799236297607 
5.141988277435303 
6.250344276428223 
5.545388698577881 
5.402781963348389 
5.466293811798096 
5.096616268157959 
5.010535717010498 
4.858811378479004 
4.9784770011901855 
4.998241901397705 
6.773074626922607 
5.197638988494873 
4.678279399871826 
5.3702216148376465 
5.24277400970459 
5.639524936676025 
6.150228977203369 
5.258781909942627 
5.233029842376709 
6.0397515296936035 
4.879660129547119 
4.9409379959106445 
5.84535026550293 
5.239774703979492 
4.886831760406494 
7.5169854164123535 
5.501199245452881 
5.051497936248779 
5.320971965789795 
5.05146598815918 
5.405562877655029 
8.034562110900879 
5.434049606323242 
5.381845951080322 
4.9136271476745605 
6.026665210723877 
6.663730621337891 
5.159524917602539 
5.239272117614746 
5.11678409576416 
8.126739501953125 
4.9671454429626465 
6.274063587188721 
5.156342029571533 
5.50840425491333 
5.492329120635986 
4.958181381225586 
5.4822187423706055 
5.344419479370117 
5.287292003631592 
5.506124019622803 
4.75385046005249 
5.053776264190674 
4.895129680633545 
5.4498419761657715 
4.988458156585693 
5.755019187927246 
4.891415119171143 
4.88569450378418 
5.037833213806152 
8.248778343200684 
5.481683254241943 
4.933703899383545 
4.886939525604248 
4.818124294281006 
4.884204387664795 
5.120315074920654 
5.1728081703186035 
5.18145227432251 
4.874739170074463 
5.194931507110596 
5.433678150177002 
4.919025897979736 
6.289571762084961 
5.152059078216553 
6.8371663093566895 
5.19875955581665 
9.39472484588623 
5.075014114379883 
4.879012107849121 
4.872991561889648 
7.291053295135498 
4.9245829582214355 
5.044314384460449 
4.954170227050781 
5.015770435333252 
8.614999771118164 
5.017511367797852 
4.766870021820068 
4.941544055938721 
5.152689456939697 
5.055586338043213 
10.272627830505371 
5.3249897956848145 
4.87672233581543 
6.9260125160217285 
4.938721179962158 
4.969195365905762 
5.093714237213135 
5.0989990234375 
5.9394636154174805 
4.964935779571533 
5.046243667602539 
5.111434459686279 
4.968726634979248 
5.002997398376465 
7.2856316566467285 
8.197023391723633 
5.432832717895508 
4.995995044708252 
5.773092269897461 
5.2589240074157715 
5.6387200355529785 
5.074154376983643 
5.189131736755371 
5.015713214874268 
5.411361217498779 
4.899536609649658 
5.801796913146973 
5.653782844543457 
5.417729377746582 
4.940598011016846 
4.996479034423828 
5.376441955566406 
6.437526226043701 
5.176513671875 
6.0883469581604 
4.873168468475342 
5.464582443237305 
5.390312671661377 
5.351590633392334 
5.548795223236084 
6.538207530975342 
4.7946457862854 
5.132364749908447 
8.130165100097656 
7.182444095611572 
4.753826141357422 
4.976296424865723 
6.251823902130127 
5.231644630432129 
5.208807468414307 
4.927727699279785 
4.785168170928955 
5.3732218742370605 
5.091000080108643 
5.773128032684326 
5.491308212280273 
4.911892414093018 
5.509979724884033 
5.0625529289245605 
5.516840934753418 
4.994029521942139 
5.580714225769043 
6.924980163574219 
5.858070373535156 
5.072700500488281 
4.8701171875 
4.96757173538208 
5.5567193031311035 
5.04141092300415 
4.921108722686768 
5.265265941619873 
5.0978264808654785 
5.075189113616943 
5.679065227508545 
5.738952159881592 
5.157577037811279 
5.320594310760498 
5.545866012573242 
5.251540660858154 
5.621522426605225 
4.987400531768799 
4.764472007751465 
4.981034755706787 
4.795602798461914 
5.130232334136963 
5.512661457061768 
6.937061309814453 
5.138617038726807 
4.748564720153809 
5.254149436950684 
5.042429447174072 
6.247518539428711 
5.150340557098389 
5.18274450302124 
5.000030994415283 
5.869702339172363 
7.243002414703369 
4.962130069732666 
5.03693151473999 
4.938199043273926 
5.017824649810791 
5.400721073150635 
4.820093631744385 
4.93030309677124 
4.920924663543701 
5.186926364898682 
8.07215690612793 
5.606506824493408 
4.724090576171875 
4.69734525680542 
5.482641696929932 
5.235159873962402 
5.036911964416504 
5.831928730010986 
4.980224132537842 
4.9775614738464355 
4.979849815368652 
5.317587375640869 
4.755649089813232 
5.102948188781738 
4.9672064781188965 
5.177646160125732 
5.043819904327393 
4.869442462921143 
5.138128757476807 
5.106480121612549 
4.776233196258545 
5.070440292358398 
5.063981056213379 
5.056329250335693 
4.977771282196045 
5.189995288848877 
5.15432596206665 
5.27927303314209 
5.437103748321533 
6.141051769256592 
5.857013702392578 
6.086343288421631 
5.168542385101318 
4.7787604331970215 
5.4728193283081055 
5.107675552368164 
5.819009304046631 
5.463356971740723 
5.269195079803467 
4.867862224578857 
5.410429000854492 
5.2843427658081055 
5.125925064086914 
5.19408655166626 
6.694591045379639 
4.8891401290893555 
4.892434597015381 
5.093832492828369 
5.34758996963501 
4.888801097869873 
5.177105903625488 
4.8813796043396 
6.166186809539795 
5.7893218994140625 
5.272023677825928 
8.969308853149414 
7.2113518714904785 
5.0069804191589355 
5.832600116729736 
4.908212661743164 
5.461813926696777 
6.73704195022583 
5.500094413757324 
5.062866687774658 
5.403319835662842 
8.838688850402832 
6.842584609985352 
4.936323165893555 
5.203397274017334 
5.0218281745910645 
10.094728469848633 
5.201365947723389 
5.111912250518799 
5.433868885040283 
5.014383792877197 
8.219039916992188 
5.66516637802124 
4.876865863800049 
5.131545543670654 
4.899990558624268 
5.154298782348633 
5.198062419891357 
4.9699225425720215 
5.054967880249023 
4.876163005828857 
5.881646156311035 
4.885512828826904 
4.896902561187744 
5.100882053375244 
5.039004802703857 
4.92392635345459 
5.031946659088135 
8.539068222045898 
4.75474214553833 
5.266030788421631 
5.094656467437744 
5.181307315826416 
5.056401252746582 
7.772243499755859 
5.069700241088867 
5.267375946044922 
4.956767559051514 
5.363449573516846 
5.258646488189697 
5.518111705780029 
4.656103610992432 
5.3012824058532715 
5.2493109703063965 
5.36769962310791 
4.931869029998779 
5.0055365562438965 
5.0465264320373535 
5.251281261444092 
5.151200771331787 
6.90170431137085 
4.842643737792969 
5.275655269622803 
5.116557598114014 
5.024128437042236 
5.093522071838379 
5.46012544631958 
4.867424488067627 
5.351032733917236 
5.113437652587891 
4.861940860748291 
4.836954593658447 
5.747887134552002 
5.2472357749938965 
7.1149444580078125 
6.28163480758667 
5.051057815551758 
5.484982013702393 
4.9467339515686035 
4.809728145599365 
5.26439905166626 
9.456245422363281 
8.07387924194336 
5.0062031745910645 
5.081741809844971 
5.06889009475708 
8.51280689239502 
9.451775550842285 
5.4019036293029785 
4.963977336883545 
8.335342407226562 
5.180084228515625 
4.934634685516357 
7.602160930633545 
7.7729949951171875 
5.319745063781738 
5.34466028213501 
4.960733890533447 
4.967523097991943 
9.298580169677734 
5.163085460662842 
5.214725494384766 
4.9953107833862305 
8.9798583984375 
7.302520751953125 
4.836204528808594 
5.016567707061768 
5.561906337738037 
5.1126790046691895 
4.994683742523193 
6.454968452453613 
5.038961887359619 
4.892115116119385 
5.40189790725708 
6.320028305053711 
5.219686031341553 
5.329959392547607 
6.982506275177002 
4.830483913421631 
6.993549823760986 
5.025793552398682 
4.980157375335693 
5.108216762542725 
5.73951530456543 
4.917944431304932 
5.063984394073486 
6.83622932434082 
6.0477824211120605 
5.193767070770264 
5.98976469039917 
6.460659503936768 
4.934601783752441 
5.046859264373779 
5.5421319007873535 
6.8397393226623535 
5.5090250968933105 
4.976647853851318 
5.1229023933410645 
5.40719747543335 
5.757294654846191 
6.533140659332275 
5.219549655914307 
6.365720748901367 
5.733767986297607 
4.9968743324279785 
5.06148099899292 
6.578670024871826 
5.039581298828125 
5.120154857635498 
5.187599182128906 
5.0231852531433105 
5.535836696624756 
5.788365840911865 
5.109496116638184 
6.959680080413818 
5.950769901275635 
5.296281337738037 
5.636618137359619 
6.04039192199707 
5.165733814239502 
4.96517276763916 
4.850610256195068 
6.123359203338623 
5.258609294891357 
5.529886245727539 
5.1436991691589355 
5.809176921844482 
5.022449016571045 
6.3150715827941895 
4.8935394287109375 
4.817399024963379 
4.8835129737854 
5.009983539581299 
5.134811878204346 
5.285126686096191 
5.068947792053223 
5.477053165435791 
5.233029842376709 
5.017911911010742 
5.230812072753906 
4.6942219734191895 
5.144712924957275 
5.309764385223389 
5.350000858306885 
5.00036096572876 
5.508731365203857 
4.970356464385986 
5.3223466873168945 
7.006999492645264 
5.214756488800049 
5.040332317352295 
4.844095706939697 
4.9556474685668945 
4.864369869232178 
4.791820049285889 
5.302571773529053 
5.054068088531494 
5.386084079742432 
6.841572284698486 
5.602728843688965 
5.0082502365112305 
5.207235813140869 
5.103962421417236 
5.442187786102295 
4.8598198890686035 
4.877858638763428 
5.124793529510498 
5.164742946624756 
5.320476055145264 
4.98117733001709 
8.370208740234375 
6.36173677444458 
5.133627891540527 
5.088344097137451 
5.129136562347412 
4.944338321685791 
5.1301093101501465 
5.362057209014893 
5.267026424407959 
6.12858247756958 
4.918725490570068 
5.224786281585693 
5.147988796234131 
6.932251453399658 
6.172875881195068 
4.745174884796143 
6.022639751434326 
4.967161655426025 
5.164223670959473 
4.849963665008545 
5.009477138519287 
4.937623977661133 
4.968784809112549 
5.029775619506836 
4.864807605743408 
4.816596508026123 
5.080035209655762 
6.610901832580566 
5.591114521026611 
5.178136348724365 
5.088364124298096 
5.212208271026611 
5.162084102630615 
7.9293293952941895 
5.208971977233887 
5.2528605461120605 
4.928488254547119 
6.256810665130615 
4.941195487976074 
5.372491836547852 
5.086164951324463 
6.506187915802002 
5.025484085083008 
4.822993755340576 
4.89504861831665 
5.126888751983643 
4.962080478668213 
5.080436706542969 
4.9697957038879395 
4.795262813568115 
5.534971714019775 
5.758845329284668 
5.160833835601807 
5.32197380065918 
4.937747478485107 
5.821008205413818 
4.905940532684326 
5.49566125869751 
4.760225772857666 
4.872320652008057 
5.020275592803955 
5.565933704376221 
4.962539196014404 
4.975108623504639 
4.762031078338623 
4.976852893829346 
5.2651896476745605 
4.937755107879639 
4.968488693237305 
5.352688312530518 
4.970351696014404 
6.903040409088135 
5.150121212005615 
5.228174686431885 
5.287561893463135 
4.7483696937561035 
5.262223720550537 
7.727464199066162 
5.124885082244873 
4.609710216522217 
5.318735122680664 
4.587401866912842 
6.652921199798584 
4.99705696105957 
5.033631801605225 
5.162794589996338 
7.327662944793701 
5.063084125518799 
5.113796710968018 
5.254034519195557 
5.504475116729736 
6.559814453125 
5.806027889251709 
5.122380256652832 
4.807651996612549 
4.890880584716797 
5.068452835083008 
5.676025867462158 
5.52573299407959 
4.746087551116943 
6.272253513336182 
5.35155725479126 
4.9874444007873535 
6.859782695770264 
5.814574718475342 
6.79625940322876 
5.364351749420166 
5.385739803314209 
6.880905628204346 
4.964704990386963 
5.444251537322998 
5.172063827514648 
4.8983917236328125 
6.014990329742432 
5.3620195388793945 
5.589945316314697 
5.195823669433594 
5.303398609161377 
5.013108730316162 
5.710894584655762 
4.9428486824035645 
5.436206817626953 
4.983129978179932 
6.268035411834717 
5.182737827301025 
4.77628755569458 
4.999409198760986 
5.182963848114014 
4.983677387237549 
4.91017484664917 
5.470162868499756 
4.93526554107666 
6.507278919219971 
5.253844738006592 
5.187077522277832 
4.986727714538574 
4.910514831542969 
7.2799153327941895 
6.434866905212402 
4.994874954223633 
4.966991901397705 
4.847436428070068 
5.043915271759033 
5.344324588775635 
5.287980079650879 
5.387770652770996 
4.862454891204834 
5.350473880767822 
5.579729080200195 
9.51537799835205 
5.309422016143799 
5.140193939208984 
5.188684940338135 
5.309000492095947 
5.654256343841553 
5.0696492195129395 
5.1273579597473145 
5.096883296966553 
4.937081813812256 
5.700327396392822 
5.117224216461182 
5.027342319488525 
5.172421455383301 
5.36796760559082 
5.906620502471924 
5.198218822479248 
4.983060836791992 
5.033400058746338 
4.9636969566345215 
5.5585713386535645 
5.08474588394165 
4.95857572555542 
6.513277530670166 
5.632436275482178 
6.593590259552002 
8.215696334838867 
5.242410182952881 
5.583075046539307 
4.892380237579346 
4.851623058319092 
5.814791202545166 
5.359431266784668 
5.4112229347229 
5.273301601409912 
7.6711249351501465 
4.932235240936279 
5.163432598114014 
5.130283355712891 
5.314599514007568 
5.1376824378967285 
5.064152717590332 
4.9959797859191895 
5.113139629364014 
5.067052841186523 
5.712167263031006 
5.784599781036377 
5.014349460601807 
5.0601654052734375 
7.657166481018066 
5.272463798522949 
4.956565856933594 
7.939890384674072 
5.105122089385986 
4.854601860046387 
4.867387294769287 
4.868449687957764 
5.095031261444092 
5.245458126068115 
5.116708278656006 
5.133169174194336 
5.1414594650268555 
5.718952178955078 
4.9337053298950195 
5.969005107879639 
4.778080463409424 
4.911031246185303 
5.070849895477295 
4.697388172149658 
5.014671325683594 
4.935644149780273 
4.921066761016846 
7.7171244621276855 
5.041244983673096 
5.730506420135498 
5.015134334564209 
5.552713871002197 
4.93419885635376 
6.609460830688477 
5.2149271965026855 
5.017946720123291 
5.333463191986084 
5.543566703796387 
5.160562992095947 
5.238311767578125 
4.984594821929932 
5.044850826263428 
4.900252342224121 
5.2602458000183105 
5.57232666015625 
5.214356422424316 
4.708785057067871 
4.97919225692749 
5.03104829788208 
5.02827787399292 
7.559667110443115 
4.989619731903076 
4.65447473526001 
4.999883651733398 
4.98638391494751 
4.851888179779053 
5.143022537231445 
5.067906379699707 
4.924295902252197 
6.087573528289795 
5.363444805145264 
6.4681830406188965 
5.065359592437744 
4.99151611328125 
4.67706823348999 
5.193399906158447 
4.874533176422119 
5.2788615226745605 
5.057920932769775 
5.239809513092041 
4.943471908569336 
8.481548309326172 
4.958628177642822 
4.688045024871826 
5.004481315612793 
5.023465633392334 
5.189656734466553 
5.183846950531006 
4.985899925231934 
4.907375812530518 
5.099355220794678 
5.163430213928223 
4.99875020980835 
5.04612398147583 
7.405023574829102 
5.386958122253418 
5.3319478034973145 
5.401403903961182 
5.143770217895508 
4.820214748382568 
5.069587230682373 
9.05052661895752 
5.344361782073975 
5.071644306182861 
5.349635601043701 
5.123078346252441 
4.958927154541016 
5.766011714935303 
4.977689743041992 
8.45241928100586 
5.159159183502197 
5.18776273727417 
4.655798435211182 
4.774609088897705 
5.508714199066162 
8.081342697143555 
5.385563373565674 
4.985947132110596 
5.145947456359863 
6.37832498550415 
5.166673183441162 
5.076845645904541 
6.272228717803955 
5.030637264251709 
4.974180221557617 
5.1065239906311035 
5.025567531585693 
4.961564540863037 
4.952549457550049 
6.138162136077881 
6.122065544128418 
4.889214515686035 
5.550166606903076 
6.227634906768799 
6.886253356933594 
4.990257263183594 
7.551578998565674 
5.3767991065979 
5.553623199462891 
5.206416130065918 
4.979315280914307 
5.954113483428955 
4.881824970245361 
7.49180793762207 
4.889920711517334 
5.448982238769531 
6.79797887802124 
5.522834777832031 
4.936402797698975 
5.194531440734863 
6.488088130950928 
5.078587532043457 
5.8322834968566895 
5.606913089752197 
5.226136684417725 
5.398420810699463 
5.434910774230957 
5.062170028686523 
5.407528400421143 
4.928202152252197 
5.075038433074951 
7.278891563415527 
5.355747699737549 
7.003739356994629 
4.846707820892334 
5.21190881729126 
5.6751790046691895 
4.990518093109131 
4.88831090927124 
6.750483989715576 
5.234185695648193 
5.156532287597656 
5.239132404327393 
4.978365421295166 
6.491199970245361 
4.924562454223633 
5.094512939453125 
4.9099955558776855 
5.424428462982178 
6.482780933380127 
5.39255952835083 
5.051048755645752 
5.781906604766846 
4.961760520935059 
5.07527494430542 
5.15618371963501 
5.888659954071045 
4.993021011352539 
5.337357044219971 
5.0180816650390625 
6.756216049194336 
4.981133460998535 
4.926218032836914 
4.869796276092529 
5.771204471588135 
5.09964656829834 
5.196314334869385 
5.553170680999756 
5.092139720916748 
5.097919464111328 
6.045377731323242 
5.013556957244873 
5.935356140136719 
6.5542120933532715 
5.160179615020752 
5.269949913024902 
5.1651530265808105 
5.066286563873291 
5.127372741699219 
6.399655342102051 
4.781086444854736 
6.9082231521606445 
5.601806640625 
5.22084379196167 
4.877960681915283 
5.355346202850342 
5.462722301483154 
5.147800922393799 
5.297752857208252 
6.480382442474365 
4.701513290405273 
5.077538967132568 
5.345857620239258 
5.131450176239014 
5.033159255981445 
5.273967266082764 
4.982592582702637 
5.117695331573486 
5.3403520584106445 
10.351032257080078 
5.175839424133301 
5.158323287963867 
7.368871688842773 
4.999708652496338 
4.973135471343994 
4.8611531257629395 
6.073071002960205 
5.294479846954346 
5.008702754974365 
5.054172039031982 
5.0173773765563965 
7.987797260284424 
5.677855014801025 
6.055673122406006 
5.738853454589844 
5.204879283905029 
5.049691200256348 
5.075127124786377 
5.883213996887207 
4.971686840057373 
5.358461856842041 
5.546195030212402 
5.2961249351501465 
5.034995079040527 
5.521127223968506 
4.819482326507568 
5.3427653312683105 
5.52025842666626 
5.5027384757995605 
5.927562236785889 
4.97384786605835 
5.068878650665283 
5.034144401550293 
6.9394965171813965 
5.336416721343994 
6.633129596710205 
5.057371616363525 
4.947188854217529 
6.861574649810791 
7.589109420776367 
5.210408687591553 
5.815168857574463 
6.084195137023926 
4.938009262084961 
5.913279056549072 
4.931524753570557 
5.091582775115967 
4.883730411529541 
4.911815643310547 
5.008786678314209 
5.248330116271973 
4.789620876312256 
5.455023288726807 
5.0123491287231445 
5.165770053863525 
5.127139568328857 
4.963822841644287 
5.135158061981201 
5.099581241607666 
5.754342079162598 
5.263303756713867 
5.788785457611084 
5.127034664154053 
6.011118412017822 
4.760596752166748 
7.2472686767578125 
5.0982346534729 
5.570046424865723 
5.143364906311035 
4.861260890960693 
5.231125354766846 
5.565884590148926 
4.7156147956848145 
5.009566783905029 
5.139161586761475 
4.96675443649292 
4.925293445587158 
4.78052282333374 
5.459590435028076 
5.229917049407959 
5.9835381507873535 
4.955582618713379 
4.968468189239502 
5.049662113189697 
4.937540531158447 
4.784666538238525 
5.319721698760986 
5.35720682144165 
6.148752212524414 
4.8511738777160645 
5.19152307510376 
5.405045032501221 
6.2704691886901855 
5.068872928619385 
5.554934978485107 
5.059476375579834 
5.548314571380615 
5.04187536239624 
5.065908432006836 
4.84524393081665 
4.779953479766846 
5.5571208000183105 
4.851768970489502 
5.172261714935303 
5.066700458526611 
5.061507701873779 
4.9840240478515625 
4.934846878051758 
4.76627254486084 
4.99609899520874 
6.026817798614502 
4.9199910163879395 
4.967724323272705 
5.091755390167236 
5.942996025085449 
5.39248514175415 
6.350188732147217 
5.049155235290527 
6.992537021636963 
5.263534069061279 
5.1200852394104 
4.877342700958252 
5.715851306915283 
5.5139288902282715 
4.783726215362549 
5.232482433319092 
5.405678749084473 
4.862999439239502 
4.948379993438721 
4.809112548828125 
5.397467136383057 
4.909368991851807 
5.509500980377197 
5.242506504058838 
5.018102169036865 
5.135830402374268 
5.207582950592041 
5.211757659912109 
4.937174320220947 
5.153707981109619 
5.185352802276611 
5.404505729675293 
5.112578868865967 
4.972649097442627 
5.101917743682861 
7.215151309967041 
5.209471225738525 
5.045231819152832 
5.482712268829346 
5.1282196044921875 
5.135073661804199 
5.069907188415527 
4.997289180755615 
5.062835693359375 
5.124016284942627 
5.318586826324463 
6.309370994567871 
5.247324466705322 
5.364185810089111 
5.007455825805664 
5.300974369049072 
5.110870838165283 
5.529459476470947 
5.148702144622803 
8.61331558227539 
5.551691055297852 
6.52340841293335 
6.913171768188477 
5.86213493347168 
7.036458492279053 
4.955883979797363 
5.109286785125732 
6.3649163246154785 
5.338004112243652 
6.990326404571533 
6.849120140075684 
6.563100337982178 
8.563630104064941 
8.343280792236328 
5.131114482879639 
5.437219142913818 
5.607680797576904 
5.427131175994873 
7.657267093658447 
4.897158145904541 
4.947312355041504 
5.775639057159424 
5.066005229949951 
4.729197978973389 
8.054815292358398 
5.053532123565674 
5.125608921051025 
6.309834957122803 
4.883440971374512 
4.945376873016357 
4.852506637573242 
5.236678123474121 
4.946473598480225 
5.605159759521484 
5.126043796539307 
5.2110209465026855 
5.006328582763672 
5.770049571990967 
5.134096622467041 
5.137892246246338 
4.919405937194824 
5.109969615936279 
5.094357013702393 
4.70573091506958 
5.167032718658447 
5.148025989532471 
5.377322673797607 
5.334632396697998 
5.235742092132568 
5.552114963531494 
4.871601104736328 
5.176161289215088 
5.336042881011963 
6.961796760559082 
5.3792548179626465 
5.089209079742432 
5.215739727020264 
5.107874393463135 
5.234280109405518 
7.207712650299072 
6.067041397094727 
6.291632175445557 
5.1596360206604 
6.540971755981445 
4.961673736572266 
7.296642780303955 
5.257215976715088 
4.652379035949707 
5.429060935974121 
5.245407581329346 
4.907694339752197 
5.568349361419678 
4.851596355438232 
5.089804172515869 
5.207122325897217 
4.858341693878174 
6.942385673522949 
5.151363849639893 
5.200760841369629 
6.102692127227783 
5.183671474456787 
5.645288944244385 
5.047006130218506 
7.102906227111816 
4.846607685089111 
5.173935413360596 
5.551663875579834 
5.796760082244873 
5.791917324066162 
5.554488658905029 
4.964491844177246 
5.034384727478027 
8.515735626220703 
5.4823808670043945 
6.079779148101807 
6.240787029266357 
6.256476402282715 
5.222184181213379 
4.6663737297058105 
5.0672736167907715 
5.176727294921875 
4.987401485443115 
5.382996082305908 
5.655421257019043 
5.046995162963867 
5.031382083892822 
4.855960845947266 
5.353737831115723 
5.377312183380127 
4.975008487701416 
4.926965236663818 
4.796905040740967 
5.611038684844971 
6.244272232055664 
5.5823445320129395 
5.132874965667725 
5.180025100708008 
5.158935546875 
6.336688995361328 
5.038711071014404 
5.231562614440918 
4.800308704376221 
5.013248920440674 
4.852921009063721 
7.269150257110596 
8.708338737487793 
5.196732997894287 
5.149074554443359 
5.052146911621094 
5.015536785125732 
5.837363243103027 
5.077595233917236 
8.848981857299805 
5.099205493927002 
6.791574954986572 
5.9578938484191895 
4.730090141296387 
4.998317241668701 
6.762707710266113 
4.895487308502197 
5.927795886993408 
4.758930683135986 
5.3121209144592285 
4.976357936859131 
6.806229114532471 
4.96958065032959 
5.156266689300537 
5.3900465965271 
4.873326778411865 
5.21103048324585 
5.0213141441345215 
6.56465482711792 
5.147653102874756 
5.512080669403076 
8.142295837402344 
4.937077522277832 
5.040292263031006 
5.0604071617126465 
7.915292739868164 
5.043949604034424 
5.409911632537842 
5.002040386199951 
5.249903202056885 
5.263393402099609 
5.113626956939697 
5.023026466369629 
4.988626003265381 
5.236805438995361 
5.093592643737793 
5.107897758483887 
6.1381916999816895 
5.31804895401001 
5.121359825134277 
4.925608158111572 
5.493133068084717 
4.95049524307251 
5.670769214630127 
4.995180130004883 
5.0572967529296875 
5.035223484039307 
5.050450801849365 
4.864645004272461 
