5.385969161987305 
5.50136137008667 
5.287362098693848 
5.425034046173096 
5.903070449829102 
7.226372718811035 
5.358020782470703 
5.393088340759277 
5.244068145751953 
5.9629364013671875 
5.706577777862549 
5.344629287719727 
5.080216407775879 
5.261064052581787 
6.667278289794922 
6.110170841217041 
5.246316432952881 
5.3564229011535645 
6.3377885818481445 
6.0810441970825195 
5.280471324920654 
5.601592540740967 
5.216801643371582 
5.418335914611816 
5.219728469848633 
5.199171543121338 
5.1662373542785645 
6.437222957611084 
5.324188709259033 
5.2675042152404785 
5.5136919021606445 
5.136585235595703 
5.057423114776611 
5.050949573516846 
6.9236345291137695 
6.153016090393066 
5.611541271209717 
5.34031343460083 
7.848949432373047 
5.028131484985352 
5.405898094177246 
6.158151626586914 
5.280578136444092 
5.347630023956299 
5.330714702606201 
5.022716045379639 
5.057723045349121 
5.169824123382568 
5.2088117599487305 
5.261013031005859 
5.230622291564941 
6.0158796310424805 
5.468389511108398 
5.293437957763672 
5.433229446411133 
5.2390522956848145 
5.240114212036133 
5.516071319580078 
6.271791458129883 
5.768021583557129 
7.412985801696777 
5.642163276672363 
5.324886798858643 
5.400699138641357 
5.57636833190918 
5.361440658569336 
5.432183742523193 
5.164022922515869 
5.360934257507324 
5.623553276062012 
5.420901775360107 
5.527707099914551 
5.65078067779541 
5.4365339279174805 
5.460326194763184 
5.092829704284668 
7.687073707580566 
5.097711563110352 
5.7717180252075195 
5.077415943145752 
5.256914138793945 
6.380194664001465 
5.01787805557251 
5.255102157592773 
5.062660217285156 
5.394158840179443 
5.195537567138672 
5.436263084411621 
5.090027809143066 
6.110491752624512 
5.173240661621094 
5.432110786437988 
6.405725479125977 
5.237500190734863 
5.435549259185791 
5.790399551391602 
5.710906505584717 
5.20531702041626 
7.374340057373047 
5.394748210906982 
5.135701656341553 
6.154315948486328 
5.285016059875488 
5.546107769012451 
5.047038555145264 
5.459113121032715 
5.319849967956543 
5.816850662231445 
5.973174095153809 
5.415157318115234 
5.737035274505615 
5.358834266662598 
5.3712053298950195 
5.319702625274658 
5.213905334472656 
5.880671501159668 
7.520562648773193 
5.398628234863281 
5.202101230621338 
5.143127918243408 
6.4167022705078125 
4.998526096343994 
5.361732482910156 
5.338360786437988 
5.831930160522461 
5.466403007507324 
5.159616470336914 
5.244492053985596 
4.993012428283691 
7.152798652648926 
5.516629695892334 
5.265143871307373 
5.393565654754639 
7.649375915527344 
5.179728984832764 
6.185367584228516 
5.014901638031006 
5.47343635559082 
5.4704742431640625 
6.630904674530029 
5.656773567199707 
5.16792106628418 
5.453070640563965 
5.574701309204102 
5.280876159667969 
5.659970283508301 
5.826105117797852 
5.130382537841797 
5.628885269165039 
5.129428863525391 
5.012967586517334 
5.100481986999512 
4.9151201248168945 
5.117183685302734 
5.291664123535156 
5.379543781280518 
5.354032039642334 
5.107119560241699 
5.194301605224609 
5.222070693969727 
5.76167106628418 
5.381537437438965 
5.580812931060791 
6.353551864624023 
5.948886871337891 
6.043083190917969 
6.059451580047607 
5.154811382293701 
5.386541843414307 
5.304502487182617 
5.216731548309326 
5.184937953948975 
5.883187770843506 
5.1737589836120605 
5.024332046508789 
5.259060382843018 
4.780234336853027 
5.156644821166992 
5.246403694152832 
5.261944770812988 
5.6299147605896 
6.958929061889648 
5.094904899597168 
5.179277420043945 
6.206621170043945 
5.922884464263916 
5.116556644439697 
5.096995830535889 
5.618861675262451 
5.014801979064941 
4.974636077880859 
5.121940612792969 
5.4837799072265625 
5.926239490509033 
5.531511306762695 
5.135743141174316 
5.440982818603516 
5.017468452453613 
4.9462432861328125 
6.353058815002441 
5.214858531951904 
5.21596622467041 
5.086613178253174 
5.3762383460998535 
5.066401481628418 
5.583446979522705 
5.2823052406311035 
5.117494106292725 
5.146813869476318 
5.026849269866943 
5.6858015060424805 
6.560169696807861 
6.766704082489014 
6.722329616546631 
5.906060218811035 
5.64818000793457 
5.1319451332092285 
5.931904315948486 
5.21589994430542 
5.330034255981445 
5.474255561828613 
5.400341987609863 
5.194662570953369 
5.835570335388184 
5.258400917053223 
5.256256103515625 
5.676819801330566 
5.436439514160156 
5.218376636505127 
5.199794769287109 
5.0337066650390625 
5.528745651245117 
5.288983345031738 
5.632558822631836 
4.974521636962891 
5.351248741149902 
6.027581214904785 
4.980011940002441 
5.802713394165039 
5.472589015960693 
5.090349197387695 
4.962100028991699 
5.331594944000244 
5.073433876037598 
5.362915992736816 
6.2808146476745605 
5.124584197998047 
5.210960388183594 
5.154409408569336 
5.269952297210693 
5.120795726776123 
5.071590900421143 
5.843112945556641 
5.108977794647217 
5.172238349914551 
4.90092658996582 
6.314204692840576 
5.119509696960449 
5.202513694763184 
6.835967063903809 
5.2850494384765625 
6.860701560974121 
5.227210998535156 
5.295890808105469 
5.300258636474609 
5.1319499015808105 
5.464934825897217 
6.107358932495117 
5.267484664916992 
6.551440238952637 
5.210680961608887 
5.857604026794434 
5.519745349884033 
6.393815040588379 
8.759236335754395 
5.386865139007568 
5.193083763122559 
5.011810779571533 
5.191734313964844 
5.461370468139648 
5.992755889892578 
5.027687072753906 
5.186101913452148 
5.213197708129883 
5.331180095672607 
5.30049991607666 
4.895842552185059 
5.585562705993652 
5.266341209411621 
5.216213703155518 
5.2751994132995605 
5.288696765899658 
6.057717800140381 
5.1961283683776855 
5.132519245147705 
5.131010055541992 
5.43414306640625 
6.894250392913818 
5.351775169372559 
5.2089762687683105 
5.217784881591797 
5.601952075958252 
5.258410453796387 
5.272161483764648 
4.851567268371582 
5.132331848144531 
5.191798210144043 
6.419936180114746 
5.885505676269531 
5.385687351226807 
5.802170753479004 
5.190352439880371 
4.98328971862793 
5.291491508483887 
5.005866527557373 
5.082517623901367 
5.5680742263793945 
7.1832594871521 
5.490159034729004 
5.766676425933838 
5.005702972412109 
4.964413642883301 
5.354403018951416 
5.863569736480713 
5.414724349975586 
5.521422386169434 
5.07950496673584 
5.242910861968994 
5.2825775146484375 
5.108269691467285 
5.329972267150879 
5.427338123321533 
5.037659645080566 
5.175650596618652 
5.4168291091918945 
5.544142723083496 
5.002073287963867 
5.188296318054199 
5.156057357788086 
5.253973960876465 
5.3090901374816895 
9.403976440429688 
7.248266220092773 
5.7712907791137695 
5.175090312957764 
5.187981605529785 
5.2501983642578125 
5.783329963684082 
5.224092483520508 
5.207616806030273 
5.307894229888916 
5.447720527648926 
6.055908203125 
5.420295715332031 
6.21971321105957 
5.6576385498046875 
5.177719593048096 
5.228100776672363 
5.213352203369141 
5.927031993865967 
5.441197395324707 
5.470181941986084 
5.243230819702148 
5.273752689361572 
6.237943649291992 
5.283135414123535 
5.17728328704834 
7.456433296203613 
5.3650312423706055 
5.9442901611328125 
5.221152305603027 
4.943582057952881 
6.670818328857422 
5.589953422546387 
5.672107696533203 
5.802405834197998 
5.203766345977783 
5.225525379180908 
5.006803512573242 
5.225980281829834 
5.249114036560059 
5.206202030181885 
5.032488822937012 
5.066108703613281 
5.711688995361328 
5.100633144378662 
5.280839920043945 
5.099207878112793 
5.626873016357422 
5.251164436340332 
5.424914360046387 
5.269292831420898 
5.029810428619385 
5.077974319458008 
6.083696365356445 
5.290721893310547 
5.229093551635742 
5.14964485168457 
5.215709686279297 
5.101841926574707 
5.224151611328125 
5.190268516540527 
5.162909507751465 
5.458067893981934 
5.234438896179199 
5.387852668762207 
5.472621917724609 
5.092059135437012 
5.000114440917969 
4.99757194519043 
5.464456558227539 
5.168330192565918 
5.1936163902282715 
5.093145370483398 
5.519630432128906 
6.954544544219971 
5.251957893371582 
6.262674808502197 
4.961552619934082 
5.287055969238281 
5.255728244781494 
5.176754951477051 
4.999366760253906 
5.786054611206055 
5.593437194824219 
5.061481952667236 
5.224357604980469 
6.700021266937256 
5.064280986785889 
5.4937744140625 
6.123713493347168 
5.393404960632324 
5.138659954071045 
5.367497444152832 
7.349661827087402 
5.146191596984863 
5.348228454589844 
5.054067611694336 
5.611922264099121 
5.159117698669434 
5.269206523895264 
5.192919731140137 
5.306360244750977 
5.109151840209961 
5.1562347412109375 
5.213817596435547 
5.120166778564453 
8.851491928100586 
5.3132734298706055 
5.0510334968566895 
5.14601993560791 
5.611119270324707 
6.870736122131348 
5.213213920593262 
4.990507125854492 
5.503948211669922 
5.3568902015686035 
5.403635501861572 
5.92466926574707 
5.202571392059326 
5.05804967880249 
5.442634105682373 
5.15868616104126 
5.980152130126953 
5.325062274932861 
5.415337085723877 
5.4549689292907715 
5.208759784698486 
5.206879138946533 
5.209053039550781 
4.903179168701172 
4.878518581390381 
5.072861671447754 
5.11061954498291 
5.297986030578613 
5.431576728820801 
4.891751766204834 
5.4355621337890625 
5.906890869140625 
5.771007537841797 
5.249546527862549 
5.425902366638184 
5.345602512359619 
5.185332298278809 
6.655682563781738 
4.965874195098877 
4.988669395446777 
5.577309608459473 
6.81403923034668 
5.178614139556885 
5.223359107971191 
5.181533336639404 
8.300658226013184 
5.31392765045166 
5.32287073135376 
5.218437194824219 
4.924583435058594 
5.067181587219238 
5.147404670715332 
5.169548034667969 
8.369730949401855 
5.774769306182861 
5.73275899887085 
4.993448257446289 
5.073243141174316 
5.541387557983398 
5.497142314910889 
5.11568546295166 
5.4148783683776855 
6.147342205047607 
5.1337890625 
5.08599328994751 
6.185455322265625 
5.199989318847656 
5.072478771209717 
5.204869270324707 
5.209164619445801 
5.41064453125 
4.858386039733887 
5.32375955581665 
5.5496697425842285 
5.046111106872559 
5.271429538726807 
5.080645561218262 
5.275538444519043 
5.273725509643555 
5.182919502258301 
5.069293022155762 
5.242852210998535 
5.248802661895752 
5.105677604675293 
5.0630645751953125 
5.763557434082031 
5.176742076873779 
5.164409160614014 
5.084271430969238 
5.032851219177246 
8.408015251159668 
5.024356842041016 
6.021585464477539 
5.572211265563965 
5.20832633972168 
5.377054214477539 
6.300127029418945 
5.057165622711182 
5.167990684509277 
5.836177825927734 
5.752391815185547 
5.191684246063232 
5.710545539855957 
5.066804885864258 
5.104520797729492 
5.085558891296387 
5.634764194488525 
5.033003807067871 
6.472736835479736 
5.079245567321777 
5.069997787475586 
5.307435512542725 
5.465707778930664 
5.380311012268066 
5.35514497756958 
5.224361419677734 
5.095554351806641 
5.165933609008789 
5.2489776611328125 
7.862571716308594 
5.270417213439941 
4.995552062988281 
5.237575054168701 
5.709181785583496 
5.400991916656494 
5.173553943634033 
5.233607292175293 
5.115036487579346 
5.283908843994141 
5.330038070678711 
6.26662540435791 
7.103418350219727 
5.135109901428223 
5.136772155761719 
5.738093376159668 
5.356027603149414 
5.327531814575195 
6.255693435668945 
6.096235275268555 
5.5721235275268555 
5.260424613952637 
5.1406755447387695 
5.1563005447387695 
5.594661712646484 
5.531623363494873 
5.738733291625977 
6.039815902709961 
5.190057754516602 
5.226677894592285 
5.22918701171875 
6.33615779876709 
5.242353916168213 
5.494710922241211 
5.005329132080078 
5.569817543029785 
6.567455291748047 
5.453485488891602 
5.189907550811768 
5.199930191040039 
5.533966064453125 
5.3354597091674805 
5.702962875366211 
5.267435550689697 
7.53270149230957 
5.059560775756836 
5.897407054901123 
5.368089199066162 
5.255934238433838 
5.499211311340332 
4.972817897796631 
5.242007255554199 
5.378803730010986 
5.648728847503662 
6.6960625648498535 
5.188896179199219 
5.928376197814941 
4.832531452178955 
5.4002227783203125 
5.306596755981445 
5.206668376922607 
5.3324174880981445 
5.026972770690918 
5.03849458694458 
5.656500339508057 
5.934417724609375 
5.062710285186768 
6.063760757446289 
6.504680633544922 
5.000942707061768 
5.5800628662109375 
5.466206073760986 
5.01069974899292 
5.243995189666748 
5.607039451599121 
5.189079284667969 
5.510600566864014 
6.135075569152832 
5.061137676239014 
5.184148788452148 
5.2685041427612305 
5.520313262939453 
7.157870292663574 
5.279201984405518 
6.340616226196289 
5.318789482116699 
6.953795909881592 
6.0182294845581055 
5.245412826538086 
5.092358589172363 
5.239670753479004 
5.250711441040039 
5.846488952636719 
6.853546142578125 
5.91386604309082 
5.134238243103027 
4.939017295837402 
5.367805480957031 
5.359703540802002 
5.43422794342041 
5.066676616668701 
5.266424179077148 
5.119146823883057 
7.238225936889648 
5.733521461486816 
5.374104022979736 
5.246702671051025 
5.139043807983398 
5.361811637878418 
4.937492847442627 
5.287542819976807 
5.350317001342773 
6.372292518615723 
5.3705644607543945 
5.100788116455078 
5.173211097717285 
7.0685224533081055 
5.166261672973633 
6.98617696762085 
5.097484588623047 
5.553847789764404 
5.187439918518066 
5.010087490081787 
5.283249378204346 
6.7250800132751465 
6.372543811798096 
5.941376686096191 
5.388030529022217 
4.980810165405273 
5.422602653503418 
4.99124002456665 
5.094886302947998 
5.203744411468506 
6.362453460693359 
5.752363204956055 
5.196809768676758 
4.834832191467285 
5.318415641784668 
5.40459680557251 
6.79021692276001 
5.07273006439209 
7.250027656555176 
5.272940635681152 
5.0413289070129395 
4.994176864624023 
7.153351783752441 
5.349133014678955 
9.45493221282959 
5.450660705566406 
5.17392110824585 
5.201816558837891 
5.299571990966797 
5.503612518310547 
5.062211036682129 
4.705967903137207 
5.2746806144714355 
4.955067157745361 
5.411470413208008 
5.406200408935547 
5.182458877563477 
5.102011680603027 
5.116912841796875 
5.4132208824157715 
5.202192783355713 
5.037135124206543 
5.194947242736816 
5.1005964279174805 
5.237334251403809 
5.3446760177612305 
5.278431415557861 
6.915058135986328 
5.258093357086182 
4.999757766723633 
5.30887508392334 
7.972168445587158 
5.337085247039795 
5.097409248352051 
4.946758270263672 
5.875728607177734 
5.31389856338501 
6.31998348236084 
5.278482437133789 
5.204253196716309 
4.938206672668457 
5.499250411987305 
5.212457656860352 
5.586585998535156 
5.076117515563965 
5.396145820617676 
5.348968982696533 
5.2942986488342285 
5.102673530578613 
5.087985038757324 
4.95344877243042 
5.551919937133789 
6.0423431396484375 
5.171038627624512 
5.395368576049805 
5.2054009437561035 
5.206122398376465 
5.576210975646973 
5.189099311828613 
5.082387447357178 
4.907761573791504 
5.705883979797363 
5.308035850524902 
6.462068557739258 
5.406169414520264 
5.109126091003418 
5.241201400756836 
5.203042984008789 
5.058697700500488 
5.048488140106201 
5.225597381591797 
6.307577610015869 
5.403994560241699 
5.139435768127441 
5.209469318389893 
5.132038116455078 
7.026249408721924 
5.369913578033447 
6.600781440734863 
5.189388275146484 
5.3003034591674805 
5.178167343139648 
7.5207200050354 
5.109467506408691 
5.316324234008789 
5.058403491973877 
5.218676567077637 
5.469246864318848 
5.0692596435546875 
5.382685661315918 
5.792557239532471 
5.244064807891846 
5.360282897949219 
9.11279010772705 
5.358745574951172 
5.226467609405518 
5.494976997375488 
5.16684627532959 
5.739819526672363 
5.4799604415893555 
5.3812174797058105 
5.291630744934082 
4.996172904968262 
5.286420822143555 
5.490060806274414 
5.242422103881836 
5.383081912994385 
4.985701560974121 
6.427596569061279 
5.254215240478516 
5.059709072113037 
5.539316177368164 
5.057250022888184 
5.354517936706543 
7.133750915527344 
5.905635356903076 
6.456982612609863 
5.238282680511475 
5.1378092765808105 
5.483277797698975 
5.656198501586914 
5.462322235107422 
5.62492561340332 
5.347565650939941 
5.201919078826904 
5.429917335510254 
7.880707263946533 
5.307758331298828 
5.106590747833252 
5.169460773468018 
5.113040924072266 
5.23579216003418 
5.565317630767822 
5.197316646575928 
5.183172702789307 
6.581427574157715 
5.975787162780762 
6.303433418273926 
5.830442428588867 
5.223915100097656 
9.030165672302246 
5.516746520996094 
7.250027656555176 
5.2408952713012695 
8.20566177368164 
5.378215789794922 
5.428525924682617 
5.210554599761963 
5.287563323974609 
5.962560653686523 
5.019806861877441 
5.326841354370117 
5.256361484527588 
5.186427593231201 
5.178635597229004 
5.299798965454102 
5.129856586456299 
5.558839797973633 
5.023529052734375 
8.058735847473145 
5.32871150970459 
7.042227745056152 
5.3462371826171875 
5.220658302307129 
5.549497127532959 
5.438225746154785 
5.542560577392578 
5.12355375289917 
5.155149459838867 
5.48020601272583 
5.173856735229492 
6.092166423797607 
5.262543678283691 
4.975396633148193 
5.1925272941589355 
7.042947769165039 
5.301356315612793 
5.723229885101318 
5.24904203414917 
5.319977760314941 
5.249414443969727 
5.167024612426758 
6.8250274658203125 
6.173447132110596 
5.375551223754883 
5.4891676902771 
6.249422550201416 
5.987805366516113 
4.88364315032959 
5.286231517791748 
6.751354217529297 
5.240629196166992 
5.249356269836426 
5.246309757232666 
5.378788471221924 
4.979369163513184 
5.067967414855957 
6.427069664001465 
5.131509780883789 
5.666725158691406 
5.803504467010498 
5.574484825134277 
5.27180290222168 
5.408685684204102 
5.530177116394043 
5.171712398529053 
6.011116981506348 
5.734686851501465 
5.115751266479492 
6.922767162322998 
5.13694953918457 
5.3719072341918945 
5.192841529846191 
5.027859210968018 
6.898244857788086 
6.443406105041504 
5.185373306274414 
5.33282470703125 
5.555311679840088 
5.457581520080566 
5.334924221038818 
5.529465675354004 
5.475290298461914 
5.25002384185791 
6.483957290649414 
5.31685733795166 
5.223232746124268 
5.606105804443359 
5.368853569030762 
5.416149139404297 
5.516209602355957 
6.638338565826416 
5.202383041381836 
5.267757415771484 
8.18880558013916 
5.429375171661377 
5.146147727966309 
5.103267669677734 
5.37902307510376 
5.129126071929932 
5.2637529373168945 
6.958816051483154 
5.139188289642334 
5.210169792175293 
5.683053493499756 
5.219091415405273 
5.661674499511719 
7.55347204208374 
5.223686218261719 
5.108951091766357 
5.292415618896484 
5.480180740356445 
5.488956451416016 
5.078751087188721 
5.141532897949219 
5.240522384643555 
5.114128112792969 
5.119320392608643 
5.301919460296631 
5.062957763671875 
6.667677879333496 
6.313060760498047 
5.255459785461426 
6.760958671569824 
5.265272617340088 
5.250888347625732 
6.718011379241943 
5.021196365356445 
5.151869773864746 
5.116386413574219 
7.0291643142700195 
5.421839714050293 
5.154857635498047 
5.576275825500488 
5.518105506896973 
5.2619547843933105 
8.509007453918457 
5.434714317321777 
5.254322528839111 
5.359707832336426 
5.25955057144165 
6.776853561401367 
5.727791786193848 
5.34922456741333 
5.293539524078369 
5.1084489822387695 
5.196091651916504 
5.07367467880249 
5.040816783905029 
5.32584285736084 
4.9892120361328125 
5.516265869140625 
5.31032133102417 
5.192997455596924 
5.494420051574707 
5.028012275695801 
5.610512733459473 
6.393407821655273 
5.113621711730957 
5.194222450256348 
5.610029697418213 
5.193525791168213 
7.926362991333008 
8.914860725402832 
5.274408340454102 
6.459028244018555 
5.029107093811035 
5.042342662811279 
5.1271796226501465 
5.660331726074219 
5.242792129516602 
5.802966594696045 
4.9973859786987305 
10.420242309570312 
7.419336318969727 
5.050680637359619 
5.914045810699463 
5.243825912475586 
5.169196128845215 
5.202357769012451 
5.119293212890625 
6.4985833168029785 
5.200090408325195 
7.7611308097839355 
5.893956184387207 
5.615004062652588 
5.413210868835449 
5.426774024963379 
5.424783706665039 
5.088977336883545 
5.143097400665283 
5.376629829406738 
5.312937259674072 
5.6221113204956055 
5.4813456535339355 
5.097293853759766 
6.108865261077881 
5.1180500984191895 
5.105430603027344 
7.639486312866211 
5.955044746398926 
5.093535900115967 
6.8792643547058105 
5.020214080810547 
5.713076591491699 
5.358527183532715 
5.036499977111816 
5.143913269042969 
5.181589603424072 
6.189430236816406 
4.840785980224609 
6.8476386070251465 
5.349648475646973 
5.202956199645996 
5.115298271179199 
5.0747833251953125 
5.485553741455078 
5.4103803634643555 
5.39121150970459 
5.056954860687256 
5.1969194412231445 
5.41170597076416 
5.094973564147949 
5.809947967529297 
5.1006975173950195 
5.379915237426758 
4.779484748840332 
6.873139381408691 
5.217512607574463 
6.2186598777771 
5.022618293762207 
7.728585243225098 
5.183738708496094 
5.132493019104004 
5.0052337646484375 
5.622231483459473 
5.1709136962890625 
7.059848308563232 
5.198003768920898 
5.092884540557861 
5.1319098472595215 
5.231173515319824 
5.27396297454834 
5.09722375869751 
5.163229942321777 
5.149548053741455 
6.033905029296875 
7.024696350097656 
5.071323394775391 
6.443678379058838 
5.896455764770508 
5.498897552490234 
5.474959373474121 
5.307084083557129 
5.343164443969727 
5.332333564758301 
5.159328460693359 
5.230352878570557 
5.041205883026123 
5.033124923706055 
6.380773067474365 
5.120805740356445 
5.32696008682251 
5.713749408721924 
5.252841949462891 
5.179718017578125 
5.112340927124023 
5.414375305175781 
4.890266418457031 
5.170296669006348 
5.206229209899902 
5.194305419921875 
5.633617401123047 
5.762978553771973 
5.405752182006836 
5.1783599853515625 
5.230175018310547 
5.339200019836426 
5.256275177001953 
5.260571002960205 
5.077301979064941 
5.343440055847168 
5.218649387359619 
5.371990203857422 
5.394435882568359 
5.125824451446533 
5.24446964263916 
5.061915397644043 
6.287878036499023 
6.807364463806152 
5.203169822692871 
4.886167526245117 
7.486367225646973 
5.126806735992432 
5.093693256378174 
5.495335102081299 
5.645108222961426 
5.337490081787109 
5.297679901123047 
5.039251327514648 
5.027756690979004 
5.933697700500488 
5.206090927124023 
5.112948894500732 
6.0386457443237305 
6.949150085449219 
5.030885696411133 
5.0553765296936035 
4.957825183868408 
5.2787981033325195 
5.901373863220215 
5.087512016296387 
5.483619689941406 
4.868725776672363 
5.248068809509277 
5.286450386047363 
5.646174430847168 
5.218154430389404 
8.337090492248535 
5.237349510192871 
6.9847307205200195 
5.519685745239258 
5.228583812713623 
5.350518226623535 
5.241803169250488 
5.199641704559326 
5.2318878173828125 
5.071964740753174 
5.19411563873291 
5.381558418273926 
5.366960525512695 
7.683018684387207 
6.845131874084473 
5.588415145874023 
7.097616195678711 
4.982146263122559 
6.776012897491455 
5.169161319732666 
5.336640357971191 
5.190284252166748 
5.067982196807861 
5.202664375305176 
5.529706001281738 
5.280996322631836 
5.239077091217041 
5.3560333251953125 
5.266690254211426 
5.538630485534668 
5.145662307739258 
4.792515754699707 
5.713507652282715 
5.26957893371582 
5.228724479675293 
6.1450042724609375 
5.353208541870117 
5.379400730133057 
5.466370105743408 
5.402507781982422 
5.304059028625488 
5.193647384643555 
5.526750564575195 
5.491901397705078 
5.606053352355957 
5.656905174255371 
5.207170009613037 
6.308130264282227 
4.911748886108398 
5.10202693939209 
6.712282180786133 
5.5173563957214355 
5.521105766296387 
4.881894588470459 
5.228273868560791 
5.540279388427734 
5.154855251312256 
5.063431739807129 
5.3164520263671875 
5.302545547485352 
5.0831146240234375 
5.051075458526611 
5.468148231506348 
7.467516899108887 
5.4542999267578125 
5.215244770050049 
5.293704509735107 
4.937434196472168 
5.362105369567871 
5.21394157409668 
5.620128631591797 
5.1926422119140625 
5.6595258712768555 
5.311790466308594 
5.828051567077637 
5.425890922546387 
5.328896999359131 
7.733036994934082 
4.891780853271484 
5.620975971221924 
5.1334147453308105 
6.883791923522949 
5.311230659484863 
5.711548805236816 
5.793242454528809 
5.208169937133789 
5.012463569641113 
5.100053787231445 
5.006006240844727 
5.379743576049805 
5.157259464263916 
5.378808498382568 
8.057683944702148 
5.14860725402832 
4.980561256408691 
5.12247371673584 
5.3781938552856445 
5.137997627258301 
8.304821968078613 
5.032861232757568 
5.407890319824219 
5.347380638122559 
5.146329879760742 
6.975592613220215 
5.460066795349121 
5.413591384887695 
5.178466796875 
5.349442005157471 
5.113372802734375 
5.382662773132324 
5.314211368560791 
5.827253818511963 
5.371691703796387 
5.266552925109863 
5.889307022094727 
5.927872657775879 
5.044693946838379 
5.281911849975586 
5.226073265075684 
5.683165550231934 
5.309844017028809 
5.333791732788086 
5.479514122009277 
5.085888862609863 
7.956058025360107 
5.296984672546387 
5.419286727905273 
6.929400444030762 
5.285365104675293 
5.275388240814209 
8.569321632385254 
5.022012233734131 
7.087002754211426 
5.006577491760254 
5.818955421447754 
5.211937427520752 
5.281935214996338 
5.156895637512207 
5.171887397766113 
5.5544538497924805 
5.13960599899292 
6.193588733673096 
5.868593692779541 
5.277197360992432 
5.20321798324585 
8.54797077178955 
5.193408966064453 
5.13256311416626 
5.893726348876953 
6.96388578414917 
5.240968704223633 
5.222172737121582 
5.056635856628418 
5.412124156951904 
5.158023357391357 
5.253052711486816 
5.548657417297363 
5.046432018280029 
5.4558491706848145 
5.14404296875 
7.011972904205322 
5.356499671936035 
5.117508411407471 
5.285224914550781 
6.061206817626953 
5.19736909866333 
5.626130104064941 
6.769739151000977 
5.044463157653809 
5.23929500579834 
5.9099345207214355 
5.2856364250183105 
5.477606773376465 
6.71404504776001 
5.617951393127441 
5.146977424621582 
5.760059356689453 
4.975951194763184 
5.213439464569092 
5.1914381980896 
6.206106185913086 
6.938112735748291 
7.499748229980469 
5.656946182250977 
5.227705001831055 
5.332126617431641 
5.184243679046631 
5.578426361083984 
5.10040807723999 
5.824945449829102 
5.3178911209106445 
5.735383033752441 
5.074321746826172 
5.211935043334961 
5.2418413162231445 
6.318202018737793 
5.703363418579102 
5.363964080810547 
5.474713325500488 
5.460901260375977 
5.258204460144043 
5.1012678146362305 
5.264527797698975 
5.267385482788086 
5.0648698806762695 
5.253818511962891 
5.246129989624023 
4.931227207183838 
6.475057601928711 
5.27783203125 
5.33109188079834 
5.296767234802246 
5.227492809295654 
5.600949287414551 
5.134225368499756 
5.324548244476318 
5.094477653503418 
5.884718418121338 
5.417461395263672 
5.343969345092773 
5.567017555236816 
5.096489429473877 
5.264042854309082 
5.336894989013672 
5.11691951751709 
6.507984161376953 
5.286287784576416 
5.258067607879639 
5.253203868865967 
8.163643836975098 
5.026479721069336 
5.097026348114014 
6.828283786773682 
5.579324245452881 
6.605481147766113 
5.737152099609375 
4.974544525146484 
6.189464092254639 
5.648442268371582 
5.112872123718262 
5.207375526428223 
5.265141487121582 
5.704256534576416 
6.889391899108887 
5.067641258239746 
6.06690788269043 
5.032735347747803 
5.554673194885254 
5.068978309631348 
6.175252914428711 
5.310884952545166 
6.073731422424316 
5.182971477508545 
5.29844856262207 
5.360578536987305 
5.267809867858887 
5.543416500091553 
5.204509735107422 
5.155806541442871 
8.931447982788086 
5.130053520202637 
5.3932695388793945 
5.3972601890563965 
6.728297233581543 
5.143019199371338 
6.026035785675049 
5.113234519958496 
5.989721298217773 
5.2684502601623535 
5.015862464904785 
5.206526756286621 
5.431250095367432 
5.195326328277588 
5.186877250671387 
5.3144001960754395 
5.2396559715271 
5.202229022979736 
5.144406318664551 
5.94864559173584 
5.29592227935791 
6.7066850662231445 
5.084333419799805 
4.966928005218506 
5.3482537269592285 
5.353298187255859 
5.297481060028076 
5.481815338134766 
5.178677558898926 
5.06954288482666 
5.24664306640625 
5.217653751373291 
6.842902183532715 
5.992728233337402 
5.22001838684082 
5.048325538635254 
5.1679253578186035 
5.190227031707764 
5.192688941955566 
6.389460563659668 
4.904619216918945 
5.03272819519043 
5.357171535491943 
5.689221382141113 
5.342428207397461 
5.236323356628418 
5.115696907043457 
5.231437683105469 
5.421328544616699 
5.135239601135254 
5.605004787445068 
4.9076828956604 
6.321125030517578 
5.417518138885498 
6.923550605773926 
5.8005499839782715 
5.053998947143555 
5.03114128112793 
5.125495910644531 
5.014673233032227 
6.710142135620117 
6.597222328186035 
5.336507320404053 
5.224110126495361 
5.217158794403076 
7.148281574249268 
5.512368202209473 
5.300714015960693 
5.48493766784668 
5.506290912628174 
5.359288215637207 
6.529338836669922 
7.089250564575195 
5.7734551429748535 
5.374275207519531 
7.464575290679932 
5.875677108764648 
5.271495819091797 
5.45549201965332 
5.050800323486328 
5.1372480392456055 
5.598256587982178 
4.9637770652771 
5.493396282196045 
5.294260025024414 
6.302142143249512 
4.8443803787231445 
5.065342426300049 
5.620709419250488 
5.082310199737549 
4.982325553894043 
5.492870330810547 
7.938891410827637 
5.539058208465576 
6.425475597381592 
5.390677452087402 
5.211543560028076 
5.089789390563965 
6.156318664550781 
4.898448944091797 
5.5233259201049805 
5.2277445793151855 
6.470710754394531 
5.135945796966553 
6.389589309692383 
5.178894996643066 
8.335234642028809 
5.162410736083984 
5.471837997436523 
5.211711406707764 
6.098047256469727 
5.219925880432129 
5.274723529815674 
5.2417755126953125 
4.964911460876465 
5.64629602432251 
5.579191207885742 
6.336539268493652 
5.302665710449219 
5.568672180175781 
6.362725257873535 
5.3857927322387695 
6.467824459075928 
5.153841018676758 
5.317694664001465 
5.494576454162598 
5.114303112030029 
5.138423442840576 
5.975549697875977 
6.517852783203125 
7.352419853210449 
5.157179832458496 
5.794463157653809 
5.0849151611328125 
5.352842330932617 
5.295860767364502 
5.436107635498047 
6.43571138381958 
5.290851593017578 
5.785556793212891 
5.041443347930908 
5.169449806213379 
5.04238224029541 
5.195969104766846 
5.040846824645996 
5.186498641967773 
5.408017158508301 
5.50184965133667 
5.133728504180908 
6.576808452606201 
4.982003211975098 
5.035545349121094 
5.342313289642334 
5.086888313293457 
5.231335639953613 
6.179012775421143 
5.0048627853393555 
5.560169219970703 
5.281266212463379 
5.096513748168945 
5.185138702392578 
6.10675048828125 
4.941072940826416 
5.225788593292236 
5.05466365814209 
5.327788352966309 
7.600865364074707 
5.276338577270508 
7.477424621582031 
6.901266098022461 
5.498003959655762 
5.818123817443848 
5.1375412940979 
5.3159284591674805 
5.2779693603515625 
7.19554328918457 
5.331958770751953 
5.1304802894592285 
8.242852210998535 
5.182848930358887 
5.304669380187988 
5.4149932861328125 
5.21152400970459 
4.989587783813477 
5.141183853149414 
5.279358386993408 
5.276056289672852 
5.435393810272217 
5.565755844116211 
5.227391242980957 
5.395074844360352 
7.05078125 
5.586056709289551 
5.546247482299805 
5.509007453918457 
5.3000712394714355 
5.134397983551025 
4.918501853942871 
5.8526387214660645 
7.288787841796875 
5.163983345031738 
5.366713523864746 
6.626397132873535 
5.302850246429443 
5.278190612792969 
5.450416564941406 
5.172616004943848 
5.139621734619141 
5.603102684020996 
5.127629280090332 
5.165011882781982 
5.193345069885254 
6.3405256271362305 
5.303134441375732 
5.477468967437744 
6.854066371917725 
5.19905948638916 
5.16655158996582 
5.126129627227783 
5.233736991882324 
5.65989351272583 
5.152495384216309 
5.033918380737305 
5.316628456115723 
5.4032135009765625 
5.430613040924072 
5.191171646118164 
5.391103744506836 
5.276935577392578 
5.022539138793945 
5.207080364227295 
5.088112831115723 
6.730734825134277 
5.148680210113525 
5.256260395050049 
5.805400371551514 
5.009729385375977 
5.803372383117676 
5.183270454406738 
5.376443386077881 
5.923755645751953 
5.351251125335693 
5.045130729675293 
5.4543867111206055 
5.690824508666992 
5.431216239929199 
5.253750801086426 
5.222931861877441 
5.125934600830078 
5.051658630371094 
5.166576385498047 
5.562228679656982 
5.417834281921387 
5.362995624542236 
5.270142555236816 
6.217411994934082 
5.36691951751709 
5.715881824493408 
5.090630531311035 
5.2009501457214355 
5.1960577964782715 
5.253896236419678 
5.2769246101379395 
5.288235187530518 
5.314291000366211 
9.19266414642334 
5.409553527832031 
5.98469877243042 
5.4261040687561035 
5.380361080169678 
5.451044082641602 
5.416050434112549 
5.212069034576416 
5.289555549621582 
4.9844818115234375 
5.179095268249512 
4.954183101654053 
5.485495567321777 
5.517389297485352 
5.813233852386475 
5.817818641662598 
5.128353118896484 
5.1549248695373535 
5.078537940979004 
6.504416465759277 
5.207437038421631 
5.676353454589844 
5.34249210357666 
5.085304260253906 
5.069445610046387 
4.983821868896484 
5.239056587219238 
5.453042030334473 
4.94527530670166 
5.314774036407471 
5.306057453155518 
5.164040565490723 
5.412041664123535 
5.36194372177124 
5.364112854003906 
5.170729637145996 
5.38773250579834 
5.18763542175293 
5.984557151794434 
5.342316627502441 
5.195049285888672 
5.315779685974121 
5.084960460662842 
5.071908950805664 
6.305943965911865 
5.211636543273926 
5.567407608032227 
5.254787445068359 
5.028740406036377 
5.072261810302734 
5.071438789367676 
8.715341567993164 
5.292745113372803 
5.172118663787842 
5.009801864624023 
5.33209228515625 
5.044456481933594 
5.228845119476318 
5.3593034744262695 
6.43684196472168 
5.299869060516357 
5.107668876647949 
5.2951483726501465 
5.202685356140137 
5.224481582641602 
5.178823471069336 
5.216107368469238 
5.208512306213379 
5.165029525756836 
5.104629993438721 
5.6036481857299805 
5.5192060470581055 
5.99854850769043 
6.050882339477539 
5.238619327545166 
6.508045196533203 
5.166971206665039 
5.250602722167969 
5.54158878326416 
6.471678256988525 
5.6004533767700195 
7.6136794090271 
5.244228839874268 
5.260423183441162 
5.036190509796143 
5.383352279663086 
7.106740474700928 
5.254336833953857 
5.202088356018066 
5.345306873321533 
5.208563804626465 
5.3499579429626465 
5.231354713439941 
5.248978614807129 
5.309525966644287 
5.365674018859863 
8.57667064666748 
5.103921890258789 
6.041714668273926 
5.263944625854492 
5.065042495727539 
6.170770645141602 
5.000126838684082 
5.614620208740234 
5.110532760620117 
5.217041969299316 
5.947043418884277 
8.592082023620605 
5.157186508178711 
5.19929838180542 
5.560876846313477 
5.508997917175293 
5.191261291503906 
8.628497123718262 
5.052882671356201 
6.6784138679504395 
7.32621431350708 
5.848775863647461 
5.150610446929932 
5.2194294929504395 
5.583696365356445 
5.628372669219971 
5.1105146408081055 
5.291286468505859 
5.234142303466797 
5.222105979919434 
5.3460693359375 
4.984161376953125 
5.228269577026367 
5.5268731117248535 
5.348753929138184 
4.964784622192383 
5.140410423278809 
5.285693645477295 
5.089093208312988 
5.114531517028809 
5.818326950073242 
5.510295867919922 
8.664265632629395 
5.085520267486572 
5.639774322509766 
5.429027557373047 
5.257460117340088 
5.166167259216309 
5.537306785583496 
5.2141218185424805 
6.1300764083862305 
7.4968342781066895 
4.9781494140625 
5.111032962799072 
6.066757678985596 
5.454582214355469 
5.527189254760742 
5.873149394989014 
5.494230270385742 
5.178595542907715 
5.185763359069824 
4.857906341552734 
5.006964683532715 
5.893394470214844 
5.056569576263428 
5.385066986083984 
5.396069049835205 
5.044927597045898 
5.157193660736084 
6.9278340339660645 
5.095846652984619 
5.477286338806152 
5.34047794342041 
5.062084674835205 
5.246862411499023 
5.437313079833984 
8.698505401611328 
5.129831314086914 
6.69008731842041 
5.615577697753906 
5.415160179138184 
5.76216983795166 
5.497404098510742 
5.265367031097412 
5.566109657287598 
5.358122825622559 
5.197555065155029 
5.393706798553467 
5.129532814025879 
7.239538669586182 
5.077613830566406 
5.393157005310059 
5.0047221183776855 
5.398042678833008 
5.666110038757324 
5.108335494995117 
5.001416206359863 
7.676364898681641 
5.131889343261719 
5.080466270446777 
5.207834243774414 
5.826409816741943 
5.322479724884033 
5.11003303527832 
6.179477691650391 
5.0138258934021 
4.814857006072998 
5.214777946472168 
5.418929576873779 
5.676861763000488 
5.865934371948242 
5.280201435089111 
5.590133190155029 
5.12774658203125 
5.05244779586792 
5.073666572570801 
5.04000186920166 
5.1463303565979 
4.98403787612915 
5.512516975402832 
8.31684684753418 
5.366660118103027 
7.801774024963379 
5.51515531539917 
5.313294410705566 
5.4039812088012695 
5.170035362243652 
6.265622615814209 
5.218046188354492 
5.206912994384766 
5.265348434448242 
5.405035972595215 
6.072011947631836 
5.263359069824219 
5.164346694946289 
5.179886817932129 
5.3319244384765625 
5.871532440185547 
5.510766506195068 
6.206506729125977 
5.413629055023193 
5.596081733703613 
6.875983238220215 
5.240744590759277 
6.281896591186523 
5.228411674499512 
5.647637844085693 
6.08238410949707 
5.321399688720703 
5.114932060241699 
5.230630874633789 
5.033515930175781 
5.57985258102417 
5.146028518676758 
5.423367977142334 
6.3020172119140625 
5.103731155395508 
5.820165157318115 
7.211108207702637 
5.926671504974365 
5.915987968444824 
6.361630439758301 
4.956823825836182 
5.4421234130859375 
5.164137840270996 
5.343347549438477 
5.133689880371094 
5.597682952880859 
5.133176326751709 
6.808988094329834 
5.172051906585693 
6.558477401733398 
6.232160568237305 
5.425116062164307 
5.180083274841309 
5.661390781402588 
5.275631904602051 
5.2579803466796875 
6.4867706298828125 
5.124075412750244 
5.182533264160156 
6.197571754455566 
5.616518497467041 
5.349783897399902 
5.267310619354248 
4.804274559020996 
5.3126630783081055 
5.730823993682861 
5.051080703735352 
6.619042873382568 
5.05771541595459 
5.460188865661621 
5.347436904907227 
5.32725191116333 
5.201684951782227 
5.491152763366699 
5.49403190612793 
7.071723461151123 
6.470302581787109 
5.6577534675598145 
5.427583694458008 
8.819098472595215 
7.358185768127441 
4.950564861297607 
5.406991004943848 
5.320085525512695 
5.931002616882324 
5.063870906829834 
6.095593452453613 
5.766274452209473 
5.235470294952393 
5.07398796081543 
5.2664794921875 
5.1765828132629395 
5.2327399253845215 
5.170070648193359 
5.56976842880249 
5.564532279968262 
5.0814948081970215 
5.167120933532715 
5.729701995849609 
5.263950824737549 
6.817965507507324 
5.825748443603516 
5.293520450592041 
6.221507549285889 
5.227734565734863 
5.337239742279053 
5.199954509735107 
5.159337997436523 
5.405701637268066 
5.1197919845581055 
6.024868965148926 
5.14011287689209 
5.217187404632568 
5.309680938720703 
5.208484649658203 
5.186704635620117 
4.996833801269531 
5.2154998779296875 
5.160190582275391 
5.096073150634766 
5.329789161682129 
5.6866865158081055 
5.2152204513549805 
7.126804351806641 
5.572652816772461 
5.123932838439941 
5.2112932205200195 
6.0187883377075195 
5.175667762756348 
5.146025657653809 
5.612415790557861 
5.31697940826416 
5.392327308654785 
5.721371650695801 
5.355903625488281 
5.4620256423950195 
6.275152206420898 
5.888472557067871 
5.674728870391846 
5.260556697845459 
5.3528642654418945 
5.921872615814209 
5.103909969329834 
5.112302780151367 
5.208787441253662 
5.370994567871094 
5.043673992156982 
5.205738544464111 
5.254718780517578 
5.8606109619140625 
4.942679405212402 
5.053582191467285 
6.238338470458984 
5.408365249633789 
7.477051734924316 
5.826395034790039 
5.849819183349609 
5.5600175857543945 
5.489537239074707 
5.28912353515625 
4.946355819702148 
5.082403182983398 
8.263108253479004 
6.299094200134277 
4.987217426300049 
4.9557600021362305 
8.308631896972656 
5.0500288009643555 
5.118961811065674 
5.844278335571289 
6.097997665405273 
5.9380035400390625 
5.067165851593018 
5.442241191864014 
5.447782516479492 
7.948814868927002 
5.136948585510254 
5.223303318023682 
5.181975841522217 
5.543557167053223 
5.213019847869873 
5.446193695068359 
5.080555438995361 
5.250396728515625 
5.4374775886535645 
5.417669773101807 
5.045561790466309 
4.978832244873047 
5.151005744934082 
5.721177101135254 
5.239640712738037 
7.896186828613281 
4.879690170288086 
7.172077655792236 
5.140929222106934 
5.106858253479004 
5.468542575836182 
5.105945587158203 
5.211530685424805 
7.684652328491211 
8.857364654541016 
5.0694475173950195 
5.731451034545898 
5.082782745361328 
5.250190258026123 
5.374328136444092 
5.369756698608398 
5.1427226066589355 
5.491668701171875 
7.5670366287231445 
5.21739387512207 
5.305329322814941 
4.9940667152404785 
5.223188400268555 
5.116540908813477 
5.636053085327148 
5.790661811828613 
5.127565383911133 
5.32385778427124 
5.129907608032227 
5.873537540435791 
5.068785190582275 
5.367326736450195 
5.3108320236206055 
5.305591106414795 
5.1952290534973145 
5.608968734741211 
7.656041145324707 
5.1629791259765625 
5.203060626983643 
5.270142555236816 
5.253952503204346 
5.228581428527832 
5.90745735168457 
5.314174175262451 
5.357618808746338 
5.350826263427734 
5.050506591796875 
5.421498775482178 
5.551053047180176 
5.5335798263549805 
5.3468732833862305 
5.723190784454346 
5.0296525955200195 
5.150794506072998 
5.207881927490234 
5.432819366455078 
5.381158828735352 
5.233699321746826 
5.026498317718506 
5.3560895919799805 
5.5705790519714355 
6.658445358276367 
5.1276750564575195 
5.494656562805176 
5.328665733337402 
8.375198364257812 
5.54457426071167 
5.919370651245117 
5.315706729888916 
5.5407562255859375 
5.199244976043701 
5.733430862426758 
5.4499101638793945 
6.171387672424316 
5.23823881149292 
5.495706558227539 
5.5767951011657715 
5.55319356918335 
5.267999172210693 
5.172020435333252 
5.188930511474609 
5.7278971672058105 
5.359804630279541 
5.382134437561035 
5.313614368438721 
5.222718715667725 
4.968364238739014 
5.319433212280273 
5.193457126617432 
5.1435017585754395 
5.35573673248291 
7.422051906585693 
5.086587429046631 
5.0770158767700195 
5.462734699249268 
5.352545261383057 
6.193319797515869 
5.312519073486328 
7.317440032958984 
5.671725749969482 
5.612164497375488 
5.16157865524292 
8.288778305053711 
5.310323715209961 
5.367396354675293 
5.222311019897461 
5.490701198577881 
5.315476894378662 
5.727072715759277 
5.283942222595215 
5.300553798675537 
9.161425590515137 
5.016424179077148 
5.264130592346191 
5.337201118469238 
5.075019359588623 
5.488532066345215 
5.582663536071777 
5.236454963684082 
4.995124340057373 
5.810020923614502 
5.307743549346924 
4.9752068519592285 
5.596687316894531 
5.0505242347717285 
5.529303550720215 
5.210842132568359 
5.503791809082031 
5.283498764038086 
5.463740348815918 
5.255172252655029 
5.192515850067139 
5.450038433074951 
5.66579008102417 
5.092639923095703 
5.876584053039551 
5.279016494750977 
5.174724578857422 
5.136587142944336 
6.099653244018555 
5.164072036743164 
5.2588701248168945 
6.438780307769775 
5.0902099609375 
5.516268253326416 
5.403840065002441 
6.976496696472168 
4.9612579345703125 
6.066368103027344 
5.651991844177246 
7.0102925300598145 
4.976258277893066 
7.215790748596191 
5.2389631271362305 
7.96860933303833 
5.09952449798584 
5.217077255249023 
5.186806678771973 
5.12587308883667 
5.0355682373046875 
5.630160808563232 
6.028012275695801 
6.4941205978393555 
4.939827919006348 
5.28764533996582 
4.907187461853027 
5.229996204376221 
5.1656174659729 
5.365392684936523 
5.24837064743042 
5.144372940063477 
5.441523551940918 
5.8917951583862305 
5.259376049041748 
5.241570472717285 
4.953080654144287 
5.349493980407715 
5.177543640136719 
5.142106533050537 
9.530762672424316 
4.9946699142456055 
5.9566755294799805 
5.345090866088867 
5.718768119812012 
5.386209487915039 
5.322598457336426 
5.278347969055176 
5.18328332901001 
5.199944496154785 
5.108621597290039 
5.238955497741699 
5.257344722747803 
4.9207539558410645 
6.629927158355713 
5.782176971435547 
5.118420600891113 
7.071770668029785 
5.322926998138428 
6.230106830596924 
5.361027240753174 
5.345183372497559 
5.290703773498535 
5.255121231079102 
5.209141731262207 
5.080208778381348 
5.312211513519287 
6.449601173400879 
6.220279693603516 
5.3118510246276855 
4.997418403625488 
5.182900428771973 
5.271158218383789 
5.110586166381836 
5.656643867492676 
5.54852819442749 
5.636765480041504 
5.331927299499512 
5.033024787902832 
5.168962478637695 
5.313825607299805 
6.157735824584961 
5.265494346618652 
5.257081031799316 
5.128049373626709 
5.250624656677246 
5.337608337402344 
5.430851936340332 
5.253087520599365 
5.309634208679199 
5.120843887329102 
5.34664249420166 
5.441239833831787 
5.091970443725586 
5.22292947769165 
5.05841588973999 
5.237624645233154 
5.256772041320801 
5.027196884155273 
6.1895856857299805 
5.440792083740234 
6.033963203430176 
5.728265762329102 
5.4165472984313965 
5.259164333343506 
5.097131252288818 
5.389649391174316 
5.1172685623168945 
5.5832624435424805 
5.374659538269043 
5.2027201652526855 
5.640728950500488 
5.6006011962890625 
5.049744129180908 
5.241110801696777 
5.104458332061768 
5.440183639526367 
5.146355628967285 
5.121601104736328 
5.330491065979004 
5.171016693115234 
5.7459611892700195 
5.079989910125732 
5.1301140785217285 
5.266301155090332 
5.4541497230529785 
5.4096784591674805 
5.632720947265625 
6.132815361022949 
5.25245475769043 
5.753180503845215 
6.686805725097656 
5.540524482727051 
7.649938106536865 
5.339460372924805 
5.813567161560059 
5.441625595092773 
5.207611083984375 
5.914183616638184 
5.402583122253418 
5.169729709625244 
5.2404327392578125 
5.239627838134766 
5.563750267028809 
5.286627769470215 
5.313180923461914 
5.391950607299805 
5.199958324432373 
5.349793910980225 
6.945924758911133 
7.98840856552124 
5.209429740905762 
6.7903547286987305 
5.141364574432373 
8.908937454223633 
5.095156669616699 
6.302276611328125 
7.4623613357543945 
7.544521808624268 
7.256476879119873 
5.510644435882568 
5.552122116088867 
5.172162055969238 
5.1756134033203125 
6.2455549240112305 
5.091812610626221 
5.418201446533203 
5.534245491027832 
7.379922389984131 
5.225119113922119 
5.448097229003906 
5.310489654541016 
5.166048049926758 
5.415400505065918 
6.75496768951416 
5.111647605895996 
4.955194473266602 
5.040966033935547 
6.489659309387207 
5.725746154785156 
5.366821765899658 
7.210890769958496 
5.12933349609375 
5.032444953918457 
6.508004188537598 
5.243348121643066 
5.572847366333008 
5.207090854644775 
5.092478275299072 
5.2366180419921875 
5.2386908531188965 
5.025008678436279 
5.33888053894043 
5.636123180389404 
5.301226615905762 
6.5857977867126465 
4.878390312194824 
5.378783226013184 
5.227112770080566 
5.208512306213379 
5.591846942901611 
5.212268352508545 
5.577517032623291 
5.2282795906066895 
5.270053863525391 
5.968137741088867 
5.185447692871094 
5.006424903869629 
5.371079444885254 
5.229947566986084 
5.737738132476807 
5.091643333435059 
5.347468376159668 
5.114227294921875 
5.169609069824219 
5.243494987487793 
5.328158378601074 
5.284693717956543 
5.010175704956055 
5.42066764831543 
5.066022872924805 
4.946720123291016 
5.0403242111206055 
6.456303596496582 
5.613338470458984 
6.872753620147705 
5.663705825805664 
5.0098466873168945 
5.646763801574707 
5.319092273712158 
5.361146926879883 
5.226173400878906 
5.528700828552246 
5.169938564300537 
4.983886241912842 
5.402309417724609 
5.3050127029418945 
5.736688137054443 
6.078332901000977 
5.267916202545166 
5.3219075202941895 
5.703051567077637 
5.531154632568359 
5.134680271148682 
5.273001670837402 
5.105594635009766 
5.242665767669678 
5.661221981048584 
5.277061462402344 
5.026453971862793 
5.117400169372559 
5.49625825881958 
5.648425579071045 
5.302117347717285 
5.620386123657227 
5.02369499206543 
5.151185989379883 
5.07220983505249 
5.338565349578857 
5.312689781188965 
5.5219221115112305 
5.610317230224609 
5.188089370727539 
5.623904228210449 
5.262518882751465 
8.248821258544922 
5.519374847412109 
5.696317195892334 
5.432210922241211 
5.271222114562988 
5.50288200378418 
5.462869644165039 
5.1845383644104 
5.027652740478516 
5.120772361755371 
5.650836944580078 
6.324185371398926 
5.127647399902344 
5.607117652893066 
5.173325538635254 
5.187210559844971 
5.110186576843262 
5.237179756164551 
5.29801082611084 
5.126583099365234 
5.166134357452393 
5.230266094207764 
6.127603530883789 
5.389224052429199 
5.239426136016846 
5.731234550476074 
5.220427989959717 
7.184328079223633 
5.1268510818481445 
5.009457111358643 
5.53305721282959 
5.114823341369629 
5.299629211425781 
5.163335800170898 
5.204621315002441 
5.225666046142578 
5.358127593994141 
5.107879638671875 
5.232610702514648 
5.282902240753174 
5.4035491943359375 
5.319090843200684 
5.068501949310303 
5.321112632751465 
6.443172931671143 
5.175354480743408 
8.08027172088623 
5.516932010650635 
5.619630336761475 
5.073382377624512 
6.501249313354492 
5.246856212615967 
5.058352947235107 
5.4091081619262695 
5.531729698181152 
5.092750549316406 
6.27541446685791 
5.724575042724609 
5.20618200302124 
4.9398908615112305 
5.573791980743408 
5.223965644836426 
5.288389682769775 
5.059455394744873 
5.0549821853637695 
4.95746374130249 
5.191206932067871 
5.162941932678223 
5.34416389465332 
5.389237403869629 
6.698442459106445 
5.055605888366699 
5.4216179847717285 
5.579480171203613 
5.155444145202637 
5.952572345733643 
5.324003219604492 
4.918254375457764 
5.230347633361816 
5.101571083068848 
4.969096660614014 
5.904124736785889 
5.8170623779296875 
5.568035125732422 
7.1608123779296875 
5.341577529907227 
5.398946762084961 
5.20915412902832 
5.165798664093018 
5.3842010498046875 
5.763769149780273 
5.41248893737793 
5.452887535095215 
5.362588882446289 
5.077861785888672 
5.484943389892578 
5.232073783874512 
5.302809715270996 
5.272435188293457 
5.235902786254883 
5.143073081970215 
5.280279636383057 
6.84196662902832 
6.025384902954102 
5.057275772094727 
5.173922538757324 
8.787896156311035 
5.271517753601074 
5.367839813232422 
5.224122524261475 
5.403696060180664 
5.211106300354004 
5.104012966156006 
6.979048252105713 
5.265896320343018 
5.170416831970215 
5.054553985595703 
5.352190971374512 
8.720258712768555 
6.631015777587891 
5.292591094970703 
5.123673915863037 
5.020176887512207 
5.217299938201904 
5.411752223968506 
5.245532989501953 
5.300953388214111 
5.117122173309326 
5.570160865783691 
7.095287322998047 
5.309812545776367 
5.317653656005859 
8.013300895690918 
6.094501495361328 
7.346369743347168 
5.109574317932129 
5.1409502029418945 
5.395340919494629 
5.141221046447754 
5.250632286071777 
5.291570663452148 
5.047756195068359 
5.420782089233398 
5.057216644287109 
5.167745590209961 
5.3480753898620605 
5.300449371337891 
5.247590065002441 
5.335334777832031 
6.400152206420898 
5.140981674194336 
5.176409721374512 
5.424685955047607 
5.460700511932373 
7.0637688636779785 
5.178946495056152 
5.382388114929199 
5.274461269378662 
5.4515581130981445 
7.766116142272949 
5.092050552368164 
5.424372673034668 
5.446824073791504 
6.237191200256348 
5.188614845275879 
5.219320297241211 
6.16524600982666 
6.148867607116699 
4.965896129608154 
5.310561180114746 
5.066828727722168 
6.698838710784912 
5.0719828605651855 
5.136015892028809 
5.965271949768066 
5.471008777618408 
5.569741725921631 
5.589639663696289 
5.126409530639648 
5.51576042175293 
6.285210132598877 
5.5344953536987305 
5.189813613891602 
5.329503059387207 
5.437843322753906 
5.188385009765625 
5.20333194732666 
8.395012855529785 
5.261731147766113 
7.879800796508789 
5.9874982833862305 
5.233227729797363 
5.137886047363281 
6.330655574798584 
5.156380653381348 
5.217739105224609 
7.396801948547363 
5.088423728942871 
5.211419105529785 
5.611893653869629 
5.429790019989014 
5.412688732147217 
5.27841854095459 
5.291475296020508 
5.644629001617432 
5.174407005310059 
5.035817623138428 
5.033456802368164 
5.246212959289551 
7.726259231567383 
6.709865570068359 
5.304286956787109 
5.68729829788208 
5.664388656616211 
8.156994819641113 
5.254940986633301 
6.127938270568848 
5.238740921020508 
5.24240779876709 
5.470527172088623 
4.9250407218933105 
5.058281898498535 
5.106350421905518 
5.318177223205566 
5.1423258781433105 
5.2326812744140625 
5.314648151397705 
5.614088535308838 
5.274956226348877 
5.262422561645508 
5.593066692352295 
5.228724956512451 
5.625687599182129 
5.131196022033691 
5.289453506469727 
5.275608539581299 
5.249977111816406 
5.436149597167969 
5.238156318664551 
5.6619157791137695 
5.1270952224731445 
6.519810199737549 
6.668735980987549 
5.154174327850342 
5.258261680603027 
6.079179763793945 
5.266579627990723 
5.094022274017334 
5.235136985778809 
5.261413097381592 
5.408027172088623 
5.237155437469482 
5.028878211975098 
6.08974552154541 
5.420567035675049 
5.162737846374512 
5.6384077072143555 
6.485209941864014 
5.202010631561279 
5.07082986831665 
5.702399253845215 
5.314393043518066 
5.640762805938721 
5.108829498291016 
6.066994667053223 
5.277726173400879 
5.8835129737854 
5.118227481842041 
5.595216751098633 
5.515508651733398 
6.5083770751953125 
5.070370197296143 
5.36424446105957 
5.684528350830078 
6.58445930480957 
6.669745445251465 
5.428435325622559 
5.270869731903076 
5.092143535614014 
5.277111053466797 
5.310504913330078 
5.499810218811035 
5.487448215484619 
5.212775230407715 
5.331853866577148 
5.258989334106445 
5.343663692474365 
5.991460800170898 
5.038552284240723 
8.253416061401367 
5.294977188110352 
5.309908866882324 
7.1062188148498535 
5.644277572631836 
5.055014610290527 
5.433023929595947 
5.033878326416016 
5.412431716918945 
5.365050315856934 
5.615180969238281 
5.211216926574707 
5.574486255645752 
5.086681365966797 
5.078101634979248 
5.260928630828857 
5.925530433654785 
5.270421504974365 
5.287858486175537 
7.189738750457764 
5.32088565826416 
7.653510093688965 
5.056581497192383 
5.22988748550415 
5.326456069946289 
5.227879524230957 
5.350646018981934 
5.404254913330078 
5.277532577514648 
5.101445198059082 
5.165304660797119 
5.053138732910156 
5.19578742980957 
5.053486347198486 
7.620201110839844 
5.412322998046875 
5.386935234069824 
4.889782905578613 
6.491615295410156 
7.084494113922119 
5.1703643798828125 
5.301661968231201 
7.661232948303223 
5.2136125564575195 
7.116926670074463 
5.36583137512207 
5.383828163146973 
5.152811527252197 
5.523358345031738 
5.151287078857422 
5.210729598999023 
5.49842643737793 
5.638629913330078 
5.561542510986328 
5.593225479125977 
5.119997978210449 
5.370924949645996 
5.214977741241455 
5.867057800292969 
5.175991535186768 
5.2956037521362305 
5.297883987426758 
5.885327339172363 
5.656354904174805 
5.247183799743652 
5.816455841064453 
5.432158470153809 
5.341730117797852 
5.395209789276123 
5.21462345123291 
5.372949600219727 
5.452823162078857 
5.418710708618164 
6.544421195983887 
5.1802978515625 
5.275850296020508 
5.147897243499756 
5.105448246002197 
5.147341728210449 
6.3392181396484375 
5.1010894775390625 
5.400554656982422 
7.614681243896484 
6.053521156311035 
7.807797431945801 
5.2840962409973145 
5.945819854736328 
5.203343391418457 
5.307502746582031 
5.924983024597168 
5.121136665344238 
7.571811676025391 
5.414707183837891 
5.223605155944824 
5.479239463806152 
5.167279243469238 
5.255117416381836 
5.730088233947754 
6.517031192779541 
6.4402008056640625 
7.197623252868652 
5.220917701721191 
6.165201187133789 
5.119330406188965 
6.376447677612305 
5.2193193435668945 
5.365557670593262 
6.438872337341309 
5.995566368103027 
5.550382614135742 
4.818670272827148 
5.285793781280518 
5.322207450866699 
6.442120552062988 
5.196477890014648 
5.285911560058594 
5.287679672241211 
7.43844747543335 
5.4808349609375 
7.0103912353515625 
5.168985366821289 
4.990900039672852 
5.330300807952881 
5.187353134155273 
6.2901763916015625 
7.473806381225586 
6.015286922454834 
5.639195442199707 
5.1529645919799805 
5.329390525817871 
5.09801721572876 
5.545882701873779 
5.115436553955078 
5.169456481933594 
5.261318206787109 
5.279573440551758 
6.073936462402344 
5.319365501403809 
5.492914199829102 
5.508065223693848 
5.855538368225098 
5.143880367279053 
5.3298797607421875 
5.4169769287109375 
7.0764994621276855 
5.73860502243042 
5.188729286193848 
5.364190101623535 
5.274691581726074 
5.038307189941406 
5.420897483825684 
5.282123565673828 
5.116155624389648 
4.736573219299316 
5.421669960021973 
5.925933361053467 
5.108488082885742 
5.158959865570068 
7.289450168609619 
6.2644171714782715 
5.265161991119385 
5.041485786437988 
5.18142557144165 
5.234152793884277 
6.02497673034668 
6.136322975158691 
4.994632244110107 
5.0939788818359375 
5.378383636474609 
5.047159194946289 
9.892420768737793 
5.296707630157471 
5.1220550537109375 
5.432685852050781 
5.086052894592285 
5.219826698303223 
6.167839050292969 
5.195019721984863 
5.499277114868164 
5.32192325592041 
5.961286544799805 
5.117881774902344 
5.231898307800293 
5.609647750854492 
5.3370041847229 
5.424190521240234 
5.340958595275879 
5.755825042724609 
5.201389312744141 
6.179391860961914 
4.984356880187988 
7.088478088378906 
5.374794006347656 
5.14304256439209 
5.677810192108154 
5.337516784667969 
9.013331413269043 
5.20965576171875 
5.2593183517456055 
5.325130939483643 
5.466562747955322 
5.372653961181641 
5.1294264793396 
5.156976222991943 
5.213863372802734 
5.055073261260986 
5.267029762268066 
5.44635009765625 
5.052687644958496 
5.437676906585693 
5.20749568939209 
5.186036109924316 
5.264780044555664 
5.664345741271973 
5.010020732879639 
5.2385454177856445 
5.240288257598877 
5.141329765319824 
5.525069713592529 
5.092060089111328 
5.280865669250488 
5.147085189819336 
5.1971940994262695 
5.638021945953369 
5.329842567443848 
8.88038158416748 
5.1320013999938965 
5.660013675689697 
5.197327136993408 
8.397364616394043 
5.510025978088379 
5.706122398376465 
6.397128105163574 
5.993557929992676 
5.289309501647949 
5.3848137855529785 
5.1083455085754395 
5.259744644165039 
5.207427024841309 
5.801250457763672 
5.343516826629639 
5.611573219299316 
5.140449523925781 
5.236754417419434 
5.1617326736450195 
5.170678615570068 
5.10304594039917 
7.160837650299072 
5.4454474449157715 
5.373316764831543 
5.360808372497559 
5.9551239013671875 
5.728974342346191 
5.5127081871032715 
5.111514091491699 
5.219881057739258 
5.244325160980225 
5.321286678314209 
5.0507917404174805 
6.128358840942383 
6.025238037109375 
5.438033103942871 
5.322885513305664 
5.2111005783081055 
5.482709884643555 
5.414553642272949 
5.160326957702637 
5.219022274017334 
5.439620018005371 
5.741307735443115 
5.126721382141113 
5.276290416717529 
7.197265625 
5.871911525726318 
5.427592754364014 
5.368547439575195 
5.149426460266113 
5.199956893920898 
5.230576992034912 
5.116607189178467 
6.662121772766113 
5.291772365570068 
5.730293273925781 
5.309340476989746 
5.219804763793945 
5.4972710609436035 
5.3256025314331055 
5.09194803237915 
5.398786544799805 
5.626713275909424 
5.313538551330566 
5.045713424682617 
4.954435348510742 
5.144231796264648 
5.468819618225098 
5.351748943328857 
5.290903091430664 
5.717713356018066 
5.269088268280029 
5.231874465942383 
5.387760162353516 
5.303132057189941 
5.75075101852417 
5.136984348297119 
7.8083953857421875 
5.829421043395996 
5.655820846557617 
5.423453330993652 
5.190040111541748 
5.786168575286865 
5.071255683898926 
6.128068923950195 
5.267657279968262 
6.401650428771973 
5.48777961730957 
6.124563694000244 
5.637697219848633 
4.950705528259277 
5.183791637420654 
5.421120643615723 
5.877038955688477 
5.291839599609375 
5.529131889343262 
5.173369407653809 
6.02314567565918 
6.562939643859863 
8.831009864807129 
5.458039283752441 
8.307785987854004 
5.191245079040527 
6.538329124450684 
8.046196937561035 
5.124218940734863 
5.381129741668701 
5.163999557495117 
6.890810489654541 
5.27093505859375 
5.019758224487305 
6.832968235015869 
5.262310981750488 
5.319846153259277 
5.600122928619385 
5.152494430541992 
5.823484420776367 
5.1845808029174805 
7.070955276489258 
5.123984336853027 
7.150803565979004 
5.306450843811035 
5.35096549987793 
5.572197914123535 
7.070529937744141 
5.143338680267334 
5.357542991638184 
5.335156440734863 
6.2365922927856445 
5.380438804626465 
5.577081680297852 
5.622456073760986 
5.258544445037842 
5.263350486755371 
5.226998805999756 
5.65347146987915 
5.226369380950928 
5.1886420249938965 
5.313929557800293 
5.251152992248535 
5.386584758758545 
5.444049835205078 
5.065624237060547 
6.603053092956543 
5.192965030670166 
4.867603778839111 
5.097609519958496 
5.654231071472168 
5.051098823547363 
6.8223772048950195 
5.20017147064209 
5.687917709350586 
5.270839214324951 
7.02319860458374 
6.121033191680908 
5.091886520385742 
4.988829612731934 
5.599325180053711 
5.606043815612793 
5.156056880950928 
5.314852237701416 
5.9991302490234375 
5.220254898071289 
5.125088691711426 
5.204123497009277 
7.548044681549072 
5.1463751792907715 
5.07612419128418 
5.110185623168945 
5.54746150970459 
5.0083136558532715 
5.282937526702881 
5.301105499267578 
6.143610954284668 
5.3289666175842285 
5.70582389831543 
5.535809516906738 
5.5350728034973145 
6.401493072509766 
5.7082977294921875 
5.163362979888916 
5.121023178100586 
5.5637969970703125 
5.399114608764648 
4.926419258117676 
5.319864273071289 
5.096211910247803 
5.087335586547852 
4.980899333953857 
5.333742618560791 
6.511680603027344 
5.32186222076416 
5.238597393035889 
5.103761672973633 
5.7321062088012695 
6.305538177490234 
5.722448348999023 
5.27134370803833 
6.247958183288574 
5.100546836853027 
5.574141502380371 
6.075868606567383 
5.279869079589844 
5.284023761749268 
5.352563858032227 
5.291740417480469 
5.256217956542969 
5.155790328979492 
5.086704254150391 
4.9975996017456055 
5.370206356048584 
5.745768070220947 
5.402933597564697 
6.1666975021362305 
5.654309272766113 
5.222489356994629 
5.2408857345581055 
5.432225227355957 
5.302824020385742 
5.236988544464111 
5.585669040679932 
6.798121929168701 
6.66788387298584 
5.070676803588867 
5.185952663421631 
7.094724655151367 
5.140139579772949 
5.383181571960449 
6.095973968505859 
5.299658298492432 
5.438249588012695 
5.0743865966796875 
8.02160930633545 
5.236549377441406 
5.125003337860107 
5.092455863952637 
7.4327592849731445 
5.20542049407959 
5.662989616394043 
5.366870880126953 
5.427563667297363 
5.355649948120117 
5.300914764404297 
7.884174823760986 
5.51741886138916 
6.308683395385742 
5.172537326812744 
5.296884536743164 
5.3190531730651855 
5.4272613525390625 
5.382541656494141 
5.171891212463379 
4.980935096740723 
5.225939750671387 
5.072892189025879 
5.441058158874512 
7.205326080322266 
5.3235859870910645 
5.129368305206299 
5.2836456298828125 
5.307912349700928 
5.063628196716309 
5.0944414138793945 
5.5839033126831055 
5.252745151519775 
5.503714084625244 
6.019012451171875 
5.958741188049316 
5.847024917602539 
5.292542457580566 
5.405097961425781 
6.0681657791137695 
5.157727241516113 
6.023247718811035 
5.113996982574463 
5.25407600402832 
5.685837268829346 
5.076081275939941 
6.783367156982422 
5.431963920593262 
5.624279022216797 
5.321704864501953 
5.496494770050049 
5.402524471282959 
5.557125568389893 
7.084440231323242 
5.227494239807129 
5.3576459884643555 
5.292542457580566 
5.249978065490723 
4.986141204833984 
5.205659866333008 
5.333379745483398 
5.390727519989014 
5.258020877838135 
7.424921035766602 
6.121930122375488 
5.198789119720459 
5.470917701721191 
5.450202941894531 
5.175134658813477 
5.389120578765869 
7.428320407867432 
5.316797256469727 
4.989443778991699 
6.323714256286621 
5.61201286315918 
5.434389114379883 
5.271914958953857 
5.0487236976623535 
5.234890937805176 
5.094659805297852 
5.3432464599609375 
5.044626235961914 
8.429312705993652 
5.314122200012207 
6.430667877197266 
5.32642936706543 
6.2082109451293945 
5.65477180480957 
8.432281494140625 
6.998987197875977 
8.562960624694824 
5.308387756347656 
7.744353294372559 
5.811218738555908 
5.299012184143066 
5.116175651550293 
5.449790954589844 
5.438922882080078 
7.415045261383057 
5.189325332641602 
5.370024681091309 
5.33066463470459 
5.3248748779296875 
6.0995707511901855 
5.328863143920898 
5.13197135925293 
7.085179328918457 
5.047205924987793 
5.32935905456543 
5.127153396606445 
5.207424163818359 
5.279510021209717 
5.432272911071777 
5.29083251953125 
6.7419657707214355 
5.5243706703186035 
5.294979572296143 
5.189706802368164 
7.594569206237793 
5.366762638092041 
5.274054050445557 
5.052556991577148 
5.774168968200684 
5.469113826751709 
5.547989845275879 
5.074723720550537 
5.2797369956970215 
5.247119903564453 
6.786622047424316 
5.258481025695801 
5.373274803161621 
5.332746505737305 
5.430434226989746 
5.151463985443115 
5.745784759521484 
8.443851470947266 
5.3614912033081055 
5.083154678344727 
6.1037492752075195 
5.239596366882324 
5.3213348388671875 
5.725345611572266 
6.125638484954834 
5.1862030029296875 
5.3198933601379395 
5.162474155426025 
7.8657732009887695 
5.854997158050537 
5.246955871582031 
5.470986366271973 
5.148001194000244 
6.015505790710449 
5.015133380889893 
5.394676208496094 
5.137360572814941 
9.487318992614746 
7.885375499725342 
5.278346061706543 
6.040982246398926 
5.313256740570068 
6.210668087005615 
5.163002014160156 
5.359522819519043 
5.114119529724121 
5.736762046813965 
5.140043258666992 
6.092536449432373 
5.475336074829102 
5.076606750488281 
5.238940238952637 
8.852705001831055 
5.348687648773193 
6.010270118713379 
5.156878471374512 
5.263437747955322 
5.394593238830566 
5.526946067810059 
5.494595527648926 
6.749455451965332 
7.472408294677734 
5.228267669677734 
5.370108604431152 
6.110543727874756 
5.5411763191223145 
5.264086723327637 
7.035057067871094 
6.824098110198975 
5.4159440994262695 
4.970846176147461 
5.144002914428711 
5.784514427185059 
5.3338727951049805 
5.061914443969727 
8.243446350097656 
5.147311210632324 
5.243256568908691 
5.390429973602295 
5.464144229888916 
5.504289150238037 
5.4755635261535645 
10.174513816833496 
5.0450286865234375 
5.275841236114502 
5.081888675689697 
5.38795804977417 
5.340774059295654 
5.196667194366455 
5.3617753982543945 
6.560817718505859 
5.1396894454956055 
5.364105224609375 
5.18406343460083 
5.222536087036133 
6.210547924041748 
4.965645790100098 
5.021658897399902 
5.226743698120117 
5.253687858581543 
5.522324085235596 
5.495055198669434 
5.615546226501465 
7.413428783416748 
5.245903015136719 
6.312085151672363 
5.288181304931641 
5.258706569671631 
6.026556015014648 
5.60383415222168 
7.110349178314209 
5.894969940185547 
5.237858295440674 
5.50029182434082 
5.54527473449707 
4.9760541915893555 
5.192537307739258 
5.625176906585693 
5.344595909118652 
5.936135292053223 
5.125173568725586 
5.16572380065918 
5.845947265625 
5.3921990394592285 
7.888079643249512 
8.915600776672363 
5.447616100311279 
5.702707290649414 
5.220879554748535 
7.458640098571777 
5.31507682800293 
5.495157241821289 
6.171965599060059 
7.406170845031738 
5.112739562988281 
5.408708095550537 
5.160761833190918 
4.9955244064331055 
5.415833473205566 
5.291866302490234 
6.948076248168945 
5.472614288330078 
5.141939163208008 
8.126028060913086 
5.255643844604492 
5.255612373352051 
5.061641693115234 
5.239407539367676 
5.962197303771973 
5.071534156799316 
5.11467170715332 
5.101704120635986 
5.224364280700684 
6.855969429016113 
5.023318290710449 
8.921622276306152 
5.234994888305664 
6.3257598876953125 
5.297380447387695 
5.037544250488281 
7.310110092163086 
5.40529727935791 
5.753003120422363 
5.2927117347717285 
5.1636457443237305 
5.3179450035095215 
5.059357166290283 
6.379082202911377 
5.519510746002197 
5.783314228057861 
5.85181999206543 
5.315140724182129 
5.484884738922119 
5.472602367401123 
5.141783237457275 
5.81319522857666 
5.908811092376709 
5.8057732582092285 
8.336043357849121 
5.042381763458252 
5.329341411590576 
5.092141151428223 
5.177309036254883 
5.2927961349487305 
5.372735977172852 
5.911330223083496 
6.261343002319336 
5.303908348083496 
5.437967300415039 
5.15556001663208 
5.661564826965332 
5.07020902633667 
5.439997673034668 
5.539323806762695 
5.067195415496826 
5.174661159515381 
5.251370429992676 
5.024012565612793 
6.017009258270264 
5.314627647399902 
5.3026018142700195 
5.537632942199707 
5.0348663330078125 
8.240981101989746 
6.008023262023926 
5.190699100494385 
4.968186378479004 
6.735682487487793 
7.8431396484375 
5.096529006958008 
5.1963043212890625 
5.190639495849609 
5.17594051361084 
5.597818851470947 
5.084860801696777 
5.650095462799072 
5.218630790710449 
5.107498645782471 
5.278229713439941 
5.394410133361816 
6.328594207763672 
5.282541275024414 
5.4929914474487305 
5.881683349609375 
5.299570083618164 
5.303097724914551 
5.147957801818848 
5.612020492553711 
5.281301021575928 
5.067343711853027 
5.072361946105957 
5.671664237976074 
5.1721086502075195 
5.088473320007324 
5.314044952392578 
7.125051498413086 
5.385740756988525 
8.398192405700684 
5.215053558349609 
5.298609733581543 
5.170795440673828 
5.619799613952637 
8.004584312438965 
5.464540004730225 
4.963976860046387 
5.103534698486328 
5.173755168914795 
5.140392303466797 
7.084814071655273 
5.473917007446289 
4.939950942993164 
7.206535339355469 
5.6465044021606445 
5.061050891876221 
5.721242904663086 
6.145294189453125 
4.814932823181152 
4.936318397521973 
5.147776126861572 
4.9776201248168945 
5.398048400878906 
5.121770858764648 
5.122410297393799 
5.389760971069336 
5.431557655334473 
5.218698501586914 
5.329614639282227 
5.142690658569336 
5.185487747192383 
5.756392478942871 
5.948737144470215 
5.237449645996094 
5.301292896270752 
8.147756576538086 
5.259913444519043 
5.580089569091797 
5.133865833282471 
5.429722309112549 
5.173097610473633 
4.913876533508301 
5.3480424880981445 
5.812465190887451 
5.287623405456543 
5.507735252380371 
5.864872455596924 
5.121180534362793 
5.322437763214111 
6.554683685302734 
5.150944709777832 
4.991156578063965 
5.160402297973633 
5.285060405731201 
5.439885139465332 
5.317888259887695 
5.412881851196289 
5.037344932556152 
6.033893585205078 
5.787298679351807 
5.898132801055908 
5.591614723205566 
5.36635684967041 
5.196951389312744 
5.126476287841797 
5.333845138549805 
5.4418230056762695 
5.187022686004639 
5.123409271240234 
5.183126926422119 
5.083522796630859 
5.128118515014648 
5.118330955505371 
5.7886271476745605 
7.572747707366943 
5.101437568664551 
5.201707363128662 
5.2346391677856445 
5.175196647644043 
5.824585437774658 
5.103701591491699 
6.078142166137695 
5.070494651794434 
6.100160598754883 
5.690049171447754 
5.3696513175964355 
5.337763786315918 
5.115342617034912 
5.347805023193359 
4.9992356300354 
5.027754783630371 
5.843689441680908 
5.052478313446045 
5.365578651428223 
5.2763495445251465 
7.539188385009766 
5.739343643188477 
6.174472808837891 
5.28502893447876 
5.099628448486328 
5.191587448120117 
5.624228000640869 
7.58741569519043 
5.9280500411987305 
5.231118202209473 
7.006023406982422 
5.904871940612793 
5.1049981117248535 
5.11256217956543 
6.3702287673950195 
4.979560852050781 
6.760589599609375 
5.561038970947266 
5.112685203552246 
5.348625183105469 
5.229316711425781 
5.1306915283203125 
5.269058704376221 
5.134038925170898 
7.283629417419434 
5.701127052307129 
5.603503227233887 
5.167433738708496 
5.713785648345947 
7.022448539733887 
5.4973320960998535 
5.434484481811523 
4.977973937988281 
5.196674346923828 
4.983154296875 
5.164687633514404 
5.611296653747559 
6.036333084106445 
5.486398696899414 
6.309055805206299 
9.464163780212402 
5.3287672996521 
7.175704479217529 
5.2301411628723145 
5.052044868469238 
5.151042938232422 
5.315676212310791 
5.321671485900879 
5.163905143737793 
5.711591720581055 
5.356398582458496 
5.682947158813477 
5.687624931335449 
5.755575180053711 
4.999959945678711 
7.050947666168213 
5.646196365356445 
5.761226654052734 
5.891775131225586 
5.300346374511719 
5.2989501953125 
7.704232215881348 
5.147986888885498 
5.234601974487305 
5.2879204750061035 
6.559779167175293 
5.2395172119140625 
5.219456672668457 
5.604988098144531 
5.168065071105957 
5.243985652923584 
5.727338790893555 
7.087230205535889 
5.529955863952637 
5.211021423339844 
5.309453010559082 
5.219008445739746 
5.8006486892700195 
4.9687910079956055 
5.257756233215332 
5.11384916305542 
6.203929901123047 
5.438784599304199 
5.231926441192627 
5.384105682373047 
5.164805889129639 
5.020694732666016 
6.0832366943359375 
5.878072261810303 
5.543137550354004 
5.046593189239502 
5.11353874206543 
5.4328460693359375 
5.385104179382324 
5.792470455169678 
5.142633438110352 
5.149101734161377 
5.435719966888428 
5.209181308746338 
6.5378289222717285 
5.671963691711426 
5.231904983520508 
5.340473175048828 
5.131648540496826 
5.107809066772461 
5.201322555541992 
5.030900001525879 
5.266351699829102 
5.290420055389404 
5.2984232902526855 
5.4453535079956055 
5.3950090408325195 
5.100905895233154 
5.175188064575195 
7.370014190673828 
5.478978633880615 
5.13254451751709 
6.06356954574585 
5.346695899963379 
6.916902542114258 
5.175671577453613 
5.34221076965332 
5.254215717315674 
5.280432224273682 
5.247549057006836 
5.089942932128906 
7.0037407875061035 
5.373711109161377 
6.107073783874512 
5.285389423370361 
5.556939125061035 
5.149074554443359 
6.876521587371826 
5.357025146484375 
5.052619457244873 
5.077800750732422 
5.098576545715332 
5.205512046813965 
5.05820894241333 
5.157134056091309 
5.077205657958984 
5.161902904510498 
5.324557304382324 
5.255321502685547 
5.644643783569336 
5.085350036621094 
6.800568580627441 
5.2751874923706055 
6.454625129699707 
5.1820549964904785 
5.036333084106445 
5.782975673675537 
5.521294593811035 
5.038875102996826 
6.444397926330566 
5.123613357543945 
5.06629753112793 
5.2337188720703125 
5.254812717437744 
4.9449920654296875 
5.637744903564453 
