5.2605061531066895 
6.574304580688477 
5.336201190948486 
5.304319858551025 
5.728060245513916 
7.648915767669678 
5.140437602996826 
5.33727502822876 
4.942729473114014 
5.909116268157959 
5.495232582092285 
5.564977169036865 
4.9682512283325195 
4.983065128326416 
6.3007659912109375 
5.589624404907227 
5.270294666290283 
5.303242206573486 
6.168955326080322 
5.938978672027588 
4.932265758514404 
5.16208028793335 
5.168403148651123 
5.254127502441406 
5.28180456161499 
4.896719932556152 
5.4115777015686035 
6.129271030426025 
5.41562557220459 
5.0662713050842285 
5.381791591644287 
5.41594123840332 
5.394608497619629 
5.172555923461914 
5.527943134307861 
5.557758331298828 
5.633945465087891 
5.349170207977295 
8.291361808776855 
5.2034502029418945 
5.306447982788086 
5.445834636688232 
5.041577339172363 
5.4225754737854 
5.362264633178711 
5.078783988952637 
5.133070468902588 
4.98414421081543 
5.4361419677734375 
5.268449306488037 
5.269021511077881 
5.835547924041748 
5.10336446762085 
5.204034805297852 
5.302902698516846 
5.0958404541015625 
5.227912902832031 
5.3339080810546875 
5.919961929321289 
5.989517688751221 
7.067588806152344 
5.143052101135254 
5.120129585266113 
5.411728858947754 
5.915377616882324 
5.58674430847168 
5.046086311340332 
4.981383800506592 
5.108246326446533 
5.504284858703613 
5.36338472366333 
5.031886577606201 
5.363880157470703 
5.227503299713135 
5.58165979385376 
4.9935221672058105 
7.642210483551025 
5.128824710845947 
5.899714469909668 
5.231182098388672 
5.23682975769043 
5.511776924133301 
5.042303085327148 
4.995213985443115 
4.974560260772705 
5.460479259490967 
5.2907514572143555 
5.30048942565918 
5.017813682556152 
5.641876697540283 
5.084752082824707 
5.261730670928955 
6.092395782470703 
5.462156295776367 
5.396366596221924 
5.382458686828613 
5.577375411987305 
4.789154052734375 
7.0125603675842285 
5.489527702331543 
5.231973171234131 
7.522951602935791 
5.136219024658203 
5.543044567108154 
5.202577114105225 
5.116670608520508 
5.092657089233398 
5.285045146942139 
5.997010707855225 
5.3774638175964355 
6.877792835235596 
5.263370513916016 
6.174080848693848 
5.276013374328613 
5.090791702270508 
6.1462812423706055 
7.649543762207031 
5.498138427734375 
5.349771976470947 
4.813486576080322 
6.095431804656982 
5.197747707366943 
5.415811061859131 
5.258177757263184 
6.160947799682617 
5.144679546356201 
5.192371845245361 
5.0348052978515625 
5.103830337524414 
7.033628940582275 
5.714759826660156 
4.917837619781494 
5.19387674331665 
8.398476600646973 
5.2326836585998535 
6.605168342590332 
4.7431559562683105 
5.60823917388916 
5.569004058837891 
6.3000969886779785 
5.880937099456787 
5.226501941680908 
5.246192932128906 
5.3270978927612305 
5.094765663146973 
5.87949275970459 
5.86661434173584 
5.274117946624756 
5.793712139129639 
5.129552364349365 
5.294233322143555 
5.160694122314453 
5.1107072830200195 
4.879114151000977 
4.990987777709961 
5.243445873260498 
5.416632175445557 
5.058743000030518 
5.1434102058410645 
5.20668363571167 
5.505552768707275 
5.542821884155273 
5.082306861877441 
6.7978596687316895 
5.941812038421631 
6.371240139007568 
6.339175224304199 
4.778454780578613 
5.234175682067871 
5.513604164123535 
5.116612911224365 
5.1244025230407715 
5.6350274085998535 
5.249789237976074 
5.120843887329102 
5.039718151092529 
5.1414995193481445 
5.087223052978516 
5.062560558319092 
5.5783162117004395 
5.406749725341797 
6.259105682373047 
4.913145065307617 
5.11298942565918 
6.475773334503174 
5.8030171394348145 
5.118837833404541 
5.113436698913574 
5.426059722900391 
5.407138347625732 
4.940913677215576 
5.7040629386901855 
5.2564239501953125 
5.2012834548950195 
5.679734706878662 
5.107117176055908 
5.2815704345703125 
5.199860572814941 
5.195612907409668 
5.828821182250977 
5.295961856842041 
5.170982360839844 
4.852214336395264 
5.436071872711182 
5.168253421783447 
6.3483991622924805 
5.300065040588379 
5.195878505706787 
5.015929222106934 
5.288336753845215 
5.454805374145508 
7.356966018676758 
6.393448352813721 
6.129650592803955 
6.0979323387146 
5.722040176391602 
5.0497212409973145 
6.442784309387207 
5.027690887451172 
5.2202372550964355 
5.293378829956055 
5.393279075622559 
5.290775299072266 
5.904833793640137 
5.297443389892578 
5.064939022064209 
5.380904197692871 
5.487123966217041 
4.9519195556640625 
5.073831081390381 
5.018176078796387 
5.323790550231934 
5.223763942718506 
5.191824436187744 
4.962223052978516 
5.0418829917907715 
5.896406173706055 
4.8790178298950195 
5.662156105041504 
5.262744426727295 
4.961440086364746 
5.175184726715088 
5.984442234039307 
5.0569634437561035 
5.192878723144531 
5.958690643310547 
5.450640678405762 
5.244715213775635 
5.530708312988281 
5.184808254241943 
4.9617204666137695 
5.008560657501221 
5.4273152351379395 
5.090184211730957 
4.922892093658447 
5.090175151824951 
6.822908401489258 
5.2570576667785645 
4.92758321762085 
6.154831886291504 
5.1150803565979 
7.265110969543457 
5.8169965744018555 
5.447527885437012 
5.489651679992676 
5.078572750091553 
5.179080486297607 
5.998165607452393 
5.103561878204346 
6.208645820617676 
5.278162002563477 
5.652719497680664 
5.2980451583862305 
6.433015823364258 
7.439943313598633 
5.308690071105957 
5.011814594268799 
5.11093807220459 
5.082343101501465 
5.329225540161133 
5.7820024490356445 
5.282329559326172 
4.899953842163086 
5.010300159454346 
4.855631351470947 
5.2365498542785645 
5.177295207977295 
5.292150020599365 
5.418989181518555 
5.054087162017822 
5.154837608337402 
4.9170756340026855 
5.931023597717285 
5.455113410949707 
6.4911298751831055 
5.098701477050781 
5.3229289054870605 
6.678273677825928 
4.813019275665283 
5.1029534339904785 
5.244314193725586 
5.190533638000488 
5.276585102081299 
4.981978893280029 
5.212803840637207 
5.212677955627441 
5.087216377258301 
5.9462199211120605 
5.416551113128662 
5.114080905914307 
5.933022499084473 
4.908997535705566 
5.1343183517456055 
5.499069690704346 
5.028560161590576 
4.958951473236084 
5.750471115112305 
8.532183647155762 
5.263976573944092 
5.233500003814697 
5.427873134613037 
5.176180362701416 
5.160545825958252 
5.436160564422607 
6.383813381195068 
5.65375280380249 
5.251348495483398 
4.997262954711914 
6.206611633300781 
5.0524115562438965 
4.911112308502197 
5.297555446624756 
5.096251010894775 
5.133060932159424 
5.780948638916016 
5.118565082550049 
4.945944309234619 
5.107809543609619 
5.228254795074463 
5.093430042266846 
5.356020450592041 
9.290685653686523 
7.771132469177246 
5.264312267303467 
5.319918155670166 
5.06784725189209 
5.00618314743042 
5.775042533874512 
5.706462860107422 
4.917462348937988 
5.2662672996521 
5.045809268951416 
5.447597026824951 
5.538235664367676 
5.818514823913574 
5.566124439239502 
4.936893463134766 
5.13485860824585 
4.866593837738037 
5.3455281257629395 
5.060270309448242 
5.396440029144287 
4.955400466918945 
5.0375566482543945 
6.0513787269592285 
5.414584159851074 
4.911489009857178 
7.176193714141846 
5.043483257293701 
5.930074691772461 
5.215588092803955 
5.154416084289551 
6.330664157867432 
5.544980525970459 
5.431685924530029 
5.642580032348633 
5.332386493682861 
5.409156799316406 
5.14117956161499 
4.948339462280273 
5.214996814727783 
5.221496105194092 
5.232098579406738 
5.481879234313965 
5.469134330749512 
5.141125679016113 
4.922745704650879 
5.205626010894775 
5.5703206062316895 
5.074437618255615 
5.408365249633789 
5.317755699157715 
5.054224491119385 
4.887061595916748 
5.8921403884887695 
5.370371341705322 
4.983125686645508 
5.229106426239014 
5.069549560546875 
5.272549629211426 
5.469880104064941 
5.329366683959961 
4.9166131019592285 
5.278232097625732 
5.362044811248779 
5.845288276672363 
5.512531280517578 
5.386679649353027 
5.291854381561279 
5.146724224090576 
5.559255123138428 
5.001222133636475 
5.2908406257629395 
4.900522708892822 
5.300308704376221 
5.744878768920898 
5.327294826507568 
6.035945415496826 
5.370792388916016 
5.337561130523682 
5.404921054840088 
5.148344039916992 
5.391915798187256 
5.79496431350708 
5.53638219833374 
4.961760997772217 
5.274667263031006 
6.259212017059326 
5.346457004547119 
5.846811294555664 
6.072451114654541 
5.8658552169799805 
5.123592853546143 
5.14686918258667 
6.368797302246094 
4.7904582023620605 
5.70143461227417 
5.3577094078063965 
5.287903785705566 
5.169802188873291 
5.14155387878418 
5.31538200378418 
5.061689853668213 
5.2451605796813965 
4.901290416717529 
4.924270153045654 
4.951373100280762 
8.281227111816406 
5.293766975402832 
5.43391227722168 
5.077713966369629 
5.484214782714844 
5.634826183319092 
5.137482166290283 
5.559416770935059 
5.182397365570068 
4.95734977722168 
5.024016380310059 
6.009194850921631 
5.139312744140625 
5.234502792358398 
5.526245594024658 
5.110124111175537 
6.503717422485352 
5.264840602874756 
4.944515228271484 
5.206986904144287 
5.218347549438477 
5.178188323974609 
4.931127071380615 
5.053321838378906 
4.971804618835449 
5.119307041168213 
5.207967281341553 
5.018612384796143 
5.911472797393799 
5.109084606170654 
5.484930992126465 
6.129430770874023 
6.224706649780273 
5.645110130310059 
5.107086181640625 
4.95749044418335 
5.038464069366455 
6.820191860198975 
5.169510364532471 
5.38820743560791 
5.185236930847168 
6.636797904968262 
5.116132736206055 
5.1978888511657715 
5.28922700881958 
7.673714637756348 
5.100535869598389 
5.426712512969971 
4.8315606117248535 
4.990567207336426 
4.96204137802124 
5.095258712768555 
4.948894023895264 
8.153517723083496 
5.8008551597595215 
5.553038597106934 
5.0221781730651855 
5.156146049499512 
5.891686916351318 
5.550256252288818 
5.318332672119141 
5.171651363372803 
5.60707426071167 
5.194847106933594 
5.140874862670898 
5.459230899810791 
4.994589805603027 
5.279654026031494 
5.043923377990723 
5.001431941986084 
5.510281562805176 
4.991623878479004 
5.056419849395752 
5.480860233306885 
5.069782733917236 
5.108361721038818 
5.099835395812988 
5.205563545227051 
5.1164445877075195 
5.060063362121582 
4.936117172241211 
5.279791355133057 
4.682790756225586 
5.080452919006348 
5.094150543212891 
5.536180019378662 
4.9812140464782715 
5.313218593597412 
5.249356269836426 
5.2172746658325195 
8.115300178527832 
5.181281089782715 
5.988532543182373 
5.650535583496094 
5.122486114501953 
5.366875648498535 
6.194786071777344 
5.172627925872803 
5.283512592315674 
5.270241737365723 
5.297333717346191 
4.943447589874268 
5.205742835998535 
5.3264875411987305 
4.941019535064697 
5.045352458953857 
5.253174781799316 
5.096768379211426 
6.277881145477295 
4.948692321777344 
4.911818981170654 
5.31801176071167 
5.214633464813232 
5.372099876403809 
5.357612133026123 
4.990816593170166 
4.833620071411133 
5.0417962074279785 
5.119060039520264 
7.535870552062988 
4.838010311126709 
5.155125141143799 
5.1269378662109375 
6.7533745765686035 
5.82268762588501 
5.179708480834961 
4.870766639709473 
4.97731351852417 
4.993361949920654 
5.032957077026367 
6.632452487945557 
7.092379093170166 
5.073339462280273 
4.996681213378906 
5.291408538818359 
5.078878879547119 
5.0867919921875 
5.704909801483154 
5.798679828643799 
5.34606409072876 
4.907737731933594 
4.933343887329102 
4.839637279510498 
5.247999668121338 
5.264341831207275 
5.771548748016357 
5.848416328430176 
5.355992317199707 
5.127549171447754 
5.388343334197998 
7.053747177124023 
4.91226053237915 
5.705707550048828 
5.0660295486450195 
6.048550128936768 
5.908003807067871 
5.834353923797607 
5.066615581512451 
5.484592437744141 
5.6774725914001465 
5.299501419067383 
5.321310520172119 
5.330086708068848 
7.484466552734375 
4.87376070022583 
5.749943256378174 
4.911803722381592 
4.929576396942139 
5.22182559967041 
5.2444047927856445 
5.327352046966553 
5.169993877410889 
5.538849830627441 
6.878250598907471 
4.937974452972412 
6.252809047698975 
5.276331424713135 
4.983959674835205 
4.841569900512695 
5.011105060577393 
5.2466206550598145 
5.011485576629639 
4.984504222869873 
5.041740417480469 
5.78414249420166 
5.124629497528076 
5.9623003005981445 
5.785586833953857 
4.905150413513184 
5.9492902755737305 
5.018928527832031 
5.222437381744385 
5.188520908355713 
5.246325969696045 
5.176806449890137 
5.499876976013184 
5.716751575469971 
5.07294225692749 
5.182193279266357 
5.025124549865723 
5.451536178588867 
5.667573928833008 
5.091926097869873 
6.2737226486206055 
4.94320821762085 
5.904587745666504 
5.944478511810303 
5.32688570022583 
5.382723331451416 
5.302286148071289 
5.1035284996032715 
5.911022186279297 
6.940639972686768 
5.624423027038574 
5.0368757247924805 
5.141526222229004 
5.398382186889648 
5.167852878570557 
5.273090362548828 
4.901034832000732 
5.089514255523682 
5.087327003479004 
6.972877502441406 
5.51897668838501 
5.006124973297119 
5.2430315017700195 
4.858316898345947 
5.239170551300049 
4.863335132598877 
5.29160213470459 
5.333376407623291 
6.023844242095947 
4.939100742340088 
5.564538478851318 
5.181851863861084 
6.41322135925293 
5.282051086425781 
7.560929775238037 
5.212252140045166 
5.340959072113037 
5.055041313171387 
5.043557167053223 
5.338260650634766 
6.847170352935791 
6.684372425079346 
5.940035820007324 
5.026639938354492 
5.098374366760254 
5.249272346496582 
5.072110652923584 
5.38999080657959 
5.073540687561035 
5.556361675262451 
5.248147487640381 
5.336228847503662 
4.898251533508301 
5.415935039520264 
5.223443031311035 
6.019718170166016 
5.0667500495910645 
6.118581295013428 
5.726439476013184 
5.002506732940674 
5.318716526031494 
6.570510387420654 
5.073529243469238 
10.82300853729248 
5.2296576499938965 
5.042816162109375 
5.137564182281494 
5.017956256866455 
5.762167930603027 
4.8776164054870605 
4.7885894775390625 
4.9929609298706055 
5.186805725097656 
5.259617805480957 
5.522504806518555 
4.892375469207764 
5.230868816375732 
5.36445951461792 
5.034073829650879 
5.132046222686768 
5.233367919921875 
5.0440826416015625 
5.027777194976807 
5.017614841461182 
5.090649604797363 
5.114858627319336 
6.572421073913574 
5.544169902801514 
5.527209281921387 
5.1293158531188965 
7.326828956604004 
5.570964336395264 
5.066642761230469 
5.58589506149292 
5.507714748382568 
5.168726444244385 
6.27067756652832 
5.126736640930176 
4.921539783477783 
5.1810622215271 
6.029945373535156 
5.890901565551758 
5.779669284820557 
5.140173435211182 
5.452665328979492 
5.072916507720947 
5.167366027832031 
5.055935382843018 
5.313212871551514 
5.109738826751709 
5.7423505783081055 
5.750482559204102 
4.96672248840332 
5.162381172180176 
4.959874153137207 
5.507879734039307 
5.4400224685668945 
5.2584333419799805 
5.056396484375 
4.714572429656982 
5.433074951171875 
5.217844009399414 
6.447339057922363 
5.398240089416504 
5.214186191558838 
5.322453022003174 
5.236310005187988 
5.2941131591796875 
4.99338436126709 
5.195273399353027 
5.790446758270264 
5.6835150718688965 
5.019741058349609 
5.30183219909668 
5.447023391723633 
7.950015068054199 
5.100622653961182 
5.766806125640869 
5.1001152992248535 
5.1731696128845215 
5.05198860168457 
6.708130836486816 
5.283966541290283 
4.862417221069336 
4.914836883544922 
5.088685512542725 
5.250820159912109 
5.409565448760986 
5.109298229217529 
5.2502899169921875 
5.365116119384766 
5.374924182891846 
7.935245037078857 
5.147255897521973 
5.220811367034912 
5.219098091125488 
4.963670253753662 
5.551468849182129 
5.239444255828857 
5.500884056091309 
5.160539627075195 
4.992598533630371 
5.1661376953125 
5.435798645019531 
6.225889682769775 
5.666685104370117 
4.9637064933776855 
5.866466045379639 
5.180298328399658 
5.157586097717285 
5.490655899047852 
5.292334079742432 
4.962664604187012 
6.312563896179199 
6.411285400390625 
6.421903610229492 
5.363361358642578 
5.240393161773682 
5.6815409660339355 
5.835371971130371 
5.559020042419434 
5.671880722045898 
5.107612133026123 
5.0784831047058105 
5.870218753814697 
7.955682754516602 
5.264703273773193 
4.927770137786865 
5.1092681884765625 
4.8251633644104 
5.246975898742676 
5.568337440490723 
5.045222759246826 
5.078410625457764 
6.87421178817749 
5.86076545715332 
5.609532833099365 
5.634819984436035 
5.133988380432129 
6.309044361114502 
5.451595783233643 
6.8862457275390625 
4.918733596801758 
7.321709156036377 
5.558035850524902 
5.050487041473389 
5.351158618927002 
5.233705043792725 
5.610108375549316 
5.279332637786865 
5.139163494110107 
5.256049156188965 
5.070230484008789 
5.100714683532715 
5.150920867919922 
5.302724838256836 
5.993882656097412 
5.617921829223633 
7.986070156097412 
5.0903520584106445 
7.400284290313721 
5.409761428833008 
5.092838764190674 
5.690758228302002 
5.567543029785156 
5.406889915466309 
5.041778564453125 
5.069842338562012 
5.0230512619018555 
5.200424671173096 
5.937279224395752 
5.256680011749268 
5.238775730133057 
5.027148723602295 
7.352999687194824 
6.191503524780273 
5.781217575073242 
5.305562496185303 
5.290185928344727 
5.027876377105713 
5.5480732917785645 
5.759234428405762 
5.9090142250061035 
5.476053237915039 
5.368486404418945 
5.197187900543213 
5.74318265914917 
5.512820243835449 
5.3757500648498535 
6.563108444213867 
5.270632266998291 
5.1257405281066895 
5.399119853973389 
4.838109970092773 
4.928192615509033 
5.179655075073242 
5.426881313323975 
5.185022830963135 
6.253457546234131 
6.025535583496094 
5.737974643707275 
5.483041286468506 
5.2297892570495605 
5.751730918884277 
5.003701686859131 
6.445168495178223 
5.583147048950195 
4.978263854980469 
5.384769439697266 
5.34639835357666 
5.048280715942383 
5.09046745300293 
5.473066806793213 
7.150179862976074 
6.057468891143799 
5.132209300994873 
4.909783363342285 
5.618561744689941 
5.6770734786987305 
5.667604923248291 
5.336647033691406 
5.3163604736328125 
5.287083625793457 
6.515937328338623 
5.195535659790039 
5.086728572845459 
5.768265247344971 
5.171319961547852 
5.300381660461426 
5.873925685882568 
5.833118915557861 
5.206973552703857 
5.004946231842041 
8.403987884521484 
5.47306489944458 
4.7208380699157715 
5.1683244705200195 
5.206876754760742 
4.874903678894043 
4.983536720275879 
6.5592122077941895 
5.271833896636963 
4.88288688659668 
6.198363780975342 
4.995288848876953 
5.742358207702637 
7.939620494842529 
5.408038139343262 
5.109219551086426 
5.207563877105713 
5.298025608062744 
5.15018892288208 
4.790720462799072 
5.6007208824157715 
5.2770185470581055 
4.888312339782715 
5.295133590698242 
5.145719051361084 
5.054699420928955 
6.615151882171631 
5.971538543701172 
5.201732158660889 
6.140915393829346 
5.288031101226807 
4.925090312957764 
6.441788196563721 
5.0676093101501465 
4.958112716674805 
5.164178848266602 
6.806379318237305 
5.354166507720947 
5.280511379241943 
5.599667072296143 
5.035805702209473 
5.003473281860352 
7.855456352233887 
5.204172611236572 
5.1046223640441895 
5.404743194580078 
4.924246311187744 
7.020848274230957 
6.139646053314209 
5.304362773895264 
5.430505275726318 
4.972268581390381 
5.109152317047119 
5.147478103637695 
5.158986568450928 
5.032546520233154 
5.165757179260254 
5.762811660766602 
5.378651142120361 
5.241382122039795 
5.078901290893555 
4.97644567489624 
5.614065170288086 
6.332061290740967 
5.538549900054932 
5.096651077270508 
5.642186641693115 
5.2817864418029785 
6.808413982391357 
8.49330997467041 
4.869452953338623 
6.942160129547119 
5.0717082023620605 
5.247885704040527 
5.063685417175293 
5.433204650878906 
5.105639457702637 
5.695436477661133 
5.072536945343018 
9.403541564941406 
6.499618053436279 
4.8975067138671875 
5.21981954574585 
5.400094509124756 
5.006385803222656 
5.029260158538818 
4.94130802154541 
6.215144157409668 
5.325499534606934 
6.867430686950684 
6.343697547912598 
5.241042137145996 
5.426833152770996 
4.963697910308838 
4.896648406982422 
4.8933329582214355 
4.715576648712158 
5.075767993927002 
5.314169406890869 
5.671669960021973 
5.232137680053711 
5.03441858291626 
5.7792558670043945 
5.542007923126221 
5.130489826202393 
7.224926948547363 
6.747250556945801 
5.1158013343811035 
6.393871784210205 
5.081849575042725 
5.54646110534668 
5.380212306976318 
5.1979289054870605 
5.430614948272705 
5.087597370147705 
5.624743461608887 
4.778014659881592 
7.259063243865967 
4.92275333404541 
5.1821794509887695 
5.046284198760986 
5.660610675811768 
5.315310001373291 
5.1846771240234375 
5.2876057624816895 
5.01969575881958 
5.787896156311035 
4.994901657104492 
5.165572643280029 
5.1374921798706055 
5.344348430633545 
5.0470781326293945 
5.753654956817627 
6.47802209854126 
5.225870609283447 
6.009731769561768 
5.201479911804199 
7.639756679534912 
5.532790184020996 
5.003214359283447 
4.998560905456543 
5.3859100341796875 
5.2443037033081055 
6.617961883544922 
5.303812026977539 
5.061821460723877 
5.192046165466309 
4.991768836975098 
4.869008541107178 
5.204452037811279 
5.002945899963379 
5.177833557128906 
5.561821460723877 
6.741382598876953 
5.136229991912842 
6.481468677520752 
6.444482326507568 
5.125345706939697 
4.981903076171875 
5.069673538208008 
5.202408790588379 
5.36903715133667 
4.968912124633789 
5.061118125915527 
5.27191162109375 
4.839625835418701 
6.244476795196533 
5.095083236694336 
5.742366313934326 
5.786755084991455 
5.233656406402588 
5.077390670776367 
5.000694274902344 
4.984313011169434 
5.199317932128906 
5.126628875732422 
4.960809707641602 
4.751896858215332 
6.224006175994873 
5.792029857635498 
5.554800033569336 
5.240082740783691 
5.395843982696533 
5.021170616149902 
5.245711803436279 
5.124410152435303 
5.13326358795166 
4.915738582611084 
5.153906345367432 
5.004034996032715 
5.040522575378418 
5.031603813171387 
5.211910247802734 
5.319238185882568 
6.302326679229736 
6.84755277633667 
5.1521830558776855 
5.102161407470703 
6.060868740081787 
5.08817195892334 
5.0367536544799805 
5.634311199188232 
5.349635601043701 
5.290030002593994 
5.195803165435791 
5.339695453643799 
4.980896949768066 
5.910548210144043 
4.765063285827637 
5.210411548614502 
5.440679550170898 
6.785641670227051 
5.032820701599121 
4.739357948303223 
5.131866455078125 
5.211874485015869 
6.19525146484375 
4.899068355560303 
5.218227863311768 
5.1367998123168945 
5.154538154602051 
4.896666049957275 
5.41755485534668 
5.046340465545654 
8.352312088012695 
5.165762424468994 
7.399148941040039 
5.366057872772217 
4.8924946784973145 
4.856029987335205 
5.318762302398682 
4.8501176834106445 
5.475857734680176 
5.716359615325928 
5.2151360511779785 
5.214791297912598 
5.305854797363281 
7.059828758239746 
6.65263557434082 
5.264930248260498 
7.301115989685059 
5.475879669189453 
7.72199821472168 
5.081058502197266 
4.867105007171631 
5.185185432434082 
4.920777797698975 
5.186817169189453 
5.735576629638672 
5.210880756378174 
5.208065986633301 
5.350777626037598 
5.091466426849365 
5.137409687042236 
5.024425029754639 
4.662268161773682 
5.320492744445801 
5.558741092681885 
4.97294282913208 
5.792929649353027 
5.775869369506836 
5.678029537200928 
5.234116554260254 
5.852754592895508 
5.139669418334961 
4.8602752685546875 
5.2814860343933105 
5.1134467124938965 
5.609686851501465 
5.488645076751709 
5.157585620880127 
6.079250335693359 
5.163538932800293 
5.017286777496338 
7.607977390289307 
5.82167387008667 
5.5021796226501465 
4.789611339569092 
5.155970096588135 
5.5044169425964355 
5.238625526428223 
5.274872779846191 
5.701845645904541 
5.1565399169921875 
5.424030780792236 
5.199984550476074 
5.369875431060791 
6.954273223876953 
5.569455146789551 
5.333761215209961 
4.924190998077393 
5.421382904052734 
5.383881092071533 
5.1123270988464355 
5.179437637329102 
5.158580780029297 
5.590420246124268 
5.059698104858398 
5.8397536277771 
5.858824729919434 
5.190486431121826 
8.354178428649902 
5.12485408782959 
5.368335247039795 
4.97489595413208 
6.3476738929748535 
5.173206329345703 
5.584466934204102 
6.025506019592285 
5.041929721832275 
4.8365159034729 
4.871502876281738 
4.927788734436035 
5.259798049926758 
5.117544174194336 
5.556561470031738 
6.879018783569336 
5.023628234863281 
5.2011542320251465 
5.328566551208496 
5.190363883972168 
4.918938636779785 
7.954647541046143 
5.375480651855469 
5.294699192047119 
5.2686686515808105 
5.0579681396484375 
6.369976997375488 
5.126983642578125 
5.145025253295898 
5.345879554748535 
4.987306118011475 
4.983851432800293 
5.2847442626953125 
5.235415935516357 
5.552787780761719 
5.072633743286133 
5.145672798156738 
5.410879135131836 
6.079113006591797 
5.110461711883545 
5.1261491775512695 
5.235161781311035 
5.247251987457275 
5.062736988067627 
5.295071125030518 
5.592641353607178 
5.047338962554932 
8.317947387695312 
4.964028835296631 
5.5810933113098145 
7.281580448150635 
5.135401725769043 
4.913248062133789 
6.261419296264648 
4.803045749664307 
7.281419277191162 
5.0481390953063965 
5.897821426391602 
5.3508992195129395 
5.542072772979736 
5.075369834899902 
5.401659965515137 
6.069427967071533 
4.936862468719482 
6.269442081451416 
5.613542079925537 
5.220160961151123 
5.478723526000977 
9.716317176818848 
5.426130294799805 
5.022371292114258 
5.730746269226074 
6.834162712097168 
5.430795669555664 
5.220051288604736 
5.163735389709473 
5.69582462310791 
5.2978715896606445 
5.062646865844727 
5.516178131103516 
4.93372106552124 
5.51210355758667 
5.097593784332275 
6.599020004272461 
5.473642826080322 
5.122298717498779 
5.424684047698975 
5.657262325286865 
5.003762245178223 
5.214470863342285 
6.812887191772461 
5.141997337341309 
4.969920635223389 
5.957955837249756 
5.175434589385986 
5.767772674560547 
6.8040690422058105 
6.087608814239502 
4.936349391937256 
5.844019889831543 
5.092284679412842 
4.993892669677734 
5.302252292633057 
6.150513648986816 
6.955173492431641 
7.1459197998046875 
6.3367390632629395 
5.13688850402832 
5.134692668914795 
5.28251314163208 
5.408818244934082 
5.4042558670043945 
5.219976425170898 
5.075418472290039 
5.786762237548828 
5.21129035949707 
4.761425495147705 
5.166055679321289 
5.620660781860352 
5.825616359710693 
4.935064792633057 
5.90047550201416 
5.118160724639893 
5.221301555633545 
6.14105749130249 
4.927228927612305 
5.040102481842041 
5.165338039398193 
5.515117168426514 
5.4384307861328125 
5.351282119750977 
6.194643020629883 
5.187567234039307 
4.971397876739502 
5.012451171875 
5.3148040771484375 
5.167621612548828 
5.299912929534912 
4.88668966293335 
5.1495795249938965 
5.717770099639893 
5.67090368270874 
5.108054161071777 
5.5746169090271 
5.1558332443237305 
5.344420433044434 
5.7826247215271 
5.627817153930664 
5.886175155639648 
5.105214595794678 
4.999748229980469 
4.945096492767334 
6.010993003845215 
5.539451599121094 
4.8663129806518555 
6.730675220489502 
5.696956634521484 
6.863728046417236 
5.690971851348877 
5.097809791564941 
5.5969038009643555 
5.365329265594482 
5.242367744445801 
5.203864574432373 
5.134369850158691 
5.522177696228027 
6.629703521728516 
5.228053092956543 
6.058745384216309 
5.002143859863281 
5.3339762687683105 
5.0097126960754395 
5.842521667480469 
4.972733497619629 
6.812889575958252 
5.125742435455322 
5.442315578460693 
5.190329551696777 
5.204164981842041 
6.44443941116333 
5.280025482177734 
5.431088924407959 
7.76378870010376 
5.0024919509887695 
5.546389102935791 
5.316802978515625 
7.229950904846191 
5.344724178314209 
5.730029582977295 
5.213457107543945 
5.605034351348877 
5.188988208770752 
4.954912185668945 
5.485554218292236 
5.165152549743652 
4.931703567504883 
5.1859540939331055 
5.114989757537842 
5.235508918762207 
5.303359508514404 
5.011551380157471 
5.670650959014893 
5.3050217628479 
7.145013332366943 
5.188651084899902 
5.086952209472656 
5.192159652709961 
5.743714332580566 
5.49583625793457 
5.736519813537598 
5.163463115692139 
5.242178440093994 
5.135762691497803 
5.655282974243164 
5.720821380615234 
5.418725490570068 
5.235434532165527 
5.230114459991455 
5.003176212310791 
5.052634239196777 
5.302114009857178 
6.947750568389893 
5.4455461502075195 
5.18882942199707 
5.6460442543029785 
5.230645656585693 
4.999483108520508 
5.031462669372559 
5.0461249351501465 
4.789920330047607 
4.993797302246094 
5.004811763763428 
5.439105987548828 
4.980827331542969 
7.0171308517456055 
5.24147891998291 
7.763797760009766 
5.599067687988281 
5.270972728729248 
5.077910900115967 
5.084578514099121 
5.045001029968262 
5.870880126953125 
6.205071449279785 
5.610653877258301 
5.384455680847168 
5.121665954589844 
7.408967018127441 
5.797392845153809 
4.804004192352295 
5.5561370849609375 
5.731483459472656 
5.240292549133301 
6.7974534034729 
8.086108207702637 
5.485503196716309 
5.116598606109619 
8.285978317260742 
6.252395153045654 
5.078887462615967 
5.187191963195801 
4.907295227050781 
5.531149387359619 
5.458585739135742 
4.95306921005249 
5.307908535003662 
5.122960090637207 
5.505706310272217 
4.843317985534668 
4.916761875152588 
5.537309646606445 
5.151299476623535 
5.063965797424316 
5.234653472900391 
8.38165283203125 
5.9425835609436035 
6.881335735321045 
5.444140911102295 
5.067128658294678 
5.2535176277160645 
5.960154056549072 
5.057795524597168 
5.296604633331299 
5.713160037994385 
6.391663551330566 
4.836742877960205 
6.2006402015686035 
5.066039085388184 
8.278477668762207 
5.107333660125732 
5.40125846862793 
5.135127067565918 
5.608157634735107 
5.106040000915527 
5.126842498779297 
5.832157135009766 
5.056784152984619 
5.344656944274902 
5.532144546508789 
6.173534870147705 
5.22556734085083 
5.051998615264893 
5.598898410797119 
4.8932108879089355 
6.436854362487793 
5.202116012573242 
5.218584060668945 
5.544349670410156 
4.930596828460693 
5.196830749511719 
5.878912925720215 
6.6557936668396 
8.896434783935547 
4.963564395904541 
5.52994966506958 
4.7402496337890625 
5.682086944580078 
5.209656715393066 
5.547675132751465 
5.8686723709106445 
5.249799728393555 
5.263952732086182 
5.361072063446045 
5.26214075088501 
4.817123889923096 
5.194263458251953 
5.008511066436768 
5.001930236816406 
5.219432830810547 
5.2694573402404785 
5.126412391662598 
7.284323692321777 
5.031453609466553 
4.979885578155518 
5.104184627532959 
5.34480094909668 
5.139256000518799 
6.230285167694092 
5.0712409019470215 
5.347197532653809 
5.219467639923096 
4.895888805389404 
5.289726257324219 
5.983128070831299 
5.021495342254639 
5.109725475311279 
5.175898551940918 
5.5768656730651855 
7.137296199798584 
5.172391414642334 
6.9447407722473145 
7.438997745513916 
5.2650299072265625 
5.760805130004883 
5.303359508514404 
5.0430684089660645 
4.920379638671875 
7.637433052062988 
5.25612735748291 
5.340814590454102 
8.961394309997559 
5.346564769744873 
5.6628007888793945 
5.847039222717285 
5.223405361175537 
5.053589344024658 
5.351294040679932 
5.144667148590088 
5.2370123863220215 
5.300260543823242 
5.244715690612793 
5.194077491760254 
5.067149639129639 
6.8321075439453125 
5.299258232116699 
5.368490219116211 
4.928793430328369 
5.128091812133789 
4.986369609832764 
4.729318618774414 
5.301554203033447 
6.136231899261475 
5.225973606109619 
5.631969928741455 
6.549907684326172 
5.265895366668701 
5.23146915435791 
4.905229091644287 
5.191370964050293 
5.215926170349121 
6.120552062988281 
5.175879955291748 
5.083776950836182 
5.218675136566162 
5.972778797149658 
5.279736518859863 
5.009512424468994 
7.301162242889404 
5.1865973472595215 
4.973238945007324 
5.379927635192871 
5.201043605804443 
5.525940895080566 
5.060205936431885 
5.153519630432129 
5.225472450256348 
5.152613162994385 
5.198395729064941 
5.163865089416504 
6.082623481750488 
4.693112373352051 
5.160080909729004 
5.135048866271973 
5.013131618499756 
6.6642069816589355 
5.289511203765869 
4.993930339813232 
5.344505786895752 
4.930535316467285 
5.7313642501831055 
5.299493312835693 
5.44001579284668 
5.611149787902832 
5.178011417388916 
4.91693639755249 
5.851069927215576 
5.709758281707764 
5.53170919418335 
5.245914936065674 
5.1975626945495605 
5.2013840675354 
5.162443161010742 
5.108850479125977 
5.235996723175049 
5.377333641052246 
5.707428932189941 
4.90061092376709 
6.023895740509033 
5.119883060455322 
5.5398688316345215 
5.048721790313721 
5.095883369445801 
5.136569976806641 
5.608391761779785 
5.034487724304199 
5.2343339920043945 
5.664377212524414 
8.631760597229004 
5.042888164520264 
5.812091827392578 
5.425086498260498 
5.648604869842529 
5.156770706176758 
5.412055492401123 
4.950517177581787 
5.49796724319458 
5.434108257293701 
5.078068256378174 
5.330707550048828 
5.891722679138184 
5.3684868812561035 
6.049630641937256 
5.696821689605713 
5.50934362411499 
5.015167236328125 
4.949491024017334 
6.843739986419678 
5.265150547027588 
5.572168827056885 
5.1582746505737305 
5.163568496704102 
6.057056427001953 
5.331963062286377 
5.268380641937256 
5.68278694152832 
5.213292121887207 
5.457982063293457 
4.875056266784668 
5.219592571258545 
5.280692100524902 
6.358148574829102 
5.373718738555908 
5.198884963989258 
5.057666301727295 
5.388447284698486 
5.995660781860352 
5.251331806182861 
4.877676486968994 
5.190520763397217 
4.986506462097168 
5.219321250915527 
6.139782428741455 
5.008036136627197 
5.578250408172607 
5.057540416717529 
5.1227922439575195 
4.876866340637207 
5.126935958862305 
7.067372798919678 
5.246412754058838 
4.992391109466553 
5.178637504577637 
5.322211742401123 
5.4506120681762695 
5.112884044647217 
5.508064270019531 
6.046348571777344 
5.38575553894043 
5.158438682556152 
5.089714527130127 
4.937978267669678 
5.148638725280762 
5.071780681610107 
5.02594518661499 
5.034919261932373 
4.997112274169922 
5.064376354217529 
5.358468055725098 
5.252366065979004 
6.0246477127075195 
6.008509635925293 
5.203769683837891 
6.0370869636535645 
5.083938121795654 
5.211284637451172 
5.792067050933838 
6.096627235412598 
5.487027168273926 
6.906483173370361 
5.280721664428711 
5.278846740722656 
5.404871463775635 
5.058755874633789 
6.83756685256958 
5.313869476318359 
5.327951431274414 
5.279010772705078 
5.0060858726501465 
5.052761077880859 
5.114778995513916 
5.3247904777526855 
5.238077163696289 
5.382053852081299 
8.740120887756348 
5.043636798858643 
5.760061264038086 
5.0852952003479 
5.091465473175049 
6.373781204223633 
5.310807228088379 
5.473727703094482 
5.293480396270752 
5.071568012237549 
5.757011890411377 
7.6714067459106445 
5.254402160644531 
5.134247303009033 
5.395275115966797 
5.346731185913086 
5.273746967315674 
8.023073196411133 
5.046191692352295 
6.174642562866211 
6.851707458496094 
5.501087665557861 
5.086422443389893 
5.1750006675720215 
5.471215724945068 
5.734176158905029 
5.0277180671691895 
5.246461391448975 
5.3082098960876465 
5.3568034172058105 
5.2230072021484375 
4.862292766571045 
5.219330787658691 
5.652263641357422 
5.9572954177856445 
5.189769268035889 
5.135098457336426 
4.8836350440979 
5.162566184997559 
5.000287055969238 
5.885417938232422 
5.715217590332031 
8.398395538330078 
5.01680326461792 
5.194237232208252 
5.501687526702881 
4.897120952606201 
5.179237365722656 
5.335599422454834 
5.135023593902588 
5.880856037139893 
7.1853861808776855 
5.082414627075195 
5.030689239501953 
6.215128421783447 
5.763237476348877 
5.820103645324707 
5.686094284057617 
5.408892631530762 
5.622802734375 
5.25218391418457 
5.153167247772217 
5.133198261260986 
6.056974411010742 
4.6344475746154785 
5.127178192138672 
5.198440074920654 
5.106407642364502 
4.850698471069336 
7.305824279785156 
5.222593784332275 
5.1421027183532715 
5.900962829589844 
5.1813740730285645 
5.291917324066162 
5.286390781402588 
10.003128051757812 
4.894214630126953 
5.653936386108398 
5.192877769470215 
5.059667110443115 
5.591383457183838 
5.474044322967529 
5.250819206237793 
4.966085910797119 
5.508265018463135 
4.902924060821533 
5.328348636627197 
5.262447357177734 
7.219338417053223 
4.94282341003418 
5.337990760803223 
5.313931941986084 
5.177988052368164 
5.406594753265381 
5.442322731018066 
5.13516092300415 
6.93992280960083 
5.191096305847168 
5.080695152282715 
5.322896957397461 
6.519588470458984 
4.915064334869385 
5.338383197784424 
6.039867877960205 
5.15144157409668 
5.380962371826172 
5.214968681335449 
5.021006107330322 
5.302424430847168 
5.286343574523926 
5.587557315826416 
5.393835544586182 
4.670022010803223 
5.291229248046875 
4.848288536071777 
5.018622875213623 
5.234384536743164 
5.598004341125488 
4.9451189041137695 
7.6082234382629395 
5.436291694641113 
5.252920150756836 
5.896650791168213 
5.148446083068848 
5.242565155029297 
5.552864074707031 
6.129392623901367 
5.021513938903809 
5.85353946685791 
4.9427876472473145 
5.329370975494385 
6.001797676086426 
5.119184494018555 
5.362749099731445 
5.313779830932617 
5.102309703826904 
5.614389419555664 
5.231271266937256 
6.221147060394287 
5.015671730041504 
5.76324462890625 
6.375456809997559 
5.137928009033203 
6.459848880767822 
5.085150718688965 
5.173257350921631 
6.535675525665283 
5.120484352111816 
5.013645172119141 
5.105301380157471 
4.974997520446777 
5.3514790534973145 
5.156501770019531 
5.098034381866455 
5.448321342468262 
5.118165493011475 
5.287658214569092 
6.081625938415527 
5.582711696624756 
5.885478973388672 
6.224142074584961 
5.0181355476379395 
5.199779987335205 
5.002010345458984 
5.260643482208252 
5.1636962890625 
5.451084613800049 
4.733333587646484 
7.1856279373168945 
5.380167484283447 
6.1967902183532715 
5.790434837341309 
5.693487644195557 
5.184659957885742 
5.715106010437012 
4.960046768188477 
5.007099628448486 
6.469397068023682 
5.3523736000061035 
5.646366596221924 
6.515506267547607 
5.374075412750244 
5.136050701141357 
5.414578437805176 
4.976287841796875 
4.995373249053955 
5.2662763595581055 
4.904060363769531 
7.234986782073975 
5.006469249725342 
5.660257816314697 
5.7088422775268555 
5.201948165893555 
4.890616416931152 
5.4124226570129395 
5.080531597137451 
6.526516437530518 
6.447404861450195 
5.696118354797363 
5.266091346740723 
8.424452781677246 
7.439761161804199 
5.1368184089660645 
5.239698886871338 
5.286619663238525 
5.9169158935546875 
5.059869289398193 
6.372033596038818 
5.600691795349121 
5.027632236480713 
4.8418402671813965 
5.653823375701904 
5.091392517089844 
5.016265869140625 
5.086907386779785 
5.379240989685059 
5.8219990730285645 
5.12222146987915 
5.05013370513916 
5.313719749450684 
5.2968244552612305 
6.295363903045654 
5.959171295166016 
5.316026210784912 
5.815504550933838 
4.787659168243408 
5.23228120803833 
5.205733776092529 
5.253913402557373 
5.032843589782715 
4.924060821533203 
4.975605487823486 
5.126941204071045 
5.17103910446167 
5.573509216308594 
5.0955681800842285 
5.291026592254639 
5.009695053100586 
5.11832857131958 
5.043510913848877 
5.124092102050781 
5.404049396514893 
5.536574363708496 
5.143219470977783 
6.499454975128174 
5.62839937210083 
5.658306121826172 
5.079628944396973 
5.650253772735596 
4.800679683685303 
5.221255779266357 
5.710771083831787 
5.049111843109131 
4.870316982269287 
5.225253105163574 
4.991678714752197 
5.081990718841553 
5.3296732902526855 
5.817389965057373 
6.225374698638916 
5.2428765296936035 
5.51843786239624 
5.889599800109863 
4.861059188842773 
5.126989841461182 
5.8306779861450195 
5.137053489685059 
4.978826999664307 
6.19498348236084 
5.1972270011901855 
5.968988418579102 
6.227329730987549 
5.268576145172119 
6.274405002593994 
5.130422592163086 
5.89444637298584 
5.591032028198242 
5.511259078979492 
5.400031089782715 
5.405716896057129 
5.094357967376709 
5.329357624053955 
5.182707786560059 
5.815269947052002 
6.423689842224121 
5.426979064941406 
5.050110816955566 
8.070460319519043 
5.2565388679504395 
5.023441791534424 
6.148818016052246 
6.4001851081848145 
5.665064334869385 
5.075860977172852 
5.3391642570495605 
5.404262065887451 
7.984499454498291 
4.782914161682129 
5.186520099639893 
5.023983001708984 
5.44247579574585 
5.03964376449585 
4.801456928253174 
5.239017963409424 
5.007740020751953 
5.550039291381836 
4.977077960968018 
5.062026023864746 
5.02433967590332 
5.333375453948975 
5.5730438232421875 
5.154747009277344 
8.283591270446777 
4.73905611038208 
6.661924362182617 
5.165701389312744 
4.866426944732666 
6.276463031768799 
5.083128452301025 
5.535246849060059 
6.830167293548584 
9.278077125549316 
5.003202438354492 
5.654907703399658 
5.550492286682129 
5.548648357391357 
5.364701747894287 
5.305091381072998 
5.031956672668457 
4.813247203826904 
5.486847400665283 
5.082609176635742 
5.259762763977051 
5.283620834350586 
5.341906547546387 
5.352934837341309 
5.273902893066406 
5.868042945861816 
5.178559303283691 
5.469754219055176 
5.147967338562012 
5.956710338592529 
5.10976505279541 
5.190625190734863 
4.992332935333252 
5.7279462814331055 
5.095146179199219 
5.6004862785339355 
6.678735256195068 
5.188762664794922 
4.948007583618164 
5.169873237609863 
5.008849143981934 
5.10743522644043 
5.778130054473877 
4.960824012756348 
5.471554756164551 
4.99326229095459 
5.103064060211182 
5.267972469329834 
5.827287673950195 
5.500248432159424 
4.929971218109131 
5.865533828735352 
5.210139274597168 
4.844563961029053 
5.3354597091674805 
5.385553359985352 
4.852327823638916 
5.03722620010376 
5.018919467926025 
5.015130996704102 
5.62560510635376 
6.127739906311035 
5.008896350860596 
5.271815776824951 
5.589334011077881 
6.908944129943848 
6.353024482727051 
5.758073806762695 
5.08369255065918 
5.470717430114746 
4.9131975173950195 
5.507672309875488 
5.548076152801514 
6.475203990936279 
5.091981887817383 
5.102651119232178 
5.513896465301514 
5.436491966247559 
5.103099346160889 
5.214855194091797 
5.108738899230957 
5.210258483886719 
5.186451435089111 
5.487828731536865 
5.2598748207092285 
5.0448455810546875 
5.138453960418701 
4.88473653793335 
4.989823341369629 
4.97229528427124 
5.174806594848633 
6.569533824920654 
4.974755764007568 
5.609653949737549 
5.479172229766846 
5.680444240570068 
5.700484275817871 
5.141177654266357 
6.304133892059326 
6.2244110107421875 
5.868988037109375 
4.8421244621276855 
8.260642051696777 
5.187986373901367 
5.0369439125061035 
6.2430500984191895 
5.670163631439209 
4.673954486846924 
5.135465621948242 
4.954438209533691 
5.602118968963623 
10.047188758850098 
4.98609733581543 
5.108907699584961 
5.235100746154785 
4.870709419250488 
5.258903980255127 
5.332314491271973 
5.1190714836120605 
4.981228828430176 
5.422238826751709 
5.225864410400391 
5.195176124572754 
5.368041515350342 
5.273027420043945 
5.301982879638672 
5.40648889541626 
5.2684736251831055 
5.219284534454346 
5.238769054412842 
5.176639556884766 
5.313411235809326 
5.545779705047607 
5.147975444793701 
5.047935485839844 
5.495135307312012 
5.440210819244385 
5.106346130371094 
5.111370086669922 
5.962359428405762 
5.296001434326172 
5.035391807556152 
6.63496208190918 
5.076311111450195 
5.2605719566345215 
5.212006092071533 
6.686715602874756 
4.99013090133667 
6.0548295974731445 
5.737656116485596 
7.433409214019775 
5.089184284210205 
7.248626708984375 
5.256409168243408 
7.696377277374268 
5.169865131378174 
4.813900470733643 
5.133154392242432 
5.317862033843994 
5.084187984466553 
5.668475151062012 
5.853805065155029 
6.415308475494385 
5.153634071350098 
5.132380485534668 
5.169031620025635 
6.051521301269531 
4.8793511390686035 
5.1079020500183105 
5.290674686431885 
5.006844997406006 
5.640033721923828 
5.289371490478516 
5.547126293182373 
5.15789794921875 
5.091892242431641 
5.247669696807861 
5.087735176086426 
5.6145453453063965 
9.93996810913086 
5.197153091430664 
5.717513561248779 
5.01470947265625 
5.626941680908203 
5.014761924743652 
5.272667407989502 
5.112139701843262 
5.188138484954834 
4.988589286804199 
5.2305426597595215 
5.110408306121826 
5.1672515869140625 
4.988213539123535 
6.245895862579346 
5.5888352394104 
5.193251132965088 
6.57826566696167 
4.962831497192383 
7.406850337982178 
5.1498260498046875 
5.148200511932373 
5.254395961761475 
5.020802021026611 
5.174923896789551 
4.996540069580078 
5.241343021392822 
6.220466136932373 
6.353259563446045 
5.7399373054504395 
5.932561874389648 
5.2091064453125 
5.1796650886535645 
5.221190452575684 
5.22355318069458 
5.3594512939453125 
5.7215752601623535 
5.310019493103027 
5.2580885887146 
5.202254772186279 
4.867208480834961 
5.769723415374756 
5.271408557891846 
5.109587669372559 
4.9233503341674805 
5.108236312866211 
5.235013961791992 
4.993884563446045 
5.221351146697998 
5.273602485656738 
5.017462730407715 
5.057471752166748 
5.753262042999268 
5.020988941192627 
5.336258411407471 
5.589055061340332 
6.409712791442871 
5.2292160987854 
5.173415660858154 
5.555421352386475 
5.543182849884033 
5.146405220031738 
5.521566390991211 
5.2038421630859375 
5.340618133544922 
5.171329498291016 
5.221563816070557 
5.403571128845215 
5.285463333129883 
6.054226398468018 
5.157766819000244 
6.099571704864502 
5.482822418212891 
5.043943405151367 
5.256762504577637 
4.965939998626709 
5.433085918426514 
5.020429611206055 
5.391223430633545 
5.006606578826904 
5.247763156890869 
6.241209030151367 
5.201717376708984 
5.290363788604736 
5.11424446105957 
5.517947673797607 
5.880720615386963 
5.560642242431641 
5.717557430267334 
5.2248029708862305 
6.297904968261719 
6.47077751159668 
5.559440612792969 
8.538579940795898 
5.2592010498046875 
5.266653537750244 
5.493696689605713 
5.12315559387207 
6.294382095336914 
5.175742149353027 
5.052513122558594 
5.488170623779297 
5.084875106811523 
6.7718729972839355 
5.083725929260254 
5.331699371337891 
5.241501808166504 
5.148099899291992 
5.427055835723877 
6.845785140991211 
7.184309005737305 
5.085780620574951 
7.69544792175293 
5.089203834533691 
8.038456916809082 
5.223012447357178 
5.99673318862915 
7.6421709060668945 
7.639180660247803 
7.312935829162598 
5.279846668243408 
5.659824371337891 
5.097106456756592 
4.871579647064209 
6.288461208343506 
4.931479454040527 
5.603515625 
5.280877590179443 
8.093368530273438 
5.3182220458984375 
5.488760471343994 
5.030799388885498 
4.990808010101318 
5.324554920196533 
6.951918125152588 
5.257882118225098 
5.066542625427246 
5.246196269989014 
6.7324604988098145 
5.760775566101074 
5.275722980499268 
6.649932384490967 
5.4664201736450195 
5.380423069000244 
6.085241794586182 
5.417541027069092 
6.191625595092773 
5.245930194854736 
5.025113582611084 
4.949483394622803 
5.092126369476318 
5.2348504066467285 
4.9637370109558105 
6.931601524353027 
5.223292350769043 
6.589332103729248 
5.23300838470459 
5.517235279083252 
4.9626240730285645 
5.0891218185424805 
5.098330020904541 
5.280912399291992 
5.544905662536621 
5.047892093658447 
5.0440521240234375 
6.124777793884277 
5.112179279327393 
4.865509033203125 
5.6403985023498535 
5.2798590660095215 
5.927964210510254 
5.1678876876831055 
5.552199363708496 
5.113236904144287 
5.088222980499268 
5.0422163009643555 
5.005445957183838 
5.427627086639404 
4.967719078063965 
5.018709659576416 
5.158453941345215 
5.244657039642334 
5.516313076019287 
6.645817756652832 
5.593647003173828 
7.164872169494629 
5.60674524307251 
5.004848957061768 
5.639006614685059 
5.047439098358154 
5.284458637237549 
5.2338690757751465 
5.185070037841797 
5.175684928894043 
5.236845970153809 
5.039844036102295 
5.210459232330322 
5.590218544006348 
6.249783515930176 
5.004028797149658 
4.9594950675964355 
5.6226887702941895 
5.316251754760742 
4.949217796325684 
5.1448540687561035 
5.051158905029297 
5.262413024902344 
5.604442119598389 
5.215005397796631 
5.218177795410156 
5.106529235839844 
5.27934455871582 
5.472954273223877 
4.965805530548096 
5.3816375732421875 
5.089303016662598 
4.942251682281494 
4.85004997253418 
5.0119829177856445 
5.149338722229004 
5.382871627807617 
6.140476226806641 
5.276637554168701 
5.247861862182617 
5.163084506988525 
6.42954683303833 
5.455506801605225 
5.708130359649658 
4.986257553100586 
5.118741989135742 
5.821031093597412 
5.357944488525391 
5.059752941131592 
5.085893154144287 
5.048914909362793 
5.769509315490723 
5.63653564453125 
5.867760181427002 
5.832192897796631 
5.378699779510498 
5.2906494140625 
5.28331184387207 
5.1386590003967285 
4.847050189971924 
5.113911151885986 
4.9607625007629395 
5.2517313957214355 
6.698358058929443 
5.378958225250244 
5.1384453773498535 
5.884950160980225 
5.37448787689209 
6.680961608886719 
5.722766876220703 
5.120724201202393 
5.237958908081055 
4.9148664474487305 
4.824185848236084 
5.153238773345947 
5.133002758026123 
5.044430732727051 
5.175264358520508 
5.035696983337402 
5.410455703735352 
4.8719964027404785 
5.5943098068237305 
5.036033630371094 
4.885839462280273 
5.1139302253723145 
6.327915668487549 
4.672088623046875 
7.256705284118652 
5.895713806152344 
5.581444263458252 
5.076151371002197 
5.495680809020996 
5.148165225982666 
5.221431255340576 
5.3973069190979 
5.233198165893555 
5.133843421936035 
6.5434746742248535 
5.428557395935059 
5.357021808624268 
5.113424301147461 
5.34183931350708 
5.464015007019043 
5.189107418060303 
5.1297526359558105 
4.87603759765625 
5.260794162750244 
5.175414562225342 
5.318108558654785 
5.498705863952637 
5.504644393920898 
5.584112644195557 
4.8588690757751465 
5.022791385650635 
5.667918682098389 
4.979297161102295 
5.176626205444336 
5.296090602874756 
5.05170202255249 
4.881399631500244 
5.067102432250977 
4.9392409324646 
6.289220809936523 
5.782607555389404 
4.980441093444824 
6.8773016929626465 
5.207487106323242 
5.064818382263184 
5.091819763183594 
5.192313194274902 
5.375802516937256 
5.186914443969727 
5.4307942390441895 
5.588438034057617 
5.4118475914001465 
5.074692726135254 
5.021205425262451 
5.033148765563965 
5.585391521453857 
4.946420192718506 
5.181703567504883 
4.914027214050293 
5.044311046600342 
7.647256374359131 
5.6876044273376465 
5.110189914703369 
5.252376079559326 
8.962628364562988 
5.050122261047363 
5.057997703552246 
5.292287349700928 
5.2191619873046875 
4.9912333488464355 
5.272315979003906 
6.598992824554443 
5.556630611419678 
5.043736457824707 
5.452947616577148 
5.038778781890869 
8.054081916809082 
6.045303821563721 
4.986183166503906 
5.3247456550598145 
5.1411638259887695 
5.086275100708008 
5.273364543914795 
5.299404144287109 
5.21533727645874 
5.0815815925598145 
5.104228496551514 
7.387820243835449 
5.0223212242126465 
5.238311767578125 
6.831210613250732 
5.7423272132873535 
7.61076021194458 
5.030063629150391 
5.4058518409729 
5.527688026428223 
5.37890100479126 
5.354094505310059 
5.290255546569824 
5.447818756103516 
5.328589916229248 
4.882456302642822 
5.029117107391357 
5.030332565307617 
5.110588550567627 
5.236084938049316 
5.311102867126465 
6.118819236755371 
4.963883399963379 
5.173206806182861 
5.386010646820068 
5.133356094360352 
6.089761734008789 
5.062390327453613 
5.143664360046387 
5.258445739746094 
5.313168048858643 
8.220707893371582 
5.314046382904053 
5.392927646636963 
5.353844165802002 
6.189474582672119 
5.096946716308594 
5.027551174163818 
5.83376932144165 
5.881590366363525 
5.152372360229492 
5.496680736541748 
5.0970940589904785 
7.040261268615723 
5.308627128601074 
5.046253681182861 
5.453926086425781 
5.42495584487915 
5.966323375701904 
5.563644886016846 
4.9999613761901855 
5.578217506408691 
6.047863960266113 
5.689569473266602 
5.11943244934082 
5.135709285736084 
5.400068759918213 
5.417821884155273 
5.224950790405273 
8.414073944091797 
5.672418117523193 
8.299026489257812 
5.269200325012207 
5.4127116203308105 
5.177260398864746 
5.563962459564209 
5.173214435577393 
4.955024242401123 
7.213040828704834 
5.234084129333496 
5.19566535949707 
5.86549186706543 
4.925464630126953 
5.533535957336426 
5.030969619750977 
5.26108980178833 
5.376919746398926 
5.343657493591309 
5.04756498336792 
5.104592800140381 
4.9571990966796875 
7.792270183563232 
6.49749755859375 
5.140860557556152 
5.911847114562988 
5.0058674812316895 
6.384017467498779 
4.983305931091309 
5.816739082336426 
5.228067874908447 
4.827483177185059 
5.471808433532715 
4.746809005737305 
4.969451427459717 
5.053091049194336 
5.172245025634766 
5.192476272583008 
5.530214309692383 
5.329432487487793 
5.970543384552002 
5.173232078552246 
5.220294952392578 
6.167407989501953 
5.191831111907959 
5.62511682510376 
5.046997547149658 
5.325735092163086 
5.063478946685791 
5.953973293304443 
5.26909875869751 
4.868683815002441 
5.812883377075195 
5.138388156890869 
7.0400590896606445 
6.5881028175354 
5.186408519744873 
5.051032066345215 
6.275928020477295 
5.221807956695557 
5.274514198303223 
5.067516326904297 
5.092564105987549 
5.078200340270996 
5.18940544128418 
4.962077617645264 
6.919032573699951 
5.581333160400391 
5.145668029785156 
5.195859432220459 
6.966725826263428 
5.170091152191162 
5.2162885665893555 
5.930743217468262 
5.634430408477783 
5.330770492553711 
5.0725789070129395 
5.652609348297119 
5.136117935180664 
5.468324184417725 
5.150270462036133 
5.56839656829834 
5.491875171661377 
6.611417770385742 
5.15112829208374 
5.388257026672363 
5.7311248779296875 
7.160566329956055 
6.927218437194824 
5.188474655151367 
5.121402740478516 
5.125110626220703 
4.984790325164795 
5.346765518188477 
5.4703521728515625 
5.8286943435668945 
5.229736804962158 
5.059830188751221 
5.033180236816406 
5.049379825592041 
5.246660232543945 
5.076146125793457 
7.991823196411133 
5.105602741241455 
5.15386962890625 
6.691068172454834 
5.846774101257324 
4.953272342681885 
5.457838535308838 
5.265747547149658 
5.159992694854736 
5.2185750007629395 
5.777717113494873 
5.040991306304932 
5.429097652435303 
5.266324520111084 
5.065601348876953 
5.1950578689575195 
5.830040454864502 
5.951254367828369 
5.531630516052246 
6.63226842880249 
5.589662075042725 
7.846410274505615 
5.092007637023926 
5.242481231689453 
5.184435844421387 
5.122724533081055 
4.871530532836914 
5.670726776123047 
4.982569694519043 
5.28605318069458 
5.2019476890563965 
5.184452056884766 
5.3927154541015625 
4.992369651794434 
7.478395462036133 
5.2594804763793945 
5.1582512855529785 
5.101613521575928 
5.78518533706665 
7.684525966644287 
5.5749616622924805 
4.985209941864014 
7.618022441864014 
4.985037803649902 
7.207843780517578 
5.575164794921875 
5.45073938369751 
5.185990810394287 
5.3038763999938965 
5.315047264099121 
5.196262836456299 
5.5663533210754395 
5.657127857208252 
5.542978286743164 
5.328528881072998 
4.941190242767334 
5.1449761390686035 
5.223136901855469 
6.263347148895264 
4.863646507263184 
5.010832786560059 
5.372534275054932 
6.048052787780762 
5.871031284332275 
5.3161139488220215 
5.811708927154541 
5.266133785247803 
5.682802677154541 
5.074146270751953 
5.355599403381348 
5.361538887023926 
4.959408283233643 
5.154445648193359 
6.216987133026123 
4.788999080657959 
4.927411079406738 
5.203845500946045 
4.983605861663818 
5.068600654602051 
6.428001880645752 
5.236602306365967 
5.805393218994141 
7.048112869262695 
5.714300155639648 
6.703859806060791 
5.195431709289551 
6.122014999389648 
5.322842121124268 
5.144821643829346 
5.621328353881836 
5.189775466918945 
7.429624557495117 
5.468836784362793 
5.541472911834717 
6.0496826171875 
5.433897018432617 
5.111948490142822 
5.6901350021362305 
6.293946266174316 
6.211820125579834 
6.495877265930176 
5.11827278137207 
6.191230773925781 
5.219135284423828 
6.0543293952941895 
5.256511211395264 
5.224014759063721 
5.869652271270752 
5.353198051452637 
5.732390880584717 
4.940258502960205 
4.954760551452637 
5.201702117919922 
6.617182731628418 
5.42780876159668 
5.587506294250488 
5.0885162353515625 
7.988692760467529 
5.112886428833008 
5.906895637512207 
5.415529251098633 
5.307101249694824 
5.325387477874756 
5.154875755310059 
6.611814975738525 
6.783088207244873 
5.984918117523193 
5.274781703948975 
5.1043572425842285 
5.3848419189453125 
5.279412269592285 
5.297420501708984 
5.301750183105469 
5.010199069976807 
5.141572952270508 
5.208658218383789 
6.311202526092529 
5.321688175201416 
5.215104103088379 
5.030081748962402 
6.061802864074707 
4.9648823738098145 
5.00921106338501 
5.690134048461914 
6.154572010040283 
6.004006385803223 
4.954885959625244 
5.393071174621582 
5.021388530731201 
5.0721116065979 
5.436408519744873 
5.224887371063232 
4.962661266326904 
5.3076300621032715 
5.703829288482666 
5.949007511138916 
4.98115873336792 
5.078288555145264 
6.5001912117004395 
6.346783638000488 
5.08768892288208 
4.698587417602539 
5.263754367828369 
5.102962493896484 
6.729896545410156 
5.864561557769775 
5.252285003662109 
5.072606563568115 
5.2676849365234375 
5.054965019226074 
10.464086532592773 
5.062665939331055 
5.363965034484863 
5.243319034576416 
5.220020294189453 
5.04698371887207 
6.677818298339844 
5.469706058502197 
5.207095146179199 
5.019965648651123 
6.712165832519531 
4.9980149269104 
5.006821632385254 
5.331813812255859 
5.246281623840332 
4.834238529205322 
5.277519702911377 
5.802373886108398 
5.123886585235596 
6.087235450744629 
4.955718040466309 
6.552635192871094 
5.359066486358643 
5.214078903198242 
5.6401190757751465 
5.378683090209961 
7.742160797119141 
5.362486362457275 
5.219860076904297 
5.498921871185303 
5.146931171417236 
5.274542808532715 
5.190490245819092 
5.181474685668945 
5.25665807723999 
4.868039608001709 
5.308175563812256 
5.32826566696167 
5.279918193817139 
5.3162689208984375 
5.091315746307373 
5.155212879180908 
5.186254978179932 
5.309133052825928 
5.0723161697387695 
5.039799213409424 
5.305441856384277 
5.095908164978027 
4.970286846160889 
4.841339588165283 
4.9066596031188965 
5.562716960906982 
5.171819686889648 
5.22554349899292 
5.14773416519165 
9.099183082580566 
5.112369537353516 
6.324270248413086 
5.366997241973877 
8.887588500976562 
5.66115665435791 
5.631341934204102 
6.498033046722412 
6.282837390899658 
5.070055961608887 
5.0861406326293945 
5.145948886871338 
4.985330581665039 
5.041534900665283 
5.244810581207275 
5.111395359039307 
5.34717321395874 
5.237534999847412 
5.281949520111084 
5.071605205535889 
5.344451904296875 
5.096765995025635 
7.195296287536621 
5.495650291442871 
5.322337627410889 
5.70096492767334 
5.6453447341918945 
5.8042216300964355 
5.246804714202881 
5.063697814941406 
5.0789289474487305 
5.49716854095459 
5.181814670562744 
4.959537029266357 
5.849888324737549 
5.937455177307129 
5.400805950164795 
5.1178717613220215 
5.369688987731934 
6.056681156158447 
5.317276954650879 
4.993564128875732 
5.243968486785889 
4.95969820022583 
5.274610996246338 
5.059143543243408 
5.0551371574401855 
6.8694939613342285 
6.093111515045166 
5.626197814941406 
5.398513317108154 
5.075016975402832 
5.194293022155762 
5.313879489898682 
4.829206466674805 
6.4734673500061035 
4.853240966796875 
5.2792649269104 
5.3582353591918945 
5.016887664794922 
5.983673095703125 
4.903247833251953 
5.123837471008301 
5.01666784286499 
5.3144025802612305 
5.077844142913818 
5.227494239807129 
5.2601518630981445 
5.10663366317749 
5.037525653839111 
4.937850475311279 
5.199404716491699 
5.738147735595703 
4.987494945526123 
5.177694797515869 
5.425052642822266 
5.291265964508057 
5.394969463348389 
5.080976486206055 
8.057670593261719 
5.2696075439453125 
5.6759233474731445 
5.1985931396484375 
5.278271198272705 
5.589146614074707 
5.112877368927002 
6.31558084487915 
5.184857368469238 
5.606664180755615 
5.253896236419678 
6.104151248931885 
5.432018756866455 
5.276982307434082 
4.9399333000183105 
5.237152099609375 
5.989850044250488 
5.881011009216309 
6.167292594909668 
5.013049125671387 
5.649842262268066 
6.269723415374756 
8.633063316345215 
5.300290107727051 
8.210737228393555 
4.936615467071533 
5.987635135650635 
8.60713005065918 
5.097983360290527 
5.072957515716553 
5.18901252746582 
7.206943988800049 
5.445943832397461 
4.966797351837158 
6.463133811950684 
5.059848308563232 
5.708029270172119 
5.875119209289551 
5.5037736892700195 
5.326642036437988 
5.140915393829346 
7.868200302124023 
4.993591785430908 
6.1477508544921875 
5.196263790130615 
5.429996967315674 
5.318244457244873 
6.463069438934326 
5.056764602661133 
5.448500156402588 
5.8349809646606445 
6.116605758666992 
5.242457866668701 
5.122270107269287 
6.173209190368652 
5.120931148529053 
4.9702019691467285 
5.085490703582764 
6.059609889984131 
5.099724769592285 
4.999255180358887 
5.435939311981201 
5.441293716430664 
5.11822509765625 
5.292004108428955 
4.923492908477783 
6.71903657913208 
5.163185119628906 
5.1370744705200195 
5.22515869140625 
5.7327141761779785 
5.279752731323242 
6.597035884857178 
5.617512226104736 
5.522136688232422 
5.6287102699279785 
6.18662166595459 
5.979335308074951 
4.887908935546875 
5.000432014465332 
5.640131950378418 
5.343648433685303 
5.040708541870117 
5.632648468017578 
6.161345481872559 
5.168566703796387 
5.024576663970947 
4.966518402099609 
6.930848121643066 
5.070943355560303 
5.248492240905762 
5.721824645996094 
5.481349945068359 
5.205043315887451 
5.13033390045166 
5.0617594718933105 
6.066747665405273 
4.985450744628906 
5.21743106842041 
5.705790042877197 
5.374426364898682 
6.122744083404541 
5.842088222503662 
4.948710918426514 
5.148467063903809 
5.57989501953125 
5.051820755004883 
5.127224445343018 
5.205564498901367 
5.221629619598389 
5.136471748352051 
4.992394924163818 
5.123716831207275 
6.252817630767822 
6.083183288574219 
5.239010810852051 
5.087011337280273 
6.006301403045654 
6.24662971496582 
6.068030834197998 
5.234573841094971 
5.85242223739624 
5.035974502563477 
5.276876449584961 
6.165411949157715 
5.328073024749756 
5.324052810668945 
5.020657062530518 
5.435772895812988 
5.023340225219727 
5.182445049285889 
5.140104293823242 
5.250036239624023 
4.719109535217285 
6.5030646324157715 
4.9728779792785645 
6.1082868576049805 
6.085587501525879 
4.979352951049805 
4.958667755126953 
5.265666484832764 
5.234023571014404 
4.855325222015381 
5.934953212738037 
7.008379936218262 
5.756624698638916 
5.217893600463867 
5.11855936050415 
6.670076847076416 
5.145657062530518 
5.423174858093262 
6.912012577056885 
5.345437049865723 
5.119239807128906 
5.2569780349731445 
6.903121471405029 
5.088736057281494 
5.158673286437988 
5.213619232177734 
8.127120018005371 
4.759047985076904 
5.356886386871338 
5.463176727294922 
5.188629627227783 
5.600800514221191 
5.198416709899902 
6.518539905548096 
5.629909515380859 
7.088630199432373 
5.189807415008545 
5.090085029602051 
5.1426496505737305 
5.629673004150391 
5.429265975952148 
5.032671928405762 
5.310394763946533 
4.823206424713135 
5.0080671310424805 
5.1283979415893555 
7.757313251495361 
5.229636192321777 
5.126581192016602 
5.363743305206299 
5.4639129638671875 
5.053494453430176 
5.142408847808838 
6.485991954803467 
4.911346912384033 
5.5668044090271 
5.450517177581787 
6.874276638031006 
5.838759899139404 
5.5137763023376465 
5.247149467468262 
5.743030071258545 
5.301513195037842 
5.83791446685791 
5.569553852081299 
5.124151229858398 
5.343230724334717 
5.105792999267578 
7.701819896697998 
5.364194393157959 
6.259734153747559 
5.0774431228637695 
5.5619401931762695 
4.967406272888184 
5.724948406219482 
6.391220569610596 
5.015632152557373 
5.038919448852539 
5.1855854988098145 
5.0497331619262695 
4.896440029144287 
5.211066246032715 
5.164412021636963 
5.29425048828125 
4.9303789138793945 
5.945940971374512 
5.583834171295166 
4.841118335723877 
5.490638256072998 
5.299492359161377 
5.041191101074219 
5.0934834480285645 
6.818145275115967 
5.331610679626465 
4.915603160858154 
5.8189849853515625 
5.455049991607666 
5.314547061920166 
5.1348795890808105 
5.368910789489746 
5.440861225128174 
4.968484401702881 
5.245361328125 
5.117766857147217 
7.893095970153809 
5.005599021911621 
5.619327068328857 
5.322086811065674 
6.151618480682373 
5.593396186828613 
8.029919624328613 
6.861722946166992 
8.7800931930542 
5.303506851196289 
7.636370658874512 
6.075804233551025 
4.958470821380615 
4.908766269683838 
5.769587993621826 
5.612246990203857 
7.748409271240234 
5.680507183074951 
5.2311930656433105 
4.930906772613525 
5.437716960906982 
5.822225093841553 
5.2647576332092285 
5.467582702636719 
5.985015392303467 
5.127218246459961 
5.342080116271973 
5.159909248352051 
5.15334939956665 
5.219091892242432 
5.259099006652832 
5.680662631988525 
6.630380153656006 
5.637838840484619 
5.117663383483887 
4.959417819976807 
6.142797946929932 
5.024176597595215 
5.054987907409668 
5.023641109466553 
5.370411396026611 
5.072600364685059 
5.334478378295898 
5.221803188323975 
5.261335849761963 
5.1949334144592285 
6.261073112487793 
5.3488287925720215 
4.850619792938232 
5.054367542266846 
5.18729829788208 
5.321627140045166 
5.51348876953125 
8.802165031433105 
4.965842247009277 
5.196598052978516 
6.0945000648498535 
5.289436340332031 
4.917858600616455 
5.358909606933594 
6.0261054039001465 
5.7728352546691895 
5.188602447509766 
4.9256391525268555 
7.3311028480529785 
6.07335090637207 
5.2679948806762695 
5.326669216156006 
5.479009628295898 
5.746601581573486 
5.361026763916016 
5.524853229522705 
5.1085205078125 
10.374601364135742 
7.5098090171813965 
5.233585357666016 
6.173010349273682 
5.388823986053467 
5.8051300048828125 
5.0560503005981445 
5.184554576873779 
4.897989749908447 
5.477558612823486 
5.366323471069336 
5.777605056762695 
4.992260932922363 
4.928297996520996 
5.401534557342529 
9.361676216125488 
5.588486671447754 
5.483269691467285 
5.039158821105957 
5.061191558837891 
5.265049934387207 
5.447393417358398 
5.162898540496826 
7.04184103012085 
6.312698841094971 
5.272059440612793 
5.259995460510254 
6.840219974517822 
5.943434238433838 
4.884364604949951 
6.902432918548584 
6.02301025390625 
5.22278356552124 
4.928018093109131 
4.900964260101318 
6.4082255363464355 
5.161181449890137 
5.034057140350342 
8.084165573120117 
5.439533233642578 
5.134330749511719 
5.902847766876221 
5.5759758949279785 
5.791846752166748 
5.713091850280762 
10.27773666381836 
5.159713268280029 
5.097060203552246 
5.252483367919922 
5.155924320220947 
5.506986618041992 
5.1142144203186035 
5.341079235076904 
5.720592021942139 
5.048892498016357 
5.17003870010376 
5.277327060699463 
5.048153877258301 
6.548136234283447 
5.211658954620361 
4.899205207824707 
4.715152740478516 
5.249996185302734 
5.383464813232422 
5.506011009216309 
5.293241024017334 
6.658230781555176 
5.031695365905762 
6.960594654083252 
5.251415729522705 
5.13411808013916 
5.698910713195801 
5.208414077758789 
5.707054138183594 
5.777883052825928 
5.290201663970947 
5.360720634460449 
5.492044925689697 
5.0928754806518555 
5.485093116760254 
5.1382269859313965 
5.314652442932129 
5.941502094268799 
5.031779766082764 
5.258887767791748 
5.987270832061768 
5.177060127258301 
6.998284816741943 
8.745467185974121 
5.070480823516846 
5.196634292602539 
5.113755226135254 
7.341157913208008 
5.256951808929443 
5.506081581115723 
6.096349716186523 
7.193986415863037 
4.990219593048096 
5.224610805511475 
5.1842756271362305 
4.887210845947266 
5.5239715576171875 
5.034621238708496 
6.798865795135498 
5.516830921173096 
5.071821212768555 
8.398874282836914 
5.153686046600342 
5.328602313995361 
5.493725299835205 
5.305213928222656 
5.926130294799805 
4.829498767852783 
4.904585838317871 
5.342798233032227 
5.440029144287109 
6.189000129699707 
5.1670637130737305 
9.62481689453125 
5.107618808746338 
6.019530773162842 
5.222017765045166 
4.784488201141357 
6.991535663604736 
5.280527114868164 
5.729211807250977 
5.212576389312744 
5.182268142700195 
5.237642288208008 
5.0978875160217285 
5.957189559936523 
5.3677825927734375 
5.438409805297852 
5.469107627868652 
5.3979949951171875 
5.308233737945557 
5.61551570892334 
5.118764400482178 
5.643918037414551 
5.725347995758057 
5.52323055267334 
8.786803245544434 
4.809834957122803 
5.401367664337158 
5.2866106033325195 
5.136499404907227 
5.195107936859131 
5.041957855224609 
5.429098129272461 
6.901646137237549 
5.204604625701904 
5.196783065795898 
5.081382751464844 
5.849250316619873 
4.912876605987549 
5.3739094734191895 
5.688987731933594 
5.078885555267334 
5.288051128387451 
5.726500034332275 
5.056280136108398 
5.909753799438477 
5.03891658782959 
5.432744979858398 
5.074787616729736 
5.072610855102539 
7.946906566619873 
5.687596797943115 
5.004757881164551 
5.1664533615112305 
6.61721658706665 
7.583665370941162 
4.930685043334961 
5.205774307250977 
4.9338202476501465 
5.101515293121338 
5.264895439147949 
5.349609851837158 
5.843137264251709 
5.076973915100098 
5.109706401824951 
5.191950798034668 
5.30777645111084 
5.440107822418213 
5.004908084869385 
5.3248114585876465 
5.930269718170166 
4.882057189941406 
5.40679407119751 
5.11121940612793 
5.609904766082764 
5.218426704406738 
5.060183525085449 
5.070397853851318 
6.008460998535156 
5.109234809875488 
5.3639235496521 
4.905762195587158 
7.36060094833374 
5.04907751083374 
8.063543319702148 
5.146342754364014 
5.489197254180908 
5.017604351043701 
5.008621692657471 
8.25259780883789 
5.17052698135376 
4.856149196624756 
5.388555526733398 
5.1431803703308105 
5.974436283111572 
6.905385494232178 
5.176542282104492 
4.977257251739502 
7.229635715484619 
5.713696002960205 
5.089084148406982 
5.443638801574707 
5.548521518707275 
4.979701519012451 
5.141258716583252 
5.43306827545166 
4.992628574371338 
5.248816967010498 
5.11536979675293 
5.206399440765381 
5.5318403244018555 
5.433689117431641 
5.126379013061523 
5.349221229553223 
4.9037909507751465 
5.009947299957275 
5.386085033416748 
6.596274375915527 
4.916593074798584 
5.34082555770874 
8.513481140136719 
5.278849124908447 
5.862550735473633 
4.965286731719971 
5.351489067077637 
5.323232173919678 
5.138273239135742 
5.080195426940918 
5.132251739501953 
5.387204170227051 
5.363404273986816 
5.847075939178467 
5.123342037200928 
4.800540447235107 
6.189754009246826 
5.102929592132568 
5.14231538772583 
5.107940196990967 
5.596169471740723 
5.100997447967529 
5.124257564544678 
5.069952487945557 
5.042263031005859 
6.005867958068848 
6.019889831542969 
6.261261463165283 
5.639074325561523 
5.033952713012695 
5.062413215637207 
5.026199817657471 
5.251523017883301 
4.870187282562256 
5.078465461730957 
4.865739345550537 
4.991593837738037 
5.0640153884887695 
4.9536614418029785 
5.169163227081299 
5.488466262817383 
8.943045616149902 
5.017460823059082 
5.09906530380249 
5.011813640594482 
5.198776721954346 
5.770267009735107 
5.215867042541504 
5.616795063018799 
4.962525367736816 
5.61329984664917 
5.1783647537231445 
5.70928430557251 
5.40695333480835 
5.260697841644287 
5.206543922424316 
5.441352367401123 
5.024739742279053 
5.882699966430664 
5.034936904907227 
5.023120403289795 
5.423071384429932 
7.404844760894775 
5.46545934677124 
6.150493621826172 
5.743836402893066 
5.12355899810791 
4.963393211364746 
5.732184886932373 
7.405553817749023 
6.154718399047852 
5.156525611877441 
6.524013519287109 
5.995676040649414 
5.127295017242432 
5.693479537963867 
6.230822563171387 
4.846961498260498 
5.918458938598633 
5.755718231201172 
4.90786600112915 
5.770564079284668 
4.9750542640686035 
4.9397382736206055 
5.456996917724609 
5.250753402709961 
6.40146017074585 
5.957836151123047 
6.008571147918701 
5.126867771148682 
5.898922443389893 
7.391310691833496 
5.920417785644531 
5.458696365356445 
4.952973365783691 
5.0968732833862305 
5.057397842407227 
4.905035972595215 
5.52482795715332 
6.042215347290039 
5.068255424499512 
5.885529041290283 
9.707165718078613 
5.061511039733887 
7.161874294281006 
5.232049942016602 
5.313439846038818 
5.115489959716797 
5.182588577270508 
5.426089763641357 
5.298467636108398 
5.548452377319336 
5.463679790496826 
5.559290409088135 
5.69723653793335 
5.653566837310791 
5.045713901519775 
6.408112525939941 
5.751856803894043 
5.764251708984375 
6.191811561584473 
5.27949857711792 
4.955399990081787 
6.401922225952148 
5.1020331382751465 
5.029659271240234 
5.204246520996094 
6.200190544128418 
5.330414295196533 
5.159970283508301 
5.660870552062988 
5.321057319641113 
4.8284149169921875 
5.585513591766357 
5.878415584564209 
5.454778671264648 
5.181727409362793 
5.271298885345459 
5.545616626739502 
5.9034953117370605 
5.075802326202393 
5.123579978942871 
5.144875526428223 
5.447194576263428 
5.37320613861084 
5.0163655281066895 
4.981922149658203 
4.96323299407959 
5.645651817321777 
6.149520397186279 
7.524808406829834 
5.448321342468262 
4.924017906188965 
5.328059196472168 
5.794715881347656 
5.063027858734131 
5.585954666137695 
5.540864944458008 
5.635025501251221 
5.023801326751709 
5.081909656524658 
5.5461554527282715 
5.84459924697876 
5.056923866271973 
5.7873735427856445 
5.793527603149414 
4.911360740661621 
5.190972805023193 
4.93486213684082 
5.2504496574401855 
5.317027568817139 
5.328361511230469 
5.327018737792969 
5.154642581939697 
5.225188732147217 
5.250801086425781 
6.634923458099365 
5.577268123626709 
4.841419219970703 
5.912980079650879 
5.085287094116211 
7.578525066375732 
4.975894451141357 
5.5930304527282715 
5.02446985244751 
5.000483512878418 
5.381913661956787 
5.031515598297119 
6.333075046539307 
5.1111674308776855 
6.128637313842773 
5.242595672607422 
5.519458293914795 
5.368709087371826 
6.3632001876831055 
5.2006611824035645 
5.068216323852539 
5.011577129364014 
5.190280914306641 
5.116921901702881 
5.059472560882568 
4.875670909881592 
5.061323165893555 
5.480546474456787 
5.845505237579346 
5.31469202041626 
5.5107316970825195 
5.3648481369018555 
6.578551292419434 
5.174160480499268 
6.9232611656188965 
4.988058567047119 
5.468074321746826 
5.1216206550598145 
5.5988616943359375 
4.791312217712402 
5.656031131744385 
4.986869812011719 
5.005250453948975 
4.949631690979004 
4.948983669281006 
5.042879581451416 
5.448883533477783 
