5.416081428527832 
5.898319721221924 
5.8838791847229 
6.884406566619873 
5.832525730133057 
6.5736517906188965 
6.512826442718506 
5.463987827301025 
7.612550258636475 
7.283726692199707 
6.455437183380127 
6.019937992095947 
4.781754016876221 
6.064193248748779 
6.087082862854004 
5.562378883361816 
6.78502893447876 
5.878249168395996 
7.5084547996521 
5.551398277282715 
6.334469795227051 
6.224335193634033 
5.851423263549805 
6.834465503692627 
7.276784420013428 
4.90477991104126 
6.378382682800293 
5.517858982086182 
7.180867671966553 
5.88087797164917 
7.420670986175537 
6.552628517150879 
5.57384729385376 
6.80086088180542 
6.15237283706665 
6.241512775421143 
6.421582221984863 
8.492386817932129 
8.117465019226074 
7.105081081390381 
6.031765460968018 
5.003608226776123 
6.27413272857666 
6.369861125946045 
6.298609256744385 
6.524665355682373 
7.382530689239502 
5.547318935394287 
5.746268272399902 
5.289964199066162 
6.8225274085998535 
6.780361652374268 
6.270565509796143 
5.243958473205566 
6.047438144683838 
5.772317409515381 
5.920617580413818 
6.99933385848999 
6.583863258361816 
7.142443656921387 
5.365086555480957 
6.5517191886901855 
6.1313862800598145 
7.333463668823242 
6.190628528594971 
6.317465305328369 
5.585086822509766 
5.615487575531006 
5.9208083152771 
6.354068279266357 
5.610510349273682 
5.834493637084961 
6.29855489730835 
7.9627861976623535 
5.9477667808532715 
6.123455047607422 
5.721789360046387 
7.465917587280273 
6.384557723999023 
5.2959160804748535 
6.440503120422363 
6.324739933013916 
6.515131950378418 
5.132571697235107 
5.602994441986084 
6.798729419708252 
6.293864727020264 
5.979862689971924 
6.059946060180664 
4.919142723083496 
7.08358907699585 
5.567387580871582 
6.227218151092529 
7.263515472412109 
6.05128812789917 
6.612380504608154 
6.000306606292725 
6.7352824211120605 
7.3297953605651855 
5.4903717041015625 
5.86959981918335 
5.98112154006958 
4.664350509643555 
7.312220096588135 
6.144840240478516 
5.964402198791504 
5.6729350090026855 
5.203699588775635 
7.276071548461914 
6.041074275970459 
6.585015296936035 
5.684752941131592 
7.704624176025391 
6.576870441436768 
7.12106466293335 
6.684791088104248 
6.823154449462891 
5.658222198486328 
7.0687384605407715 
5.990097999572754 
7.5448737144470215 
5.718407154083252 
5.927427768707275 
9.037896156311035 
5.861990451812744 
6.017224311828613 
8.211312294006348 
6.548782825469971 
5.340054988861084 
5.842811107635498 
6.254177570343018 
5.815295219421387 
8.244975090026855 
6.20125675201416 
6.423938274383545 
5.42588472366333 
5.354300022125244 
5.899622440338135 
7.331131935119629 
5.7710700035095215 
5.357875347137451 
6.861634731292725 
6.088563442230225 
5.880147933959961 
5.559569835662842 
5.983720302581787 
6.925269603729248 
5.85892391204834 
5.30962610244751 
6.655526638031006 
6.143909931182861 
6.19141149520874 
7.408143997192383 
6.382605075836182 
6.066374778747559 
6.302137851715088 
5.417942523956299 
6.457157611846924 
6.59080171585083 
6.382399559020996 
5.833122253417969 
7.698597431182861 
6.864888668060303 
6.675861835479736 
6.197911262512207 
6.772707462310791 
8.757367134094238 
6.343012809753418 
5.467589855194092 
6.322512149810791 
6.422576904296875 
4.821868896484375 
7.157437801361084 
6.420032978057861 
5.827828884124756 
5.772151470184326 
6.1159257888793945 
5.709605693817139 
6.4210309982299805 
7.3745927810668945 
5.712833881378174 
6.273079872131348 
6.026139259338379 
6.568887233734131 
7.112095355987549 
5.401216506958008 
6.22305965423584 
6.542874336242676 
5.90516996383667 
5.693767070770264 
6.914172172546387 
5.485754489898682 
4.835638999938965 
5.837136745452881 
6.419505596160889 
6.269398212432861 
6.515172958374023 
8.633454322814941 
6.105271816253662 
5.357891082763672 
6.369994163513184 
5.6225199699401855 
6.232597827911377 
6.109081745147705 
6.066555500030518 
5.492218494415283 
5.878158092498779 
5.857388973236084 
5.743169784545898 
6.6489033699035645 
7.023560047149658 
5.483881950378418 
5.787597179412842 
6.156665325164795 
4.921231746673584 
5.974930286407471 
6.709553241729736 
5.88606071472168 
9.010321617126465 
4.871626377105713 
5.955540180206299 
5.19799280166626 
6.202190399169922 
6.910600662231445 
6.438409805297852 
6.029799938201904 
5.8954548835754395 
5.752824306488037 
5.65568208694458 
5.325445652008057 
5.4069085121154785 
7.0723185539245605 
6.767688274383545 
5.52012825012207 
6.162716388702393 
6.448360443115234 
5.175181865692139 
6.945168972015381 
5.7679338455200195 
6.458340167999268 
5.35183572769165 
6.093369007110596 
5.531335830688477 
6.734163761138916 
7.856130599975586 
5.588374137878418 
5.5944623947143555 
5.98796272277832 
5.917822360992432 
6.243800640106201 
6.1681437492370605 
6.336206912994385 
6.011236667633057 
5.6477532386779785 
6.470972537994385 
6.297475337982178 
5.731658458709717 
5.450179100036621 
8.849090576171875 
5.697072982788086 
6.150521755218506 
6.090683460235596 
6.662143230438232 
6.14546012878418 
6.178110599517822 
6.518678188323975 
6.140143394470215 
5.359222888946533 
8.27704906463623 
6.547131061553955 
6.020348072052002 
4.686326503753662 
5.464815139770508 
6.347703456878662 
7.221428394317627 
6.019700050354004 
6.087456226348877 
6.121301174163818 
6.205515384674072 
6.404622554779053 
5.627993583679199 
6.521453857421875 
5.965938091278076 
6.368625164031982 
6.423216342926025 
6.829352855682373 
5.148205280303955 
6.436207294464111 
6.401198863983154 
6.811058521270752 
6.582021236419678 
6.612344741821289 
6.084605693817139 
5.1013007164001465 
5.090400218963623 
6.021164894104004 
5.540695667266846 
6.848490238189697 
5.407237529754639 
4.637917995452881 
7.384334564208984 
8.054656028747559 
7.431389331817627 
6.744045734405518 
6.659194469451904 
5.873000144958496 
6.021239757537842 
5.446016788482666 
5.332080364227295 
5.54689359664917 
5.574260234832764 
6.176276683807373 
7.643847465515137 
7.164207458496094 
5.839596748352051 
5.842708110809326 
6.090811729431152 
4.7827839851379395 
5.118109226226807 
6.304962635040283 
4.955801963806152 
6.036402225494385 
8.61108684539795 
6.638143062591553 
4.7893805503845215 
5.298176288604736 
5.654444217681885 
6.364523887634277 
6.884762287139893 
6.691976547241211 
6.684899806976318 
6.544622898101807 
8.657629013061523 
5.94773530960083 
5.7328104972839355 
6.822154521942139 
6.2797017097473145 
6.732478141784668 
5.575484752655029 
6.732627868652344 
5.835111141204834 
6.302545070648193 
5.701077461242676 
5.461644649505615 
6.511724472045898 
6.352795600891113 
6.876462936401367 
7.775014400482178 
5.6525559425354 
6.109643459320068 
5.095055103302002 
6.706296443939209 
6.010373592376709 
7.761546611785889 
6.917159080505371 
5.81747579574585 
6.423964023590088 
4.604321002960205 
6.199608325958252 
5.74793004989624 
5.9988861083984375 
7.570655822753906 
6.999490261077881 
10.134385108947754 
6.224090099334717 
7.297723293304443 
5.617854595184326 
5.833003520965576 
6.421728610992432 
6.425052165985107 
6.110602855682373 
6.002155780792236 
6.427841663360596 
9.250531196594238 
4.84820032119751 
5.880854606628418 
6.312714099884033 
5.759319305419922 
5.748498439788818 
4.888156414031982 
6.092080593109131 
4.480005264282227 
6.505523681640625 
6.046573162078857 
7.128352642059326 
5.771783351898193 
6.267789363861084 
6.556136131286621 
5.761777877807617 
6.385617256164551 
4.945150375366211 
5.818200588226318 
6.459043979644775 
6.115172863006592 
5.275312423706055 
5.69866418838501 
5.813354969024658 
6.1809563636779785 
6.469895839691162 
5.9902024269104 
7.257767200469971 
5.826369762420654 
5.945434093475342 
6.231810092926025 
5.8458733558654785 
6.067453384399414 
5.773399353027344 
6.516851902008057 
5.499818801879883 
6.329333782196045 
6.239622592926025 
6.343066215515137 
5.351245880126953 
6.242685794830322 
5.223160266876221 
6.2533040046691895 
7.543324947357178 
7.14583683013916 
6.432115077972412 
4.3443756103515625 
5.30708122253418 
5.991117000579834 
8.519108772277832 
5.742289066314697 
5.331209182739258 
5.893190860748291 
5.613851070404053 
5.845570087432861 
6.64871072769165 
5.3381781578063965 
5.32295036315918 
8.320235252380371 
5.887594223022461 
5.8856120109558105 
5.931005477905273 
7.681189060211182 
5.41813850402832 
6.3446044921875 
5.208372592926025 
5.998631954193115 
6.244272708892822 
5.709839344024658 
7.787993907928467 
6.310768127441406 
6.198086738586426 
6.412529945373535 
6.133835315704346 
7.024014472961426 
5.745566368103027 
6.857228755950928 
6.12957239151001 
5.950381755828857 
5.408004283905029 
6.895500659942627 
6.013383388519287 
5.453090190887451 
6.022191524505615 
5.951483249664307 
5.582251071929932 
5.5728888511657715 
5.646511554718018 
6.353152751922607 
6.325022220611572 
5.97761869430542 
6.390239715576172 
5.877590656280518 
5.458662509918213 
5.858739852905273 
5.380016803741455 
6.048626899719238 
6.8519415855407715 
6.455646991729736 
6.417852401733398 
6.396045207977295 
6.26969575881958 
5.430122375488281 
5.595375061035156 
5.711278915405273 
5.767759323120117 
6.3560261726379395 
5.936380863189697 
6.591821193695068 
6.07086181640625 
5.883815288543701 
6.645425319671631 
6.30466890335083 
5.944962978363037 
6.030639171600342 
6.133052349090576 
5.571183204650879 
7.036678791046143 
5.080031394958496 
5.293486595153809 
6.8130879402160645 
5.536140441894531 
5.358874320983887 
6.020766735076904 
5.85908842086792 
5.933422565460205 
6.538147926330566 
5.847025394439697 
6.040879726409912 
6.073556423187256 
5.895895481109619 
7.145880222320557 
6.615846157073975 
6.334879398345947 
5.992944240570068 
6.325716018676758 
6.489765167236328 
6.0811848640441895 
5.2850775718688965 
6.207271575927734 
9.515006065368652 
7.064947605133057 
5.315889835357666 
5.893833160400391 
5.516391754150391 
6.948062896728516 
6.756713390350342 
6.155808448791504 
8.227372169494629 
5.796795845031738 
5.925175189971924 
6.831227779388428 
5.6126837730407715 
6.395613670349121 
5.430285453796387 
5.781800746917725 
6.9872050285339355 
6.3809123039245605 
9.14215087890625 
6.663937091827393 
5.893628120422363 
5.739248752593994 
7.1623711585998535 
5.561743259429932 
5.779639720916748 
4.9520721435546875 
5.6943511962890625 
6.97826623916626 
6.318803310394287 
6.380676746368408 
6.912570476531982 
5.718736171722412 
6.361011981964111 
6.3252434730529785 
6.062419414520264 
6.2479119300842285 
7.090758800506592 
5.213927745819092 
6.373085021972656 
6.335524082183838 
6.429018497467041 
5.091378688812256 
5.172873020172119 
5.346664905548096 
5.808138370513916 
5.685425758361816 
5.483262538909912 
5.157596111297607 
6.682709217071533 
8.440367698669434 
5.2479329109191895 
6.46241569519043 
5.493161678314209 
6.462832927703857 
6.518826007843018 
5.8924384117126465 
6.847923755645752 
5.98424768447876 
7.509957313537598 
9.565720558166504 
5.536226749420166 
5.977818012237549 
6.932509899139404 
5.422359943389893 
6.168030261993408 
6.3480000495910645 
5.9489569664001465 
5.724393367767334 
8.365553855895996 
7.0925374031066895 
5.754469394683838 
4.973964691162109 
6.671366214752197 
5.005918502807617 
5.074568271636963 
5.6284990310668945 
6.135436534881592 
6.923476219177246 
7.0588459968566895 
6.043661117553711 
5.719107627868652 
6.0122761726379395 
4.901071071624756 
6.079489231109619 
6.097803592681885 
5.8741631507873535 
5.979376792907715 
5.745276927947998 
7.853996753692627 
5.764702320098877 
8.445781707763672 
6.210717678070068 
5.071095943450928 
6.068666458129883 
9.564057350158691 
6.708945274353027 
7.25710916519165 
6.301933765411377 
7.464811325073242 
5.546672344207764 
6.04311990737915 
6.720218658447266 
5.562035083770752 
6.640470504760742 
7.3926472663879395 
6.5287346839904785 
6.2728142738342285 
6.997192859649658 
6.593844890594482 
6.412301063537598 
6.359969615936279 
6.085315227508545 
5.747889995574951 
5.5814127922058105 
6.31385612487793 
6.94678258895874 
5.937031269073486 
10.155280113220215 
6.23783540725708 
5.884655952453613 
6.055879592895508 
6.360184192657471 
5.429194927215576 
6.219303131103516 
5.715917110443115 
5.707927227020264 
6.895874500274658 
6.099180221557617 
5.844743728637695 
6.0313496589660645 
6.782349109649658 
7.520283222198486 
5.355684280395508 
5.439695835113525 
6.450584888458252 
7.233466148376465 
9.962743759155273 
5.577657222747803 
9.278450965881348 
6.1692986488342285 
5.714858531951904 
8.976670265197754 
6.1382551193237305 
6.460141181945801 
6.5584940910339355 
6.241622447967529 
4.729340076446533 
6.4053425788879395 
6.278021335601807 
8.046896934509277 
6.639068126678467 
5.959989070892334 
5.583062171936035 
6.694477558135986 
4.755476474761963 
8.02170181274414 
5.155112266540527 
5.6252007484436035 
6.700897693634033 
6.855332851409912 
6.946434497833252 
4.965156078338623 
7.6612114906311035 
5.719315528869629 
5.626490116119385 
5.644614219665527 
7.021422863006592 
5.2720160484313965 
8.3953218460083 
7.7115373611450195 
5.5503973960876465 
8.779104232788086 
6.094925880432129 
5.255157947540283 
5.332056522369385 
4.7876200675964355 
7.011378765106201 
6.358156681060791 
5.946171283721924 
5.940075397491455 
6.811690330505371 
5.993589878082275 
5.657369136810303 
5.1495747566223145 
6.601903438568115 
6.712371349334717 
5.88409948348999 
7.3197455406188965 
7.5114054679870605 
6.642457008361816 
6.296837329864502 
6.15571928024292 
6.267557621002197 
5.980254650115967 
5.52848482131958 
5.381230354309082 
6.452083587646484 
5.454822063446045 
5.740520000457764 
7.637718200683594 
6.2379937171936035 
5.060117244720459 
6.176886081695557 
5.760096073150635 
5.427984714508057 
7.173701763153076 
6.305420398712158 
5.776138782501221 
7.273748874664307 
7.838738918304443 
6.808681964874268 
10.375239372253418 
6.355454444885254 
6.085723400115967 
5.779820919036865 
4.954923152923584 
5.877634525299072 
5.588845252990723 
5.402262210845947 
7.143553256988525 
5.746805667877197 
7.60923433303833 
5.8013081550598145 
7.207656383514404 
5.3542704582214355 
5.981616973876953 
6.314122200012207 
6.043112754821777 
6.938647270202637 
7.106363773345947 
4.997392177581787 
5.414952754974365 
8.400931358337402 
7.788721561431885 
6.567745685577393 
6.746592998504639 
7.166952610015869 
7.543411731719971 
6.22047758102417 
6.020378589630127 
5.907297611236572 
6.018723011016846 
6.966385364532471 
5.937479496002197 
5.774812698364258 
5.364531993865967 
5.786691188812256 
5.389897346496582 
7.776988506317139 
6.367839336395264 
6.7471537590026855 
5.637458324432373 
6.40657377243042 
5.209889888763428 
6.399989604949951 
6.634251117706299 
5.1600823402404785 
5.808115482330322 
5.84527063369751 
6.72566032409668 
6.333480358123779 
7.937905311584473 
6.451439380645752 
7.463102340698242 
6.006488800048828 
6.014773845672607 
5.998836517333984 
5.5635457038879395 
8.353620529174805 
5.050427436828613 
5.697575092315674 
5.661543846130371 
5.4546074867248535 
4.5740647315979 
7.746409893035889 
5.788560390472412 
5.655256748199463 
5.4607110023498535 
5.679956912994385 
6.173708915710449 
6.633001804351807 
6.348842620849609 
6.508031845092773 
5.5036139488220215 
5.921872138977051 
6.476589679718018 
6.049511909484863 
5.025238513946533 
6.327430725097656 
6.478647232055664 
4.553582668304443 
5.889010429382324 
5.563300609588623 
5.278323173522949 
6.174824237823486 
8.868546485900879 
5.709045886993408 
6.36309289932251 
7.061061382293701 
4.3145575523376465 
5.181900501251221 
6.544923305511475 
8.591485023498535 
5.38709020614624 
5.732929706573486 
7.753870010375977 
5.6341023445129395 
6.312198162078857 
6.281272888183594 
5.680107593536377 
6.104696273803711 
5.755714416503906 
6.030456066131592 
6.331995964050293 
6.23734188079834 
5.000417232513428 
5.80927038192749 
7.525421619415283 
8.561976432800293 
6.0983662605285645 
7.50927209854126 
5.756713390350342 
6.4546942710876465 
6.036550521850586 
5.790990352630615 
5.64885950088501 
6.084670543670654 
6.533929347991943 
7.238963603973389 
6.800108432769775 
5.9545722007751465 
7.024447917938232 
6.310072422027588 
7.589481830596924 
7.980237007141113 
7.400561809539795 
7.901349067687988 
6.0558271408081055 
8.029312133789062 
5.724762439727783 
6.928213596343994 
6.2292985916137695 
5.600370407104492 
5.883272647857666 
5.771933078765869 
7.551431655883789 
5.9607110023498535 
5.334819793701172 
6.4262237548828125 
6.66513204574585 
5.694278240203857 
5.027162075042725 
5.0985798835754395 
5.724562168121338 
5.6759538650512695 
5.585594654083252 
6.844161033630371 
5.639945030212402 
5.421452045440674 
7.749721050262451 
6.1381707191467285 
5.668923854827881 
6.423182487487793 
5.874868869781494 
5.728286266326904 
5.310309410095215 
5.619096279144287 
5.402348518371582 
5.145280838012695 
5.760639667510986 
6.078806400299072 
4.324227809906006 
5.935660362243652 
6.188272476196289 
5.70908260345459 
6.2311577796936035 
8.133569717407227 
5.4989094734191895 
6.492376804351807 
8.912315368652344 
8.639695167541504 
5.849318504333496 
5.65136194229126 
5.195875644683838 
6.982669353485107 
5.732502460479736 
5.645455360412598 
5.874301433563232 
6.506299018859863 
5.921568393707275 
4.920896053314209 
6.346965789794922 
5.888065814971924 
5.938474178314209 
6.185857772827148 
5.329561710357666 
7.215843677520752 
6.001326560974121 
5.604480266571045 
6.439045429229736 
7.35382604598999 
7.196937561035156 
6.703395843505859 
5.799856662750244 
5.374612331390381 
7.594172954559326 
6.188303470611572 
5.74983549118042 
6.329176902770996 
5.222246170043945 
6.36005163192749 
5.841811656951904 
6.352752685546875 
5.397164821624756 
6.643056392669678 
8.41391372680664 
5.939481258392334 
7.0845465660095215 
6.103200912475586 
5.918210983276367 
6.269344329833984 
6.822417736053467 
5.79253625869751 
5.954084873199463 
6.623712062835693 
5.70055627822876 
7.05927038192749 
4.907723903656006 
5.589897632598877 
5.68326997756958 
5.786271095275879 
9.246550559997559 
6.739882946014404 
5.417186737060547 
6.154568195343018 
8.189141273498535 
9.24001407623291 
9.189653396606445 
9.21883487701416 
6.728734970092773 
6.0474772453308105 
5.711379528045654 
6.710628032684326 
7.141653537750244 
5.959871768951416 
5.643579959869385 
5.431183815002441 
6.5759596824646 
6.167049884796143 
6.241858005523682 
6.6010870933532715 
6.4581427574157715 
7.339381694793701 
6.027078151702881 
6.274893283843994 
9.736586570739746 
6.374743461608887 
5.452216625213623 
6.76863956451416 
8.255484580993652 
6.758615016937256 
5.3296284675598145 
6.3848185539245605 
6.34010648727417 
6.332274436950684 
6.013634204864502 
4.8450026512146 
6.246661186218262 
5.048523426055908 
8.572089195251465 
5.826648235321045 
6.736815929412842 
5.488265514373779 
4.80186128616333 
6.402883052825928 
6.05150842666626 
5.483949184417725 
6.574888229370117 
5.575925350189209 
6.286466121673584 
6.240865230560303 
5.452599048614502 
5.819066047668457 
5.188939571380615 
6.673470973968506 
6.221505641937256 
4.93931770324707 
5.821816444396973 
5.502859592437744 
6.542742729187012 
6.089621067047119 
7.671365261077881 
5.878493785858154 
6.261549472808838 
6.722273349761963 
9.816957473754883 
5.950602054595947 
6.562406063079834 
6.150778293609619 
5.429877281188965 
4.558793067932129 
6.662529468536377 
6.49050760269165 
5.4845099449157715 
5.603460788726807 
7.637002468109131 
6.27316427230835 
5.797143459320068 
5.499919414520264 
6.90923547744751 
6.648967742919922 
6.747900009155273 
6.0184855461120605 
7.186931133270264 
6.029265880584717 
5.692249774932861 
5.649948596954346 
5.682399272918701 
5.594693183898926 
7.743352890014648 
6.526684284210205 
6.000102996826172 
7.1697773933410645 
5.774567127227783 
5.263989448547363 
5.327004909515381 
6.634666442871094 
7.357747554779053 
6.143341541290283 
6.086078643798828 
6.0646467208862305 
6.525131702423096 
5.67202615737915 
6.668513298034668 
5.938805103302002 
6.197330474853516 
7.135243892669678 
5.828743934631348 
5.731007099151611 
8.082798957824707 
5.773931980133057 
5.502547740936279 
5.175246715545654 
6.967652797698975 
5.36836051940918 
5.8068318367004395 
5.464420318603516 
5.9158453941345215 
6.5908942222595215 
6.266298770904541 
6.132964611053467 
5.854244709014893 
6.3244853019714355 
6.110213756561279 
5.445143222808838 
5.639271259307861 
5.723739147186279 
6.749780178070068 
6.772202968597412 
6.440113544464111 
6.632717609405518 
5.559761047363281 
6.493370532989502 
7.174084186553955 
5.637878894805908 
6.345270156860352 
6.2310051918029785 
5.9494709968566895 
7.086103439331055 
7.765186786651611 
5.929937839508057 
6.064237117767334 
5.551540851593018 
