7.561328887939453 
4.243449687957764 
6.49376106262207 
6.303958415985107 
7.111904621124268 
6.138259410858154 
8.6480073928833 
5.703873157501221 
5.192396640777588 
8.006272315979004 
6.275465488433838 
5.197885513305664 
5.996716022491455 
5.879355430603027 
5.650984764099121 
8.670482635498047 
8.368924140930176 
6.621130466461182 
6.902349472045898 
6.496448993682861 
6.891997814178467 
6.316604137420654 
6.545105457305908 
6.7224297523498535 
5.202932357788086 
9.8079833984375 
8.050056457519531 
6.3479084968566895 
6.047826766967773 
7.54045295715332 
5.509279727935791 
5.503102779388428 
7.705946922302246 
7.445007801055908 
5.511020660400391 
5.769056797027588 
5.741847991943359 
6.878343105316162 
6.559206008911133 
7.688532829284668 
6.972038745880127 
6.367349624633789 
4.917472839355469 
7.156117916107178 
6.443144798278809 
5.6198225021362305 
7.86659574508667 
4.759119033813477 
7.08493185043335 
6.7756028175354 
5.130349159240723 
6.161733627319336 
7.495621204376221 
7.392578125 
7.9683451652526855 
6.485347270965576 
7.179056644439697 
8.364422798156738 
7.002577304840088 
6.116835117340088 
5.434770107269287 
5.7537360191345215 
7.660011291503906 
5.674833297729492 
7.333785533905029 
7.0445685386657715 
5.741848468780518 
5.979176044464111 
6.5670952796936035 
5.976198673248291 
7.1227030754089355 
5.816523551940918 
5.845892906188965 
6.271462917327881 
7.505809783935547 
7.5488691329956055 
6.4991841316223145 
6.74503755569458 
5.512854099273682 
5.813004493713379 
6.061394691467285 
8.202587127685547 
5.327326774597168 
6.302084445953369 
5.4566521644592285 
6.01538610458374 
6.778258800506592 
5.589075565338135 
6.343082904815674 
8.1459321975708 
6.9890642166137695 
5.50386381149292 
5.229048728942871 
5.768862724304199 
7.594000816345215 
7.017003059387207 
6.851194381713867 
8.844223976135254 
6.165514945983887 
4.783390522003174 
6.875875473022461 
6.139758110046387 
7.0769476890563965 
6.678205966949463 
6.4750518798828125 
10.242070198059082 
5.666476726531982 
8.208880424499512 
6.007952690124512 
6.372494697570801 
7.193829536437988 
5.968628406524658 
4.764745235443115 
5.643174171447754 
5.883859634399414 
5.571335792541504 
6.376533508300781 
9.261942863464355 
7.104036331176758 
6.090601444244385 
6.2364935874938965 
5.862091541290283 
7.3280415534973145 
5.749596118927002 
5.386622428894043 
5.598862648010254 
5.0753045082092285 
7.830934047698975 
6.23040771484375 
7.081785678863525 
6.5031514167785645 
6.514107704162598 
5.992774963378906 
6.135630130767822 
5.788851737976074 
8.44586181640625 
8.406888008117676 
6.208104610443115 
6.127918243408203 
7.980104446411133 
4.985186576843262 
8.825033187866211 
7.4210662841796875 
5.770720481872559 
7.813457012176514 
5.623438835144043 
7.203187942504883 
5.083867073059082 
5.232992649078369 
4.972482681274414 
6.402554512023926 
6.561093330383301 
6.625490188598633 
5.3433685302734375 
8.062911987304688 
8.068408966064453 
7.726020812988281 
6.45995569229126 
5.159258842468262 
5.954981803894043 
5.352170944213867 
6.43670654296875 
6.1247711181640625 
6.970940589904785 
5.59671688079834 
5.136120796203613 
7.3884358406066895 
5.656698226928711 
5.4126434326171875 
7.301222324371338 
5.111324787139893 
7.284395694732666 
6.617517948150635 
6.909401893615723 
5.693958759307861 
6.588253021240234 
8.0015869140625 
6.304543972015381 
9.032119750976562 
5.711211681365967 
6.494985103607178 
7.700314998626709 
4.381473064422607 
6.277324199676514 
5.741006374359131 
6.409672260284424 
6.5301289558410645 
5.734528541564941 
5.469600200653076 
5.627385139465332 
5.814150333404541 
5.937029838562012 
5.951412677764893 
5.902143955230713 
5.780837059020996 
6.4394683837890625 
7.933223247528076 
7.6788249015808105 
6.3076958656311035 
7.022907257080078 
5.602453708648682 
6.615284442901611 
6.132752418518066 
7.11861515045166 
6.335281848907471 
6.163519859313965 
6.65376091003418 
6.29579496383667 
6.369809150695801 
8.017513275146484 
7.023967742919922 
5.672918319702148 
8.140751838684082 
5.710009574890137 
8.321739196777344 
8.755638122558594 
5.496643543243408 
6.416385650634766 
5.054747581481934 
5.9444169998168945 
6.125830173492432 
5.4347710609436035 
5.728032112121582 
4.875926494598389 
6.301731586456299 
6.662797451019287 
7.712835311889648 
8.480484008789062 
5.862163543701172 
6.123081207275391 
7.133325099945068 
6.891544342041016 
8.917184829711914 
8.24989128112793 
5.524923801422119 
5.688713550567627 
7.5840983390808105 
6.354304313659668 
6.872150421142578 
7.051929950714111 
5.979033470153809 
7.9321208000183105 
5.269319534301758 
6.957849979400635 
7.207694053649902 
6.231863021850586 
5.724430084228516 
7.307473659515381 
6.755434989929199 
5.911844253540039 
6.115851402282715 
7.436391353607178 
5.454284191131592 
9.04957103729248 
6.789217948913574 
7.407249450683594 
5.85472297668457 
5.927385330200195 
5.442436695098877 
6.601353168487549 
4.758420467376709 
7.015847682952881 
7.361625671386719 
5.739389419555664 
8.617359161376953 
4.7699294090271 
5.8487629890441895 
6.001350402832031 
6.293741226196289 
6.787407875061035 
6.1048994064331055 
5.676563262939453 
6.454636096954346 
6.54123592376709 
6.346644878387451 
5.7964067459106445 
5.446181297302246 
7.63483190536499 
6.214334487915039 
6.218562126159668 
6.902279376983643 
7.563469409942627 
5.763473987579346 
6.224488258361816 
6.034751892089844 
6.311644077301025 
8.2617769241333 
8.944457054138184 
5.791451454162598 
5.361598014831543 
5.648244857788086 
5.960694789886475 
5.362208843231201 
6.536699295043945 
4.832818031311035 
9.409956932067871 
5.737385272979736 
6.135536193847656 
5.332223415374756 
5.1252760887146 
6.069728374481201 
5.773268699645996 
4.908336639404297 
7.218080043792725 
7.642366886138916 
9.538488388061523 
6.180253028869629 
8.31227970123291 
8.830704689025879 
5.9531779289245605 
6.062925338745117 
7.536577224731445 
6.280351638793945 
6.729052543640137 
6.3175048828125 
5.987863063812256 
7.008981704711914 
6.155294418334961 
6.833232402801514 
6.031335353851318 
6.484020233154297 
5.803676128387451 
6.840117931365967 
7.1154913902282715 
4.960253715515137 
5.930599212646484 
6.435795783996582 
4.193489074707031 
6.200945854187012 
5.880938529968262 
5.998915195465088 
6.220575332641602 
6.51516580581665 
6.215569972991943 
5.623389720916748 
5.5541605949401855 
6.733311653137207 
5.322299480438232 
5.808149337768555 
7.01109504699707 
6.829555988311768 
6.381362438201904 
6.4357380867004395 
8.977293968200684 
5.1448516845703125 
6.617648601531982 
7.6679606437683105 
6.775404930114746 
6.960757732391357 
10.116950035095215 
5.000450134277344 
5.725724697113037 
7.067911148071289 
6.543457508087158 
5.480535507202148 
8.455560684204102 
6.466141223907471 
7.60475492477417 
5.784557819366455 
4.654339790344238 
8.531230926513672 
6.752563953399658 
7.118194103240967 
5.920337677001953 
5.554964542388916 
7.360405445098877 
5.385792255401611 
7.509842872619629 
5.817897796630859 
6.38358736038208 
6.305388450622559 
6.484107971191406 
5.757728576660156 
6.393314838409424 
5.736218452453613 
7.383755207061768 
7.8795270919799805 
5.778570175170898 
7.900068759918213 
6.719225883483887 
7.028285980224609 
6.014315128326416 
5.8618693351745605 
7.179317951202393 
7.7099738121032715 
7.479122638702393 
5.994129180908203 
6.151888847351074 
5.776052951812744 
6.302433013916016 
6.553580284118652 
7.230769157409668 
5.750662326812744 
6.342353343963623 
5.717154502868652 
5.90891695022583 
5.677887439727783 
5.470357418060303 
6.830074310302734 
6.941640853881836 
7.39839506149292 
7.329587936401367 
5.684577465057373 
5.746607303619385 
6.908129692077637 
5.599468231201172 
6.044782638549805 
8.868452072143555 
5.576173305511475 
6.446056842803955 
9.18769645690918 
6.2176408767700195 
6.190135955810547 
5.970505237579346 
7.058950901031494 
7.933645725250244 
5.649670124053955 
6.210423469543457 
7.419816017150879 
7.192790508270264 
6.1101579666137695 
6.252014636993408 
7.572218418121338 
7.98767614364624 
7.642204284667969 
5.1786322593688965 
5.6679792404174805 
7.0484538078308105 
6.644464015960693 
6.980605125427246 
7.596290111541748 
7.466280937194824 
6.247265338897705 
5.7610344886779785 
6.3068671226501465 
6.140661239624023 
7.334694862365723 
6.993154525756836 
7.85621976852417 
6.303560256958008 
6.9090399742126465 
5.9365763664245605 
6.67450475692749 
7.3883442878723145 
6.193131923675537 
9.182221412658691 
5.832502365112305 
6.192983627319336 
6.672661304473877 
5.011441707611084 
7.832038879394531 
6.252797603607178 
5.873142719268799 
5.253850936889648 
5.5156168937683105 
6.035007476806641 
4.90247917175293 
6.688706398010254 
6.090108871459961 
6.633852958679199 
8.02419376373291 
6.280011177062988 
5.737818241119385 
6.057775974273682 
7.661502361297607 
6.316588878631592 
6.138532638549805 
5.8178534507751465 
6.875195503234863 
6.142138481140137 
8.983116149902344 
6.348129749298096 
6.342791557312012 
6.532891750335693 
7.508691787719727 
8.199661254882812 
4.825550556182861 
5.730278015136719 
5.414445400238037 
6.142308235168457 
5.785684585571289 
8.153056144714355 
8.61037826538086 
5.240305423736572 
8.071781158447266 
7.069120407104492 
6.367452144622803 
8.023188591003418 
6.744619846343994 
6.9485392570495605 
6.514471054077148 
7.532116413116455 
6.791718482971191 
5.865153789520264 
6.014664649963379 
6.045651912689209 
8.244365692138672 
6.013853073120117 
6.313227653503418 
7.3624091148376465 
5.642223358154297 
6.230714321136475 
5.807484149932861 
6.254944324493408 
6.092523574829102 
5.011785507202148 
6.768479824066162 
7.341823577880859 
6.213134288787842 
6.168161392211914 
4.84622049331665 
6.544404029846191 
6.502523422241211 
5.804210662841797 
7.034486293792725 
5.075913906097412 
5.307500839233398 
7.725252628326416 
6.337645053863525 
7.646154403686523 
6.860700607299805 
8.605256080627441 
6.245628833770752 
8.45502758026123 
6.229857921600342 
4.882789611816406 
5.065070629119873 
6.7827982902526855 
7.372182846069336 
5.245459079742432 
6.3302903175354 
5.2297587394714355 
6.98170804977417 
4.808497428894043 
4.907110214233398 
6.845423221588135 
8.392618179321289 
7.158407211303711 
6.234011650085449 
6.970754146575928 
6.2003865242004395 
5.571676731109619 
6.1002888679504395 
8.759991645812988 
6.871914386749268 
5.8947062492370605 
6.105696201324463 
4.509770393371582 
6.081055641174316 
5.774147987365723 
5.72406530380249 
6.77406644821167 
9.338726997375488 
5.931238174438477 
6.244668483734131 
6.04326868057251 
6.868406772613525 
6.4899702072143555 
7.169118404388428 
6.84359073638916 
5.562646865844727 
9.385149002075195 
8.380102157592773 
5.4174628257751465 
8.23550796508789 
7.960513114929199 
6.840473651885986 
8.06938362121582 
7.505993843078613 
8.3005952835083 
5.509173393249512 
5.754875183105469 
5.508296489715576 
4.867859840393066 
7.272017955780029 
6.261778354644775 
6.8973259925842285 
6.5418195724487305 
5.666705131530762 
6.50499153137207 
6.142997741699219 
6.838911533355713 
7.243113040924072 
6.337674617767334 
7.283829689025879 
6.308889865875244 
5.845141887664795 
6.3286027908325195 
7.5527849197387695 
7.0103840827941895 
5.550014019012451 
5.59841775894165 
7.676601409912109 
5.546555042266846 
8.371729850769043 
6.222521781921387 
6.125973224639893 
6.642795562744141 
5.5499725341796875 
6.731192588806152 
5.68623685836792 
7.466020107269287 
7.604183673858643 
7.806814670562744 
5.538066387176514 
5.626098155975342 
6.363643646240234 
5.257640361785889 
6.94722318649292 
7.223310470581055 
6.996126651763916 
6.124035835266113 
5.749781608581543 
8.305569648742676 
7.088798522949219 
7.100027084350586 
6.01252555847168 
7.100653171539307 
5.019918441772461 
5.838287830352783 
5.920506000518799 
6.8154096603393555 
5.199326038360596 
6.453530311584473 
7.769649505615234 
7.21251916885376 
6.596379280090332 
6.756646633148193 
7.595945358276367 
6.027899742126465 
8.530869483947754 
5.367914199829102 
6.220320224761963 
6.531100749969482 
6.473175525665283 
5.628424644470215 
7.932187080383301 
7.036506652832031 
7.194159507751465 
6.792962074279785 
8.645088195800781 
7.010310173034668 
6.873110771179199 
8.046183586120605 
6.898122787475586 
4.815568447113037 
8.0888671875 
6.16927433013916 
5.886980056762695 
6.368757724761963 
9.114953994750977 
4.635761737823486 
6.965494155883789 
5.775837421417236 
6.529587745666504 
7.124919891357422 
7.73665714263916 
6.251901149749756 
6.734714031219482 
5.8663129806518555 
6.092505931854248 
8.38223648071289 
6.870428562164307 
7.05031156539917 
5.463374137878418 
5.616349220275879 
8.215798377990723 
4.954259395599365 
5.87075662612915 
6.006112098693848 
5.818058013916016 
6.720952033996582 
6.953763961791992 
7.279651165008545 
6.14825963973999 
4.849917888641357 
7.820518970489502 
6.5580339431762695 
7.573061943054199 
5.935515880584717 
6.880488872528076 
8.281083106994629 
7.48794412612915 
6.4072184562683105 
5.924834251403809 
7.944704532623291 
7.358651638031006 
5.760884761810303 
6.56533145904541 
6.279129505157471 
8.446662902832031 
7.634843826293945 
5.4489970207214355 
8.775935173034668 
5.301514625549316 
6.993468761444092 
5.754838466644287 
8.03632926940918 
5.372354507446289 
5.094583988189697 
6.327385425567627 
5.054111957550049 
6.238229751586914 
6.3400468826293945 
6.177812576293945 
7.258138179779053 
6.902942657470703 
5.804046630859375 
5.8517303466796875 
6.115411281585693 
4.97390604019165 
7.942780494689941 
6.685642719268799 
6.2735419273376465 
5.891433238983154 
6.528756141662598 
5.816112995147705 
5.738213539123535 
6.1134185791015625 
7.96286678314209 
7.200986385345459 
7.222630023956299 
7.311095237731934 
7.543972015380859 
5.444295883178711 
5.2774481773376465 
8.116547584533691 
6.618220329284668 
7.840777397155762 
6.183661460876465 
5.831607818603516 
6.80281400680542 
7.599125385284424 
5.4029221534729 
7.02285099029541 
6.653074741363525 
5.67589807510376 
7.895711421966553 
6.724027156829834 
7.0305914878845215 
5.6994853019714355 
4.7895588874816895 
5.937410354614258 
6.847890853881836 
7.470012664794922 
6.656893253326416 
5.925990581512451 
7.94252347946167 
6.7513861656188965 
6.350245475769043 
6.947577953338623 
6.837162017822266 
8.004724502563477 
5.987096786499023 
7.2305121421813965 
5.52392053604126 
9.090700149536133 
7.702855110168457 
7.991327285766602 
6.876256465911865 
7.5331902503967285 
6.18768835067749 
6.7239556312561035 
7.078677177429199 
7.404170989990234 
4.4689130783081055 
6.819418907165527 
7.748114109039307 
6.543470859527588 
8.616815567016602 
6.3116559982299805 
5.919699192047119 
7.332455158233643 
8.09024429321289 
5.88212251663208 
7.054662227630615 
6.572160720825195 
4.566946506500244 
6.6321539878845215 
6.733253002166748 
6.50100564956665 
7.330114364624023 
6.968871593475342 
8.751690864562988 
6.755842208862305 
4.745170593261719 
7.785758018493652 
5.690210819244385 
5.435521125793457 
7.09010124206543 
5.705143451690674 
6.3745927810668945 
5.720226764678955 
6.0591325759887695 
6.088032245635986 
5.879995346069336 
6.233022689819336 
6.515069007873535 
7.511291980743408 
7.877251148223877 
7.73917818069458 
6.156400680541992 
5.790822505950928 
6.399677276611328 
7.305221080780029 
6.179391860961914 
6.473226070404053 
6.234465599060059 
4.41499662399292 
6.65946626663208 
6.314945697784424 
8.128678321838379 
7.046539783477783 
7.837650299072266 
8.241302490234375 
5.930631637573242 
7.089989185333252 
6.457353591918945 
5.70743465423584 
6.257681369781494 
6.67935037612915 
6.124473571777344 
6.019635200500488 
6.359072685241699 
7.962234020233154 
5.875738143920898 
7.266896724700928 
5.405304908752441 
5.819010257720947 
6.022296905517578 
6.5326032638549805 
6.178764820098877 
7.884519577026367 
6.0578293800354 
7.281348705291748 
6.119009017944336 
8.466424942016602 
5.935256004333496 
7.719795227050781 
5.73074197769165 
5.823945045471191 
6.786066055297852 
7.093953609466553 
8.2305269241333 
7.414458751678467 
6.132363319396973 
8.255868911743164 
6.263470649719238 
4.996659278869629 
8.02076244354248 
6.398300647735596 
5.242455005645752 
6.794454574584961 
8.47353744506836 
6.636476993560791 
5.2814459800720215 
7.8442487716674805 
6.664795875549316 
8.815828323364258 
5.73559045791626 
5.710042953491211 
5.584207534790039 
6.492888450622559 
5.365581512451172 
5.792099475860596 
5.184576034545898 
5.626917362213135 
6.151486873626709 
5.740016937255859 
6.505275249481201 
5.940228462219238 
5.84541130065918 
6.590816974639893 
7.738002300262451 
6.582594394683838 
5.677188396453857 
5.786011219024658 
7.232264518737793 
5.5902605056762695 
7.522582054138184 
7.277095794677734 
5.699878215789795 
6.548826694488525 
6.742443561553955 
7.380583763122559 
8.052817344665527 
8.718173027038574 
6.903253555297852 
4.846007823944092 
7.807873725891113 
4.4461894035339355 
4.977835178375244 
6.507060527801514 
5.861109733581543 
6.1904072761535645 
7.530432224273682 
8.702521324157715 
7.800778865814209 
5.573464393615723 
7.536970138549805 
4.717662811279297 
9.360383987426758 
6.505607604980469 
5.797094821929932 
7.232376575469971 
7.484323024749756 
7.293457508087158 
7.131604194641113 
6.260744094848633 
7.456508636474609 
7.068445205688477 
5.183903694152832 
4.325559616088867 
8.839836120605469 
6.618828773498535 
5.971918106079102 
5.63149881362915 
7.3636345863342285 
5.305012226104736 
4.927959442138672 
5.916323184967041 
8.985387802124023 
7.76605749130249 
6.791708946228027 
6.326410293579102 
5.547058582305908 
6.384153366088867 
7.481274127960205 
5.8554582595825195 
7.681449890136719 
7.5261335372924805 
6.79213809967041 
5.836178302764893 
9.471294403076172 
6.497829914093018 
6.257802963256836 
6.576968669891357 
5.9387712478637695 
6.099508762359619 
5.0058159828186035 
5.932017803192139 
5.743661403656006 
6.5055084228515625 
6.100327491760254 
5.944809913635254 
6.444624900817871 
5.914048671722412 
6.009023666381836 
6.002958297729492 
8.996797561645508 
6.561830043792725 
7.001047134399414 
7.061606407165527 
6.855266571044922 
6.028147220611572 
5.148209095001221 
6.886753559112549 
5.276593208312988 
6.082324981689453 
5.603209018707275 
8.33533763885498 
6.107911586761475 
5.163809776306152 
5.759589672088623 
5.892898082733154 
7.148841381072998 
7.294430255889893 
7.430685997009277 
5.104023456573486 
6.366189956665039 
5.8988776206970215 
5.474347114562988 
6.780301094055176 
5.861888885498047 
7.720088481903076 
4.4137349128723145 
7.820798873901367 
6.854104995727539 
8.044878005981445 
6.31921911239624 
5.813050746917725 
7.827524185180664 
6.181177616119385 
5.91625452041626 
5.557067394256592 
7.354807376861572 
7.126072883605957 
9.874857902526855 
6.310920715332031 
8.159557342529297 
7.801300525665283 
7.159457683563232 
6.288664817810059 
8.189329147338867 
5.5438666343688965 
5.470851898193359 
6.489695072174072 
6.273379802703857 
6.41721773147583 
5.522215843200684 
7.8332624435424805 
5.175567626953125 
7.003876209259033 
6.9370503425598145 
6.308274745941162 
5.516922473907471 
10.172595977783203 
7.578490734100342 
6.242055416107178 
5.939371585845947 
7.241570472717285 
6.603754997253418 
5.589359760284424 
8.595900535583496 
6.89706563949585 
6.446140766143799 
6.367909908294678 
7.8651838302612305 
5.340637683868408 
7.518588066101074 
5.9593377113342285 
6.948752403259277 
5.006426811218262 
6.482710838317871 
6.812638282775879 
5.788380146026611 
7.480462551116943 
5.827342510223389 
6.955027103424072 
5.193979263305664 
7.003581523895264 
7.7332987785339355 
5.893557071685791 
6.320618629455566 
5.300680637359619 
5.598037242889404 
6.806178569793701 
6.648981094360352 
6.632537364959717 
5.71594762802124 
6.5133538246154785 
5.998084545135498 
7.102717399597168 
5.5871901512146 
7.512094020843506 
6.661031723022461 
7.917386531829834 
7.115677833557129 
6.922156810760498 
7.4003376960754395 
5.7898077964782715 
7.053826332092285 
5.725574016571045 
6.177349090576172 
6.111514091491699 
6.987595081329346 
6.802332401275635 
5.55279541015625 
6.313567638397217 
9.733312606811523 
6.562938213348389 
8.625049591064453 
6.729390621185303 
8.25635051727295 
8.646608352661133 
6.787710189819336 
5.549467086791992 
6.102958679199219 
6.301934242248535 
7.460367202758789 
5.780373573303223 
6.351089000701904 
6.352147102355957 
7.6370673179626465 
5.693876266479492 
6.571625232696533 
5.996788024902344 
8.19308853149414 
9.872292518615723 
6.804878234863281 
5.259584903717041 
5.018742561340332 
8.333473205566406 
5.308708190917969 
4.303520679473877 
6.1493730545043945 
5.868862152099609 
6.451447486877441 
6.315347194671631 
5.647433280944824 
6.233154773712158 
8.16317367553711 
6.032333850860596 
5.66520357131958 
6.128118991851807 
8.650369644165039 
5.967255115509033 
5.960638046264648 
5.367159366607666 
7.2631425857543945 
5.694279193878174 
6.640650272369385 
7.655642032623291 
7.3274078369140625 
5.018095016479492 
5.850032806396484 
7.874823093414307 
7.550849914550781 
6.232509136199951 
5.261033535003662 
5.854029655456543 
7.9655022621154785 
6.047452449798584 
5.668718338012695 
6.085445404052734 
6.351034164428711 
5.308781147003174 
6.298974514007568 
7.879511833190918 
6.304141521453857 
6.456884384155273 
6.974887847900391 
6.643377780914307 
9.292295455932617 
7.196987628936768 
5.688942909240723 
4.961024761199951 
8.877944946289062 
6.599597454071045 
6.88812780380249 
6.74937105178833 
6.910456657409668 
6.943593502044678 
5.4110188484191895 
5.8339338302612305 
7.5018792152404785 
7.896242618560791 
8.180536270141602 
5.48168420791626 
6.556117534637451 
6.458664894104004 
5.679141521453857 
6.540202617645264 
6.7011399269104 
5.629603862762451 
5.575404644012451 
6.525096416473389 
6.063936233520508 
5.826685905456543 
6.187900066375732 
6.4142842292785645 
8.090410232543945 
5.840843200683594 
5.704128742218018 
7.1201863288879395 
6.020636081695557 
5.299182415008545 
5.419471740722656 
5.551295757293701 
6.087319850921631 
6.21560001373291 
6.058387279510498 
7.939670562744141 
5.731004238128662 
6.191270351409912 
5.433135509490967 
6.2172441482543945 
6.115305423736572 
7.135832786560059 
5.555727958679199 
5.769723892211914 
4.965281963348389 
6.659690856933594 
5.0649919509887695 
7.278198719024658 
6.621076583862305 
5.6775736808776855 
7.218323230743408 
5.832252025604248 
6.790541172027588 
6.740965366363525 
5.420365810394287 
7.543178081512451 
5.49159049987793 
5.410436630249023 
5.886333465576172 
5.13425350189209 
6.052356243133545 
8.252847671508789 
7.159919738769531 
5.661797523498535 
7.859663486480713 
5.973063945770264 
8.115560531616211 
5.686272621154785 
8.789902687072754 
6.1656317710876465 
6.600925445556641 
5.217920303344727 
5.0303053855896 
5.668917655944824 
5.961802005767822 
5.939868450164795 
6.894768238067627 
5.7628374099731445 
7.230638027191162 
7.118215560913086 
7.084224224090576 
7.208258628845215 
7.0611395835876465 
6.251786231994629 
5.4684247970581055 
7.336308479309082 
8.020848274230957 
5.109218597412109 
7.092528343200684 
5.512314796447754 
5.743220329284668 
8.133218765258789 
5.5008039474487305 
6.70966911315918 
7.509164810180664 
5.893479347229004 
8.220881462097168 
5.983718395233154 
6.818990230560303 
7.645204067230225 
5.389736652374268 
6.567967414855957 
8.404448509216309 
4.977173328399658 
7.049200534820557 
5.359826564788818 
6.181899070739746 
6.16062068939209 
5.835536956787109 
6.028073310852051 
6.16766357421875 
5.722472190856934 
5.675110340118408 
7.893439292907715 
6.8858232498168945 
8.088340759277344 
8.019192695617676 
8.946311950683594 
6.3298869132995605 
8.825509071350098 
5.619859218597412 
7.850491046905518 
8.332633018493652 
7.773818016052246 
5.5709357261657715 
6.4984917640686035 
5.566563606262207 
7.876923084259033 
6.501124382019043 
5.397664546966553 
7.1973347663879395 
5.881623268127441 
7.111741065979004 
7.394919395446777 
5.8751702308654785 
6.665212154388428 
5.654010772705078 
6.349506378173828 
5.219028472900391 
6.273604393005371 
6.596953868865967 
5.635876178741455 
6.6539106369018555 
6.9495415687561035 
7.009244918823242 
6.038247108459473 
6.995369911193848 
6.609960079193115 
7.3127217292785645 
7.152990818023682 
6.291261672973633 
4.968980312347412 
7.658779621124268 
6.106530666351318 
7.0341997146606445 
7.812763214111328 
6.571849346160889 
3.9836409091949463 
6.601381778717041 
5.773141384124756 
6.101173400878906 
8.017180442810059 
5.865445613861084 
5.153911590576172 
6.07651424407959 
6.792203426361084 
6.185883045196533 
6.029666423797607 
6.585414886474609 
6.471792221069336 
7.2046613693237305 
4.942256927490234 
6.108748912811279 
6.8757195472717285 
6.547360897064209 
5.561422348022461 
6.204405784606934 
6.03571081161499 
5.742430686950684 
8.994518280029297 
5.884920597076416 
5.976390838623047 
5.73696231842041 
8.416253089904785 
6.685927391052246 
7.08493185043335 
5.901989459991455 
7.386097431182861 
5.48488187789917 
6.37921667098999 
7.5681915283203125 
6.353612422943115 
6.207089424133301 
8.369577407836914 
5.18305778503418 
7.297037601470947 
6.499305248260498 
5.597095012664795 
6.62841272354126 
5.911866664886475 
6.872426986694336 
9.596274375915527 
8.501276969909668 
6.330434322357178 
8.029519081115723 
6.050184726715088 
6.28977632522583 
5.3283796310424805 
6.217800617218018 
6.51790189743042 
6.416109561920166 
7.821429252624512 
6.091188907623291 
5.679149627685547 
5.6481032371521 
6.514852046966553 
5.710745334625244 
6.6894354820251465 
6.715925216674805 
6.494816303253174 
6.5860161781311035 
6.270961284637451 
6.118154048919678 
8.837945938110352 
5.904736042022705 
5.7904486656188965 
6.00809907913208 
6.4954094886779785 
8.976588249206543 
6.149395942687988 
7.57036828994751 
7.804311752319336 
6.461521148681641 
9.266167640686035 
6.192037105560303 
7.444728851318359 
6.329207420349121 
8.666059494018555 
7.731687068939209 
6.983854293823242 
6.8249945640563965 
8.848458290100098 
5.043314456939697 
6.013174533843994 
7.335663318634033 
6.4648518562316895 
4.964969635009766 
9.109724044799805 
6.850871562957764 
9.078618049621582 
5.691349029541016 
8.157535552978516 
6.277332782745361 
6.5645365715026855 
6.342901706695557 
6.315967559814453 
8.169167518615723 
5.908838272094727 
8.051589965820312 
6.380420207977295 
5.227263450622559 
7.045894145965576 
7.234508991241455 
5.7816033363342285 
6.074828147888184 
5.817198753356934 
6.04555082321167 
9.288796424865723 
5.8781328201293945 
6.000730037689209 
6.770354270935059 
5.082069396972656 
7.5354084968566895 
5.180173397064209 
6.320991039276123 
5.869780540466309 
5.7860212326049805 
6.07175874710083 
5.322743892669678 
5.496264457702637 
5.8771257400512695 
7.189512252807617 
6.891073226928711 
7.349410533905029 
5.213339328765869 
7.794804573059082 
5.464869022369385 
6.4648871421813965 
6.584392547607422 
5.68002462387085 
7.720735549926758 
5.191730499267578 
6.362545490264893 
5.929250240325928 
7.132084846496582 
5.4099578857421875 
6.291472434997559 
5.567732334136963 
7.116522789001465 
8.062454223632812 
7.580155849456787 
8.052719116210938 
5.533700466156006 
5.5249552726745605 
6.843276500701904 
5.9088239669799805 
7.4363203048706055 
8.323308944702148 
6.049545764923096 
6.300710678100586 
6.303098678588867 
6.140655040740967 
6.0084075927734375 
5.867035388946533 
5.454327583312988 
9.690545082092285 
5.634151935577393 
7.346099376678467 
7.479103088378906 
9.118948936462402 
4.745203971862793 
5.67317008972168 
5.478984355926514 
5.358050346374512 
8.693549156188965 
8.460976600646973 
7.17414665222168 
6.8209991455078125 
6.016683578491211 
8.688828468322754 
6.909470081329346 
4.455773830413818 
7.893870830535889 
5.736793518066406 
5.635898113250732 
5.902528762817383 
6.129662990570068 
6.1243486404418945 
6.702699661254883 
6.524839878082275 
6.59122896194458 
7.819058895111084 
6.715368747711182 
7.0006232261657715 
5.761886119842529 
7.216922760009766 
5.8216376304626465 
4.617835998535156 
7.506476879119873 
6.841732978820801 
6.556692600250244 
7.877652168273926 
5.615758895874023 
7.2431864738464355 
8.783594131469727 
5.858528137207031 
5.860532760620117 
7.999627590179443 
6.909060478210449 
5.7907209396362305 
6.7325310707092285 
8.515705108642578 
6.539159774780273 
6.55340051651001 
6.546814918518066 
5.713193416595459 
6.243058204650879 
5.120163917541504 
6.116323471069336 
6.906723976135254 
6.627383708953857 
5.16188907623291 
6.096522331237793 
7.709410190582275 
6.690169334411621 
4.972382068634033 
4.790769577026367 
6.430149078369141 
7.76241397857666 
5.133966445922852 
5.578577995300293 
6.997433662414551 
5.4357171058654785 
7.528041362762451 
6.635899066925049 
6.186711311340332 
7.687346458435059 
5.152157783508301 
6.208180904388428 
5.41937780380249 
7.258513927459717 
5.836399555206299 
6.5072021484375 
5.547142505645752 
6.350377082824707 
6.219054698944092 
7.7563676834106445 
5.785486698150635 
8.057442665100098 
6.325717926025391 
5.581067085266113 
7.1824822425842285 
5.778131008148193 
5.266360282897949 
6.415674209594727 
7.575379848480225 
6.557626247406006 
6.545647621154785 
7.695301055908203 
8.489192008972168 
6.021572589874268 
5.885119438171387 
5.84025239944458 
6.342723369598389 
7.950060844421387 
5.603269577026367 
9.953925132751465 
6.172410011291504 
5.824798583984375 
5.70304536819458 
6.181056022644043 
6.765366554260254 
7.958468914031982 
6.307629585266113 
7.8442912101745605 
4.941632270812988 
7.447622776031494 
5.748038291931152 
6.365564823150635 
6.188920021057129 
6.659828186035156 
6.1636552810668945 
6.912278652191162 
5.749382972717285 
5.016707897186279 
5.8114914894104 
4.47368049621582 
6.290388584136963 
6.057279586791992 
7.8643999099731445 
4.8314290046691895 
5.464666366577148 
6.134180545806885 
6.143984317779541 
7.4448747634887695 
6.954669952392578 
5.931006908416748 
9.398582458496094 
7.182508945465088 
6.596217632293701 
6.519107818603516 
6.363560199737549 
5.790496349334717 
5.912952899932861 
6.6884446144104 
6.487314224243164 
6.133619785308838 
6.845536708831787 
5.844175338745117 
7.0772504806518555 
5.6533403396606445 
6.622036457061768 
6.152225971221924 
5.849776744842529 
6.613396644592285 
6.1576104164123535 
6.0459184646606445 
5.6873579025268555 
6.585243225097656 
6.4662089347839355 
6.466158866882324 
7.412335395812988 
5.783809185028076 
5.6483612060546875 
6.80501651763916 
5.732245922088623 
5.651384353637695 
5.207772254943848 
8.996594429016113 
8.906091690063477 
5.381984233856201 
7.206972122192383 
6.036509037017822 
6.077561855316162 
7.2902607917785645 
6.308230400085449 
5.096578121185303 
5.740292072296143 
7.294450759887695 
8.551020622253418 
5.671257495880127 
6.064211368560791 
8.765789031982422 
7.636926651000977 
6.944860935211182 
7.519430160522461 
6.469127178192139 
6.342705726623535 
6.234029293060303 
7.4890851974487305 
6.476484775543213 
8.118188858032227 
6.510462284088135 
6.261504650115967 
8.07886028289795 
5.744029521942139 
7.874153137207031 
5.638428688049316 
6.949408054351807 
7.325016975402832 
7.813040256500244 
6.892587661743164 
9.455540657043457 
8.66871452331543 
6.742021560668945 
7.846876621246338 
5.682342052459717 
5.926248550415039 
5.362372398376465 
6.614348411560059 
5.637927532196045 
9.538719177246094 
7.5139970779418945 
7.004429817199707 
5.821167945861816 
7.942765235900879 
5.42108154296875 
6.117546558380127 
6.562629699707031 
7.1530632972717285 
7.245143890380859 
7.065436840057373 
6.962098121643066 
7.647085666656494 
7.237102031707764 
6.728027820587158 
6.410750865936279 
5.78496789932251 
6.930024147033691 
6.214961051940918 
5.906399250030518 
7.141923427581787 
7.378407001495361 
6.436168193817139 
5.778752326965332 
5.942843437194824 
7.062729358673096 
5.73342752456665 
6.957424163818359 
7.0240912437438965 
5.553865909576416 
6.084300518035889 
6.129013538360596 
7.5012383460998535 
6.150412082672119 
8.946165084838867 
7.2577338218688965 
7.427659034729004 
4.99696683883667 
6.383029937744141 
5.148255825042725 
6.142963886260986 
6.467512130737305 
5.979081630706787 
5.634013652801514 
6.482564926147461 
5.711263179779053 
5.917508125305176 
8.689963340759277 
7.445372104644775 
6.3463215827941895 
6.106635570526123 
4.823462963104248 
5.588301181793213 
5.185582637786865 
9.164044380187988 
8.00915241241455 
6.443291664123535 
6.18819522857666 
6.0693464279174805 
9.48966121673584 
4.8229193687438965 
6.8808207511901855 
7.2667436599731445 
6.705922603607178 
10.427377700805664 
6.748016357421875 
8.194110870361328 
7.4553914070129395 
6.643839359283447 
6.543537616729736 
4.791357517242432 
9.582417488098145 
6.372910022735596 
6.085826873779297 
5.509812355041504 
8.880833625793457 
6.241015911102295 
6.5610151290893555 
9.181585311889648 
6.716008186340332 
5.769016265869141 
7.146885395050049 
4.951411247253418 
6.243485927581787 
6.996572494506836 
4.658477783203125 
4.9910430908203125 
7.40543794631958 
6.8481011390686035 
6.32974910736084 
5.547410488128662 
6.481719493865967 
7.661596775054932 
5.9799652099609375 
6.132320404052734 
6.843345642089844 
6.721841812133789 
6.224515914916992 
6.092657089233398 
6.560515403747559 
7.0832295417785645 
9.10922908782959 
6.563132286071777 
8.967533111572266 
6.167644023895264 
5.917556285858154 
5.2577595710754395 
6.246020793914795 
5.7423834800720215 
5.054936408996582 
6.667189598083496 
6.507969856262207 
5.963118553161621 
4.809354305267334 
8.081558227539062 
5.53812313079834 
5.655211448669434 
6.100986480712891 
5.565343856811523 
7.0706706047058105 
7.206892490386963 
10.255962371826172 
8.640169143676758 
7.218956470489502 
5.516108989715576 
7.090530872344971 
7.013401031494141 
8.824570655822754 
5.489743709564209 
6.847978115081787 
5.867690563201904 
6.956671237945557 
6.581872463226318 
5.309485912322998 
8.002253532409668 
7.7189836502075195 
6.069555282592773 
6.424217700958252 
7.141247749328613 
5.611008167266846 
7.810322284698486 
5.666496753692627 
8.65551471710205 
6.008759021759033 
6.836399555206299 
7.542755603790283 
6.824587345123291 
7.7514729499816895 
7.411910057067871 
7.417768478393555 
5.705955505371094 
6.127632141113281 
5.727369785308838 
5.371744155883789 
5.895440578460693 
6.353306770324707 
4.997818946838379 
7.1310272216796875 
6.101140022277832 
7.651082992553711 
6.686243534088135 
5.155342102050781 
5.7673773765563965 
6.143796443939209 
5.911703109741211 
7.515807628631592 
5.672769546508789 
8.43842601776123 
6.748194694519043 
5.011841773986816 
7.835848331451416 
7.805366039276123 
5.670674800872803 
7.391957759857178 
6.204075813293457 
6.390913009643555 
5.350327968597412 
9.361063003540039 
6.331637859344482 
6.23860502243042 
6.1642327308654785 
5.924631118774414 
7.083614826202393 
6.466686725616455 
7.341475009918213 
5.680137634277344 
8.777384757995605 
7.087193489074707 
5.422579288482666 
6.395565032958984 
5.958057403564453 
5.547674655914307 
5.800063610076904 
5.868310451507568 
6.809464931488037 
6.785496711730957 
7.211091995239258 
8.126973152160645 
8.149511337280273 
7.787797451019287 
7.587541580200195 
6.967016220092773 
7.270044803619385 
6.21259880065918 
5.767224311828613 
5.656268119812012 
5.759716510772705 
5.678731918334961 
5.766493320465088 
5.749057769775391 
7.274960994720459 
6.771039009094238 
8.002217292785645 
5.96725606918335 
6.552896499633789 
8.721379280090332 
4.938300132751465 
7.084774971008301 
7.007157802581787 
4.739548206329346 
5.176063060760498 
5.632045269012451 
6.62943696975708 
6.370839595794678 
7.075462341308594 
5.6758904457092285 
5.768206596374512 
8.439467430114746 
5.862392425537109 
7.112489223480225 
5.667404651641846 
5.977188587188721 
5.758334159851074 
8.201615333557129 
6.347121715545654 
6.099433898925781 
7.565451145172119 
6.344708442687988 
5.839453220367432 
8.697586059570312 
5.448432445526123 
6.56333065032959 
8.20775318145752 
7.4346089363098145 
7.193775177001953 
5.66162633895874 
5.842316627502441 
6.416464805603027 
7.415557861328125 
7.879096031188965 
5.809479713439941 
8.226312637329102 
6.851057529449463 
5.607275485992432 
7.566154956817627 
5.7333455085754395 
6.342719554901123 
7.215891361236572 
6.337586402893066 
9.087757110595703 
7.29375696182251 
6.648935794830322 
7.603629112243652 
6.1611738204956055 
5.854683876037598 
7.0250325202941895 
6.505410671234131 
5.80515718460083 
8.70504093170166 
6.367587566375732 
7.314512729644775 
7.587469100952148 
6.174737930297852 
9.067023277282715 
5.531322002410889 
8.057642936706543 
5.975822925567627 
6.763885498046875 
4.597973823547363 
7.980640411376953 
9.199792861938477 
6.794406414031982 
5.595875263214111 
5.73084831237793 
6.333859443664551 
5.155729293823242 
6.112561225891113 
7.697993755340576 
6.329239368438721 
6.5676493644714355 
7.060046195983887 
5.6082916259765625 
7.783259868621826 
6.204490661621094 
4.702205657958984 
6.233898162841797 
5.985856056213379 
5.4174885749816895 
5.6470866203308105 
5.876925945281982 
7.156810760498047 
7.704509258270264 
7.600874423980713 
7.137560844421387 
6.409920692443848 
5.953045845031738 
7.3177385330200195 
7.183644771575928 
5.585999488830566 
7.058773517608643 
7.879958629608154 
6.695353031158447 
6.158708095550537 
7.117028713226318 
5.610154151916504 
8.76301383972168 
5.068755149841309 
5.852152347564697 
9.112444877624512 
7.883833885192871 
6.173619270324707 
5.310054302215576 
7.288614273071289 
4.935343265533447 
6.211325168609619 
4.510303020477295 
6.283143043518066 
6.905421257019043 
7.593448638916016 
6.220871925354004 
5.821565628051758 
5.474288463592529 
6.751533031463623 
6.525074481964111 
6.048531532287598 
4.965514659881592 
8.219561576843262 
5.522577285766602 
6.194365501403809 
5.940948963165283 
5.076744556427002 
6.480228900909424 
6.986125946044922 
5.967161178588867 
5.345302104949951 
6.504221439361572 
9.048705101013184 
6.4132304191589355 
6.972041606903076 
6.251957893371582 
5.067156791687012 
6.520043849945068 
6.863779544830322 
5.98770809173584 
9.333439826965332 
8.036581993103027 
6.718028545379639 
5.783614158630371 
5.695751190185547 
6.593157768249512 
7.9668498039245605 
6.556234836578369 
5.616236209869385 
8.37833023071289 
5.044777870178223 
7.1599225997924805 
5.8256731033325195 
5.663558006286621 
6.001346111297607 
5.465281963348389 
7.4613213539123535 
6.093578338623047 
5.5782647132873535 
6.854668617248535 
6.269443511962891 
5.808427333831787 
6.79559326171875 
6.019941806793213 
6.075619220733643 
6.860903263092041 
7.132019996643066 
7.522886753082275 
5.901129722595215 
6.607884407043457 
5.6902899742126465 
7.037900924682617 
7.0431318283081055 
5.999447345733643 
5.896300792694092 
6.265083312988281 
5.783211708068848 
6.73439884185791 
5.526272296905518 
5.396107196807861 
5.245642185211182 
5.991898536682129 
5.418842315673828 
6.409832954406738 
7.742368698120117 
5.092548847198486 
6.054535388946533 
5.5742106437683105 
6.414574146270752 
7.7952094078063965 
7.3777055740356445 
6.0577287673950195 
6.81683874130249 
6.054901123046875 
7.328075408935547 
6.0057268142700195 
5.315128326416016 
6.462092399597168 
8.223508834838867 
5.239895343780518 
5.8111796379089355 
5.5369343757629395 
6.6092448234558105 
7.487162113189697 
8.981568336486816 
5.736687660217285 
5.8886003494262695 
5.38969087600708 
6.4545512199401855 
5.393691062927246 
5.81498384475708 
8.600323677062988 
6.824350833892822 
5.544902801513672 
6.258681774139404 
5.777688980102539 
7.985528945922852 
7.804950714111328 
8.601099014282227 
5.9195332527160645 
6.8341145515441895 
6.9354424476623535 
5.577118396759033 
6.587774753570557 
7.748966693878174 
8.114801406860352 
6.283276081085205 
6.007584571838379 
6.2642130851745605 
4.630270481109619 
6.828953266143799 
6.832334518432617 
6.213645935058594 
8.681648254394531 
6.825875282287598 
6.709690093994141 
5.755265712738037 
6.409275054931641 
6.94923210144043 
7.11163854598999 
5.8407816886901855 
7.237175941467285 
6.8178253173828125 
7.111679553985596 
5.859923839569092 
6.0955400466918945 
5.008603572845459 
6.595283508300781 
5.0711588859558105 
6.499163627624512 
5.845920085906982 
5.185963153839111 
6.352924823760986 
6.738008499145508 
7.275236129760742 
6.577791213989258 
7.343367576599121 
5.623867511749268 
5.980226993560791 
8.062545776367188 
5.84209680557251 
6.57106351852417 
6.605898857116699 
9.166275978088379 
5.074872970581055 
5.372392654418945 
5.657495498657227 
7.157439708709717 
5.456998825073242 
7.10451078414917 
7.2459635734558105 
7.0137434005737305 
6.342679977416992 
8.46419906616211 
4.625551700592041 
8.073129653930664 
7.989008903503418 
6.920412540435791 
6.4254560470581055 
5.572075843811035 
5.5752692222595215 
8.6349458694458 
6.744711399078369 
6.977406978607178 
6.2247700691223145 
8.750776290893555 
7.598018646240234 
6.405484199523926 
6.319769382476807 
7.028371334075928 
4.701970100402832 
6.077301979064941 
6.048793315887451 
6.076091289520264 
8.701446533203125 
7.186992645263672 
9.348133087158203 
6.427884578704834 
6.366029739379883 
5.862254619598389 
7.676517009735107 
5.74142599105835 
5.9219970703125 
5.5090131759643555 
5.286480903625488 
5.688394069671631 
5.904143810272217 
5.976351261138916 
5.031463623046875 
9.135156631469727 
5.706081390380859 
6.109194278717041 
7.203243255615234 
6.913418292999268 
7.971940994262695 
7.177498817443848 
6.906039237976074 
6.183684825897217 
5.937262535095215 
6.355613708496094 
8.965087890625 
5.415435791015625 
5.807562828063965 
5.309239864349365 
7.219254016876221 
5.808739185333252 
6.197482109069824 
7.925453186035156 
6.946352481842041 
6.495118618011475 
6.528075695037842 
5.4647955894470215 
6.222076416015625 
7.013906002044678 
7.435302257537842 
6.400657653808594 
7.128608703613281 
5.902503490447998 
6.154310703277588 
5.798354625701904 
7.387598037719727 
6.071587085723877 
5.989599227905273 
6.1250386238098145 
5.2636590003967285 
7.724929332733154 
9.366369247436523 
7.436103820800781 
6.505524635314941 
9.826696395874023 
7.404778480529785 
5.643007278442383 
6.354345798492432 
8.159010887145996 
7.959226131439209 
6.216938018798828 
5.747480869293213 
5.354582786560059 
5.374438285827637 
6.814334392547607 
6.386307239532471 
7.650609970092773 
6.222414016723633 
5.946872711181641 
6.081066131591797 
6.249217987060547 
5.974318981170654 
6.620415687561035 
6.040984153747559 
6.582632541656494 
6.480340480804443 
6.152992248535156 
6.3939528465271 
5.622042655944824 
6.512897491455078 
6.673633098602295 
6.298081398010254 
5.6339111328125 
5.696362018585205 
7.087724208831787 
6.295660495758057 
8.61529541015625 
7.461634635925293 
6.259286403656006 
7.960099220275879 
7.487819194793701 
5.719067573547363 
6.315329074859619 
5.663787841796875 
6.9794206619262695 
5.818665504455566 
6.665054798126221 
7.303610324859619 
5.6009135246276855 
7.033663272857666 
7.509670257568359 
7.943509578704834 
6.217899799346924 
7.131557941436768 
5.256954193115234 
5.993093967437744 
6.279111862182617 
4.674768447875977 
7.663240909576416 
7.641361236572266 
7.364015579223633 
5.968296527862549 
6.759983539581299 
6.7757439613342285 
5.801436424255371 
5.386788845062256 
7.012314796447754 
5.781225681304932 
6.536733150482178 
7.227612495422363 
7.382519245147705 
5.738731861114502 
6.878925323486328 
6.276503086090088 
7.274214744567871 
6.808453559875488 
6.7229485511779785 
4.498152256011963 
7.496112823486328 
7.149218559265137 
8.385960578918457 
5.792876720428467 
6.020847797393799 
7.4827656745910645 
6.939712047576904 
4.598025798797607 
6.187648296356201 
6.018115997314453 
5.329545021057129 
7.750919818878174 
7.740405082702637 
10.785627365112305 
9.135852813720703 
7.590062141418457 
5.939018726348877 
6.625983238220215 
5.581087589263916 
5.90546989440918 
7.892405033111572 
5.862338066101074 
5.368844032287598 
6.035167217254639 
7.033792972564697 
6.651008129119873 
6.075555801391602 
5.439433574676514 
5.723062038421631 
7.114507675170898 
6.350648880004883 
9.012754440307617 
5.794312953948975 
5.608231067657471 
7.09187650680542 
7.557240009307861 
6.698619365692139 
6.218991756439209 
6.141534328460693 
7.319899559020996 
6.917888164520264 
5.357248783111572 
6.179680347442627 
7.430820941925049 
5.893195629119873 
5.358112335205078 
7.173363208770752 
6.739513397216797 
6.174252986907959 
6.802278995513916 
9.328109741210938 
6.254662036895752 
5.263883590698242 
6.248092174530029 
6.204206466674805 
5.7278923988342285 
5.426034927368164 
7.137100696563721 
6.090928077697754 
6.256894588470459 
5.779674530029297 
9.299110412597656 
5.588570594787598 
5.9626359939575195 
7.2419233322143555 
4.851505279541016 
6.577032089233398 
7.522536754608154 
7.773898124694824 
5.354424953460693 
6.265252590179443 
5.641849040985107 
5.523924827575684 
5.476531982421875 
6.932682514190674 
7.183198928833008 
8.212940216064453 
6.392968654632568 
7.6732916831970215 
7.60759973526001 
4.566020488739014 
5.9510064125061035 
9.316838264465332 
5.983047008514404 
6.764389991760254 
5.22123908996582 
6.878454685211182 
7.599330902099609 
10.050093650817871 
7.993578910827637 
6.159221172332764 
6.375596523284912 
6.476011753082275 
5.78555965423584 
8.274917602539062 
7.910112380981445 
6.681090354919434 
6.176876068115234 
6.37900972366333 
6.183077335357666 
6.3846917152404785 
6.931919097900391 
6.663181781768799 
4.945708751678467 
6.533292293548584 
8.234944343566895 
7.656715393066406 
5.975907325744629 
6.4842448234558105 
7.404098033905029 
5.497337341308594 
6.292980670928955 
8.449527740478516 
5.790708065032959 
6.572923183441162 
5.953610420227051 
6.385924339294434 
5.299057483673096 
4.30442476272583 
7.548177242279053 
5.835638523101807 
6.389129161834717 
6.660732269287109 
5.1177802085876465 
7.336579322814941 
6.831857204437256 
6.728305816650391 
6.7992401123046875 
7.369115829467773 
5.747966289520264 
7.551597595214844 
6.215260982513428 
5.847070217132568 
6.544867038726807 
6.479182243347168 
7.174184322357178 
6.043130874633789 
5.452295780181885 
7.618704319000244 
7.216290473937988 
7.293026447296143 
4.887253284454346 
6.877666473388672 
8.641190528869629 
5.951242923736572 
7.531293869018555 
6.23418664932251 
5.642038822174072 
7.8248491287231445 
6.220403671264648 
5.868223667144775 
5.9934210777282715 
5.246303081512451 
6.231611251831055 
7.154391288757324 
5.731962203979492 
5.716714859008789 
5.094407558441162 
5.5258073806762695 
5.207987308502197 
6.602621555328369 
6.847620010375977 
5.4319281578063965 
5.632390975952148 
6.700768947601318 
6.985047817230225 
5.891350269317627 
6.469879627227783 
4.898730754852295 
7.9229583740234375 
6.66646671295166 
6.409277439117432 
6.440511703491211 
6.8643341064453125 
7.212793350219727 
5.885061264038086 
6.155251979827881 
7.134199142456055 
7.52746057510376 
6.856817722320557 
7.337413787841797 
6.401812553405762 
6.371721267700195 
8.50676441192627 
6.138084888458252 
9.373483657836914 
6.993673801422119 
6.787716865539551 
5.954304218292236 
6.2005181312561035 
7.342637538909912 
6.552148818969727 
5.84071683883667 
6.151839733123779 
7.813990592956543 
4.044134140014648 
8.127699851989746 
6.418462753295898 
6.405060291290283 
6.117608070373535 
6.944963455200195 
7.012757301330566 
7.133875370025635 
5.113437175750732 
6.754791259765625 
6.74315071105957 
6.149371147155762 
6.596189975738525 
7.326132297515869 
5.1857380867004395 
5.426704406738281 
6.076520919799805 
5.710483551025391 
4.98289155960083 
6.477125644683838 
6.739553451538086 
4.225185394287109 
7.1517205238342285 
5.624236583709717 
4.680595874786377 
5.850579738616943 
5.903435707092285 
6.412932872772217 
6.736255168914795 
5.882131099700928 
8.132415771484375 
6.842954635620117 
6.12759256362915 
8.816584587097168 
7.648345947265625 
5.86039400100708 
6.916405200958252 
8.070901870727539 
5.575076103210449 
7.170823574066162 
7.21690559387207 
8.232131958007812 
5.267382621765137 
6.56069803237915 
6.758018493652344 
6.082164764404297 
6.319729804992676 
5.686469078063965 
8.146950721740723 
7.263888835906982 
7.317288875579834 
6.277336120605469 
5.741533279418945 
6.165875434875488 
8.413309097290039 
6.005062580108643 
7.59060001373291 
7.400874137878418 
5.652406215667725 
5.831441879272461 
5.25791072845459 
5.562925338745117 
5.63458776473999 
7.344844341278076 
7.402078151702881 
6.767294883728027 
6.880829811096191 
6.24567174911499 
4.902683734893799 
6.44087028503418 
5.33624267578125 
6.386826992034912 
4.538105010986328 
5.951169013977051 
5.85914945602417 
7.563950061798096 
5.347324848175049 
5.857673168182373 
6.575921535491943 
7.521618366241455 
6.681070804595947 
6.8470354080200195 
5.585314750671387 
6.853420734405518 
5.629708766937256 
6.004453182220459 
7.17899227142334 
6.243337631225586 
5.9535603523254395 
5.533085823059082 
5.744508266448975 
7.8811140060424805 
6.452816009521484 
5.335195541381836 
7.547712326049805 
5.916120529174805 
5.106554985046387 
5.938140392303467 
6.447547912597656 
6.97551965713501 
5.053386211395264 
7.5750837326049805 
4.945102691650391 
6.876112937927246 
6.336325168609619 
7.2527289390563965 
5.3251752853393555 
8.32012939453125 
6.450047016143799 
7.784424781799316 
7.136680603027344 
6.027512550354004 
7.125897407531738 
6.038729667663574 
7.757565498352051 
6.267006874084473 
4.840953350067139 
4.651275634765625 
6.631847858428955 
5.330493450164795 
6.48660135269165 
5.5872368812561035 
5.242122650146484 
6.089081764221191 
7.57907247543335 
5.550994396209717 
6.5247626304626465 
6.45330810546875 
7.960155010223389 
6.260898113250732 
5.779967784881592 
8.044099807739258 
7.773256301879883 
6.07926607131958 
7.236594200134277 
7.313231945037842 
5.745972156524658 
5.757770538330078 
7.132796764373779 
7.467947483062744 
6.7722601890563965 
5.739299774169922 
6.087733745574951 
6.881388187408447 
6.40695333480835 
7.731783866882324 
5.58745813369751 
8.66940689086914 
8.448762893676758 
9.46104621887207 
6.016995429992676 
6.375871658325195 
5.77895975112915 
7.027342319488525 
5.9770894050598145 
6.432707786560059 
6.445855140686035 
6.536316394805908 
6.611200332641602 
8.436717987060547 
7.996100902557373 
6.1529436111450195 
6.424379825592041 
8.941486358642578 
7.084153652191162 
6.22534704208374 
8.77238941192627 
7.611110210418701 
7.2791428565979 
7.350607872009277 
5.960116386413574 
6.968749523162842 
5.162044048309326 
6.1544060707092285 
4.895333290100098 
4.926878929138184 
6.470515251159668 
5.935177803039551 
5.865472793579102 
5.931055545806885 
5.703568935394287 
5.55763578414917 
5.790515899658203 
6.696514129638672 
6.712809085845947 
7.504115581512451 
7.089076995849609 
5.623929977416992 
6.0488457679748535 
8.771615982055664 
6.253401756286621 
6.485177516937256 
6.100485324859619 
6.957823276519775 
6.484251499176025 
5.446129322052002 
6.637446403503418 
6.813724040985107 
8.253861427307129 
6.119881629943848 
5.361093521118164 
5.80251407623291 
8.143965721130371 
6.784440517425537 
7.010292053222656 
5.7688446044921875 
6.546188831329346 
5.815608501434326 
4.085038185119629 
5.824384689331055 
7.553121566772461 
6.172664165496826 
7.631899356842041 
6.797021389007568 
6.127187252044678 
5.7193922996521 
5.793723106384277 
5.564886569976807 
6.938140869140625 
6.612890243530273 
8.53951358795166 
7.357566833496094 
5.912370681762695 
6.820944309234619 
5.818833351135254 
6.106826305389404 
6.873899459838867 
7.744592666625977 
4.7747931480407715 
5.3592529296875 
5.7356438636779785 
6.639018535614014 
6.040975570678711 
5.991339683532715 
6.166844844818115 
6.48117733001709 
4.938826560974121 
5.7607011795043945 
8.080660820007324 
5.906399726867676 
6.797744274139404 
5.996070384979248 
5.760281085968018 
6.565505027770996 
5.429895877838135 
6.436456680297852 
5.987091064453125 
7.958279609680176 
8.185539245605469 
6.815895080566406 
5.612123966217041 
6.575380802154541 
6.96783447265625 
7.683787822723389 
5.804686069488525 
6.196503639221191 
6.0531487464904785 
5.6937665939331055 
7.077829837799072 
6.529881477355957 
5.8419342041015625 
6.060492992401123 
5.875377178192139 
8.141980171203613 
7.986532211303711 
6.886486053466797 
7.701995372772217 
6.174168109893799 
7.677518844604492 
7.00539493560791 
6.964689254760742 
5.794942378997803 
7.22091007232666 
6.756923198699951 
6.0787482261657715 
6.698137283325195 
5.621330261230469 
5.7505059242248535 
5.360939979553223 
4.489371299743652 
5.954775810241699 
8.614129066467285 
6.185994625091553 
6.071425437927246 
5.923000812530518 
6.301523208618164 
7.066859722137451 
5.569284439086914 
6.12908935546875 
6.04796838760376 
6.284679889678955 
6.345411777496338 
8.194421768188477 
6.46070671081543 
6.5900726318359375 
5.554745197296143 
6.104026794433594 
6.593919277191162 
7.93784761428833 
5.910552978515625 
6.250855445861816 
5.867735862731934 
7.974361419677734 
6.985878944396973 
6.786411762237549 
6.7854108810424805 
7.441283702850342 
6.637088775634766 
8.513288497924805 
5.847995281219482 
5.723720550537109 
5.444645404815674 
4.9350810050964355 
7.894751071929932 
5.497906684875488 
6.870296955108643 
6.539301872253418 
5.710661888122559 
5.30155611038208 
7.6077728271484375 
5.701814651489258 
7.7596116065979 
7.638467788696289 
7.414037704467773 
5.708588600158691 
7.800052642822266 
6.233305931091309 
6.941688537597656 
6.172161102294922 
6.268233776092529 
6.131959438323975 
7.722358226776123 
11.08244514465332 
5.303858280181885 
5.805466175079346 
9.453889846801758 
6.320194244384766 
6.438821792602539 
5.621196746826172 
5.352359771728516 
6.364711761474609 
7.525361061096191 
7.427387714385986 
7.4832024574279785 
5.407083511352539 
5.511968612670898 
6.071401596069336 
7.378257751464844 
7.89780330657959 
5.701027870178223 
6.032486915588379 
5.444824695587158 
6.453550815582275 
5.672622203826904 
6.758038520812988 
5.806944370269775 
6.417255401611328 
5.424204349517822 
6.404203414916992 
9.295825958251953 
5.211717128753662 
6.433595180511475 
5.7696428298950195 
6.246641159057617 
7.290685176849365 
7.6259026527404785 
5.6338934898376465 
6.819504737854004 
5.416787147521973 
5.566341876983643 
5.759326457977295 
7.189315319061279 
5.666633129119873 
5.500060558319092 
8.4335298538208 
5.80595064163208 
5.641403675079346 
6.100080966949463 
5.807930946350098 
6.460831165313721 
6.225761413574219 
5.958338737487793 
6.153347492218018 
7.924224853515625 
5.636935710906982 
7.186521053314209 
7.313770771026611 
6.892849445343018 
6.675380706787109 
6.359133243560791 
6.502455234527588 
5.979565143585205 
6.213783264160156 
7.362358570098877 
6.048896312713623 
6.373388290405273 
5.8630218505859375 
8.870767593383789 
6.605418682098389 
8.144214630126953 
6.077264785766602 
6.145026206970215 
5.9836835861206055 
6.500941753387451 
8.108694076538086 
7.044281959533691 
6.733553409576416 
5.140192985534668 
5.959399223327637 
7.235113143920898 
6.715126037597656 
8.156148910522461 
5.908815383911133 
8.081562042236328 
5.567080497741699 
5.988027095794678 
5.355512619018555 
7.182524681091309 
4.930697441101074 
4.795360088348389 
6.096085548400879 
5.751513957977295 
5.8124895095825195 
7.809473037719727 
6.110755443572998 
6.99847936630249 
7.608811855316162 
6.013439178466797 
6.5754194259643555 
6.676965236663818 
5.64460563659668 
6.0223517417907715 
6.282992839813232 
6.948896884918213 
6.620224475860596 
5.610002040863037 
4.982330322265625 
5.444741725921631 
9.517186164855957 
9.025104522705078 
8.24042797088623 
7.3934326171875 
5.663493633270264 
7.677258491516113 
6.911207675933838 
8.246210098266602 
4.8670549392700195 
5.971009254455566 
7.341249465942383 
6.795989036560059 
5.302117347717285 
7.8039469718933105 
7.418397426605225 
7.565861225128174 
6.446841239929199 
7.757750988006592 
6.003252983093262 
5.790625095367432 
8.156601905822754 
7.069793224334717 
6.023914813995361 
5.468570709228516 
7.387458801269531 
7.210084438323975 
6.513952255249023 
6.600920677185059 
6.847823143005371 
5.578309059143066 
8.556699752807617 
4.919321537017822 
5.594849586486816 
6.147164821624756 
4.750586986541748 
5.605253219604492 
7.442866325378418 
6.856513977050781 
5.846696853637695 
4.769316673278809 
5.86313533782959 
8.11081314086914 
5.0399017333984375 
6.28220272064209 
6.167771816253662 
6.944214344024658 
7.052523612976074 
6.837345600128174 
10.55555534362793 
6.144919395446777 
7.065559387207031 
6.6520771980285645 
6.135395050048828 
8.459803581237793 
5.868919372558594 
7.052303314208984 
7.757071018218994 
5.588681697845459 
4.974466323852539 
7.9147629737854 
5.336869239807129 
8.322282791137695 
6.093542098999023 
7.904374122619629 
5.16082239151001 
8.015337944030762 
4.953836917877197 
7.575941562652588 
6.154096603393555 
6.6028361320495605 
7.924357891082764 
6.659769058227539 
6.837020397186279 
7.16495418548584 
7.972446441650391 
4.630144119262695 
5.517639636993408 
6.452852249145508 
6.253477096557617 
7.012282371520996 
6.107186317443848 
7.043283939361572 
6.759582996368408 
7.259019374847412 
9.24022102355957 
7.281009197235107 
6.098165035247803 
4.524674415588379 
6.653841018676758 
7.419524192810059 
6.292522430419922 
6.440822601318359 
7.557428359985352 
6.143886089324951 
5.992188453674316 
7.735987186431885 
5.928503036499023 
6.05289363861084 
5.916869163513184 
6.204956531524658 
5.96876859664917 
6.204631328582764 
5.8526225090026855 
7.676948070526123 
7.457072734832764 
5.887111186981201 
6.8928046226501465 
5.30621862411499 
5.909554481506348 
10.462294578552246 
6.5550384521484375 
5.99888277053833 
6.422557830810547 
8.884611129760742 
5.130098342895508 
6.802974700927734 
6.063991069793701 
8.737173080444336 
6.733670711517334 
5.864520072937012 
6.456820964813232 
6.900070667266846 
7.662658214569092 
7.135076522827148 
5.124716281890869 
6.597465991973877 
9.55276107788086 
6.299495220184326 
7.350462436676025 
5.74122953414917 
5.877686023712158 
7.604606628417969 
5.247868061065674 
7.865869045257568 
5.394794940948486 
5.643720626831055 
6.378157138824463 
6.840272903442383 
5.072498798370361 
6.455160617828369 
5.6446452140808105 
9.454179763793945 
7.859818935394287 
5.527611255645752 
9.792011260986328 
8.704318046569824 
6.057839870452881 
5.895582675933838 
5.842607021331787 
6.335827350616455 
6.223701477050781 
7.312223434448242 
8.152527809143066 
7.148481369018555 
6.305474758148193 
5.606600761413574 
5.448526859283447 
4.814734935760498 
6.790478706359863 
7.743460655212402 
6.644677639007568 
6.250946521759033 
6.41095495223999 
6.384053707122803 
6.11141300201416 
4.970992565155029 
6.4991326332092285 
6.559079170227051 
7.821150779724121 
7.559925556182861 
6.960977077484131 
7.097846984863281 
6.502362251281738 
6.339694023132324 
4.984256744384766 
5.108428478240967 
6.790440082550049 
5.820902347564697 
6.768727779388428 
7.692710876464844 
6.208124160766602 
9.121268272399902 
5.639339923858643 
6.23677396774292 
7.1733269691467285 
8.40522289276123 
7.944530963897705 
5.740987777709961 
8.127747535705566 
5.471256732940674 
6.819240093231201 
6.7717671394348145 
8.635455131530762 
5.603349208831787 
6.169367790222168 
5.789764881134033 
6.520209312438965 
5.293828964233398 
7.0471014976501465 
5.721414089202881 
7.431141376495361 
6.040763854980469 
7.690471649169922 
6.193824768066406 
6.697244644165039 
6.721449851989746 
6.151039123535156 
5.265116214752197 
7.485445976257324 
7.455054759979248 
6.047863483428955 
5.434387683868408 
8.680890083312988 
5.508117198944092 
5.689847469329834 
7.120151519775391 
6.2534027099609375 
8.031370162963867 
6.569548606872559 
8.626988410949707 
5.59959602355957 
8.091324806213379 
6.706408977508545 
6.143587589263916 
5.710019588470459 
6.178028106689453 
6.913749694824219 
6.178643226623535 
5.488354206085205 
7.0980963706970215 
7.107882499694824 
7.041772842407227 
7.870947360992432 
7.873777389526367 
6.840436935424805 
6.023253917694092 
6.504776477813721 
6.425471305847168 
6.278496742248535 
6.278445720672607 
7.3698554039001465 
7.168875694274902 
5.469879627227783 
6.9256181716918945 
5.7337751388549805 
7.076237678527832 
5.25290060043335 
9.41709041595459 
6.096705436706543 
6.040360450744629 
7.903875350952148 
6.376650810241699 
8.00359058380127 
7.3981451988220215 
6.7618818283081055 
6.878863334655762 
6.141756057739258 
5.684732913970947 
7.15615701675415 
7.189955711364746 
6.818452835083008 
6.455238342285156 
6.364711284637451 
5.966734886169434 
5.764863967895508 
5.998037338256836 
5.257821083068848 
7.768460750579834 
5.425882339477539 
6.649994850158691 
5.366024971008301 
7.1731791496276855 
7.1642680168151855 
8.51901626586914 
5.628195285797119 
7.066082954406738 
6.009054660797119 
7.220381259918213 
7.662591934204102 
6.705267906188965 
5.8675994873046875 
6.805009841918945 
7.353909015655518 
6.6745123863220215 
6.711056709289551 
6.183074474334717 
7.941762447357178 
7.230340480804443 
7.020653247833252 
5.723578453063965 
5.965815544128418 
5.5264129638671875 
6.00838565826416 
6.28470516204834 
7.5562825202941895 
6.571831226348877 
6.3510565757751465 
5.291077613830566 
6.584663391113281 
7.110109806060791 
5.842686176300049 
5.914819240570068 
5.999998092651367 
6.817745685577393 
7.789572238922119 
7.0638580322265625 
7.786219596862793 
6.357716083526611 
6.835329532623291 
6.107807636260986 
7.807685375213623 
7.508315563201904 
4.667372226715088 
7.995349884033203 
7.10831880569458 
7.886031627655029 
5.435083389282227 
6.169483184814453 
6.8856892585754395 
6.861903190612793 
5.881774425506592 
6.00252628326416 
7.201575756072998 
7.386418342590332 
5.8213067054748535 
5.652533054351807 
6.241605281829834 
6.976017475128174 
6.042510986328125 
6.40671968460083 
5.249661922454834 
6.243805885314941 
6.39555549621582 
6.964257717132568 
5.258845806121826 
6.191616058349609 
4.9732537269592285 
5.512364864349365 
6.623000621795654 
8.269622802734375 
9.189879417419434 
6.713893413543701 
6.997641563415527 
6.712970733642578 
6.096938133239746 
7.370150566101074 
5.861722946166992 
7.376725673675537 
6.464996337890625 
6.295232772827148 
6.6263508796691895 
5.82507848739624 
6.027786731719971 
6.82232141494751 
5.915514945983887 
7.106575965881348 
5.288718223571777 
5.596243381500244 
7.870634078979492 
4.825244426727295 
8.182543754577637 
5.989683151245117 
6.509431838989258 
9.496336936950684 
5.430418491363525 
5.160188674926758 
5.896135330200195 
5.071399688720703 
5.114583492279053 
7.926999568939209 
5.785437107086182 
7.644816875457764 
7.036625385284424 
5.742571830749512 
7.978504180908203 
5.871152400970459 
7.099817752838135 
5.149837493896484 
9.58301830291748 
5.2024126052856445 
6.583131790161133 
4.543482303619385 
5.412594795227051 
5.371181011199951 
7.311415195465088 
8.023201942443848 
6.286722183227539 
6.115169525146484 
5.63638162612915 
7.160353660583496 
6.156397819519043 
6.5213141441345215 
6.932668209075928 
7.879441738128662 
6.732117176055908 
5.471164703369141 
7.932395935058594 
8.174927711486816 
6.389496803283691 
6.125121116638184 
4.824345111846924 
4.893605709075928 
5.843316555023193 
6.405088901519775 
6.493432998657227 
6.16307258605957 
5.803969383239746 
5.503007411956787 
5.138550281524658 
7.666227340698242 
7.788021087646484 
7.512119293212891 
6.010045051574707 
6.215325832366943 
6.400266647338867 
5.258228778839111 
5.57270622253418 
6.89256477355957 
5.083934783935547 
6.434342861175537 
6.909854888916016 
6.685124397277832 
5.945838928222656 
6.5067901611328125 
7.05132532119751 
7.935095310211182 
7.279102802276611 
5.377401351928711 
5.671503067016602 
6.198592185974121 
8.105705261230469 
6.852218151092529 
5.881945610046387 
6.932250022888184 
5.848587989807129 
6.42246675491333 
5.520890235900879 
8.342597961425781 
5.556173801422119 
6.374063491821289 
6.800793170928955 
6.330320358276367 
6.121303081512451 
6.440773963928223 
5.044586658477783 
8.290596008300781 
5.78756046295166 
7.794397830963135 
4.8742804527282715 
5.480873107910156 
7.0381574630737305 
5.7423882484436035 
8.77406120300293 
5.7766852378845215 
7.3241868019104 
5.669736385345459 
5.029977321624756 
5.794926166534424 
8.52647590637207 
6.243746757507324 
7.3645195960998535 
5.679391384124756 
5.858711242675781 
5.970572471618652 
7.9789299964904785 
6.288729667663574 
8.03464126586914 
5.980841159820557 
6.317629337310791 
5.709766864776611 
5.501300811767578 
5.524786949157715 
7.553726673126221 
6.629787445068359 
6.78930139541626 
4.918506622314453 
5.187652587890625 
6.3082427978515625 
5.937315940856934 
4.982489109039307 
7.376101970672607 
6.233676433563232 
6.399591445922852 
5.382611274719238 
5.417012691497803 
6.256067752838135 
5.768019199371338 
6.098589897155762 
5.561962127685547 
9.064624786376953 
5.158052444458008 
6.380548000335693 
6.317155838012695 
6.424933433532715 
5.116696357727051 
5.720240592956543 
6.45264196395874 
9.446924209594727 
6.889124870300293 
6.850075721740723 
5.191703796386719 
6.162420749664307 
6.725014686584473 
5.556436061859131 
6.423406600952148 
5.520612716674805 
5.415867328643799 
6.546852111816406 
6.789115905761719 
6.928757667541504 
5.394740581512451 
6.40043306350708 
6.10776424407959 
9.188769340515137 
4.960921287536621 
6.2047038078308105 
6.02931022644043 
9.674921035766602 
7.1960906982421875 
8.138160705566406 
5.864930629730225 
6.216375350952148 
6.287180423736572 
5.731822967529297 
6.886768341064453 
5.743762969970703 
8.610851287841797 
6.864088535308838 
7.012864589691162 
7.135832786560059 
5.018980979919434 
7.627392292022705 
6.391923904418945 
7.236502170562744 
5.208498001098633 
7.524933815002441 
7.349829196929932 
9.209168434143066 
7.471247673034668 
6.01430606842041 
6.96696662902832 
5.466802597045898 
6.096848011016846 
6.204023361206055 
8.631263732910156 
6.559110641479492 
9.565688133239746 
6.506155967712402 
6.860270023345947 
6.053735733032227 
5.735189914703369 
6.4486212730407715 
7.006857872009277 
6.050220489501953 
5.883833885192871 
4.394778251647949 
6.56447696685791 
7.0317487716674805 
5.318746089935303 
5.5461201667785645 
7.726160049438477 
4.814539909362793 
5.303244113922119 
4.897316932678223 
7.074944972991943 
9.196924209594727 
6.734915733337402 
5.532909393310547 
5.874606609344482 
5.372439384460449 
6.163833141326904 
6.961197376251221 
5.494296073913574 
7.568080902099609 
5.802986145019531 
5.5946197509765625 
5.857161998748779 
7.796791076660156 
5.758434772491455 
9.648235321044922 
4.693283557891846 
6.63438081741333 
6.2825822830200195 
7.091813564300537 
6.495150566101074 
7.281857490539551 
6.0464768409729 
6.075504302978516 
6.684927463531494 
6.309266567230225 
5.426552772521973 
6.878704071044922 
7.890589237213135 
5.446804523468018 
5.711141586303711 
6.698890209197998 
5.697010517120361 
8.088706970214844 
7.928077697753906 
5.987912178039551 
5.591466903686523 
6.714817047119141 
5.899575710296631 
7.197332382202148 
6.036125659942627 
6.137857913970947 
5.7890849113464355 
6.068877696990967 
7.764414310455322 
4.896480560302734 
4.842414379119873 
5.6728644371032715 
5.597127437591553 
6.979641914367676 
6.484755516052246 
6.495871543884277 
5.994887351989746 
5.123315334320068 
6.464944362640381 
5.366400241851807 
6.17078161239624 
5.773085594177246 
5.57485294342041 
5.153351783752441 
6.481505870819092 
7.505792140960693 
5.727588176727295 
4.612926959991455 
7.711772918701172 
6.806824684143066 
7.003358364105225 
5.811233997344971 
6.0137529373168945 
5.483746528625488 
5.3209943771362305 
6.237736225128174 
5.925136566162109 
5.9222822189331055 
8.020857810974121 
7.518955707550049 
4.778822898864746 
6.049370765686035 
7.267253875732422 
9.301863670349121 
7.140965938568115 
6.175216197967529 
6.132234573364258 
5.837253093719482 
6.113637924194336 
5.809591293334961 
5.84960412979126 
7.422713279724121 
7.1238932609558105 
6.733569145202637 
7.444363594055176 
5.896307468414307 
5.963595390319824 
6.400874614715576 
8.004819869995117 
6.423649787902832 
5.866142272949219 
5.940560340881348 
6.519420146942139 
6.589258670806885 
6.935460090637207 
6.307307720184326 
6.497564792633057 
6.519004821777344 
9.02650260925293 
7.8786420822143555 
6.301534175872803 
6.561065196990967 
5.129866123199463 
8.834818840026855 
5.737450122833252 
6.840881824493408 
5.92457389831543 
7.0828351974487305 
9.153807640075684 
6.856539726257324 
6.7884416580200195 
5.1251301765441895 
6.260043621063232 
6.94337272644043 
6.509640693664551 
8.037575721740723 
8.997077941894531 
7.734426021575928 
6.692220687866211 
7.39223051071167 
7.352827072143555 
5.208127975463867 
5.7912421226501465 
5.844417095184326 
5.719056129455566 
6.535627365112305 
9.06912899017334 
6.482760429382324 
8.258210182189941 
5.212620258331299 
6.822061061859131 
6.710812091827393 
6.603952884674072 
5.524079322814941 
7.401960372924805 
6.170814514160156 
7.4565277099609375 
6.841031551361084 
5.493412017822266 
5.364314556121826 
5.338107585906982 
5.7052741050720215 
5.080999374389648 
7.671951770782471 
5.5968122482299805 
7.982533931732178 
9.023575782775879 
8.655939102172852 
6.547804355621338 
6.717297077178955 
6.353827953338623 
5.715205192565918 
5.049549579620361 
7.030483245849609 
5.787801265716553 
6.008999347686768 
7.142210960388184 
6.9841485023498535 
5.593903541564941 
6.782310962677002 
6.736182689666748 
7.6475510597229 
4.7827911376953125 
5.591728210449219 
7.273630619049072 
4.998108386993408 
8.69308090209961 
5.327880859375 
5.791818141937256 
5.044494152069092 
5.877242088317871 
7.285820484161377 
7.710875988006592 
6.470794200897217 
8.241456985473633 
6.312140941619873 
7.430936336517334 
5.897422790527344 
5.883768558502197 
6.208305358886719 
11.25908374786377 
6.426238059997559 
7.071793079376221 
7.955048084259033 
6.57215690612793 
6.035216331481934 
5.903641223907471 
6.388181209564209 
6.558124542236328 
7.657222270965576 
4.252407550811768 
6.155112266540527 
5.6163225173950195 
5.669632911682129 
5.890554428100586 
7.002370357513428 
6.173085689544678 
7.282345294952393 
5.719167709350586 
6.7820210456848145 
5.052517414093018 
6.653265476226807 
6.685205936431885 
6.920639991760254 
7.022523880004883 
5.918684005737305 
6.636663913726807 
5.358076572418213 
8.177923202514648 
8.242643356323242 
6.634524822235107 
6.012692451477051 
6.064854621887207 
6.493992328643799 
6.238312244415283 
6.85823917388916 
6.205820083618164 
8.366750717163086 
5.868678569793701 
5.911708831787109 
6.732211112976074 
7.7138590812683105 
4.925670146942139 
6.088111400604248 
5.872720241546631 
5.568816661834717 
7.4449591636657715 
9.128663063049316 
6.753808975219727 
7.205453395843506 
5.120978355407715 
8.354015350341797 
5.1294121742248535 
8.511282920837402 
7.503807544708252 
10.171716690063477 
5.861517429351807 
5.307760238647461 
6.096861839294434 
6.936283588409424 
5.53521728515625 
5.225759506225586 
5.7992072105407715 
4.7446417808532715 
9.268938064575195 
6.483096599578857 
8.74345588684082 
5.434817314147949 
6.738975524902344 
7.868418216705322 
6.803202152252197 
6.829257011413574 
6.268648147583008 
4.73082160949707 
7.181112766265869 
6.274967670440674 
5.908450126647949 
4.970506191253662 
6.622933864593506 
6.959815502166748 
4.960057735443115 
6.906456470489502 
6.5832600593566895 
5.134123802185059 
8.456823348999023 
7.949520587921143 
5.304672718048096 
5.430465221405029 
4.864171504974365 
5.927801609039307 
7.058197021484375 
6.9560675621032715 
8.573060989379883 
7.353870868682861 
5.296246528625488 
5.219854831695557 
6.1663594245910645 
6.223369121551514 
8.261998176574707 
7.281583786010742 
5.751204967498779 
6.712649822235107 
5.779178619384766 
6.8092756271362305 
5.552419662475586 
7.304468631744385 
5.140011310577393 
7.665055274963379 
5.973342418670654 
6.05924654006958 
6.158152103424072 
5.916340351104736 
6.276176929473877 
5.78499698638916 
6.69504976272583 
7.153038501739502 
5.241378307342529 
5.6657490730285645 
5.298893451690674 
6.490488529205322 
7.448518753051758 
6.459836483001709 
5.900388240814209 
5.47977352142334 
5.4898786544799805 
6.637150287628174 
7.818208694458008 
6.049266815185547 
7.429356575012207 
6.786625385284424 
6.463634490966797 
5.4497456550598145 
5.257718086242676 
5.818721771240234 
6.645463943481445 
5.244427680969238 
6.971852779388428 
5.773035526275635 
8.93624496459961 
5.383504390716553 
7.322744846343994 
6.3866448402404785 
7.338479042053223 
7.954188346862793 
6.989772319793701 
5.955517292022705 
7.749327659606934 
6.841872692108154 
6.068957328796387 
7.400620937347412 
5.8963165283203125 
5.314255714416504 
5.305792331695557 
4.8941802978515625 
5.761834144592285 
5.80714225769043 
5.8420186042785645 
5.977187156677246 
5.414424419403076 
8.689047813415527 
7.892522811889648 
5.073470592498779 
6.2310614585876465 
7.083865165710449 
5.113811492919922 
5.693759918212891 
9.231547355651855 
6.411212921142578 
6.864266395568848 
5.998193264007568 
4.60621452331543 
8.433035850524902 
6.13006591796875 
5.443594455718994 
8.235371589660645 
6.774283409118652 
6.936852931976318 
5.1057000160217285 
6.8665900230407715 
6.9765167236328125 
7.357569217681885 
7.560820579528809 
7.348770618438721 
5.862918376922607 
7.39768123626709 
8.585132598876953 
6.67213773727417 
6.02597188949585 
9.250377655029297 
6.164290428161621 
5.28500509262085 
5.8230299949646 
5.990039348602295 
7.290463447570801 
9.71829891204834 
8.855918884277344 
8.3864164352417 
5.275317668914795 
7.769338607788086 
7.41989803314209 
6.662528991699219 
6.311759948730469 
7.414851665496826 
8.337593078613281 
6.915897369384766 
6.775857925415039 
6.393369674682617 
5.828009128570557 
6.823098182678223 
5.16023588180542 
6.777983665466309 
6.67917013168335 
6.429574489593506 
8.194272994995117 
8.591658592224121 
6.729328155517578 
7.5313801765441895 
6.008388519287109 
7.286890029907227 
7.915449619293213 
6.419907093048096 
5.275338649749756 
8.000629425048828 
6.164717197418213 
8.164629936218262 
6.345784664154053 
