5.288402557373047 
5.44364595413208 
5.665887832641602 
5.130274295806885 
5.288402557373047 
5.288402557373047 
5.130274295806885 
5.122951984405518 
5.282246112823486 
5.809366703033447 
7.434647083282471 
5.288402557373047 
5.053055286407471 
5.092910289764404 
7.0503668785095215 
5.063704490661621 
5.288402557373047 
5.288402557373047 
5.288402557373047 
5.154709339141846 
5.157565593719482 
5.577577114105225 
5.288402557373047 
5.288402557373047 
5.288402557373047 
5.429760932922363 
5.608489513397217 
5.288402557373047 
5.288402557373047 
5.288402557373047 
5.123478412628174 
5.288402557373047 
6.2201714515686035 
5.288402557373047 
6.405889511108398 
6.349668502807617 
6.344466209411621 
5.288402557373047 
5.115663528442383 
5.288402557373047 
5.288402557373047 
5.288402557373047 
5.817784786224365 
5.288402557373047 
5.123478412628174 
5.662979602813721 
5.288402557373047 
5.11561918258667 
5.123478412628174 
5.288402557373047 
5.663239479064941 
5.4537739753723145 
5.11561918258667 
5.123478412628174 
6.307031154632568 
6.102713108062744 
5.123478412628174 
5.288402557373047 
5.288402557373047 
5.288402557373047 
5.11561918258667 
5.288402557373047 
5.288402557373047 
5.288402557373047 
5.288402557373047 
5.164539813995361 
5.4277167320251465 
5.130274295806885 
5.515997886657715 
5.123478412628174 
5.090236186981201 
5.288402557373047 
5.655675411224365 
5.123478412628174 
5.123478412628174 
6.418060779571533 
5.288402557373047 
5.041500091552734 
6.80190896987915 
5.443009853363037 
5.165456295013428 
5.864141941070557 
5.123478412628174 
5.861290454864502 
5.288402557373047 
5.030553340911865 
6.7310638427734375 
5.123478412628174 
5.123478412628174 
5.44965124130249 
5.288402557373047 
5.288402557373047 
7.2316508293151855 
5.288402557373047 
5.123478412628174 
5.288402557373047 
5.611862659454346 
6.295360088348389 
5.288402557373047 
5.548066139221191 
5.123478412628174 
5.340480327606201 
5.548318386077881 
5.167514324188232 
5.288402557373047 
5.288402557373047 
5.288402557373047 
5.123478412628174 
7.358249187469482 
5.123478412628174 
5.123478412628174 
5.27650785446167 
5.088926315307617 
5.288402557373047 
5.115663528442383 
5.482485294342041 
5.288402557373047 
5.288402557373047 
5.123478412628174 
5.123608112335205 
5.160253524780273 
5.142437934875488 
5.288402557373047 
5.423893928527832 
5.44965124130249 
5.288402557373047 
5.288402557373047 
6.701396465301514 
5.454548358917236 
6.124285697937012 
5.162583827972412 
5.378284931182861 
5.971717357635498 
5.288402557373047 
5.288402557373047 
5.123501300811768 
5.670179843902588 
5.288402557373047 
6.736196041107178 
5.288402557373047 
5.437191486358643 
5.108022689819336 
5.790380001068115 
5.748253345489502 
5.478244781494141 
5.123478412628174 
6.698889255523682 
5.44965124130249 
5.288402557373047 
5.288402557373047 
5.643619537353516 
5.288402557373047 
5.123478412628174 
5.160253524780273 
5.123478412628174 
5.650905609130859 
5.162900447845459 
5.565828800201416 
5.288402557373047 
5.453747272491455 
5.123478412628174 
6.560523986816406 
5.072717666625977 
5.288402557373047 
5.090563774108887 
5.092910289764404 
5.288402557373047 
5.288402557373047 
5.123478412628174 
5.288402557373047 
5.123478412628174 
5.091233730316162 
5.123501300811768 
5.123478412628174 
5.288402557373047 
5.288402557373047 
5.123478412628174 
5.11561918258667 
5.123478412628174 
6.052496910095215 
5.288402557373047 
5.68873929977417 
6.6701483726501465 
5.288402557373047 
5.123478412628174 
5.288402557373047 
5.500888347625732 
5.288402557373047 
5.288402557373047 
5.123478412628174 
5.123478412628174 
5.823464870452881 
5.640106678009033 
5.288402557373047 
5.288402557373047 
5.682476997375488 
5.034805774688721 
5.123478412628174 
5.123478412628174 
6.127584457397461 
5.123478412628174 
5.064612865447998 
6.357839584350586 
5.288402557373047 
5.092910289764404 
5.288402557373047 
5.123478412628174 
5.288402557373047 
5.315565586090088 
6.572906017303467 
5.161302089691162 
5.288402557373047 
6.572947978973389 
5.809366703033447 
7.781564235687256 
5.11561918258667 
5.288402557373047 
5.123478412628174 
5.123478412628174 
5.288402557373047 
6.294844150543213 
5.288402557373047 
6.039982318878174 
6.694796562194824 
5.116526126861572 
5.123478412628174 
5.288402557373047 
5.288402557373047 
5.288402557373047 
5.669467926025391 
5.823464870452881 
5.288402557373047 
5.288402557373047 
5.288402557373047 
5.288402557373047 
6.700562000274658 
5.691671848297119 
5.288402557373047 
5.778608798980713 
7.1109619140625 
5.288402557373047 
5.123478412628174 
5.288402557373047 
5.902500629425049 
5.288402557373047 
7.215834140777588 
5.288402557373047 
5.288402557373047 
5.288402557373047 
5.433773040771484 
5.123478412628174 
5.164539813995361 
5.090244770050049 
5.288402557373047 
5.288402557373047 
5.288402557373047 
5.123565673828125 
5.288402557373047 
5.4204630851745605 
5.123478412628174 
5.123478412628174 
5.437394618988037 
5.123478412628174 
5.887333393096924 
5.042058944702148 
5.288402557373047 
5.623763561248779 
5.288402557373047 
5.288402557373047 
5.288402557373047 
5.447071075439453 
5.437220096588135 
5.288402557373047 
5.288402557373047 
5.288402557373047 
5.288402557373047 
5.288402557373047 
5.123478412628174 
5.56321382522583 
5.288402557373047 
7.747633457183838 
5.123478412628174 
5.130274295806885 
5.288402557373047 
5.130241870880127 
5.10009241104126 
5.062296390533447 
5.288402557373047 
5.123478412628174 
5.288402557373047 
5.288402557373047 
5.778608798980713 
5.060224533081055 
5.123478412628174 
5.288402557373047 
7.098363399505615 
5.755733489990234 
5.11561918258667 
6.534186363220215 
5.288402557373047 
5.123478412628174 
5.123478412628174 
5.122215747833252 
5.288402557373047 
5.288402557373047 
5.130274295806885 
5.359584331512451 
5.123478412628174 
5.546315670013428 
5.123478412628174 
5.542792797088623 
5.691671848297119 
6.47610330581665 
7.125138282775879 
5.288402557373047 
5.288402557373047 
5.464540958404541 
5.092910289764404 
5.188406467437744 
5.288402557373047 
7.550899982452393 
6.062929630279541 
7.001676082611084 
5.632863521575928 
5.123478412628174 
7.139464378356934 
5.288402557373047 
5.288402557373047 
5.123478412628174 
5.123478412628174 
5.288402557373047 
5.165456295013428 
5.288402557373047 
5.612157344818115 
5.609756946563721 
5.288402557373047 
5.123478412628174 
5.288402557373047 
5.123478412628174 
5.288402557373047 
5.123478412628174 
5.288402557373047 
5.123478412628174 
5.805167198181152 
5.123478412628174 
5.123478412628174 
5.288402557373047 
7.611670017242432 
5.360954284667969 
5.288402557373047 
5.123478412628174 
5.123478412628174 
5.162343502044678 
5.288402557373047 
5.778608798980713 
5.422633647918701 
5.8821539878845215 
5.1374831199646 
5.506862163543701 
5.161981105804443 
5.130274295806885 
5.130274295806885 
5.288402557373047 
5.11561918258667 
5.123478412628174 
5.288402557373047 
5.315566062927246 
5.908911228179932 
5.288402557373047 
6.151102066040039 
5.11561918258667 
5.130274295806885 
5.123478412628174 
5.787088871002197 
5.288402557373047 
5.0824666023254395 
5.123478412628174 
5.288402557373047 
6.112423419952393 
5.066863059997559 
5.288402557373047 
5.635461330413818 
5.288402557373047 
5.433773040771484 
5.130274295806885 
5.123478412628174 
5.288402557373047 
6.104280948638916 
5.288402557373047 
5.11561918258667 
5.288402557373047 
5.288402557373047 
5.577577114105225 
5.288402557373047 
5.778608798980713 
5.288402557373047 
5.288402557373047 
5.288402557373047 
5.288402557373047 
6.509178638458252 
5.130274295806885 
5.288402557373047 
6.147558212280273 
5.288402557373047 
5.126089096069336 
5.288402557373047 
5.519374370574951 
5.288402557373047 
5.1623616218566895 
5.123657703399658 
5.164876461029053 
5.288402557373047 
5.293280601501465 
5.273642063140869 
5.8624982833862305 
5.288402557373047 
5.086658954620361 
5.123478412628174 
5.678155422210693 
5.778608798980713 
7.28977108001709 
5.123478412628174 
5.130274295806885 
5.288402557373047 
5.288402557373047 
5.44555139541626 
5.288402557373047 
5.288402557373047 
5.288402557373047 
5.123478412628174 
5.445213794708252 
5.123478412628174 
5.288402557373047 
5.123478412628174 
5.123478412628174 
5.288402557373047 
5.16004753112793 
5.288402557373047 
5.346833229064941 
5.304965019226074 
5.288402557373047 
6.369906902313232 
5.288402557373047 
5.123478412628174 
5.790347576141357 
5.130274295806885 
5.288402557373047 
5.123478412628174 
5.844072341918945 
5.717845439910889 
5.669140338897705 
6.189140796661377 
5.123478412628174 
5.130274295806885 
5.130274295806885 
5.576805591583252 
5.288402557373047 
5.288402557373047 
5.44364595413208 
5.519433498382568 
5.54541540145874 
5.123478412628174 
5.123478412628174 
7.081998825073242 
5.4879584312438965 
5.563475131988525 
5.123478412628174 
5.288402557373047 
5.288402557373047 
5.123478412628174 
5.123478412628174 
5.923743724822998 
5.340036869049072 
5.288402557373047 
5.393751621246338 
5.437191486358643 
5.130274295806885 
5.836188316345215 
5.091055870056152 
6.127584457397461 
5.750302791595459 
5.288402557373047 
5.288402557373047 
5.61318302154541 
5.288402557373047 
5.663928508758545 
5.288402557373047 
5.437191486358643 
5.288402557373047 
5.288402557373047 
5.288402557373047 
5.130274295806885 
5.288402557373047 
5.123478412628174 
6.918266773223877 
5.288402557373047 
5.288402557373047 
6.245828151702881 
5.123478412628174 
5.816843509674072 
4.946166515350342 
7.564144611358643 
5.11561918258667 
5.060224533081055 
5.506862163543701 
5.288402557373047 
5.544253826141357 
5.161410808563232 
5.123478412628174 
5.123478412628174 
5.288402557373047 
5.288402557373047 
5.8798041343688965 
5.123478412628174 
5.288402557373047 
5.135902404785156 
5.778608798980713 
5.123478412628174 
5.437191486358643 
5.123478412628174 
5.8383097648620605 
5.288402557373047 
5.477014541625977 
5.288402557373047 
5.123478412628174 
5.288402557373047 
6.190225601196289 
5.288402557373047 
5.123478412628174 
6.153103351593018 
5.123478412628174 
5.123478412628174 
5.288402557373047 
5.448892116546631 
5.123478412628174 
6.3090362548828125 
6.997354984283447 
5.165216445922852 
6.137996673583984 
6.89424467086792 
5.069334030151367 
5.288402557373047 
5.288402557373047 
5.053952693939209 
7.358619689941406 
5.983588695526123 
5.11561918258667 
6.794644832611084 
5.122946262359619 
5.288402557373047 
5.123478412628174 
5.123478412628174 
5.288402557373047 
5.123478412628174 
5.104044437408447 
5.11561918258667 
5.060224533081055 
5.11561918258667 
6.834242343902588 
5.808326244354248 
5.165456295013428 
5.164539813995361 
5.130274295806885 
5.288402557373047 
5.123478412628174 
5.557785511016846 
5.11561918258667 
5.677615165710449 
5.288402557373047 
5.123478412628174 
5.11561918258667 
5.288402557373047 
7.195677280426025 
5.04422664642334 
5.123608112335205 
6.83873176574707 
6.643539905548096 
5.123478412628174 
5.44364595413208 
5.623763561248779 
5.288402557373047 
5.288402557373047 
5.288402557373047 
5.443009853363037 
6.509178638458252 
5.48996639251709 
5.288402557373047 
5.288402557373047 
5.288402557373047 
5.288402557373047 
6.26023530960083 
6.5413899421691895 
5.072014331817627 
5.288402557373047 
5.123478412628174 
5.288402557373047 
7.3901543617248535 
5.11561918258667 
5.288402557373047 
5.123478412628174 
5.288402557373047 
5.123478412628174 
5.443009853363037 
5.123478412628174 
6.096710681915283 
4.9290995597839355 
5.288402557373047 
5.750302791595459 
5.437191486358643 
5.123478412628174 
5.365866661071777 
5.288402557373047 
5.288402557373047 
5.288402557373047 
5.123056888580322 
5.05861234664917 
5.43259859085083 
5.131912708282471 
5.288402557373047 
5.060224533081055 
5.288402557373047 
5.750302791595459 
5.288402557373047 
5.123478412628174 
5.448892116546631 
5.288402557373047 
5.694727420806885 
5.133869647979736 
5.5092573165893555 
5.50274133682251 
5.288402557373047 
5.288402557373047 
5.288402557373047 
5.123478412628174 
5.288402557373047 
5.1613335609436035 
5.0423583984375 
5.288402557373047 
5.123478412628174 
5.52343225479126 
5.978170871734619 
6.088364124298096 
5.5392584800720215 
5.288402557373047 
6.799201488494873 
5.123478412628174 
7.5756754875183105 
5.057045936584473 
5.440537929534912 
5.123608112335205 
5.137187480926514 
5.288402557373047 
5.615455627441406 
5.288402557373047 
5.123478412628174 
5.089452266693115 
5.123478412628174 
5.288402557373047 
5.11561918258667 
5.063704490661621 
5.123478412628174 
5.288402557373047 
7.076625347137451 
5.720898151397705 
6.89424467086792 
5.288402557373047 
5.123478412628174 
5.211414813995361 
5.893101215362549 
5.288402557373047 
5.288402557373047 
5.123478412628174 
5.44364595413208 
5.134637355804443 
5.288402557373047 
6.932358264923096 
5.700630187988281 
5.123478412628174 
5.123478412628174 
5.288402557373047 
5.288402557373047 
5.288402557373047 
5.288402557373047 
5.123478412628174 
5.288402557373047 
5.288402557373047 
5.492386817932129 
5.288402557373047 
5.731734275817871 
6.073145389556885 
5.504709720611572 
5.288402557373047 
6.544999599456787 
5.288402557373047 
5.288402557373047 
5.7799973487854 
7.198756694793701 
5.123478412628174 
5.778608798980713 
5.288402557373047 
5.288402557373047 
5.053277492523193 
5.318147659301758 
5.123478412628174 
5.288402557373047 
6.115753650665283 
5.288402557373047 
5.288402557373047 
5.288402557373047 
5.123478412628174 
5.130274295806885 
5.288402557373047 
5.02449369430542 
6.709362506866455 
5.539515972137451 
5.851213455200195 
5.49461555480957 
5.123478412628174 
5.072136878967285 
5.509308815002441 
5.288402557373047 
6.918266773223877 
5.439297199249268 
5.288402557373047 
5.4593281745910645 
5.288402557373047 
5.164539813995361 
5.823464870452881 
6.6233954429626465 
5.123478412628174 
5.743960857391357 
5.288402557373047 
5.288402557373047 
5.910860538482666 
5.123478412628174 
5.288402557373047 
5.032307147979736 
5.573952674865723 
5.288402557373047 
5.11561918258667 
5.288402557373047 
5.60709285736084 
5.11561918258667 
5.630333423614502 
5.288402557373047 
5.691671848297119 
5.288402557373047 
5.11561918258667 
5.35369873046875 
5.452093124389648 
5.123478412628174 
7.125728130340576 
5.853915691375732 
5.063704490661621 
5.288402557373047 
5.288402557373047 
5.123478412628174 
5.123478412628174 
5.288402557373047 
5.440537929534912 
5.358914375305176 
5.288402557373047 
5.288402557373047 
5.443009853363037 
5.123478412628174 
5.288402557373047 
5.288402557373047 
5.681356906890869 
5.288402557373047 
5.046148777008057 
5.063704490661621 
5.123478412628174 
5.123478412628174 
5.828557968139648 
5.326048374176025 
5.4429144859313965 
5.288402557373047 
5.8051371574401855 
5.633432388305664 
5.288402557373047 
5.735160827636719 
5.860588550567627 
6.040080547332764 
5.123478412628174 
5.123501300811768 
5.288402557373047 
5.288402557373047 
7.204146862030029 
7.439305782318115 
5.288402557373047 
5.288402557373047 
5.288402557373047 
5.11561918258667 
5.433959484100342 
5.288402557373047 
5.123478412628174 
5.288402557373047 
5.161536693572998 
5.139166355133057 
5.422633647918701 
5.7045416831970215 
6.428096294403076 
5.123478412628174 
7.119386196136475 
5.288402557373047 
5.288402557373047 
5.161174774169922 
5.123478412628174 
5.439657688140869 
5.123530864715576 
5.123478412628174 
5.11561918258667 
5.2426629066467285 
5.288402557373047 
6.001469135284424 
5.4607110023498535 
5.288402557373047 
5.288402557373047 
5.908001899719238 
5.288402557373047 
5.745304584503174 
5.162914276123047 
5.551479816436768 
6.137539863586426 
6.521777629852295 
5.288402557373047 
5.4624342918396 
5.442256450653076 
5.114465236663818 
5.288402557373047 
5.700630187988281 
5.288402557373047 
5.123514652252197 
5.288402557373047 
6.841542720794678 
5.157565593719482 
5.092036247253418 
7.151209354400635 
5.288402557373047 
5.623763561248779 
5.288402557373047 
5.123478412628174 
5.503142833709717 
5.123478412628174 
5.535460948944092 
5.123478412628174 
5.288402557373047 
5.123478412628174 
5.288402557373047 
6.127584457397461 
5.288402557373047 
5.063704490661621 
5.55401611328125 
5.426495552062988 
5.123581409454346 
5.595798015594482 
5.123478412628174 
5.123478412628174 
5.11561918258667 
5.288402557373047 
5.288402557373047 
5.908871173858643 
5.11561918258667 
6.046083927154541 
5.288402557373047 
5.288402557373047 
5.288402557373047 
6.446249008178711 
7.117093086242676 
5.208345890045166 
4.992264270782471 
5.130794525146484 
5.16211462020874 
5.06367826461792 
5.123478412628174 
6.082400798797607 
6.970409870147705 
5.288402557373047 
5.123478412628174 
5.2426629066467285 
5.288402557373047 
5.130274295806885 
5.123478412628174 
5.123478412628174 
5.111361980438232 
6.061854839324951 
6.445860385894775 
5.593120574951172 
5.288402557373047 
5.024403095245361 
5.130274295806885 
5.123478412628174 
5.288402557373047 
5.5067524909973145 
5.063704490661621 
5.123478412628174 
5.288402557373047 
5.123478412628174 
5.288402557373047 
5.288402557373047 
5.288402557373047 
6.927358150482178 
7.015513896942139 
5.288402557373047 
5.288402557373047 
5.123478412628174 
5.123478412628174 
5.288402557373047 
5.063704490661621 
5.123478412628174 
5.060224533081055 
5.123478412628174 
5.288402557373047 
5.443145275115967 
5.123478412628174 
5.288402557373047 
5.081089973449707 
5.645297527313232 
5.288402557373047 
6.007569313049316 
7.5319132804870605 
5.123478412628174 
5.123478412628174 
5.288402557373047 
5.123478412628174 
5.123478412628174 
5.288402557373047 
5.288402557373047 
5.149721622467041 
6.3773274421691895 
5.118996620178223 
5.288402557373047 
5.123478412628174 
5.288402557373047 
5.123478412628174 
5.288402557373047 
5.094915866851807 
5.123478412628174 
5.060224533081055 
5.051697254180908 
5.161398410797119 
5.288402557373047 
5.1268134117126465 
5.123478412628174 
5.130274295806885 
5.130274295806885 
5.808365345001221 
5.697727680206299 
5.589847087860107 
5.115664958953857 
5.11561918258667 
5.123478412628174 
7.016592025756836 
5.123478412628174 
5.123478412628174 
5.754853248596191 
5.288402557373047 
5.288402557373047 
5.288402557373047 
6.4550251960754395 
5.123478412628174 
5.571976184844971 
5.293001174926758 
5.577577114105225 
5.160253524780273 
5.764919757843018 
5.123478412628174 
5.288402557373047 
5.060224533081055 
5.294020652770996 
5.44965124130249 
5.063704490661621 
5.123478412628174 
5.130274295806885 
5.05230188369751 
5.842217922210693 
5.112586498260498 
5.288402557373047 
6.631131649017334 
5.288402557373047 
5.288402557373047 
5.288402557373047 
5.288402557373047 
5.288402557373047 
5.332932949066162 
5.288402557373047 
5.809366703033447 
5.84982967376709 
5.088926315307617 
5.443009853363037 
5.358870983123779 
5.288402557373047 
5.623763561248779 
5.115663528442383 
5.288402557373047 
5.433773040771484 
5.163258075714111 
5.288402557373047 
5.288402557373047 
5.443009853363037 
5.123478412628174 
5.11561918258667 
5.123478412628174 
5.288402557373047 
5.288402557373047 
5.288402557373047 
5.123478412628174 
5.0011138916015625 
5.123478412628174 
5.063704490661621 
5.288402557373047 
5.629103660583496 
6.196991443634033 
5.288402557373047 
6.82998514175415 
5.11561918258667 
5.288402557373047 
5.288402557373047 
5.005049705505371 
5.123478412628174 
5.060639381408691 
5.288402557373047 
5.288402557373047 
5.44965124130249 
5.123478412628174 
5.288402557373047 
5.423893928527832 
5.288402557373047 
5.828672885894775 
5.288402557373047 
5.81940221786499 
5.288402557373047 
5.288402557373047 
5.288402557373047 
5.294020652770996 
5.241530418395996 
5.120800495147705 
5.130274295806885 
5.160253524780273 
6.590796947479248 
5.123478412628174 
5.288402557373047 
5.288402557373047 
6.430224418640137 
5.778608798980713 
5.164539813995361 
5.288402557373047 
5.288402557373047 
6.24470329284668 
6.039982318878174 
5.161280632019043 
5.288402557373047 
5.11561918258667 
5.616369247436523 
5.123478412628174 
5.11561918258667 
5.512619972229004 
6.03685188293457 
6.06146764755249 
6.390136241912842 
6.675907611846924 
5.288402557373047 
5.112663745880127 
5.288402557373047 
5.288402557373047 
5.123501300811768 
5.288402557373047 
5.640226364135742 
5.436437129974365 
5.635682582855225 
7.129640102386475 
6.701190948486328 
5.288402557373047 
5.092910289764404 
5.288402557373047 
5.115663528442383 
5.448892116546631 
5.288402557373047 
5.288402557373047 
6.2201714515686035 
5.288402557373047 
5.288402557373047 
7.029111385345459 
5.691671848297119 
5.288402557373047 
5.165456295013428 
5.623763561248779 
5.288402557373047 
5.123478412628174 
5.11561918258667 
5.162951469421387 
5.288402557373047 
5.288402557373047 
5.145683765411377 
5.123478412628174 
5.288402557373047 
5.704680919647217 
5.288402557373047 
4.9162468910217285 
6.720553398132324 
5.288402557373047 
5.379305362701416 
5.1237592697143555 
5.288402557373047 
6.339209079742432 
5.288402557373047 
5.288402557373047 
5.123478412628174 
5.288402557373047 
5.123478412628174 
5.288402557373047 
5.288402557373047 
5.123478412628174 
5.130274295806885 
5.123173713684082 
6.3808770179748535 
5.761105537414551 
5.288402557373047 
5.631930351257324 
5.288402557373047 
6.22221565246582 
5.288402557373047 
5.9457926750183105 
5.288402557373047 
5.288402557373047 
5.510583400726318 
5.745304584503174 
5.123478412628174 
6.371873378753662 
5.123478412628174 
6.245828151702881 
5.288402557373047 
5.870199203491211 
5.45342493057251 
5.288402557373047 
5.729391098022461 
5.30595064163208 
5.288402557373047 
5.11561918258667 
5.288402557373047 
6.517220973968506 
5.067554950714111 
6.059194087982178 
5.288402557373047 
4.9580912590026855 
5.123478412628174 
6.459980010986328 
5.3006272315979 
5.288402557373047 
5.123478412628174 
5.123478412628174 
5.288402557373047 
5.123478412628174 
5.288402557373047 
5.123478412628174 
5.288402557373047 
7.674208164215088 
5.288402557373047 
5.288402557373047 
5.161783695220947 
5.11561918258667 
5.288402557373047 
5.115762233734131 
5.288402557373047 
5.288402557373047 
5.288402557373047 
5.288402557373047 
4.918759346008301 
5.123478412628174 
5.123478412628174 
5.288402557373047 
6.124789714813232 
5.288402557373047 
5.288402557373047 
6.842978477478027 
5.288402557373047 
6.09273099899292 
5.288402557373047 
6.306804656982422 
5.288402557373047 
7.253036975860596 
5.123478412628174 
5.288402557373047 
5.123478412628174 
5.123478412628174 
5.623763561248779 
5.288402557373047 
5.7799973487854 
5.117383003234863 
5.123478412628174 
5.123478412628174 
5.11561918258667 
5.288402557373047 
5.288402557373047 
5.164539813995361 
5.123478412628174 
5.823464870452881 
5.97117280960083 
5.288402557373047 
5.123478412628174 
5.422917366027832 
5.11561918258667 
5.794473171234131 
5.123478412628174 
5.423893928527832 
5.288402557373047 
5.123478412628174 
5.774315357208252 
5.288402557373047 
5.192627429962158 
5.123478412628174 
5.7646942138671875 
5.021477699279785 
5.123478412628174 
5.123478412628174 
5.11561918258667 
5.426041126251221 
6.261969566345215 
5.060224533081055 
6.0040974617004395 
5.288402557373047 
5.288402557373047 
5.291105270385742 
5.145153999328613 
5.160253524780273 
5.288402557373047 
5.163397789001465 
5.80772066116333 
5.288402557373047 
6.699545860290527 
5.288402557373047 
5.454892635345459 
5.7204461097717285 
5.288402557373047 
5.11561918258667 
5.288402557373047 
5.77101993560791 
5.555912494659424 
5.778608798980713 
5.580848217010498 
6.668823719024658 
5.288402557373047 
5.535261631011963 
5.013449668884277 
5.288402557373047 
5.9028639793396 
6.918163776397705 
5.123478412628174 
5.270560264587402 
5.821499347686768 
5.143453598022461 
6.3338847160339355 
5.130274295806885 
5.288402557373047 
5.123478412628174 
5.288402557373047 
5.337982654571533 
5.288402557373047 
5.288402557373047 
5.123478412628174 
5.139490127563477 
6.4925312995910645 
5.123478412628174 
5.288402557373047 
5.288402557373047 
5.288402557373047 
5.084189414978027 
6.89424467086792 
5.059278964996338 
5.123478412628174 
5.288402557373047 
5.423893928527832 
5.288402557373047 
5.057459354400635 
5.088211536407471 
5.288402557373047 
5.092910289764404 
6.4546990394592285 
5.288402557373047 
5.288402557373047 
5.1623616218566895 
5.123478412628174 
5.288402557373047 
5.288402557373047 
5.123478412628174 
5.123478412628174 
6.382054805755615 
5.288402557373047 
6.466426372528076 
5.160253524780273 
5.123478412628174 
5.446096897125244 
5.130274295806885 
5.288402557373047 
5.472048282623291 
5.11561918258667 
5.288402557373047 
5.288402557373047 
6.377567768096924 
5.288402557373047 
5.123478412628174 
5.123478412628174 
5.280246734619141 
5.437191486358643 
6.1127028465271 
6.333287715911865 
5.090208053588867 
5.423893928527832 
5.691861629486084 
5.288402557373047 
5.123478412628174 
5.141700267791748 
5.288402557373047 
5.288402557373047 
6.2577290534973145 
5.161618232727051 
5.4416422843933105 
5.288402557373047 
5.288402557373047 
5.164539813995361 
5.288402557373047 
5.778608798980713 
5.165299892425537 
5.123478412628174 
5.123478412628174 
5.288402557373047 
5.123478412628174 
5.288402557373047 
5.123478412628174 
5.288402557373047 
5.1235198974609375 
5.288402557373047 
5.123478412628174 
5.635461330413818 
5.090024471282959 
5.146085262298584 
5.288402557373047 
6.1719489097595215 
5.123478412628174 
5.0168375968933105 
5.5067524909973145 
5.781477451324463 
5.11561918258667 
5.123478412628174 
5.45823335647583 
5.11561918258667 
5.288402557373047 
4.992037773132324 
5.087514400482178 
5.288402557373047 
5.288402557373047 
5.44965124130249 
5.288402557373047 
5.288402557373047 
7.224793910980225 
5.123478412628174 
5.288402557373047 
5.288402557373047 
5.761105537414551 
5.288402557373047 
5.778608798980713 
5.750722408294678 
5.288402557373047 
5.11561918258667 
5.123478412628174 
5.288402557373047 
5.288402557373047 
5.691671848297119 
5.123478412628174 
5.7799973487854 
5.288402557373047 
5.562744617462158 
5.160253524780273 
5.56321382522583 
7.03999662399292 
5.288402557373047 
5.437191486358643 
5.123478412628174 
5.288402557373047 
5.837279796600342 
7.241604328155518 
5.288402557373047 
5.288402557373047 
5.123478412628174 
5.572991847991943 
5.288402557373047 
5.123478412628174 
5.446664333343506 
5.442256450653076 
5.123478412628174 
5.123478412628174 
5.088926315307617 
5.288402557373047 
5.778608798980713 
5.288402557373047 
5.164539813995361 
5.0867791175842285 
5.327656269073486 
5.536471843719482 
5.123478412628174 
5.123478412628174 
5.823464870452881 
5.465179920196533 
5.123478412628174 
5.058774471282959 
6.9253621101379395 
5.288402557373047 
5.123478412628174 
5.288402557373047 
5.656174659729004 
5.288402557373047 
5.288402557373047 
5.123610973358154 
5.609630107879639 
5.288402557373047 
5.575969219207764 
5.121690273284912 
7.217616558074951 
5.288402557373047 
5.56321382522583 
5.495900630950928 
5.11561918258667 
5.582170009613037 
5.288402557373047 
5.288402557373047 
5.123478412628174 
5.288402557373047 
5.123478412628174 
5.288402557373047 
6.445860385894775 
5.487900733947754 
5.288402557373047 
5.123559474945068 
5.288402557373047 
5.288402557373047 
5.288402557373047 
5.063704490661621 
5.09429407119751 
5.288402557373047 
7.228774547576904 
5.288402557373047 
5.1302056312561035 
5.123478412628174 
6.445860385894775 
5.670947074890137 
5.052610874176025 
5.288402557373047 
5.162246227264404 
5.437191486358643 
5.123262882232666 
5.123478412628174 
5.123478412628174 
5.249623775482178 
5.288402557373047 
5.123478412628174 
5.123610973358154 
5.123478412628174 
5.040131092071533 
5.130274295806885 
5.288402557373047 
5.759734630584717 
5.123478412628174 
5.288402557373047 
5.123478412628174 
5.288402557373047 
5.160915374755859 
6.157772541046143 
5.288402557373047 
5.123478412628174 
6.445860385894775 
5.623763561248779 
5.123478412628174 
5.154086589813232 
5.288402557373047 
5.288402557373047 
5.288402557373047 
5.1002326011657715 
5.288402557373047 
5.288402557373047 
5.288402557373047 
5.288402557373047 
5.130274295806885 
5.11561918258667 
5.123478412628174 
6.146290302276611 
5.288402557373047 
5.1034040451049805 
5.288402557373047 
5.123478412628174 
5.288402557373047 
5.092910289764404 
5.11561918258667 
5.522740364074707 
5.123478412628174 
5.565030574798584 
5.026274681091309 
5.160253524780273 
5.582492828369141 
5.288402557373047 
5.288402557373047 
5.288402557373047 
6.929349899291992 
5.663691997528076 
5.450809001922607 
5.288402557373047 
5.288402557373047 
5.828557968139648 
7.452983379364014 
5.0924835205078125 
5.11561918258667 
5.924905776977539 
5.139859199523926 
5.038279056549072 
5.452373504638672 
5.130274295806885 
5.288402557373047 
5.288402557373047 
5.123478412628174 
6.865299224853516 
5.288402557373047 
5.123478412628174 
5.123478412628174 
5.288402557373047 
4.971741676330566 
6.89424467086792 
5.063704490661621 
5.7799973487854 
5.856914520263672 
5.288402557373047 
5.551121234893799 
5.288402557373047 
5.123478412628174 
5.123478412628174 
5.288402557373047 
5.288402557373047 
6.6761956214904785 
5.288402557373047 
5.571509838104248 
5.071071624755859 
5.163156032562256 
5.288402557373047 
5.123478412628174 
5.789968013763428 
5.145895481109619 
5.288402557373047 
5.577577114105225 
5.44965124130249 
5.288402557373047 
7.019212245941162 
5.2753705978393555 
5.092910289764404 
6.367546558380127 
5.288402557373047 
5.288402557373047 
5.209196090698242 
5.288402557373047 
5.288402557373047 
5.118110656738281 
5.115708827972412 
6.214176654815674 
5.921744346618652 
5.7799973487854 
5.123478412628174 
5.288402557373047 
5.026008129119873 
5.11561918258667 
5.288402557373047 
5.123478412628174 
5.0557966232299805 
5.007415771484375 
5.288402557373047 
5.7799973487854 
5.288402557373047 
5.11561918258667 
5.023388862609863 
5.569243907928467 
5.423893928527832 
5.288402557373047 
5.288402557373047 
5.288402557373047 
6.195602893829346 
5.288402557373047 
5.764626502990723 
5.123478412628174 
5.823464870452881 
7.254386901855469 
5.161189556121826 
5.528611660003662 
5.288402557373047 
5.6130170822143555 
6.122737407684326 
5.288402557373047 
5.288402557373047 
5.598886013031006 
5.443009853363037 
5.288402557373047 
5.288402557373047 
5.288402557373047 
5.288402557373047 
5.577577114105225 
6.1801371574401855 
5.434333324432373 
5.515096187591553 
5.123478412628174 
5.123478412628174 
5.288402557373047 
5.123478412628174 
5.075136661529541 
5.288402557373047 
5.272926330566406 
5.433773040771484 
5.123478412628174 
5.288402557373047 
5.123478412628174 
5.123600482940674 
5.123478412628174 
5.123478412628174 
5.11561918258667 
5.130274295806885 
5.288402557373047 
5.123478412628174 
5.123478412628174 
5.087371349334717 
5.94477653503418 
7.317716121673584 
5.288402557373047 
5.164791584014893 
5.160253524780273 
5.288402557373047 
5.968447685241699 
5.288402557373047 
5.288402557373047 
5.063704490661621 
5.288402557373047 
6.674532890319824 
5.120420455932617 
5.0717644691467285 
5.158879280090332 
6.972362995147705 
5.288402557373047 
5.288402557373047 
5.288402557373047 
5.288402557373047 
5.288402557373047 
5.05670690536499 
5.123478412628174 
5.44965124130249 
5.114990711212158 
5.288402557373047 
5.679117679595947 
5.130274295806885 
5.123478412628174 
5.878551959991455 
5.288402557373047 
5.123478412628174 
5.288402557373047 
5.288402557373047 
5.288402557373047 
5.1519951820373535 
5.640661239624023 
7.21610689163208 
5.412865161895752 
5.303335189819336 
5.113193988800049 
6.360149383544922 
5.123478412628174 
5.160253524780273 
5.288402557373047 
5.288402557373047 
5.288402557373047 
6.25364351272583 
5.288402557373047 
5.123478412628174 
5.437191486358643 
5.288402557373047 
6.511602878570557 
5.288402557373047 
5.288402557373047 
5.616226673126221 
5.288402557373047 
5.288402557373047 
5.160253524780273 
6.732141017913818 
5.139859199523926 
5.123478412628174 
5.43330717086792 
5.563210964202881 
5.142437934875488 
5.44364595413208 
5.123478412628174 
5.123478412628174 
5.288402557373047 
5.019392490386963 
5.123478412628174 
5.161929130554199 
5.149082660675049 
5.288402557373047 
5.288402557373047 
5.288402557373047 
5.288402557373047 
5.094915866851807 
5.123478412628174 
5.288402557373047 
7.358004093170166 
5.123478412628174 
5.123478412628174 
5.288402557373047 
5.111677646636963 
5.288402557373047 
5.6537957191467285 
5.11561918258667 
5.337982654571533 
5.537839412689209 
5.123478412628174 
5.288402557373047 
5.455501079559326 
5.288402557373047 
5.288402557373047 
5.288402557373047 
5.288402557373047 
6.327989101409912 
5.288402557373047 
5.288402557373047 
5.123478412628174 
5.130274295806885 
5.288402557373047 
5.097162246704102 
5.507992267608643 
6.070986270904541 
5.577577114105225 
5.288402557373047 
5.288402557373047 
5.123478412628174 
5.1599321365356445 
5.288402557373047 
6.227846145629883 
5.090627193450928 
5.123478412628174 
5.288402557373047 
5.123478412628174 
5.11561918258667 
5.288402557373047 
5.710423946380615 
5.288402557373047 
5.511722087860107 
5.437191486358643 
5.288402557373047 
5.2426629066467285 
6.840178489685059 
5.288402557373047 
5.288402557373047 
5.288402557373047 
5.748572826385498 
5.288402557373047 
5.288402557373047 
5.288402557373047 
5.288402557373047 
5.123478412628174 
5.809366703033447 
5.087081432342529 
5.288402557373047 
5.123501300811768 
5.288402557373047 
5.123478412628174 
5.123478412628174 
5.443009853363037 
5.288402557373047 
5.130274295806885 
5.288402557373047 
5.123478412628174 
5.288402557373047 
5.288402557373047 
5.139859199523926 
5.288402557373047 
5.433773040771484 
5.288402557373047 
5.123478412628174 
5.164539813995361 
5.288402557373047 
5.288402557373047 
5.288402557373047 
5.288402557373047 
6.102200031280518 
5.288402557373047 
5.123478412628174 
5.288402557373047 
5.288402557373047 
5.123478412628174 
5.809366703033447 
5.423893928527832 
5.288402557373047 
5.123478412628174 
5.123478412628174 
6.245538234710693 
5.123478412628174 
5.288402557373047 
5.123478412628174 
5.288402557373047 
5.75547456741333 
5.123478412628174 
5.288402557373047 
5.288402557373047 
5.44965124130249 
5.288402557373047 
5.121527671813965 
5.123501300811768 
5.288402557373047 
5.123478412628174 
5.562864780426025 
5.288402557373047 
5.738596439361572 
5.123332500457764 
5.288402557373047 
5.160253524780273 
5.288402557373047 
5.123478412628174 
5.5049662590026855 
5.123478412628174 
5.288402557373047 
5.123478412628174 
5.288402557373047 
5.104602336883545 
7.531460285186768 
5.288402557373047 
5.288402557373047 
5.123478412628174 
5.288402557373047 
5.288402557373047 
5.288402557373047 
5.123478412628174 
5.423893928527832 
5.123478412628174 
5.288402557373047 
6.114099025726318 
5.288402557373047 
5.288402557373047 
5.11561918258667 
5.11561918258667 
6.445860385894775 
5.822847843170166 
6.10747766494751 
5.123478412628174 
5.157565593719482 
5.3590569496154785 
5.288402557373047 
5.13852596282959 
5.288402557373047 
5.998699188232422 
5.288402557373047 
5.123478412628174 
5.288402557373047 
5.288402557373047 
5.162046909332275 
5.164539813995361 
5.123478412628174 
6.67346715927124 
5.44364595413208 
5.123478412628174 
5.288402557373047 
5.288402557373047 
5.105841159820557 
7.38208532333374 
5.123478412628174 
5.122818470001221 
7.267573833465576 
5.164539813995361 
6.01690149307251 
5.288402557373047 
5.288402557373047 
6.045651912689209 
5.118937015533447 
7.883342266082764 
6.492084980010986 
5.123478412628174 
6.210165977478027 
5.123478412628174 
5.123478412628174 
5.288402557373047 
6.034575462341309 
5.288402557373047 
5.288402557373047 
5.439856052398682 
5.063704490661621 
5.456604480743408 
5.7396626472473145 
5.123478412628174 
5.288402557373047 
5.381904602050781 
5.288402557373047 
5.8788251876831055 
6.695104598999023 
5.288402557373047 
6.039982318878174 
5.123478412628174 
5.054332256317139 
5.288402557373047 
5.061010837554932 
5.11561918258667 
5.288402557373047 
5.288402557373047 
5.288402557373047 
5.123478412628174 
6.773865222930908 
5.092910289764404 
5.443129539489746 
5.123478412628174 
5.691671848297119 
5.288402557373047 
5.836851119995117 
6.236776828765869 
5.288402557373047 
5.288402557373047 
5.809366703033447 
5.864138126373291 
5.079923152923584 
5.288402557373047 
5.072395324707031 
5.288402557373047 
5.6963372230529785 
5.123478412628174 
5.1227569580078125 
5.165456295013428 
6.489307880401611 
5.960210800170898 
5.288402557373047 
5.123478412628174 
5.288402557373047 
5.123478412628174 
6.87355375289917 
5.120550155639648 
8.037728309631348 
5.123478412628174 
5.288402557373047 
5.162229061126709 
5.288402557373047 
5.123478412628174 
5.288402557373047 
5.123478412628174 
5.288402557373047 
5.288402557373047 
5.809366703033447 
5.898804187774658 
5.288402557373047 
5.11561918258667 
5.4891581535339355 
5.132296085357666 
5.288402557373047 
6.524238109588623 
5.623763561248779 
5.123478412628174 
5.288402557373047 
5.164539813995361 
6.5068678855896 
5.288402557373047 
6.304815769195557 
5.123478412628174 
5.434153079986572 
6.762821674346924 
5.123561382293701 
5.050648212432861 
5.288402557373047 
5.288402557373047 
5.580165386199951 
7.166572093963623 
5.123478412628174 
5.378148555755615 
5.123478412628174 
5.288402557373047 
5.288402557373047 
6.8559956550598145 
5.288402557373047 
5.433773040771484 
6.587240695953369 
5.450141906738281 
5.106997489929199 
5.288402557373047 
5.123478412628174 
5.123501300811768 
5.1269917488098145 
6.78748893737793 
5.123478412628174 
5.755733489990234 
5.288402557373047 
5.288402557373047 
5.288402557373047 
5.160253524780273 
6.137038707733154 
6.101791858673096 
5.123478412628174 
5.123478412628174 
5.288402557373047 
5.288402557373047 
5.461065769195557 
5.288402557373047 
5.123478412628174 
5.11561918258667 
6.059604167938232 
5.092910289764404 
5.288402557373047 
5.288402557373047 
5.123478412628174 
5.288402557373047 
5.096695423126221 
5.288402557373047 
5.288402557373047 
5.640120029449463 
5.56321382522583 
5.437191486358643 
5.123501300811768 
5.123478412628174 
5.4374237060546875 
5.123478412628174 
5.288402557373047 
5.288402557373047 
5.123478412628174 
5.809366703033447 
5.288402557373047 
5.443009853363037 
5.809366703033447 
5.123478412628174 
6.3477253913879395 
5.218331336975098 
5.1378583908081055 
7.0124030113220215 
5.714482307434082 
5.288402557373047 
5.049172401428223 
5.063324451446533 
6.554976940155029 
5.56321382522583 
5.288402557373047 
5.691671848297119 
5.288402557373047 
5.123478412628174 
6.682407855987549 
5.487584590911865 
5.288402557373047 
5.123478412628174 
5.119311809539795 
5.336109161376953 
6.189765453338623 
7.130677700042725 
5.288402557373047 
5.123478412628174 
5.165543079376221 
5.123478412628174 
7.889840602874756 
5.123478412628174 
6.425868511199951 
5.288402557373047 
5.130274295806885 
5.425947189331055 
5.288402557373047 
5.809366703033447 
5.94446325302124 
5.092910289764404 
5.44965124130249 
5.104764938354492 
5.816134929656982 
5.288402557373047 
5.123478412628174 
5.1506571769714355 
5.288402557373047 
5.428249359130859 
6.20882511138916 
5.162068843841553 
6.2694268226623535 
6.063174724578857 
5.088064670562744 
5.123478412628174 
5.161984920501709 
5.123478412628174 
5.123478412628174 
5.288402557373047 
6.90967321395874 
5.288402557373047 
5.288402557373047 
5.288402557373047 
5.288402557373047 
7.68385648727417 
5.778608798980713 
5.288402557373047 
5.288402557373047 
5.623763561248779 
5.691861629486084 
5.123478412628174 
5.848355770111084 
5.11561918258667 
5.138422012329102 
5.288402557373047 
7.2337846755981445 
5.288402557373047 
6.389997959136963 
5.051235198974609 
5.122136116027832 
5.288402557373047 
7.452983379364014 
5.288402557373047 
5.123478412628174 
5.7535881996154785 
5.11663293838501 
5.123478412628174 
5.123478412628174 
5.9882965087890625 
5.123478412628174 
5.288402557373047 
5.288402557373047 
5.288402557373047 
6.3209309577941895 
5.037270545959473 
5.123562335968018 
5.288402557373047 
5.288402557373047 
6.6581621170043945 
5.13574743270874 
5.414321422576904 
5.123478412628174 
5.288402557373047 
5.450376987457275 
6.89424467086792 
5.935201168060303 
5.609630107879639 
6.427366733551025 
6.402435779571533 
5.288402557373047 
6.76596212387085 
5.288402557373047 
6.134758472442627 
5.087913990020752 
5.433773040771484 
5.1672234535217285 
4.9414472579956055 
5.437191486358643 
5.11306095123291 
5.123478412628174 
6.0668158531188965 
6.21100378036499 
5.288402557373047 
6.730117321014404 
5.288402557373047 
5.123478412628174 
5.443868637084961 
5.288402557373047 
6.587879657745361 
5.0599589347839355 
5.164539813995361 
5.123478412628174 
6.212935924530029 
5.288402557373047 
5.092910289764404 
5.590599536895752 
5.116606712341309 
5.6130170822143555 
5.288402557373047 
5.288402557373047 
5.44965124130249 
5.288402557373047 
6.682119846343994 
6.937343120574951 
5.454548358917236 
5.288402557373047 
5.288402557373047 
5.288402557373047 
5.437191486358643 
5.288402557373047 
6.182137966156006 
5.123478412628174 
5.288402557373047 
5.288402557373047 
5.123478412628174 
5.123478412628174 
5.288402557373047 
5.288402557373047 
5.123478412628174 
5.11561918258667 
5.288402557373047 
5.288402557373047 
5.288402557373047 
5.123478412628174 
5.165456295013428 
6.2271904945373535 
5.11561918258667 
5.288402557373047 
5.175241947174072 
5.11561918258667 
5.123478412628174 
6.200051307678223 
6.991206645965576 
5.288402557373047 
6.730682849884033 
5.123478412628174 
5.288402557373047 
5.059439182281494 
5.051581382751465 
5.123478412628174 
6.206033229827881 
5.799994468688965 
5.288402557373047 
5.164539813995361 
5.288402557373047 
5.288402557373047 
5.288402557373047 
5.11561918258667 
5.288402557373047 
6.163902759552002 
5.288402557373047 
5.123478412628174 
5.70966100692749 
5.123478412628174 
5.123501300811768 
5.123478412628174 
6.245828151702881 
5.0851616859436035 
5.288402557373047 
5.092904567718506 
5.123478412628174 
5.44965124130249 
6.178904056549072 
6.039535045623779 
6.80185604095459 
5.288402557373047 
5.123478412628174 
5.288402557373047 
6.198753833770752 
5.018209457397461 
5.288402557373047 
6.001138687133789 
5.11561918258667 
5.288402557373047 
5.123478412628174 
5.288402557373047 
5.094915866851807 
5.288402557373047 
5.123501300811768 
5.836851119995117 
5.288402557373047 
5.648223876953125 
5.288402557373047 
5.288402557373047 
5.827706813812256 
5.288402557373047 
5.288402557373047 
5.131385326385498 
6.243293762207031 
5.031446933746338 
5.288402557373047 
5.089951515197754 
5.288402557373047 
6.013978481292725 
5.288402557373047 
5.288402557373047 
6.463708400726318 
5.823464870452881 
5.5986199378967285 
5.691671848297119 
5.060224533081055 
5.058404445648193 
5.288402557373047 
5.119988441467285 
5.123478412628174 
5.130274295806885 
5.123478412628174 
5.4486823081970215 
6.89424467086792 
5.123478412628174 
5.123478412628174 
5.123478412628174 
5.023619174957275 
5.465179920196533 
5.107847690582275 
5.7956366539001465 
5.288402557373047 
5.13026762008667 
5.122653007507324 
5.123478412628174 
5.123478412628174 
5.456383228302002 
5.123478412628174 
5.492929935455322 
5.123478412628174 
5.123478412628174 
5.123478412628174 
6.867058277130127 
5.9014058113098145 
5.123478412628174 
5.843183994293213 
5.288402557373047 
5.123478412628174 
5.123478412628174 
5.433773040771484 
6.484278202056885 
7.450856685638428 
5.092910289764404 
5.123478412628174 
5.443009853363037 
5.785802364349365 
5.123478412628174 
5.123478412628174 
5.160256862640381 
5.123478412628174 
5.123478412628174 
5.691671848297119 
5.123610973358154 
5.130274295806885 
5.288402557373047 
5.288402557373047 
5.288402557373047 
5.986311912536621 
5.123478412628174 
5.123501300811768 
5.11561918258667 
5.288402557373047 
5.623763561248779 
5.288402557373047 
4.934157848358154 
5.288402557373047 
5.288402557373047 
5.288402557373047 
5.11561918258667 
5.037028789520264 
5.123478412628174 
5.732909679412842 
5.860825538635254 
5.090839862823486 
5.123478412628174 
5.11561918258667 
5.288402557373047 
5.288402557373047 
5.277503967285156 
5.123478412628174 
6.157566547393799 
5.288402557373047 
5.662109851837158 
6.506143569946289 
5.119054317474365 
5.288402557373047 
5.486948013305664 
5.288402557373047 
5.288402557373047 
6.421168327331543 
5.7264404296875 
5.44965124130249 
5.123562335968018 
5.288402557373047 
5.288402557373047 
7.881685733795166 
5.303335189819336 
5.288402557373047 
5.633432388305664 
5.123478412628174 
5.288402557373047 
5.160253524780273 
5.288402557373047 
5.123478412628174 
5.288402557373047 
5.588301181793213 
5.7386794090271 
7.703161716461182 
5.288402557373047 
5.916422367095947 
6.10016393661499 
5.123478412628174 
5.11561918258667 
5.288402557373047 
6.669455528259277 
5.412327289581299 
5.123478412628174 
5.938479900360107 
6.012636661529541 
5.288402557373047 
5.123478412628174 
5.56321382522583 
5.288402557373047 
5.123478412628174 
5.437445640563965 
5.123478412628174 
6.582481861114502 
5.288402557373047 
6.79296350479126 
5.123478412628174 
5.288402557373047 
5.294432163238525 
4.983867168426514 
5.288402557373047 
5.288402557373047 
5.288402557373047 
5.288402557373047 
5.06854772567749 
5.288402557373047 
5.441431522369385 
7.013002872467041 
5.455270767211914 
5.288402557373047 
5.288402557373047 
5.537794589996338 
5.148260593414307 
7.252735614776611 
5.288402557373047 
5.288402557373047 
7.450156211853027 
6.734431743621826 
5.288402557373047 
5.123478412628174 
5.288402557373047 
5.115905284881592 
5.123478412628174 
5.123478412628174 
6.1198859214782715 
5.288402557373047 
5.123478412628174 
5.622666835784912 
5.288402557373047 
5.892828464508057 
5.587327480316162 
7.272044658660889 
5.123478412628174 
5.123478412628174 
5.977175712585449 
5.288402557373047 
5.288402557373047 
5.288402557373047 
7.436886310577393 
5.123478412628174 
5.123478412628174 
5.331118583679199 
6.152438640594482 
5.165029048919678 
5.478347301483154 
5.11561918258667 
5.288402557373047 
5.61261510848999 
5.123478412628174 
5.422633647918701 
5.288402557373047 
5.123478412628174 
5.288402557373047 
5.377397060394287 
5.432021617889404 
6.445860385894775 
5.288402557373047 
5.123478412628174 
5.288402557373047 
5.288402557373047 
5.288402557373047 
6.039870262145996 
6.2073893547058105 
5.577577114105225 
7.069024085998535 
6.6709418296813965 
5.288402557373047 
5.288402557373047 
5.755733489990234 
5.337671756744385 
5.053277492523193 
5.533083438873291 
5.164539813995361 
5.123478412628174 
5.44965124130249 
5.031596660614014 
5.123478412628174 
5.449547290802002 
5.288402557373047 
5.123478412628174 
5.123478412628174 
5.12731409072876 
5.456383228302002 
5.440955638885498 
5.288402557373047 
6.010533809661865 
5.288402557373047 
7.225058078765869 
5.130274295806885 
5.224624156951904 
5.288402557373047 
5.69679594039917 
5.123478412628174 
5.423893928527832 
5.288402557373047 
5.086416721343994 
5.532328128814697 
5.11561918258667 
5.44364595413208 
5.123478412628174 
5.437191486358643 
5.0760722160339355 
8.047240257263184 
5.982811450958252 
6.128479480743408 
5.288402557373047 
5.024623394012451 
5.123478412628174 
5.11561918258667 
5.670009136199951 
5.288402557373047 
5.288402557373047 
5.130274295806885 
5.160580635070801 
5.288402557373047 
5.288402557373047 
5.623763561248779 
5.0893731117248535 
5.288402557373047 
5.288402557373047 
6.6233954429626465 
6.577008247375488 
5.123478412628174 
5.838935375213623 
5.288402557373047 
5.4494757652282715 
6.35966157913208 
5.288402557373047 
5.288402557373047 
7.173828125 
6.321422576904297 
5.092910289764404 
5.288402557373047 
6.362605094909668 
5.14251708984375 
5.2096757888793945 
5.288402557373047 
5.094915866851807 
5.288402557373047 
5.162394046783447 
5.443009853363037 
5.288402557373047 
5.288402557373047 
5.288402557373047 
5.823464870452881 
5.728156566619873 
5.778608798980713 
5.288402557373047 
5.053277492523193 
7.3208136558532715 
5.231746196746826 
7.876288890838623 
5.288402557373047 
6.688327312469482 
5.288402557373047 
5.288402557373047 
5.162177562713623 
5.445872783660889 
5.158430576324463 
5.288402557373047 
5.123478412628174 
5.823464870452881 
5.123478412628174 
5.123478412628174 
6.26729679107666 
5.35369873046875 
5.092910289764404 
5.288402557373047 
5.288402557373047 
5.544253826141357 
5.887216567993164 
5.123478412628174 
5.623763561248779 
5.249623775482178 
5.11561918258667 
5.288402557373047 
5.11561918258667 
5.288402557373047 
5.123478412628174 
5.130274295806885 
6.087072372436523 
5.123478412628174 
7.0570454597473145 
5.063704490661621 
5.288402557373047 
5.288402557373047 
5.107240200042725 
5.288402557373047 
5.288402557373047 
5.164088726043701 
5.7799973487854 
5.123478412628174 
5.57349157333374 
6.18746280670166 
5.288402557373047 
5.130274295806885 
5.537779331207275 
5.778608798980713 
5.835972309112549 
5.288402557373047 
6.178817272186279 
6.430151462554932 
5.123478412628174 
5.067961692810059 
5.123478412628174 
5.123478412628174 
5.288402557373047 
5.759592533111572 
5.814716815948486 
5.123478412628174 
5.123478412628174 
5.288402557373047 
5.288402557373047 
5.063704490661621 
5.288402557373047 
5.288402557373047 
5.6130170822143555 
5.123478412628174 
5.12241268157959 
5.123478412628174 
6.506143569946289 
5.288402557373047 
6.039982318878174 
5.872452259063721 
5.433773040771484 
5.123478412628174 
5.288402557373047 
5.623763561248779 
5.123478412628174 
5.288402557373047 
5.123478412628174 
5.288402557373047 
5.288402557373047 
4.983867168426514 
5.288402557373047 
6.607694149017334 
5.123478412628174 
6.529941082000732 
6.490688800811768 
5.432419776916504 
6.584469318389893 
5.288402557373047 
5.145359516143799 
5.288402557373047 
5.623763561248779 
5.288402557373047 
5.288402557373047 
5.19368839263916 
5.288402557373047 
5.165456295013428 
5.461065769195557 
5.87073278427124 
5.123478412628174 
5.442256450653076 
6.148346900939941 
5.288402557373047 
5.288402557373047 
5.288402557373047 
5.107847690582275 
5.123478412628174 
5.288402557373047 
5.123478412628174 
5.123501300811768 
5.288402557373047 
5.288402557373047 
5.123478412628174 
5.130237102508545 
5.123478412628174 
5.288402557373047 
5.288402557373047 
5.454548358917236 
5.288402557373047 
5.288402557373047 
6.413461685180664 
5.7565436363220215 
5.123478412628174 
5.508924961090088 
5.130274295806885 
5.123478412628174 
5.288402557373047 
5.11561918258667 
5.288402557373047 
5.123478412628174 
5.123529434204102 
5.11561918258667 
5.288402557373047 
5.839009761810303 
5.444370746612549 
5.288402557373047 
5.288402557373047 
5.123478412628174 
5.123478412628174 
5.695927619934082 
5.288402557373047 
5.123478412628174 
5.859914302825928 
5.288402557373047 
5.11561918258667 
5.288402557373047 
5.288402557373047 
5.288402557373047 
5.552096366882324 
5.288402557373047 
5.163487434387207 
5.123501300811768 
6.506622791290283 
5.090236186981201 
5.123478412628174 
5.288402557373047 
5.198131561279297 
5.288402557373047 
5.288402557373047 
6.169267177581787 
5.288402557373047 
5.288402557373047 
5.783228397369385 
5.077943325042725 
5.288402557373047 
5.633432388305664 
5.423563480377197 
5.554808139801025 
5.019687175750732 
5.123478412628174 
5.288402557373047 
5.163315296173096 
5.288402557373047 
5.762033462524414 
5.164539813995361 
5.288402557373047 
6.370296955108643 
6.367548942565918 
5.996066093444824 
6.186183452606201 
5.622493743896484 
5.068937301635742 
5.670191287994385 
5.671498775482178 
5.288402557373047 
5.288402557373047 
5.446895122528076 
5.562295436859131 
5.237691402435303 
5.11561918258667 
5.123478412628174 
5.079923152923584 
5.288402557373047 
5.411620140075684 
5.288402557373047 
5.142437934875488 
5.2900390625 
5.331404209136963 
5.454010963439941 
5.123478412628174 
6.4401655197143555 
5.123478412628174 
5.557411193847656 
5.435253620147705 
5.100278377532959 
5.123478412628174 
5.288402557373047 
5.288402557373047 
7.121220111846924 
6.164153575897217 
6.143892765045166 
6.049842357635498 
5.445310115814209 
5.949470520019531 
5.123478412628174 
5.130274295806885 
5.496140003204346 
5.123478412628174 
5.122818470001221 
5.123478412628174 
5.11561918258667 
5.123478412628174 
5.077943325042725 
5.123478412628174 
7.231847286224365 
4.961302757263184 
5.288402557373047 
6.475097179412842 
5.143063068389893 
5.288402557373047 
5.434587001800537 
7.166821002960205 
5.136526584625244 
5.123478412628174 
5.123570442199707 
5.288402557373047 
7.674208164215088 
6.798147678375244 
5.443009853363037 
5.123478412628174 
5.123478412628174 
5.288402557373047 
5.123478412628174 
5.288402557373047 
5.288402557373047 
5.288402557373047 
5.161099910736084 
5.793065547943115 
5.158724784851074 
5.123478412628174 
5.288402557373047 
5.160253524780273 
5.123478412628174 
5.44965124130249 
5.843994140625 
5.123478412628174 
5.288402557373047 
5.092910289764404 
5.033115863800049 
6.054469108581543 
6.177964210510254 
5.288402557373047 
5.753570079803467 
5.164539813995361 
5.138446807861328 
5.288402557373047 
5.446291446685791 
5.88801908493042 
5.288402557373047 
5.741795063018799 
5.123478412628174 
5.123478412628174 
5.123478412628174 
5.060224533081055 
5.288402557373047 
6.445860385894775 
6.001898288726807 
5.288402557373047 
5.459582328796387 
5.123478412628174 
5.162054538726807 
5.458258152008057 
5.288402557373047 
5.288402557373047 
5.288402557373047 
5.656004428863525 
6.114099025726318 
5.288402557373047 
5.130274295806885 
5.275874614715576 
5.288402557373047 
5.123478412628174 
5.123478412628174 
6.0271782875061035 
5.123478412628174 
6.1069183349609375 
5.729763507843018 
5.160253524780273 
5.778608798980713 
5.123478412628174 
5.11561918258667 
5.11561918258667 
5.288402557373047 
5.123478412628174 
6.4925312995910645 
5.288402557373047 
5.288402557373047 
5.123478412628174 
5.123523235321045 
5.123478412628174 
5.288402557373047 
5.11561918258667 
6.769714832305908 
5.288402557373047 
5.288402557373047 
6.339657306671143 
5.123478412628174 
5.433773040771484 
5.288402557373047 
5.288402557373047 
5.288402557373047 
5.288402557373047 
5.123478412628174 
5.123478412628174 
5.288402557373047 
5.288402557373047 
6.304444789886475 
5.130274295806885 
5.123478412628174 
5.123478412628174 
5.472460746765137 
5.288402557373047 
5.288402557373047 
5.422633647918701 
5.123478412628174 
5.482158184051514 
5.123464584350586 
5.288402557373047 
5.060224533081055 
5.123478412628174 
7.654087066650391 
5.123478412628174 
5.288402557373047 
5.058993339538574 
5.123501300811768 
5.288402557373047 
5.778608798980713 
5.288402557373047 
5.040153980255127 
5.288402557373047 
5.123478412628174 
5.535460948944092 
5.288402557373047 
7.488228797912598 
5.288402557373047 
7.967081546783447 
5.5933098793029785 
6.4049859046936035 
5.288402557373047 
5.7657976150512695 
5.123478412628174 
5.855498790740967 
5.123478412628174 
5.123478412628174 
5.288402557373047 
5.288402557373047 
5.467857837677002 
5.123478412628174 
5.288402557373047 
7.162906646728516 
5.536991596221924 
5.288402557373047 
5.288402557373047 
5.454548358917236 
5.823464870452881 
5.288402557373047 
6.89424467086792 
5.288402557373047 
5.288402557373047 
5.288402557373047 
5.733616352081299 
5.288402557373047 
5.123501300811768 
5.288402557373047 
5.123478412628174 
5.123478412628174 
5.288402557373047 
5.288402557373047 
5.482004642486572 
6.573087215423584 
5.288402557373047 
5.288402557373047 
5.560581207275391 
6.125243663787842 
5.288402557373047 
5.434333324432373 
5.925210475921631 
6.778151035308838 
5.288402557373047 
6.372241973876953 
5.288402557373047 
5.288402557373047 
5.288402557373047 
5.836851119995117 
5.130274295806885 
8.6032133102417 
5.288402557373047 
5.288402557373047 
5.123478412628174 
5.123501300811768 
5.288402557373047 
5.288402557373047 
6.10144567489624 
5.288402557373047 
5.433773040771484 
5.123478412628174 
6.5015997886657715 
5.796049118041992 
6.072856426239014 
6.0279059410095215 
5.123478412628174 
5.288402557373047 
5.288402557373047 
5.118553638458252 
6.414453506469727 
5.288402557373047 
5.288402557373047 
5.123478412628174 
5.288402557373047 
5.288402557373047 
5.288402557373047 
5.288402557373047 
5.288402557373047 
5.055735111236572 
5.288402557373047 
5.123478412628174 
6.0232367515563965 
5.031907558441162 
5.288402557373047 
5.288402557373047 
5.288402557373047 
5.288402557373047 
5.288402557373047 
5.123501300811768 
5.123478412628174 
5.123478412628174 
5.063704490661621 
5.115663528442383 
6.282054424285889 
6.971863269805908 
5.288402557373047 
5.591844081878662 
5.288402557373047 
7.455164909362793 
5.123478412628174 
5.288402557373047 
5.718850612640381 
5.123478412628174 
5.288402557373047 
5.288402557373047 
5.618004322052002 
5.123478412628174 
7.019257068634033 
5.288402557373047 
5.288402557373047 
5.288402557373047 
5.123478412628174 
5.288402557373047 
5.288402557373047 
5.123478412628174 
6.25386381149292 
5.423893928527832 
5.288402557373047 
5.123478412628174 
5.288402557373047 
5.288402557373047 
6.228006839752197 
5.288402557373047 
5.123478412628174 
5.123478412628174 
6.147119045257568 
5.288402557373047 
5.126327991485596 
5.288402557373047 
5.288402557373047 
5.288402557373047 
5.288402557373047 
5.288402557373047 
5.288402557373047 
5.288402557373047 
5.123478412628174 
5.123478412628174 
5.336646556854248 
5.288402557373047 
5.123478412628174 
5.288402557373047 
5.123478412628174 
5.288402557373047 
5.288402557373047 
5.051745891571045 
7.056554794311523 
5.288402557373047 
5.142566680908203 
5.3339056968688965 
5.123478412628174 
5.288402557373047 
5.288402557373047 
5.577577114105225 
6.358425140380859 
5.288402557373047 
5.288402557373047 
5.288402557373047 
5.288402557373047 
5.288402557373047 
5.288402557373047 
5.288402557373047 
5.065032482147217 
5.288402557373047 
5.288402557373047 
5.123478412628174 
5.720813274383545 
5.288402557373047 
5.667531967163086 
5.288402557373047 
5.683592319488525 
6.454464435577393 
5.288402557373047 
5.423893928527832 
6.219874858856201 
5.11561918258667 
5.288402557373047 
5.123478412628174 
5.426388740539551 
6.039982318878174 
5.288402557373047 
5.288402557373047 
5.728530406951904 
5.123501300811768 
5.160253524780273 
5.123478412628174 
5.7799973487854 
5.264321804046631 
5.288402557373047 
5.288402557373047 
5.288402557373047 
5.063704490661621 
5.123478412628174 
5.123478412628174 
5.725404739379883 
5.123478412628174 
5.0367255210876465 
5.288402557373047 
5.288402557373047 
5.090543270111084 
5.172912120819092 
6.89424467086792 
5.123478412628174 
6.541791915893555 
5.147332668304443 
5.44364595413208 
5.13606595993042 
6.215569972991943 
5.161280632019043 
5.123478412628174 
5.42311429977417 
5.79705286026001 
5.066113471984863 
5.599610805511475 
5.3906402587890625 
5.123478412628174 
7.181456565856934 
5.577577114105225 
5.123478412628174 
6.308762550354004 
5.645617961883545 
5.288402557373047 
5.288402557373047 
5.288402557373047 
5.4110236167907715 
5.7799973487854 
5.8369460105896 
7.146230220794678 
5.123478412628174 
6.798351764678955 
5.6982197761535645 
5.104044437408447 
5.288402557373047 
5.790656566619873 
5.288402557373047 
6.5277018547058105 
5.288402557373047 
5.288402557373047 
5.288402557373047 
5.123478412628174 
5.288402557373047 
5.123478412628174 
5.123478412628174 
5.288402557373047 
5.288402557373047 
5.38649320602417 
5.288402557373047 
7.144680023193359 
5.288402557373047 
5.288402557373047 
5.123478412628174 
5.288402557373047 
5.288402557373047 
5.130274295806885 
5.06372594833374 
5.288402557373047 
5.288402557373047 
5.123478412628174 
6.510446548461914 
5.162343502044678 
5.026790142059326 
5.288402557373047 
5.288402557373047 
5.123478412628174 
5.288402557373047 
5.522740364074707 
5.824590682983398 
5.123478412628174 
5.123478412628174 
5.288402557373047 
5.11561918258667 
5.123478412628174 
5.288402557373047 
5.123478412628174 
5.44965124130249 
5.130274295806885 
5.288402557373047 
5.294432163238525 
5.130274295806885 
6.2537736892700195 
5.809366703033447 
5.288402557373047 
5.123478412628174 
5.288402557373047 
5.288402557373047 
5.288402557373047 
5.123478412628174 
5.160253524780273 
5.436962604522705 
5.288402557373047 
5.123478412628174 
5.288402557373047 
5.723525524139404 
5.123478412628174 
5.123478412628174 
5.573952674865723 
5.288402557373047 
5.1221089363098145 
5.288402557373047 
5.623763561248779 
5.123478412628174 
5.123478412628174 
5.288402557373047 
5.64358377456665 
5.123478412628174 
5.123478412628174 
5.161159992218018 
5.288402557373047 
7.441565036773682 
5.489625453948975 
5.123478412628174 
5.288402557373047 
5.288402557373047 
5.288402557373047 
5.288402557373047 
5.288402557373047 
5.288402557373047 
6.246879577636719 
5.879148006439209 
5.288402557373047 
5.288402557373047 
5.288402557373047 
5.123478412628174 
5.123478412628174 
5.288402557373047 
5.288402557373047 
5.288402557373047 
6.167693614959717 
5.691671848297119 
5.123478412628174 
5.288402557373047 
5.1625847816467285 
5.288402557373047 
5.090588092803955 
5.051697254180908 
5.288402557373047 
5.123478412628174 
5.288402557373047 
5.554808139801025 
5.123478412628174 
5.907127380371094 
5.024697780609131 
5.952475070953369 
5.7588982582092285 
5.067961692810059 
5.11561918258667 
5.288402557373047 
5.123478412628174 
5.164539813995361 
5.823464870452881 
5.123478412628174 
5.123478412628174 
5.123478412628174 
5.123478412628174 
7.277770519256592 
7.115482807159424 
5.288402557373047 
5.123478412628174 
5.288402557373047 
5.1312761306762695 
6.060121536254883 
5.123478412628174 
5.288402557373047 
5.660534858703613 
5.060224533081055 
5.36379861831665 
5.691671848297119 
5.292774677276611 
5.288402557373047 
5.288402557373047 
5.160253524780273 
5.109196186065674 
5.123478412628174 
5.622666835784912 
5.288402557373047 
5.122982501983643 
6.830270290374756 
5.301598072052002 
5.575170040130615 
5.123478412628174 
5.623763561248779 
5.123478412628174 
7.274228572845459 
5.130274295806885 
5.624643802642822 
5.1629719734191895 
5.160253524780273 
5.136471748352051 
5.288402557373047 
6.000218868255615 
5.288402557373047 
5.122387409210205 
5.288402557373047 
6.445860385894775 
5.56321382522583 
6.205952167510986 
5.123478412628174 
5.235860347747803 
5.123478412628174 
5.123478412628174 
5.288402557373047 
6.913389682769775 
5.288402557373047 
5.869022369384766 
5.062018871307373 
5.288402557373047 
5.123478412628174 
5.778608798980713 
5.123478412628174 
6.418440341949463 
5.288402557373047 
5.288402557373047 
5.288402557373047 
5.123478412628174 
5.288402557373047 
6.950343608856201 
5.288402557373047 
5.139798641204834 
5.794876575469971 
5.063704490661621 
5.288402557373047 
5.60709285736084 
5.288402557373047 
6.010392189025879 
5.130274295806885 
5.424853801727295 
5.288402557373047 
6.38499116897583 
5.592406749725342 
7.50757360458374 
5.288402557373047 
5.288402557373047 
5.123478412628174 
5.288402557373047 
5.1218037605285645 
6.222153186798096 
5.123478412628174 
5.288402557373047 
5.11561918258667 
5.481775760650635 
6.077271938323975 
5.288402557373047 
5.155525207519531 
5.123478412628174 
5.379867076873779 
5.288402557373047 
5.44965124130249 
5.56321382522583 
5.288402557373047 
5.123478412628174 
5.288402557373047 
5.090641021728516 
5.123501300811768 
5.288402557373047 
5.869410991668701 
5.577577114105225 
6.150050640106201 
5.123478412628174 
5.638478755950928 
5.123478412628174 
5.123478412628174 
5.288402557373047 
5.123478412628174 
5.123478412628174 
5.44965124130249 
6.787519454956055 
5.498487949371338 
5.288402557373047 
5.288402557373047 
5.572348117828369 
5.56321382522583 
7.031592845916748 
5.288402557373047 
5.068436145782471 
5.839827060699463 
5.288402557373047 
5.123478412628174 
5.233423233032227 
5.288402557373047 
5.112320423126221 
5.615455627441406 
5.5571818351745605 
5.823464870452881 
5.518266201019287 
5.288402557373047 
5.1223273277282715 
5.575599193572998 
5.288402557373047 
5.123478412628174 
5.288402557373047 
5.623763561248779 
6.867058277130127 
5.123478412628174 
5.455981731414795 
5.288402557373047 
7.35752534866333 
5.159734725952148 
5.288402557373047 
5.123478412628174 
5.904128551483154 
5.288402557373047 
5.145435810089111 
5.909652233123779 
5.44927978515625 
5.288402557373047 
5.288402557373047 
5.288402557373047 
5.123478412628174 
5.123478412628174 
5.778608798980713 
5.288402557373047 
5.495944023132324 
5.433773040771484 
5.288402557373047 
5.419825077056885 
5.118595600128174 
5.461065769195557 
5.288402557373047 
5.288402557373047 
5.986518859863281 
5.123478412628174 
5.165200710296631 
5.288402557373047 
5.123478412628174 
5.123478412628174 
5.288402557373047 
5.288402557373047 
5.288402557373047 
5.288402557373047 
5.123478412628174 
5.288402557373047 
5.123478412628174 
6.947453022003174 
5.123574256896973 
5.288402557373047 
5.123478412628174 
6.1733927726745605 
5.130274295806885 
5.288402557373047 
5.288402557373047 
5.130274295806885 
6.944913387298584 
5.433773040771484 
5.288402557373047 
5.123478412628174 
5.063704490661621 
5.288402557373047 
6.318313121795654 
5.288402557373047 
5.123478412628174 
6.51725959777832 
5.288402557373047 
5.452402591705322 
5.123478412628174 
5.108022689819336 
6.445860385894775 
5.44364595413208 
5.123530864715576 
5.092910289764404 
5.288402557373047 
5.288402557373047 
6.582408428192139 
7.413531303405762 
5.288402557373047 
5.288402557373047 
6.3801751136779785 
5.288402557373047 
7.290005207061768 
5.161007881164551 
5.288402557373047 
5.123478412628174 
5.288402557373047 
5.129001617431641 
5.836282253265381 
6.089934825897217 
5.288402557373047 
5.288402557373047 
5.123478412628174 
5.11561918258667 
5.8019843101501465 
5.288402557373047 
5.835997104644775 
5.385674953460693 
5.433773040771484 
5.288402557373047 
6.39673376083374 
5.288402557373047 
5.666197299957275 
5.123478412628174 
5.44364595413208 
7.202359676361084 
6.9398884773254395 
5.130274295806885 
5.288402557373047 
6.430680751800537 
5.123501300811768 
5.288402557373047 
5.288402557373047 
5.288402557373047 
5.123478412628174 
5.288402557373047 
5.288402557373047 
6.2559051513671875 
5.288402557373047 
5.288402557373047 
5.123478412628174 
5.577577114105225 
5.52690315246582 
5.607283115386963 
6.8988213539123535 
6.253579616546631 
5.288402557373047 
5.130274295806885 
5.123478412628174 
5.288402557373047 
5.604384422302246 
5.640106678009033 
5.288402557373047 
5.123478412628174 
5.123478412628174 
5.729763507843018 
5.4229912757873535 
5.123478412628174 
5.644972801208496 
5.691671848297119 
5.288402557373047 
5.123478412628174 
5.123478412628174 
5.130274295806885 
5.11561918258667 
5.123478412628174 
5.443009853363037 
5.288402557373047 
5.123478412628174 
5.288402557373047 
5.123501300811768 
5.122818470001221 
5.019374370574951 
6.330722332000732 
5.288402557373047 
5.288402557373047 
5.123478412628174 
5.747714519500732 
6.667271137237549 
5.123478412628174 
5.288402557373047 
5.288402557373047 
5.288402557373047 
5.505235195159912 
5.123478412628174 
5.123478412628174 
5.288402557373047 
5.123478412628174 
7.255417823791504 
5.723135948181152 
5.123478412628174 
5.433773040771484 
5.288402557373047 
5.288402557373047 
6.311755657196045 
5.5840020179748535 
5.288402557373047 
4.9899749755859375 
5.123478412628174 
5.123478412628174 
5.123478412628174 
5.288402557373047 
5.288402557373047 
5.288402557373047 
5.123478412628174 
5.288402557373047 
5.060224533081055 
5.123478412628174 
5.123478412628174 
5.123507022857666 
5.123478412628174 
5.123478412628174 
5.114380359649658 
5.288402557373047 
5.161086082458496 
5.288402557373047 
5.104177474975586 
6.693491458892822 
5.474103927612305 
5.288402557373047 
5.500401973724365 
5.123478412628174 
5.836282253265381 
5.123478412628174 
5.60508918762207 
5.288402557373047 
5.288402557373047 
5.066113471984863 
5.288402557373047 
5.288402557373047 
5.123478412628174 
5.288402557373047 
5.288402557373047 
5.11561918258667 
5.288402557373047 
5.123501300811768 
5.380277633666992 
5.288402557373047 
5.11561918258667 
5.123478412628174 
5.733911514282227 
5.5701212882995605 
5.288402557373047 
6.260474681854248 
6.7837114334106445 
5.123478412628174 
5.426116943359375 
5.640106678009033 
5.517446517944336 
6.2053704261779785 
5.288402557373047 
5.123478412628174 
5.288402557373047 
6.7649312019348145 
6.443800449371338 
5.090507984161377 
5.157774925231934 
6.171412944793701 
5.288402557373047 
5.288402557373047 
5.288402557373047 
5.288402557373047 
5.288402557373047 
7.3807454109191895 
5.288402557373047 
5.123478412628174 
5.165456295013428 
5.288402557373047 
5.81781530380249 
6.713621139526367 
5.288402557373047 
5.288402557373047 
5.123478412628174 
5.768067359924316 
5.123478412628174 
5.827558517456055 
5.35369873046875 
5.123478412628174 
5.123478412628174 
5.288402557373047 
6.06878137588501 
5.123478412628174 
5.11561918258667 
5.11561918258667 
5.063960552215576 
5.288402557373047 
6.999470233917236 
5.288402557373047 
5.123478412628174 
5.276632308959961 
5.444454669952393 
5.123478412628174 
5.288402557373047 
5.288402557373047 
6.558814525604248 
5.288402557373047 
5.288402557373047 
5.123478412628174 
5.123478412628174 
5.37919282913208 
5.119309902191162 
5.123478412628174 
5.44364595413208 
5.288402557373047 
5.434333324432373 
5.51217794418335 
4.9471917152404785 
5.288402557373047 
5.437191486358643 
5.288402557373047 
6.179487705230713 
5.123478412628174 
5.288402557373047 
5.123478412628174 
6.725678443908691 
5.288402557373047 
7.528985500335693 
6.277802467346191 
5.288402557373047 
5.288402557373047 
5.288402557373047 
5.123478412628174 
5.123478412628174 
6.89424467086792 
7.3807454109191895 
5.288402557373047 
5.130274295806885 
5.123478412628174 
5.288402557373047 
5.288402557373047 
5.160253524780273 
5.288402557373047 
7.371443271636963 
5.288402557373047 
5.288402557373047 
7.8950324058532715 
7.629810810089111 
5.584331035614014 
5.11561918258667 
5.288402557373047 
5.425385475158691 
5.288402557373047 
5.094915866851807 
5.165112018585205 
5.123478412628174 
7.640167713165283 
6.462464332580566 
5.123478412628174 
5.123478412628174 
5.465179920196533 
5.288402557373047 
5.288402557373047 
6.882627487182617 
5.122565746307373 
5.123478412628174 
5.691671848297119 
5.809366703033447 
5.62563419342041 
5.288402557373047 
6.075038433074951 
5.054809093475342 
7.021606922149658 
5.123478412628174 
5.288402557373047 
5.288402557373047 
6.269035816192627 
5.578501224517822 
5.288402557373047 
5.4713568687438965 
5.288402557373047 
5.288402557373047 
6.016786575317383 
5.288402557373047 
5.123478412628174 
5.130274295806885 
5.6539740562438965 
5.288402557373047 
5.288402557373047 
5.288402557373047 
5.123478412628174 
5.540716648101807 
5.921295166015625 
5.288402557373047 
5.123478412628174 
5.7799973487854 
5.533862590789795 
5.288402557373047 
5.288402557373047 
6.927358150482178 
5.288402557373047 
5.288402557373047 
5.545161724090576 
5.44364595413208 
5.263327121734619 
6.16589879989624 
5.288402557373047 
5.638299465179443 
5.288402557373047 
5.288402557373047 
5.591439723968506 
6.217536449432373 
5.288402557373047 
5.440537929534912 
5.123478412628174 
5.4477033615112305 
5.594969272613525 
5.422633647918701 
5.11561918258667 
5.522397041320801 
5.130274295806885 
5.288402557373047 
5.288402557373047 
5.123478412628174 
5.288402557373047 
5.123478412628174 
6.131869316101074 
5.502505302429199 
6.039982318878174 
5.288402557373047 
5.123478412628174 
5.123478412628174 
5.94038200378418 
5.11561918258667 
5.288402557373047 
5.434333324432373 
5.288402557373047 
5.060224533081055 
5.294020652770996 
5.123478412628174 
5.066493511199951 
7.369024753570557 
5.058075428009033 
5.288402557373047 
5.288402557373047 
5.288402557373047 
5.123478412628174 
5.288402557373047 
5.123478412628174 
5.288402557373047 
5.123478412628174 
6.366719722747803 
5.288402557373047 
5.288402557373047 
5.288402557373047 
5.288402557373047 
5.092910289764404 
5.05147123336792 
5.288402557373047 
5.288402557373047 
5.123478412628174 
5.134637355804443 
5.123478412628174 
6.648134231567383 
6.187613487243652 
5.44965124130249 
5.288402557373047 
5.127726078033447 
5.288402557373047 
5.115663528442383 
6.8574042320251465 
5.060224533081055 
5.288402557373047 
6.349668502807617 
5.141366481781006 
6.504231929779053 
6.519957542419434 
6.039982318878174 
5.123478412628174 
5.288402557373047 
5.123478412628174 
5.11561918258667 
5.143760681152344 
5.288402557373047 
5.288402557373047 
5.472833156585693 
5.288402557373047 
5.123478412628174 
5.663239479064941 
5.288402557373047 
5.929182052612305 
5.617814064025879 
5.44965124130249 
5.288402557373047 
5.123478412628174 
5.288402557373047 
5.945886611938477 
5.288402557373047 
5.288402557373047 
5.123478412628174 
6.026468276977539 
5.288402557373047 
5.83669900894165 
5.288402557373047 
6.316198825836182 
5.288402557373047 
5.288402557373047 
5.288402557373047 
5.361303329467773 
5.066493511199951 
5.288402557373047 
5.123478412628174 
5.055619716644287 
5.44364595413208 
5.443009853363037 
5.123478412628174 
5.123478412628174 
5.288402557373047 
5.965978145599365 
5.288402557373047 
5.288402557373047 
5.288402557373047 
5.123478412628174 
5.164539813995361 
6.237159252166748 
5.123478412628174 
5.123478412628174 
5.288402557373047 
5.288402557373047 
4.937673091888428 
5.288402557373047 
5.160253524780273 
5.288402557373047 
5.331061840057373 
7.020107746124268 
5.288402557373047 
5.337417125701904 
5.472096920013428 
5.288402557373047 
5.288402557373047 
7.43604040145874 
5.288402557373047 
5.288402557373047 
5.123478412628174 
5.288402557373047 
5.288402557373047 
5.144496917724609 
5.288402557373047 
5.288402557373047 
5.817348003387451 
5.288402557373047 
5.16144323348999 
5.288402557373047 
5.429381847381592 
5.640106678009033 
5.288402557373047 
5.123478412628174 
5.123478412628174 
5.11708402633667 
5.288402557373047 
5.938817501068115 
5.809366703033447 
5.123478412628174 
6.167412281036377 
5.6026835441589355 
5.123478412628174 
5.741795063018799 
5.288402557373047 
7.622189998626709 
5.288402557373047 
5.288402557373047 
7.1274590492248535 
5.288402557373047 
5.288402557373047 
5.123478412628174 
5.123478412628174 
5.689082622528076 
7.1403703689575195 
5.288402557373047 
5.44965124130249 
5.123478412628174 
5.288402557373047 
5.816281795501709 
5.123478412628174 
5.288402557373047 
5.288402557373047 
5.288402557373047 
5.123478412628174 
5.35369873046875 
5.123478412628174 
5.09074068069458 
5.288402557373047 
5.288402557373047 
5.288402557373047 
5.123478412628174 
6.714274883270264 
5.123478412628174 
5.288402557373047 
4.927712917327881 
5.288402557373047 
6.237302303314209 
7.045419692993164 
5.288402557373047 
5.123478412628174 
5.123478412628174 
5.288402557373047 
5.683592319488525 
5.288402557373047 
5.288402557373047 
5.288402557373047 
5.361473560333252 
5.878109455108643 
6.51403284072876 
5.44364595413208 
5.123478412628174 
5.443009853363037 
5.288402557373047 
5.288402557373047 
5.288402557373047 
5.123478412628174 
5.288402557373047 
5.123478412628174 
5.288402557373047 
5.288402557373047 
5.092910289764404 
5.11561918258667 
5.027621269226074 
5.6462578773498535 
5.123478412628174 
5.123478412628174 
5.123478412628174 
5.123478412628174 
5.288402557373047 
5.123478412628174 
5.313766956329346 
5.7799973487854 
5.12360143661499 
6.039982318878174 
5.56321382522583 
5.5495219230651855 
5.288402557373047 
5.577577114105225 
5.161707401275635 
5.878125190734863 
5.433926582336426 
5.823464870452881 
5.121766567230225 
6.101500988006592 
5.123478412628174 
6.126682758331299 
5.123478412628174 
5.8933868408203125 
5.288402557373047 
5.288402557373047 
5.123501300811768 
5.123554229736328 
5.288402557373047 
5.123478412628174 
5.288402557373047 
5.011582851409912 
5.130249977111816 
7.222677707672119 
5.288402557373047 
5.123478412628174 
6.591604709625244 
5.123478412628174 
5.108721733093262 
5.355740070343018 
5.288402557373047 
5.42553186416626 
5.44364595413208 
5.130274295806885 
5.089686393737793 
5.060224533081055 
5.609756946563721 
5.123478412628174 
6.3469414710998535 
5.123478412628174 
5.123478412628174 
5.092910289764404 
5.123478412628174 
5.062716960906982 
5.288402557373047 
5.121859073638916 
5.123478412628174 
5.139859199523926 
6.42624568939209 
5.123478412628174 
5.288402557373047 
5.382544994354248 
5.56321382522583 
5.123478412628174 
5.288402557373047 
5.288402557373047 
5.123478412628174 
5.433577537536621 
5.123596668243408 
5.288402557373047 
5.288402557373047 
5.288402557373047 
5.123478412628174 
5.123478412628174 
5.288402557373047 
5.288402557373047 
5.288402557373047 
5.602226734161377 
6.019566535949707 
5.903715133666992 
5.123478412628174 
5.288402557373047 
5.123478412628174 
5.146803379058838 
5.288402557373047 
5.610698223114014 
5.165530681610107 
5.130274295806885 
5.577577114105225 
5.288402557373047 
6.702442646026611 
5.142752170562744 
5.541842460632324 
5.123478412628174 
5.288402557373047 
5.288402557373047 
5.535027980804443 
5.123478412628174 
6.0107951164245605 
5.1101579666137695 
5.691671848297119 
5.288402557373047 
5.123478412628174 
5.123478412628174 
5.11561918258667 
5.288402557373047 
5.891870975494385 
5.123501300811768 
5.288402557373047 
5.118361949920654 
5.288402557373047 
5.123478412628174 
5.288402557373047 
6.222153186798096 
5.123478412628174 
5.288402557373047 
5.288402557373047 
5.288402557373047 
5.288402557373047 
5.288402557373047 
5.288402557373047 
5.264321804046631 
5.288402557373047 
5.123478412628174 
5.060224533081055 
5.123478412628174 
5.640495777130127 
5.617241382598877 
5.134387016296387 
5.11561918258667 
5.136861324310303 
5.123478412628174 
5.11561918258667 
5.595346927642822 
6.318313121795654 
5.732508182525635 
5.11561918258667 
5.288402557373047 
6.316399097442627 
5.288402557373047 
5.288402557373047 
5.9228291511535645 
5.288402557373047 
5.123478412628174 
5.288402557373047 
5.136460781097412 
5.123478412628174 
5.725216865539551 
5.288402557373047 
5.8180670738220215 
5.123478412628174 
5.288402557373047 
5.288402557373047 
6.039982318878174 
5.123478412628174 
5.461065769195557 
5.288402557373047 
5.288402557373047 
5.622666835784912 
5.123478412628174 
5.802854061126709 
5.288402557373047 
6.929934024810791 
5.123478412628174 
6.453616619110107 
5.890146255493164 
5.11561918258667 
5.123478412628174 
5.288402557373047 
5.590919017791748 
5.123478412628174 
5.518565654754639 
5.454563617706299 
5.288402557373047 
5.288402557373047 
5.288402557373047 
5.288402557373047 
5.302663326263428 
5.11561918258667 
5.123478412628174 
6.711222171783447 
5.693319320678711 
6.437854290008545 
5.288402557373047 
5.288402557373047 
5.906957149505615 
5.288402557373047 
5.123478412628174 
6.235846042633057 
5.034888744354248 
5.11561918258667 
5.153489589691162 
5.447365760803223 
6.302104949951172 
5.7330241203308105 
6.172291278839111 
5.130274295806885 
5.123478412628174 
6.316308498382568 
5.123478412628174 
5.161600589752197 
5.288402557373047 
5.288402557373047 
5.121431827545166 
5.288402557373047 
5.9645819664001465 
5.288402557373047 
6.506143569946289 
5.123478412628174 
6.7559590339660645 
5.123478412628174 
5.288402557373047 
5.123478412628174 
5.847874641418457 
5.288402557373047 
5.087703227996826 
5.288402557373047 
5.216468334197998 
5.123478412628174 
5.818366050720215 
5.288402557373047 
5.609630107879639 
5.615455627441406 
5.288402557373047 
5.288402557373047 
5.123478412628174 
5.288402557373047 
5.288402557373047 
6.088784217834473 
5.157774925231934 
6.777531147003174 
5.891245365142822 
5.211414813995361 
5.123478412628174 
5.288402557373047 
5.288402557373047 
5.288402557373047 
5.123478412628174 
5.288402557373047 
5.123478412628174 
5.123550891876221 
5.123478412628174 
5.018065452575684 
5.163940906524658 
5.288402557373047 
5.123478412628174 
5.288402557373047 
5.443009853363037 
8.705262184143066 
5.130274295806885 
5.288402557373047 
6.89424467086792 
5.123478412628174 
5.123501300811768 
5.123478412628174 
5.936676502227783 
5.288402557373047 
5.288402557373047 
5.114587783813477 
5.122653007507324 
6.445860385894775 
5.288402557373047 
6.615198612213135 
6.349668502807617 
5.288402557373047 
5.092652797698975 
4.992264270782471 
6.001469135284424 
5.288402557373047 
5.390893459320068 
5.786335468292236 
5.288402557373047 
5.288402557373047 
5.288402557373047 
5.123501300811768 
5.288402557373047 
5.814716815948486 
5.547375202178955 
6.5649333000183105 
5.288402557373047 
5.123478412628174 
5.288402557373047 
7.138201713562012 
5.288402557373047 
6.730117321014404 
5.315565586090088 
5.288402557373047 
6.175838947296143 
7.713579177856445 
5.288402557373047 
6.03685188293457 
5.288402557373047 
5.123478412628174 
5.288402557373047 
5.130274295806885 
5.047628879547119 
5.454479694366455 
5.123478412628174 
5.288402557373047 
5.123478412628174 
5.288402557373047 
5.288402557373047 
5.288402557373047 
5.288402557373047 
5.288402557373047 
5.123478412628174 
5.123478412628174 
5.288402557373047 
5.424853801727295 
5.433773040771484 
5.123478412628174 
5.288402557373047 
5.288402557373047 
5.123478412628174 
5.288402557373047 
5.288402557373047 
6.4371867179870605 
5.130274295806885 
4.916396617889404 
5.123478412628174 
5.288402557373047 
5.123478412628174 
5.288402557373047 
5.288402557373047 
5.123478412628174 
5.11561918258667 
5.130274295806885 
5.288402557373047 
5.288402557373047 
5.563210964202881 
5.123478412628174 
5.123478412628174 
5.288402557373047 
5.123478412628174 
5.123478412628174 
5.288402557373047 
5.288402557373047 
6.500973701477051 
5.123478412628174 
5.288402557373047 
5.288402557373047 
7.029487133026123 
5.288402557373047 
6.5473456382751465 
5.288402557373047 
5.577577114105225 
5.162601470947266 
5.632472991943359 
5.11561918258667 
5.11561918258667 
5.288402557373047 
5.123478412628174 
5.288402557373047 
5.288402557373047 
5.053277492523193 
5.123478412628174 
5.123478412628174 
5.288402557373047 
5.123478412628174 
5.91714334487915 
5.288402557373047 
5.101175785064697 
5.288402557373047 
5.8810954093933105 
5.694727420806885 
5.288402557373047 
5.288402557373047 
6.2312397956848145 
5.11561918258667 
5.288402557373047 
5.288402557373047 
6.128075122833252 
5.123478412628174 
5.288402557373047 
5.123478412628174 
5.288402557373047 
5.123478412628174 
5.123478412628174 
5.123478412628174 
5.288402557373047 
5.288402557373047 
5.088088035583496 
5.434469699859619 
5.11561918258667 
5.190117835998535 
5.089754581451416 
5.123478412628174 
5.060172080993652 
5.288402557373047 
5.123478412628174 
5.11561918258667 
5.386590957641602 
5.288402557373047 
5.118015289306641 
5.11561918258667 
5.288402557373047 
5.7799973487854 
5.288402557373047 
5.809366703033447 
5.288402557373047 
5.288402557373047 
5.123478412628174 
5.123478412628174 
5.123478412628174 
5.123478412628174 
5.80215311050415 
6.299026012420654 
5.288402557373047 
5.288402557373047 
5.584046840667725 
5.288402557373047 
5.664734840393066 
5.449930191040039 
7.631091117858887 
5.288402557373047 
5.9387335777282715 
6.5403218269348145 
6.027634143829346 
6.44707727432251 
5.288402557373047 
5.288402557373047 
6.061023235321045 
5.123478412628174 
6.140354633331299 
5.288402557373047 
7.049752235412598 
8.764907836914062 
6.717957019805908 
5.377397060394287 
5.663239479064941 
5.288402557373047 
5.413980960845947 
5.4483466148376465 
5.288402557373047 
5.084052085876465 
5.907556056976318 
5.288402557373047 
5.123478412628174 
6.89424467086792 
5.130274295806885 
5.288402557373047 
5.734466075897217 
5.123478412628174 
5.44965124130249 
5.288402557373047 
5.288402557373047 
5.1434807777404785 
5.879979610443115 
5.4474992752075195 
5.288402557373047 
4.970611095428467 
5.5252556800842285 
5.123501777648926 
5.288402557373047 
5.525390148162842 
5.123478412628174 
5.123610973358154 
5.700630187988281 
5.123478412628174 
5.11561918258667 
5.288402557373047 
5.1221842765808105 
5.288402557373047 
5.288402557373047 
5.288402557373047 
5.288402557373047 
5.123478412628174 
7.203796863555908 
5.288402557373047 
5.324783802032471 
5.123478412628174 
6.132641315460205 
5.288402557373047 
6.550769329071045 
5.466432094573975 
6.289844989776611 
5.288402557373047 
6.074613094329834 
5.288402557373047 
5.288402557373047 
5.5157551765441895 
5.123478412628174 
5.288402557373047 
5.44965124130249 
5.288402557373047 
6.2118916511535645 
5.057674407958984 
5.123478412628174 
5.288402557373047 
5.288402557373047 
5.7799973487854 
5.123478412628174 
5.288402557373047 
5.288402557373047 
5.288402557373047 
5.755302906036377 
5.123478412628174 
5.345640659332275 
5.11561918258667 
5.288402557373047 
5.908911228179932 
5.288402557373047 
5.288402557373047 
5.288402557373047 
5.44965124130249 
5.288402557373047 
6.455814838409424 
6.034287452697754 
6.150542736053467 
5.150434970855713 
5.870835304260254 
5.288402557373047 
5.430614948272705 
5.11138916015625 
5.288402557373047 
5.288402557373047 
5.846728801727295 
5.618776798248291 
5.428682804107666 
5.11561918258667 
5.288402557373047 
5.44364595413208 
5.577577114105225 
5.123478412628174 
5.288402557373047 
5.060224533081055 
6.189642429351807 
5.503142833709717 
5.263317108154297 
5.288402557373047 
5.123478412628174 
5.288402557373047 
6.462129592895508 
5.492371082305908 
6.050757884979248 
5.123478412628174 
5.288402557373047 
5.123478412628174 
7.228958606719971 
5.123478412628174 
5.123173713684082 
5.44965124130249 
5.029618740081787 
5.433773040771484 
5.288402557373047 
5.577577114105225 
5.136422634124756 
5.123478412628174 
5.844842433929443 
5.706605434417725 
5.11561918258667 
5.160131931304932 
5.981131076812744 
5.288402557373047 
6.213220119476318 
5.123478412628174 
5.160253524780273 
5.123478412628174 
5.123478412628174 
5.053483963012695 
5.288402557373047 
5.328696250915527 
5.123478412628174 
5.288402557373047 
5.130274295806885 
7.033993244171143 
5.089893817901611 
7.216513156890869 
6.9691925048828125 
5.288402557373047 
5.123478412628174 
5.288402557373047 
6.493686676025391 
5.123574256896973 
5.809366703033447 
5.288402557373047 
5.288402557373047 
5.411160945892334 
5.123478412628174 
5.121450901031494 
5.77719783782959 
5.44364595413208 
5.288402557373047 
5.288402557373047 
5.288402557373047 
5.288402557373047 
5.123478412628174 
5.123478412628174 
5.288402557373047 
5.288402557373047 
5.123478412628174 
5.123478412628174 
5.072901248931885 
5.123478412628174 
5.092910289764404 
5.123478412628174 
