6.5417585372924805 
7.113135814666748 
5.92790412902832 
8.90904712677002 
7.277115345001221 
6.20165491104126 
5.662797927856445 
4.874784469604492 
6.097054958343506 
5.97585391998291 
6.060327053070068 
5.4312944412231445 
7.426971435546875 
5.655586242675781 
6.4091267585754395 
9.108073234558105 
5.7047038078308105 
6.346452713012695 
6.396927833557129 
7.502419471740723 
8.155213356018066 
7.25295877456665 
7.547421932220459 
5.461007118225098 
6.922250747680664 
5.420977592468262 
5.9191789627075195 
6.562827110290527 
5.0839667320251465 
6.931840896606445 
5.173427104949951 
5.8249711990356445 
8.39462661743164 
7.18320369720459 
6.705938339233398 
5.556115627288818 
5.557777404785156 
6.1582465171813965 
7.685235977172852 
6.055575370788574 
7.973309516906738 
6.019097805023193 
8.864510536193848 
5.036398410797119 
5.444903373718262 
6.500207424163818 
5.426906585693359 
5.304218292236328 
5.680017471313477 
8.543936729431152 
6.173961639404297 
6.290905952453613 
5.697535514831543 
4.881161689758301 
7.431238174438477 
6.35668420791626 
6.9085693359375 
7.634276866912842 
5.393299579620361 
6.760379791259766 
7.176143646240234 
5.542140483856201 
5.512873649597168 
5.5435895919799805 
6.639071464538574 
5.878747463226318 
7.762215614318848 
6.117787837982178 
5.934115409851074 
5.1956787109375 
7.045831680297852 
6.820676803588867 
8.01719856262207 
6.862170219421387 
6.456015586853027 
5.652758598327637 
7.918045997619629 
6.305819511413574 
7.222944736480713 
6.423256874084473 
5.754106521606445 
5.873398303985596 
6.6034770011901855 
6.397729873657227 
4.5561017990112305 
6.176651954650879 
5.273873805999756 
5.557766914367676 
5.645818710327148 
5.54613733291626 
6.14292573928833 
6.160990238189697 
5.62539005279541 
7.408306121826172 
7.648949146270752 
6.273545265197754 
6.163471698760986 
8.359975814819336 
5.660081386566162 
6.22993803024292 
6.39311408996582 
5.549959659576416 
5.3650689125061035 
5.810389041900635 
4.950201034545898 
6.221150875091553 
8.134264945983887 
7.198633193969727 
5.523773193359375 
5.6308817863464355 
5.18867826461792 
7.586050987243652 
6.35428524017334 
6.57646369934082 
5.772635459899902 
5.589305400848389 
6.265469074249268 
7.387241840362549 
5.188918113708496 
8.592423439025879 
6.286516189575195 
7.200850963592529 
8.527071952819824 
6.909638404846191 
6.329001426696777 
6.197810173034668 
5.079148769378662 
8.129027366638184 
4.86250638961792 
5.282411575317383 
6.36521053314209 
5.896241188049316 
7.192535877227783 
5.775049209594727 
7.553289413452148 
7.086270332336426 
6.150029182434082 
5.983360290527344 
6.161309719085693 
7.522198677062988 
5.0496602058410645 
10.373156547546387 
6.266143798828125 
5.658229827880859 
6.28242826461792 
5.237982273101807 
5.820464611053467 
5.5288496017456055 
5.628558158874512 
6.659892559051514 
6.506602764129639 
5.192447185516357 
5.253585338592529 
4.90617561340332 
6.8326640129089355 
6.005589962005615 
6.105180740356445 
6.381218910217285 
6.990591526031494 
7.038233757019043 
6.0200324058532715 
7.08430290222168 
6.976402759552002 
6.978052616119385 
8.536401748657227 
5.314906120300293 
6.583303451538086 
6.705411911010742 
5.561739921569824 
6.252660751342773 
6.998991012573242 
6.572062969207764 
6.9762091636657715 
8.87099552154541 
4.6674299240112305 
7.192934513092041 
5.551821708679199 
9.298776626586914 
5.273123741149902 
6.702452659606934 
6.578369617462158 
5.270089149475098 
7.488897800445557 
7.750769138336182 
6.985755443572998 
5.442700386047363 
7.941761016845703 
6.9703288078308105 
6.707374572753906 
7.750796794891357 
5.817705154418945 
8.225297927856445 
7.550622940063477 
9.57326889038086 
5.930448532104492 
4.858486175537109 
7.971743106842041 
5.301947116851807 
5.124572277069092 
5.536250591278076 
6.847194194793701 
6.785165786743164 
7.229907512664795 
6.437692165374756 
5.765532970428467 
8.481109619140625 
5.615996837615967 
6.0475029945373535 
6.042728424072266 
8.053955078125 
5.530869483947754 
4.827792644500732 
6.497020244598389 
7.944958209991455 
5.125923156738281 
9.000816345214844 
7.09385347366333 
5.3357110023498535 
6.035696506500244 
6.787682056427002 
6.862886428833008 
5.394130706787109 
6.444833278656006 
5.140183448791504 
8.457412719726562 
5.741214752197266 
6.575704097747803 
6.78581428527832 
4.74794864654541 
7.109902381896973 
5.316427707672119 
5.008535861968994 
6.473794937133789 
6.324691295623779 
6.931924819946289 
5.813459396362305 
10.761815071105957 
6.733517646789551 
6.436087131500244 
5.453505992889404 
7.302630424499512 
9.207852363586426 
6.608952522277832 
7.0494513511657715 
5.428961277008057 
7.745009422302246 
6.1779890060424805 
5.676915168762207 
5.781891822814941 
6.865438938140869 
6.0081562995910645 
6.665740489959717 
6.273967742919922 
6.162524223327637 
6.420717239379883 
6.701129913330078 
8.113984107971191 
5.7634477615356445 
5.528379440307617 
6.249327659606934 
6.199623107910156 
5.5961503982543945 
5.0952959060668945 
6.716517925262451 
5.628736972808838 
5.524997234344482 
7.560196876525879 
6.930196762084961 
5.796694755554199 
8.027523040771484 
6.91562032699585 
7.238110542297363 
5.1010847091674805 
7.405604362487793 
5.001519203186035 
6.641354084014893 
5.128223896026611 
5.211388111114502 
5.3385844230651855 
6.997225284576416 
8.368212699890137 
5.9205193519592285 
7.357324600219727 
6.020740985870361 
8.714271545410156 
5.73203182220459 
6.982202053070068 
5.256032466888428 
6.150946617126465 
5.687382221221924 
6.463710308074951 
5.600412845611572 
6.282526016235352 
7.731045722961426 
5.461762428283691 
6.618892669677734 
6.315848350524902 
6.116641044616699 
5.4447221755981445 
8.57873821258545 
5.645340919494629 
6.418147087097168 
7.93805456161499 
6.422788619995117 
6.178155422210693 
5.2908616065979 
5.559013366699219 
5.782083511352539 
8.732494354248047 
6.116104602813721 
10.306573867797852 
6.025707721710205 
8.345353126525879 
5.641052722930908 
6.5900797843933105 
7.673885345458984 
5.484850883483887 
5.98069953918457 
8.117557525634766 
6.65656852722168 
6.118974685668945 
6.292160987854004 
7.137441635131836 
6.609575271606445 
6.474893093109131 
5.879161357879639 
7.6990437507629395 
6.841280460357666 
4.891561031341553 
8.36272144317627 
7.309451103210449 
7.68400764465332 
7.495744705200195 
6.821569442749023 
7.132113456726074 
6.597331523895264 
5.866426467895508 
7.598824977874756 
6.367441177368164 
5.901621341705322 
5.805762767791748 
5.901060581207275 
6.384645938873291 
7.381966590881348 
5.951073169708252 
6.982693195343018 
5.919172763824463 
7.5748138427734375 
5.418876647949219 
5.625349044799805 
6.686337947845459 
7.933682441711426 
5.4130754470825195 
8.343152046203613 
6.373880386352539 
4.598911762237549 
6.364469051361084 
7.728784561157227 
5.844451427459717 
6.251079082489014 
8.520938873291016 
5.607415676116943 
6.590553283691406 
5.0261101722717285 
5.640312194824219 
4.992685794830322 
6.792840003967285 
5.165074348449707 
7.299210548400879 
8.189253807067871 
8.472917556762695 
5.970429420471191 
5.539498329162598 
5.621829986572266 
6.753045558929443 
7.80109167098999 
6.753058433532715 
8.082151412963867 
5.757444381713867 
5.6694841384887695 
9.222455978393555 
5.560948371887207 
6.4081878662109375 
6.750129222869873 
5.728950023651123 
6.966975688934326 
7.604732990264893 
5.30496072769165 
5.677972793579102 
6.073616981506348 
8.004288673400879 
6.17178201675415 
5.397719860076904 
6.625948429107666 
5.525689125061035 
6.222235202789307 
5.692554473876953 
5.552969455718994 
7.436347484588623 
5.614002227783203 
4.864643096923828 
5.163443565368652 
6.70944881439209 
6.537593364715576 
5.061056613922119 
6.480266571044922 
5.369492530822754 
5.312610149383545 
5.379746437072754 
6.463540554046631 
9.621305465698242 
5.964633941650391 
9.444833755493164 
6.79305362701416 
5.804725646972656 
6.372772693634033 
8.136507034301758 
8.897809028625488 
9.302081108093262 
6.272363185882568 
7.085198402404785 
7.13506555557251 
7.054123401641846 
8.913091659545898 
6.276887893676758 
7.298502445220947 
5.911348819732666 
6.535704135894775 
7.68651008605957 
5.942558765411377 
5.9097723960876465 
8.032845497131348 
6.428111553192139 
6.437829971313477 
6.838466644287109 
5.483645915985107 
6.204227924346924 
6.203980922698975 
5.755420207977295 
6.13365364074707 
5.35822868347168 
6.035579681396484 
7.37339448928833 
6.174229145050049 
5.678629398345947 
6.008718013763428 
7.008143901824951 
5.815094470977783 
5.800849437713623 
6.375825881958008 
5.963282585144043 
5.9864373207092285 
8.275894165039062 
9.203353881835938 
5.916011810302734 
5.660201549530029 
6.821444034576416 
5.409987449645996 
6.521357536315918 
5.922453880310059 
6.355432987213135 
8.02991008758545 
6.541596412658691 
6.792421817779541 
6.9608988761901855 
5.5027875900268555 
6.08155632019043 
7.601171493530273 
5.183795928955078 
5.539325714111328 
6.916771411895752 
8.648574829101562 
8.430767059326172 
5.671517372131348 
5.542402744293213 
5.764917373657227 
5.872386455535889 
9.115372657775879 
5.033365249633789 
7.739943027496338 
8.248048782348633 
5.960775852203369 
7.401811599731445 
6.609684944152832 
5.850284099578857 
7.402048110961914 
4.723114967346191 
7.877871036529541 
5.629458904266357 
5.757546424865723 
5.711044788360596 
6.18784236907959 
7.825247287750244 
8.549286842346191 
8.83725357055664 
5.992116928100586 
7.202529430389404 
6.123138427734375 
6.0729522705078125 
7.345590591430664 
7.589133262634277 
7.837620735168457 
9.047389030456543 
4.81239128112793 
5.987078666687012 
6.096059799194336 
6.665707111358643 
6.714303493499756 
6.240455627441406 
6.384776592254639 
8.296142578125 
5.243157386779785 
6.393684387207031 
6.138031005859375 
6.083569049835205 
6.652766227722168 
5.744716644287109 
4.881312370300293 
6.823348045349121 
5.245915412902832 
6.999001979827881 
5.030191421508789 
7.17509651184082 
6.479877948760986 
5.2102460861206055 
5.607102870941162 
5.954190254211426 
7.0363450050354 
7.2742228507995605 
5.8718085289001465 
6.161493301391602 
7.843391418457031 
6.58395528793335 
5.938902378082275 
7.008904457092285 
5.494229316711426 
4.8815107345581055 
6.573294162750244 
6.276717662811279 
7.487166881561279 
4.92833137512207 
4.764348030090332 
7.319903373718262 
5.108721733093262 
5.320655345916748 
6.519609451293945 
7.060462474822998 
5.260371208190918 
6.031725883483887 
5.8121795654296875 
5.858405590057373 
6.23203706741333 
5.462453365325928 
5.431314945220947 
6.635507106781006 
7.779121398925781 
7.853151321411133 
7.520707607269287 
5.420757293701172 
6.057034015655518 
6.518690586090088 
5.675192832946777 
6.048783779144287 
6.030678749084473 
5.983903408050537 
6.013549327850342 
5.968091011047363 
8.40718936920166 
7.693610191345215 
7.919294357299805 
6.40493631362915 
7.38505744934082 
5.228232383728027 
6.628006935119629 
6.3318586349487305 
5.225890159606934 
6.275733947753906 
9.136285781860352 
5.040349960327148 
5.3307671546936035 
6.426206588745117 
6.1447272300720215 
6.120247840881348 
6.510266304016113 
4.9418182373046875 
8.271968841552734 
5.526043891906738 
8.560074806213379 
5.524104595184326 
5.05380916595459 
5.880851745605469 
5.594184875488281 
6.654730319976807 
7.776688098907471 
6.311177730560303 
7.923446178436279 
6.2998809814453125 
5.97352933883667 
5.731603622436523 
5.393146991729736 
5.71594762802124 
7.2096991539001465 
6.238443851470947 
7.344341278076172 
5.712352752685547 
5.752262592315674 
7.83471155166626 
5.893947601318359 
6.2795867919921875 
6.419929504394531 
6.767622947692871 
5.750323295593262 
5.24635648727417 
4.87448787689209 
7.1290459632873535 
6.627934455871582 
9.043970108032227 
6.686909198760986 
6.188374042510986 
7.41433572769165 
6.2273664474487305 
5.823115348815918 
5.878231048583984 
8.338546752929688 
5.14109468460083 
5.6978759765625 
5.827855587005615 
8.779687881469727 
5.978944778442383 
5.402441024780273 
6.610662460327148 
7.34356689453125 
6.2146735191345215 
6.2729644775390625 
6.086649417877197 
6.932888984680176 
7.163512706756592 
7.553214073181152 
8.21326732635498 
6.7740559577941895 
5.259799480438232 
7.351812839508057 
7.4393181800842285 
7.235366344451904 
6.422351837158203 
6.357210159301758 
5.794546604156494 
6.2956037521362305 
7.285220146179199 
5.929671287536621 
8.443272590637207 
7.703265190124512 
6.100180149078369 
7.1557722091674805 
7.279759883880615 
7.744261741638184 
6.595484256744385 
6.653919219970703 
6.39320707321167 
5.565806865692139 
6.79284143447876 
4.611601829528809 
5.675439834594727 
6.8614068031311035 
6.265037536621094 
7.58385705947876 
5.8529205322265625 
5.516154766082764 
5.987173080444336 
5.569506645202637 
4.444060325622559 
7.22682523727417 
5.749866008758545 
5.635802268981934 
7.319380760192871 
8.34361743927002 
6.883449554443359 
5.857544898986816 
5.131320953369141 
6.525285243988037 
5.674566745758057 
7.452441692352295 
5.7366156578063965 
5.76212739944458 
6.467926979064941 
5.81640625 
6.069215774536133 
6.298088550567627 
6.701250076293945 
6.981173515319824 
6.791748046875 
5.01295280456543 
6.011573791503906 
5.4421234130859375 
6.263995170593262 
5.432769298553467 
5.850615978240967 
6.280827045440674 
7.509223461151123 
6.9644670486450195 
8.89509391784668 
5.225029468536377 
6.129249572753906 
5.569482326507568 
5.861973762512207 
5.543527603149414 
6.365299224853516 
5.280117511749268 
7.10294246673584 
6.21023416519165 
7.556166172027588 
6.39052677154541 
7.135618209838867 
7.002649307250977 
7.864025592803955 
6.333406448364258 
6.644451141357422 
5.865764617919922 
5.979062080383301 
6.442009925842285 
6.314047813415527 
5.752853870391846 
5.186855792999268 
6.303739070892334 
6.691500186920166 
6.728521347045898 
8.010563850402832 
5.495756149291992 
5.313507080078125 
6.653657913208008 
5.852170944213867 
6.540665149688721 
5.099938869476318 
5.031404972076416 
7.207839488983154 
7.192352771759033 
6.865203857421875 
5.694093704223633 
4.423274517059326 
7.637312412261963 
7.104008674621582 
5.883420467376709 
7.795969486236572 
6.44293737411499 
5.929226398468018 
5.4095048904418945 
5.679782390594482 
5.479802131652832 
6.45739221572876 
5.741667747497559 
5.6823225021362305 
5.488759517669678 
8.161669731140137 
6.619262218475342 
6.477400302886963 
5.899166584014893 
6.924169540405273 
7.095661640167236 
6.58371639251709 
9.394124031066895 
7.079246520996094 
5.9369096755981445 
6.477562427520752 
7.319372177124023 
6.331432342529297 
9.225034713745117 
5.936217308044434 
6.110138893127441 
6.261509895324707 
5.5528950691223145 
5.348507404327393 
7.959681034088135 
6.270381927490234 
5.477530479431152 
5.807311058044434 
7.202131748199463 
5.73798131942749 
5.093711853027344 
5.519296646118164 
6.912473678588867 
6.478401184082031 
6.80913782119751 
8.901825904846191 
6.411147117614746 
8.551098823547363 
4.681110382080078 
6.4808197021484375 
6.106055736541748 
6.295534133911133 
8.855583190917969 
5.274654865264893 
6.041265964508057 
7.965911865234375 
5.974629878997803 
7.893810272216797 
4.880466461181641 
6.424158573150635 
5.510295391082764 
5.675665378570557 
6.830833435058594 
7.10259485244751 
6.222519397735596 
6.23135232925415 
8.748990058898926 
5.930923938751221 
5.3080973625183105 
5.979898452758789 
5.988499164581299 
7.288072109222412 
5.175392150878906 
5.761785507202148 
8.57866382598877 
6.5427680015563965 
5.93396520614624 
7.630089282989502 
8.475770950317383 
6.152327537536621 
5.927653789520264 
5.6755595207214355 
7.288111686706543 
9.914896011352539 
7.275928974151611 
6.522026538848877 
7.846892356872559 
6.912389755249023 
5.6567254066467285 
5.4138407707214355 
6.707974910736084 
5.4897332191467285 
7.485280990600586 
5.941245079040527 
7.43826961517334 
7.468870162963867 
5.361392498016357 
5.691862106323242 
5.4325714111328125 
7.843438625335693 
5.501713752746582 
6.830183506011963 
5.419111251831055 
5.843555927276611 
6.306432723999023 
5.602746963500977 
6.968272686004639 
5.86042594909668 
8.873174667358398 
6.822991371154785 
6.045899391174316 
6.673215866088867 
6.169083118438721 
7.27895450592041 
6.731754302978516 
7.8453803062438965 
7.3125739097595215 
5.8073601722717285 
5.971571922302246 
5.90381383895874 
5.440493106842041 
8.690227508544922 
6.0269598960876465 
5.15156364440918 
6.855532646179199 
5.900404930114746 
7.494018077850342 
7.4968647956848145 
4.90819787979126 
5.683890342712402 
5.289042949676514 
8.447478294372559 
6.964305877685547 
7.925233364105225 
5.678146839141846 
5.979690074920654 
7.811285972595215 
5.917340278625488 
4.660454750061035 
6.599671363830566 
6.916862487792969 
7.169061183929443 
5.471426486968994 
6.57685661315918 
7.775081157684326 
8.01385498046875 
7.186027526855469 
7.2140679359436035 
5.776002407073975 
7.516574382781982 
7.115073204040527 
5.257989883422852 
5.5729079246521 
6.615355968475342 
8.108271598815918 
5.786611080169678 
6.225561141967773 
5.848575592041016 
6.304466247558594 
6.573729991912842 
6.343033313751221 
6.88613748550415 
6.2965264320373535 
6.354907989501953 
4.8298211097717285 
6.309521675109863 
5.167712688446045 
4.899933815002441 
5.034905433654785 
6.380132675170898 
7.067168235778809 
6.095480918884277 
6.373472213745117 
6.142514228820801 
6.014132976531982 
5.8994646072387695 
4.844252109527588 
6.625697135925293 
6.010894775390625 
6.418724060058594 
5.30082368850708 
5.562168121337891 
6.16395902633667 
5.121967315673828 
5.885349273681641 
6.460428714752197 
6.021255016326904 
7.751855850219727 
6.842182159423828 
6.430750370025635 
5.676455974578857 
7.048913478851318 
5.211389541625977 
6.044867038726807 
5.315025329589844 
8.115772247314453 
7.549267768859863 
5.896161079406738 
9.72585678100586 
5.923102378845215 
5.930516242980957 
6.41811466217041 
5.249634265899658 
6.161997318267822 
7.029280185699463 
5.782130241394043 
5.264542102813721 
5.291577339172363 
6.38850736618042 
6.514601707458496 
5.772817611694336 
7.739037036895752 
6.425588607788086 
6.125167369842529 
7.472246170043945 
5.588645935058594 
4.96782112121582 
7.346065998077393 
6.605244159698486 
6.787403106689453 
6.332695007324219 
5.906710624694824 
5.477719783782959 
4.270193099975586 
8.514668464660645 
5.284905433654785 
6.329573154449463 
6.067431926727295 
5.577674388885498 
7.683348655700684 
5.461948394775391 
6.092767715454102 
5.969633102416992 
6.248739719390869 
6.377575874328613 
7.320742130279541 
7.677003860473633 
5.608921527862549 
5.829035758972168 
6.308026313781738 
5.0720648765563965 
5.860743522644043 
5.852288246154785 
5.983888149261475 
5.591660976409912 
7.2086944580078125 
5.529634952545166 
7.40296745300293 
7.23403263092041 
5.918185234069824 
5.239564418792725 
7.040954113006592 
5.671779155731201 
5.66382360458374 
6.088691234588623 
5.228885173797607 
6.600593090057373 
4.892117977142334 
6.24843168258667 
5.663294792175293 
6.844400882720947 
6.272819519042969 
9.007591247558594 
6.135469436645508 
8.021406173706055 
6.575466156005859 
5.166834831237793 
4.82166051864624 
5.900416374206543 
6.201008319854736 
6.1163458824157715 
7.146300792694092 
5.239929676055908 
6.197445392608643 
7.626598834991455 
6.3390045166015625 
5.69703483581543 
7.584496974945068 
5.8299641609191895 
5.77936315536499 
7.045241355895996 
8.953842163085938 
6.348002910614014 
6.035480976104736 
6.712104797363281 
6.541215896606445 
5.061254978179932 
5.532657146453857 
7.097858905792236 
5.041170597076416 
6.325584888458252 
6.2124176025390625 
6.8658647537231445 
7.233817100524902 
6.949501037597656 
6.71799898147583 
6.961535930633545 
6.109987735748291 
6.800488471984863 
7.981016159057617 
4.534148693084717 
5.673502445220947 
6.9947991371154785 
5.647425174713135 
7.3011369705200195 
6.702952861785889 
6.922305583953857 
7.721160888671875 
9.044121742248535 
6.916959762573242 
6.403392791748047 
8.191177368164062 
5.707945823669434 
6.773616790771484 
6.693141937255859 
5.394776821136475 
6.463438034057617 
5.8069281578063965 
6.658052921295166 
7.03135871887207 
5.305697917938232 
5.435664176940918 
5.420036792755127 
5.970066547393799 
6.950362205505371 
8.235965728759766 
6.088604927062988 
8.048857688903809 
6.586118698120117 
5.277907848358154 
7.349985122680664 
6.010459899902344 
7.510251522064209 
7.934540748596191 
6.369247913360596 
6.088116645812988 
5.821683406829834 
7.036759376525879 
6.368686199188232 
6.878404140472412 
5.616365909576416 
7.714606285095215 
5.756968021392822 
6.4493231773376465 
7.424450874328613 
5.215645790100098 
8.873687744140625 
6.096129417419434 
7.7871503829956055 
9.34357738494873 
6.7917327880859375 
6.429592132568359 
6.674819469451904 
6.355443954467773 
7.109326362609863 
5.998357772827148 
8.150370597839355 
5.608700275421143 
6.43215799331665 
6.328934669494629 
5.731442928314209 
6.611501216888428 
7.424900054931641 
6.778812885284424 
5.380539894104004 
6.047199249267578 
7.114428520202637 
7.641054153442383 
5.884556293487549 
5.996822357177734 
7.199143886566162 
6.290923118591309 
7.573006629943848 
5.393651962280273 
7.863274574279785 
6.460287570953369 
6.018853187561035 
6.078597068786621 
6.076770305633545 
5.386541366577148 
6.788796424865723 
6.000475883483887 
5.194113731384277 
6.7221784591674805 
5.466431617736816 
6.292881011962891 
6.337963581085205 
7.647357940673828 
8.735596656799316 
6.119984149932861 
6.29995584487915 
6.389057636260986 
5.335477352142334 
6.069980621337891 
5.847606182098389 
6.9273295402526855 
7.460009574890137 
6.582451820373535 
5.23264217376709 
7.394893169403076 
7.1006622314453125 
4.7149882316589355 
6.89028263092041 
8.17267894744873 
6.232879638671875 
5.2993669509887695 
7.099897861480713 
6.3520050048828125 
6.1010942459106445 
8.8514404296875 
6.174607753753662 
6.0270843505859375 
6.827240467071533 
5.948417663574219 
6.336941242218018 
7.177438735961914 
7.030730724334717 
5.4189066886901855 
7.572563648223877 
5.246356010437012 
5.743058204650879 
8.413007736206055 
5.518485069274902 
6.807263374328613 
6.288227081298828 
6.345707893371582 
6.715031147003174 
6.976109981536865 
6.611188888549805 
5.493160247802734 
8.960432052612305 
7.259233474731445 
6.113885402679443 
6.652140140533447 
5.774860382080078 
5.424914836883545 
7.710910797119141 
5.569890022277832 
6.284787178039551 
5.285340309143066 
6.03995418548584 
6.711085319519043 
6.328855514526367 
6.375327110290527 
6.649110317230225 
5.396012306213379 
5.057739734649658 
9.281155586242676 
7.752329349517822 
7.8089680671691895 
6.2662553787231445 
6.072797775268555 
5.016918659210205 
7.002765655517578 
8.062657356262207 
7.108520984649658 
7.681371212005615 
6.733654499053955 
5.790046215057373 
7.142081260681152 
6.36858606338501 
6.597291469573975 
5.773029327392578 
6.705318450927734 
5.581759929656982 
5.535737037658691 
6.46069860458374 
5.873477935791016 
5.357795238494873 
6.017264366149902 
6.137679576873779 
5.612901210784912 
6.035513401031494 
6.18926477432251 
7.447332382202148 
6.785820484161377 
5.876034736633301 
7.114461421966553 
6.331016540527344 
5.109995365142822 
5.947055339813232 
6.380064010620117 
5.766111373901367 
7.119998931884766 
5.6432390213012695 
7.471772193908691 
6.637709617614746 
5.420792579650879 
6.819136142730713 
5.076928615570068 
6.7605814933776855 
6.9272685050964355 
6.419082164764404 
5.077762126922607 
5.755492687225342 
6.835687637329102 
5.840824127197266 
9.128800392150879 
5.841132164001465 
9.301241874694824 
5.77254581451416 
5.5988616943359375 
6.440730571746826 
7.359983921051025 
6.185436248779297 
6.606924057006836 
5.314572811126709 
8.354129791259766 
6.261709213256836 
6.23414421081543 
7.421998500823975 
5.204049587249756 
6.151450157165527 
5.347053527832031 
5.31308126449585 
6.682892322540283 
5.9831132888793945 
7.06259298324585 
6.508431434631348 
5.8413472175598145 
6.050844192504883 
7.333977222442627 
6.295555114746094 
5.789151668548584 
8.09963607788086 
6.161816596984863 
6.092053413391113 
8.148977279663086 
7.113621234893799 
6.14178466796875 
6.961316108703613 
6.248528957366943 
7.616978168487549 
5.538498401641846 
6.528772354125977 
5.303614139556885 
6.457599639892578 
5.5706634521484375 
5.605358600616455 
6.848288059234619 
5.774402141571045 
6.107578277587891 
5.971039295196533 
5.752513885498047 
5.98227596282959 
8.206350326538086 
5.812834739685059 
6.792652606964111 
5.382339000701904 
5.532700061798096 
8.806241035461426 
6.842131614685059 
6.330140113830566 
5.627375602722168 
6.329701900482178 
6.835419654846191 
6.134531497955322 
5.727566719055176 
5.494829177856445 
7.5388922691345215 
6.299436092376709 
7.58931827545166 
5.729867458343506 
8.758014678955078 
6.999554634094238 
6.451849937438965 
6.453173637390137 
5.483242988586426 
6.0608673095703125 
6.38348913192749 
5.142378807067871 
5.878143310546875 
5.788625717163086 
10.490011215209961 
8.239213943481445 
7.961082935333252 
4.952448844909668 
6.894628524780273 
5.315760135650635 
5.70307731628418 
5.4264373779296875 
7.7988457679748535 
6.134544372558594 
6.3582377433776855 
5.548248291015625 
5.117997169494629 
6.23868465423584 
8.45716381072998 
7.907845973968506 
5.228262424468994 
5.080491065979004 
5.9562273025512695 
8.039901733398438 
5.342182159423828 
5.9417643547058105 
5.915468215942383 
6.185916900634766 
5.254751205444336 
6.592147350311279 
5.559992790222168 
6.365232944488525 
6.810508728027344 
7.99931001663208 
5.9463372230529785 
6.44580602645874 
7.727727890014648 
8.633416175842285 
4.963208198547363 
6.1410675048828125 
6.122222423553467 
5.384706020355225 
7.572115898132324 
6.340003967285156 
6.246609210968018 
6.372089862823486 
5.918797492980957 
5.606108665466309 
7.802133083343506 
7.477572441101074 
5.705811977386475 
6.282090187072754 
6.238903522491455 
9.49008560180664 
6.8056559562683105 
6.217680931091309 
5.043050765991211 
5.099611282348633 
7.124231338500977 
9.163095474243164 
5.776961326599121 
7.067779064178467 
6.198526859283447 
7.541470527648926 
8.541217803955078 
5.63936185836792 
6.263983249664307 
5.982385158538818 
5.587388515472412 
5.450040817260742 
6.673662185668945 
6.761355400085449 
8.239367485046387 
6.876532077789307 
9.59455394744873 
6.154305458068848 
4.945046901702881 
6.040229797363281 
5.8162713050842285 
5.912454128265381 
6.968945503234863 
7.745813369750977 
7.005484580993652 
6.339148998260498 
5.90842866897583 
7.28046178817749 
8.216275215148926 
9.130999565124512 
6.235215663909912 
7.2653679847717285 
6.982740879058838 
5.30500602722168 
5.452008247375488 
7.379978656768799 
8.03476619720459 
5.44505500793457 
5.911367416381836 
6.556877613067627 
5.35174036026001 
8.757216453552246 
9.067550659179688 
6.497681617736816 
5.830597877502441 
6.002072334289551 
5.928555488586426 
9.023452758789062 
4.9808454513549805 
6.434673309326172 
8.924135208129883 
5.981293678283691 
6.211660385131836 
5.984386920928955 
7.486215591430664 
8.097970008850098 
5.408754348754883 
5.9342145919799805 
5.238390922546387 
6.463404655456543 
6.611898422241211 
6.195345878601074 
5.640182018280029 
4.9573469161987305 
6.391498565673828 
5.729825973510742 
5.871786594390869 
6.118958473205566 
6.003237724304199 
5.9575514793396 
8.360869407653809 
4.584083080291748 
6.817404747009277 
5.837891578674316 
6.058455467224121 
8.778898239135742 
6.659051895141602 
5.8664727210998535 
5.924998760223389 
7.118743419647217 
6.7351861000061035 
5.483685493469238 
5.60379695892334 
6.571603298187256 
5.533832550048828 
7.553217887878418 
5.332356929779053 
6.157756805419922 
6.45964241027832 
7.468125820159912 
6.8267436027526855 
5.770015716552734 
6.6769232749938965 
9.275297164916992 
5.295733451843262 
5.5258259773254395 
5.4227471351623535 
6.961556434631348 
7.064011096954346 
7.3345561027526855 
5.997824192047119 
8.039899826049805 
6.593953609466553 
5.146429061889648 
5.118053436279297 
6.204873085021973 
6.2843756675720215 
6.176063537597656 
7.594170570373535 
5.98077392578125 
6.8238205909729 
5.842252254486084 
8.44355583190918 
4.97110652923584 
5.825465202331543 
7.554238796234131 
7.040157794952393 
6.623353958129883 
5.482455730438232 
6.113986968994141 
5.969614028930664 
8.794477462768555 
5.433239936828613 
7.557120323181152 
8.608540534973145 
6.35660457611084 
7.842617988586426 
6.54116153717041 
5.711972713470459 
6.429654598236084 
6.5972466468811035 
6.933073043823242 
8.321555137634277 
6.35117244720459 
4.963180065155029 
5.314627170562744 
5.822394847869873 
7.482767105102539 
7.301413059234619 
4.659611701965332 
7.114302158355713 
8.508783340454102 
6.616537570953369 
5.511639595031738 
6.453100204467773 
6.256284236907959 
6.9784440994262695 
5.682619571685791 
4.480062961578369 
7.881750106811523 
6.470932483673096 
6.222712993621826 
7.4279398918151855 
6.068240642547607 
5.505022048950195 
7.66297721862793 
5.071898460388184 
5.802051067352295 
5.20291805267334 
7.7456793785095215 
7.976378917694092 
5.686399459838867 
6.4284563064575195 
5.631397724151611 
6.385652542114258 
6.439609050750732 
6.2601823806762695 
5.612904071807861 
5.803328514099121 
5.786090850830078 
6.207212448120117 
6.112089157104492 
7.087229251861572 
6.701913833618164 
6.723800182342529 
5.605194091796875 
6.039050579071045 
6.195443630218506 
4.949691295623779 
6.55182409286499 
6.020401954650879 
6.606924057006836 
5.594324111938477 
6.984578609466553 
5.09974479675293 
5.663650989532471 
5.7524261474609375 
6.655506134033203 
6.653860092163086 
6.600085735321045 
8.246148109436035 
7.139129638671875 
6.056363105773926 
5.365014553070068 
6.536685466766357 
6.0795464515686035 
6.169632434844971 
9.215264320373535 
7.811813831329346 
4.833353042602539 
8.087581634521484 
5.970096111297607 
6.065383434295654 
5.818157196044922 
6.474862098693848 
5.701752185821533 
5.9059648513793945 
6.072473049163818 
5.727169036865234 
5.503353595733643 
9.887459754943848 
5.93255615234375 
5.201260566711426 
5.139319896697998 
6.172396183013916 
5.7861008644104 
6.024639129638672 
6.059117317199707 
5.385434150695801 
6.007182598114014 
5.701743125915527 
8.162582397460938 
6.260996341705322 
5.3662848472595215 
6.339478015899658 
5.3501739501953125 
5.898098468780518 
6.111930847167969 
6.783140182495117 
7.391544818878174 
7.4653120040893555 
5.965631484985352 
6.040421009063721 
7.092843532562256 
6.292382717132568 
5.97145938873291 
6.5863471031188965 
5.474631309509277 
6.350770473480225 
8.280885696411133 
7.993177890777588 
5.214389801025391 
4.936316967010498 
5.594287872314453 
5.6740312576293945 
5.94909143447876 
7.534165382385254 
6.728411674499512 
5.437737464904785 
6.419727802276611 
7.01840877532959 
7.89272403717041 
5.5733489990234375 
5.810687065124512 
7.175872802734375 
5.9837493896484375 
6.179102420806885 
6.542292594909668 
6.605483531951904 
6.512345314025879 
6.43719482421875 
7.738219738006592 
6.713339805603027 
6.152150630950928 
7.525404930114746 
8.521780967712402 
5.374934673309326 
6.068803310394287 
5.280697345733643 
5.336211681365967 
5.9135966300964355 
7.14056396484375 
6.83214807510376 
6.09300422668457 
5.129962921142578 
5.744132041931152 
5.7798895835876465 
7.061573028564453 
6.080099105834961 
7.047186374664307 
8.459016799926758 
4.941409587860107 
5.943984508514404 
5.83209753036499 
5.678566932678223 
5.295022010803223 
5.538261413574219 
7.0214409828186035 
5.975454330444336 
5.054819107055664 
5.710511207580566 
5.695207118988037 
7.3837456703186035 
6.932585716247559 
6.180875778198242 
5.9281840324401855 
7.1098127365112305 
5.3941874504089355 
5.879073143005371 
5.297775745391846 
5.880352020263672 
5.449190616607666 
5.001748085021973 
4.587871074676514 
7.0518999099731445 
7.9093780517578125 
5.861381530761719 
6.157854080200195 
6.456477642059326 
5.583739757537842 
6.369744777679443 
5.445211410522461 
5.828713417053223 
6.621870040893555 
6.934144020080566 
5.157915115356445 
7.1447601318359375 
5.852558612823486 
6.527442455291748 
7.217885971069336 
6.7980055809021 
6.319149971008301 
6.722118854522705 
6.704282760620117 
5.542605876922607 
5.889183521270752 
4.916065216064453 
6.772172451019287 
7.388886451721191 
6.341445446014404 
6.872094631195068 
8.883152961730957 
5.470921516418457 
6.050702095031738 
8.85026741027832 
5.464108943939209 
6.559305191040039 
7.576235771179199 
5.352607727050781 
6.337288856506348 
6.497766017913818 
7.071173191070557 
6.516550064086914 
6.957057952880859 
5.743850231170654 
8.088038444519043 
4.993752956390381 
7.465139865875244 
8.42674446105957 
6.993802547454834 
10.011088371276855 
6.346766471862793 
5.588929176330566 
8.458489418029785 
6.2753496170043945 
6.579826831817627 
8.841753959655762 
5.283461093902588 
5.859872817993164 
7.399136543273926 
8.431788444519043 
5.24260950088501 
5.107614040374756 
7.128527641296387 
6.297799587249756 
7.383880138397217 
5.906620979309082 
7.330936431884766 
7.5429253578186035 
6.0681681632995605 
5.4534430503845215 
7.366295337677002 
5.946734428405762 
6.111736297607422 
9.008392333984375 
6.9681596755981445 
7.58741569519043 
7.2268266677856445 
6.810260772705078 
6.519925117492676 
5.789206504821777 
6.423464775085449 
6.104441165924072 
6.7650465965271 
6.215938091278076 
5.782033443450928 
4.762395858764648 
7.080739974975586 
8.619094848632812 
5.707085609436035 
8.279594421386719 
6.035265922546387 
5.685804843902588 
6.006918907165527 
8.172473907470703 
6.365886211395264 
9.873115539550781 
6.168054103851318 
5.245810031890869 
5.865593910217285 
7.870118141174316 
6.155850887298584 
6.167201519012451 
7.949476718902588 
5.271242141723633 
5.065230846405029 
6.2517852783203125 
7.24379825592041 
6.747115612030029 
7.29383659362793 
5.955178737640381 
6.3542351722717285 
6.162113189697266 
8.259978294372559 
5.92396879196167 
5.757107257843018 
8.11841106414795 
5.848612308502197 
5.785606384277344 
6.003044605255127 
8.763679504394531 
5.961921215057373 
6.022392749786377 
8.872122764587402 
4.966768264770508 
6.856748580932617 
6.960888862609863 
6.184037208557129 
8.729759216308594 
6.536398887634277 
6.473392009735107 
6.305154800415039 
6.434177398681641 
5.809462547302246 
5.990424633026123 
7.0707244873046875 
5.567398548126221 
6.114489555358887 
6.0338664054870605 
9.150384902954102 
6.0139617919921875 
5.927724838256836 
5.668485164642334 
6.162102222442627 
5.976107120513916 
9.265345573425293 
6.097680568695068 
6.13734769821167 
7.434123516082764 
6.293092727661133 
6.443023204803467 
5.194205284118652 
6.435678482055664 
5.252551555633545 
6.336322784423828 
6.233621597290039 
5.652656555175781 
7.0569000244140625 
6.244558811187744 
6.744751453399658 
6.612508296966553 
5.788677215576172 
5.404292583465576 
4.671098232269287 
5.4495625495910645 
7.913549900054932 
6.342476844787598 
6.706395626068115 
5.687887668609619 
9.6019287109375 
5.54790735244751 
6.244769096374512 
6.58858585357666 
6.318092346191406 
7.469506740570068 
4.41371488571167 
6.071908473968506 
4.837134838104248 
6.296168327331543 
7.68861198425293 
5.844642162322998 
7.84951114654541 
6.155401706695557 
5.443152904510498 
6.97924280166626 
5.507221221923828 
6.898646354675293 
7.8030314445495605 
6.787248611450195 
5.868879795074463 
4.699748516082764 
6.298261642456055 
6.2234272956848145 
6.971212863922119 
6.330437660217285 
7.195587635040283 
8.742142677307129 
5.680004596710205 
6.442026615142822 
7.7778472900390625 
7.378185749053955 
7.419244289398193 
5.667469024658203 
6.187442302703857 
6.150683403015137 
9.633060455322266 
7.238209247589111 
6.096796035766602 
6.417754650115967 
6.161673545837402 
6.181748390197754 
5.899689674377441 
9.689505577087402 
6.83922004699707 
5.702123641967773 
7.384802341461182 
5.921579837799072 
7.154004096984863 
8.708181381225586 
7.0528106689453125 
5.345763206481934 
5.712975025177002 
6.578479290008545 
7.244458198547363 
5.308396339416504 
5.257871150970459 
5.148966312408447 
9.297809600830078 
5.214198589324951 
4.990212440490723 
5.814115047454834 
6.498011112213135 
8.757193565368652 
6.259397506713867 
6.519340515136719 
5.90652322769165 
6.592214107513428 
6.905961990356445 
5.891626358032227 
4.578876972198486 
5.6471991539001465 
6.020355701446533 
7.484673976898193 
7.766387462615967 
6.990942478179932 
6.555314064025879 
5.595188140869141 
5.457761287689209 
7.297056674957275 
5.833795070648193 
6.2268266677856445 
5.21584939956665 
5.141696453094482 
8.034886360168457 
6.407520771026611 
7.924135684967041 
5.825366497039795 
7.696542739868164 
7.119933605194092 
6.115145206451416 
6.341751575469971 
6.38478422164917 
7.494072437286377 
6.8589677810668945 
6.575388431549072 
4.920448303222656 
7.504212379455566 
7.053597927093506 
5.8973541259765625 
6.253424167633057 
9.990357398986816 
4.968598365783691 
6.818180561065674 
5.498870372772217 
6.161088943481445 
8.398179054260254 
6.115708351135254 
7.492989540100098 
6.244287490844727 
6.108890533447266 
7.349390506744385 
6.552479267120361 
5.809635162353516 
8.710156440734863 
4.817111015319824 
6.441383361816406 
5.065869331359863 
7.163177013397217 
7.214725971221924 
6.329538822174072 
6.900208473205566 
7.49514102935791 
5.082090377807617 
7.250387191772461 
7.1083526611328125 
4.756015300750732 
6.842210292816162 
6.330880165100098 
8.789804458618164 
5.534634590148926 
5.832210540771484 
6.43396520614624 
6.451883792877197 
5.728731632232666 
6.076190948486328 
6.104300022125244 
7.919062614440918 
5.507640361785889 
4.828307628631592 
6.693540573120117 
5.125689506530762 
6.145666599273682 
4.99110746383667 
6.455621242523193 
7.952438831329346 
6.446056842803955 
7.640893459320068 
6.049262046813965 
6.1977386474609375 
5.386444091796875 
6.597606182098389 
7.133524417877197 
10.152753829956055 
5.579451560974121 
6.210973262786865 
6.644974231719971 
6.212656021118164 
5.445179462432861 
5.419070243835449 
7.626325607299805 
7.33145809173584 
5.744021892547607 
8.057273864746094 
7.202646255493164 
6.3520283699035645 
5.930104732513428 
6.068536281585693 
6.538547039031982 
7.852795124053955 
5.082391262054443 
6.794838905334473 
7.34425163269043 
6.764701843261719 
6.308204650878906 
7.699965476989746 
6.551411151885986 
6.906491756439209 
7.545497894287109 
5.259886264801025 
6.179125785827637 
5.948127746582031 
7.213472843170166 
5.977303504943848 
6.436321258544922 
7.037478923797607 
5.012967109680176 
6.038289546966553 
7.041574478149414 
6.406222343444824 
4.9296135902404785 
6.073075294494629 
6.507379055023193 
6.824283599853516 
6.0265913009643555 
6.122630596160889 
8.070818901062012 
8.161524772644043 
5.971137523651123 
7.8849968910217285 
6.181951999664307 
6.565317153930664 
7.91342830657959 
4.790551662445068 
8.51056957244873 
5.3802714347839355 
6.504249095916748 
6.95546293258667 
6.0704193115234375 
5.562337875366211 
7.521211624145508 
7.910106658935547 
6.638764381408691 
6.5448713302612305 
5.2219462394714355 
6.058577060699463 
5.141073226928711 
6.473021030426025 
5.58463191986084 
6.28707218170166 
6.674719333648682 
7.002870559692383 
6.008026599884033 
5.7747673988342285 
6.931447505950928 
5.721914291381836 
6.207577228546143 
5.825706958770752 
6.205458164215088 
6.163397312164307 
5.756653308868408 
5.547449588775635 
7.0110979080200195 
6.102853298187256 
6.0910420417785645 
5.891205310821533 
7.042246341705322 
5.512016296386719 
5.0065155029296875 
5.639055252075195 
5.439275741577148 
5.87584114074707 
5.276886463165283 
4.941562652587891 
8.872843742370605 
6.122117519378662 
5.339874267578125 
4.526780605316162 
7.298353672027588 
6.213411331176758 
6.375609397888184 
6.443961143493652 
8.26772689819336 
6.456640720367432 
5.877530574798584 
6.739502906799316 
5.317241668701172 
6.357548713684082 
8.086628913879395 
6.009593963623047 
5.296863555908203 
4.626289367675781 
5.129060745239258 
7.631298542022705 
8.180750846862793 
5.411131858825684 
7.0381245613098145 
7.856417179107666 
8.932866096496582 
6.257275104522705 
6.963169574737549 
6.533584117889404 
6.5573506355285645 
6.744992256164551 
5.535853862762451 
6.152484893798828 
7.52935266494751 
6.199594974517822 
6.047122955322266 
5.300323486328125 
7.156255722045898 
5.582619667053223 
7.053537368774414 
5.471829414367676 
6.160857677459717 
6.7883124351501465 
6.556986331939697 
6.018843650817871 
6.5468902587890625 
6.595715045928955 
5.66390323638916 
5.986971855163574 
6.007081985473633 
6.033483028411865 
6.308846950531006 
5.136282920837402 
6.689786911010742 
7.044163227081299 
5.768546104431152 
5.049558162689209 
6.623120307922363 
6.0224738121032715 
7.583895206451416 
8.171058654785156 
5.028002738952637 
6.664121627807617 
5.195720195770264 
7.140565395355225 
5.551714897155762 
6.962528705596924 
6.134207248687744 
8.291936874389648 
6.088990211486816 
5.425866603851318 
5.706633567810059 
7.2372260093688965 
7.270328521728516 
5.9547953605651855 
6.767244815826416 
5.6581645011901855 
5.641322135925293 
6.694314479827881 
6.1213274002075195 
8.1326265335083 
6.355200290679932 
5.0617899894714355 
6.390543460845947 
4.873554229736328 
6.168555736541748 
5.703885555267334 
6.63800573348999 
6.3769025802612305 
7.824134826660156 
5.848323822021484 
5.749783515930176 
5.45985221862793 
6.278421401977539 
5.770427227020264 
6.568663597106934 
5.684803485870361 
6.079371929168701 
6.061605453491211 
6.020347595214844 
5.856634616851807 
6.837188720703125 
5.864703178405762 
5.750817775726318 
5.57721471786499 
5.945414066314697 
6.143967151641846 
6.9849700927734375 
6.441165447235107 
6.484237194061279 
6.7888994216918945 
8.380365371704102 
6.6883320808410645 
5.9646806716918945 
5.180391788482666 
8.416955947875977 
6.000560760498047 
5.7536091804504395 
5.827744007110596 
6.294900417327881 
6.315781593322754 
5.153669834136963 
5.7578535079956055 
6.602193355560303 
8.436546325683594 
6.751014232635498 
5.577095985412598 
6.018247604370117 
6.104220867156982 
6.663549423217773 
6.5543904304504395 
7.192729949951172 
8.516204833984375 
6.7173686027526855 
5.949851036071777 
6.305022239685059 
5.401816368103027 
7.672715187072754 
6.042237758636475 
7.712804317474365 
6.149796962738037 
6.473463535308838 
5.723332405090332 
6.140949249267578 
6.889503002166748 
6.341322422027588 
5.374628067016602 
7.678162574768066 
8.704020500183105 
7.244104385375977 
6.992722988128662 
7.874290466308594 
5.03312873840332 
5.52292537689209 
5.183585166931152 
6.685944557189941 
6.203964710235596 
5.731333255767822 
6.2244110107421875 
8.329556465148926 
7.722353935241699 
5.822750568389893 
6.701349258422852 
5.81046724319458 
6.84496545791626 
5.862071514129639 
6.592729091644287 
6.747626304626465 
5.783330917358398 
6.207751274108887 
6.061263084411621 
7.389324188232422 
7.7592620849609375 
5.909081935882568 
5.9084978103637695 
5.949357509613037 
6.78585958480835 
5.412839412689209 
6.442710876464844 
7.562638759613037 
6.6237897872924805 
5.927163600921631 
6.173426151275635 
5.714272499084473 
5.582612991333008 
6.718596935272217 
5.472651481628418 
6.673816680908203 
6.127344608306885 
5.791079044342041 
6.230159759521484 
6.247303485870361 
7.223957538604736 
6.7816972732543945 
5.811965465545654 
8.333405494689941 
5.535224914550781 
6.384532928466797 
4.9543890953063965 
5.764127254486084 
5.175772666931152 
6.4555463790893555 
5.586261749267578 
6.357644557952881 
6.917041301727295 
6.51383113861084 
6.107635498046875 
5.911800861358643 
6.06683874130249 
5.485087871551514 
5.280108451843262 
5.130685806274414 
6.796884536743164 
6.043618202209473 
5.37369966506958 
5.063612937927246 
6.858943939208984 
9.42982292175293 
6.385436058044434 
9.149656295776367 
6.204061508178711 
5.678423881530762 
7.356317520141602 
5.2984795570373535 
6.489285945892334 
6.6624040603637695 
6.118724822998047 
4.745140552520752 
5.528388977050781 
6.404335975646973 
6.13476037979126 
5.657939910888672 
5.5727643966674805 
5.959435939788818 
4.544584274291992 
6.205167293548584 
7.7343034744262695 
5.610243797302246 
6.393139362335205 
5.678534507751465 
6.2080559730529785 
5.906687259674072 
5.518658638000488 
5.862234115600586 
9.616791725158691 
5.767328262329102 
5.020804405212402 
7.226674556732178 
5.903554916381836 
6.128769397735596 
5.39803409576416 
5.472418785095215 
8.439973831176758 
5.200994968414307 
7.6966094970703125 
6.1783013343811035 
6.437156677246094 
5.84281063079834 
5.8005757331848145 
7.276117324829102 
6.154006481170654 
7.850235939025879 
5.710720539093018 
6.13253927230835 
5.9153571128845215 
5.53948974609375 
5.831757545471191 
6.686105251312256 
5.743436813354492 
6.282833099365234 
6.254723072052002 
8.605531692504883 
5.518567085266113 
7.291375637054443 
6.618465900421143 
6.247014045715332 
5.2023162841796875 
5.958410739898682 
6.2969160079956055 
5.038299560546875 
5.759482383728027 
4.917938232421875 
5.629566192626953 
5.755972862243652 
6.088447093963623 
5.349297523498535 
6.369185447692871 
6.940079212188721 
7.016287326812744 
6.14476203918457 
6.417347431182861 
7.198832988739014 
7.119997501373291 
6.741227626800537 
6.592657089233398 
5.664336681365967 
5.579030513763428 
5.361806869506836 
6.684770584106445 
7.578802108764648 
7.55673360824585 
5.48005485534668 
4.874748706817627 
6.342309474945068 
6.393072128295898 
8.096036911010742 
6.744203567504883 
7.841056823730469 
5.952983856201172 
5.640264511108398 
6.323392868041992 
6.7197651863098145 
6.744500637054443 
6.225075721740723 
6.343382358551025 
5.899007797241211 
5.288050651550293 
5.875946521759033 
5.974233627319336 
6.608908176422119 
6.192192077636719 
6.507418632507324 
6.023774147033691 
7.033377170562744 
6.866253852844238 
7.256669044494629 
6.135986328125 
7.02020788192749 
6.635188579559326 
6.669416904449463 
6.301272869110107 
5.635233402252197 
8.493279457092285 
5.953242301940918 
6.785811424255371 
6.493335723876953 
5.396642208099365 
6.209275245666504 
7.28525447845459 
7.912469387054443 
7.747952938079834 
5.348416328430176 
6.035989761352539 
5.776498794555664 
6.061098098754883 
6.031274795532227 
5.707548141479492 
7.295691013336182 
5.926853179931641 
5.583348751068115 
6.152281284332275 
5.648891448974609 
5.526189804077148 
6.066996097564697 
5.499819755554199 
6.921627044677734 
6.087756156921387 
6.346832752227783 
6.258058547973633 
7.091816425323486 
5.130467414855957 
7.2878570556640625 
6.9625563621521 
5.618041515350342 
7.558848857879639 
6.111678123474121 
5.954965114593506 
6.738713264465332 
4.896337985992432 
5.585392475128174 
6.239810943603516 
6.607058525085449 
8.197306632995605 
7.098397254943848 
6.452611923217773 
6.291740894317627 
5.826498031616211 
5.030518531799316 
5.512711524963379 
6.119213104248047 
5.418485164642334 
8.048702239990234 
8.476081848144531 
7.379310131072998 
9.524709701538086 
8.331443786621094 
5.369994640350342 
8.276034355163574 
6.5776543617248535 
5.7288689613342285 
5.776798248291016 
8.364495277404785 
6.396307945251465 
7.653900623321533 
6.243484020233154 
6.074352264404297 
6.512707233428955 
6.583887577056885 
8.36291217803955 
6.071549892425537 
5.102400779724121 
7.116052627563477 
5.5880327224731445 
5.287896156311035 
7.148618698120117 
6.535221576690674 
8.980781555175781 
7.447005271911621 
6.838555812835693 
6.1807861328125 
5.37936544418335 
7.390953540802002 
5.875004291534424 
4.763279914855957 
9.037703514099121 
6.060380458831787 
6.336854934692383 
6.739072322845459 
5.47620153427124 
5.010993957519531 
4.80394172668457 
5.905866622924805 
9.731304168701172 
6.866207599639893 
5.750303745269775 
5.280056476593018 
5.246844291687012 
5.711181640625 
5.627165794372559 
6.175425052642822 
8.973355293273926 
6.585869789123535 
5.518613815307617 
6.204226493835449 
6.121288299560547 
7.218317031860352 
6.27164363861084 
5.505862712860107 
6.346578121185303 
6.309111595153809 
7.841125011444092 
6.467597484588623 
5.609250545501709 
9.266587257385254 
6.443897724151611 
8.365303039550781 
8.211418151855469 
6.513341426849365 
6.400947093963623 
7.252058982849121 
5.478788375854492 
5.29101037979126 
6.89103364944458 
6.737057685852051 
6.56008768081665 
5.445567607879639 
7.1802873611450195 
7.090735912322998 
7.066072463989258 
5.496171951293945 
5.533986568450928 
6.72200870513916 
5.57643985748291 
6.72227668762207 
5.71613883972168 
6.315389633178711 
5.54045295715332 
6.044382572174072 
5.602028846740723 
6.410728931427002 
7.351843357086182 
5.413646697998047 
6.509130954742432 
6.377932071685791 
5.948698043823242 
5.525423526763916 
5.665949821472168 
6.466593265533447 
4.660763740539551 
6.406373977661133 
7.58931827545166 
5.526034355163574 
6.583608627319336 
6.3804707527160645 
8.265655517578125 
5.133755207061768 
6.675086498260498 
5.650390625 
7.410058975219727 
7.283566474914551 
8.067380905151367 
6.065376281738281 
6.320481777191162 
5.65818977355957 
7.936798095703125 
7.212121963500977 
5.806422710418701 
5.199985504150391 
4.898716449737549 
7.025067329406738 
6.789131164550781 
6.655524253845215 
7.224416732788086 
5.7445292472839355 
5.415388584136963 
5.145082473754883 
7.875256538391113 
5.630600452423096 
4.599697113037109 
8.86107063293457 
6.269412517547607 
8.353066444396973 
5.746747970581055 
7.911584854125977 
6.812967777252197 
5.946347713470459 
6.233670234680176 
6.385318756103516 
9.471498489379883 
6.098997592926025 
6.484133720397949 
7.588885307312012 
5.410885810852051 
5.496848106384277 
5.859066009521484 
5.40015983581543 
7.048764705657959 
5.853684425354004 
5.652042388916016 
6.179708480834961 
5.718146324157715 
6.240012168884277 
5.349684238433838 
5.861207485198975 
7.2670488357543945 
4.818874835968018 
5.835867881774902 
6.317290306091309 
6.24556303024292 
6.412669658660889 
5.727569103240967 
5.4984564781188965 
8.031618118286133 
5.633605003356934 
6.147968769073486 
4.789145469665527 
6.428684234619141 
8.540712356567383 
8.35770034790039 
6.180207252502441 
6.605044364929199 
6.336250305175781 
6.443057537078857 
5.814417839050293 
6.308732032775879 
6.012760639190674 
6.3769121170043945 
6.3673553466796875 
7.936280250549316 
6.568745136260986 
5.668561935424805 
5.378719329833984 
9.230337142944336 
6.577040195465088 
5.775632381439209 
5.94141149520874 
5.715287208557129 
8.659969329833984 
5.662240505218506 
6.458442211151123 
4.72006368637085 
6.510300636291504 
6.35469913482666 
8.186883926391602 
8.520286560058594 
7.217705249786377 
5.6296186447143555 
6.354273796081543 
6.3151774406433105 
7.266794681549072 
6.477381706237793 
5.504588603973389 
7.601809501647949 
7.856012344360352 
5.644394397735596 
7.777711391448975 
5.953887462615967 
5.0644354820251465 
6.055180549621582 
5.813424587249756 
5.667934894561768 
5.9516520500183105 
5.05123233795166 
7.2890214920043945 
6.218265533447266 
6.73182487487793 
5.224437236785889 
6.3311309814453125 
6.3703789710998535 
5.8352580070495605 
7.831506729125977 
5.893545150756836 
5.932144641876221 
5.448668003082275 
5.630119323730469 
7.956167221069336 
6.364718437194824 
5.706951141357422 
6.001545429229736 
5.478646755218506 
6.984687805175781 
5.827944755554199 
6.306199073791504 
6.815485000610352 
5.632631778717041 
5.937994956970215 
6.553704738616943 
6.555971145629883 
7.361448287963867 
7.0739054679870605 
5.549683570861816 
6.160408020019531 
7.208937644958496 
6.1552581787109375 
7.585532188415527 
5.8250813484191895 
5.562586307525635 
5.957507133483887 
5.524576663970947 
4.963655471801758 
7.521095275878906 
5.937616348266602 
5.904214382171631 
6.648835182189941 
6.076798915863037 
5.5502119064331055 
5.782804489135742 
5.651439189910889 
5.441275119781494 
5.908996105194092 
7.458063125610352 
5.424450874328613 
6.053191184997559 
6.544772148132324 
7.663007736206055 
5.546037673950195 
6.633297920227051 
7.684023380279541 
6.458578586578369 
5.410815238952637 
5.207533359527588 
6.530628681182861 
9.606897354125977 
7.681140422821045 
7.016796112060547 
6.7539753913879395 
7.161299228668213 
8.645190238952637 
5.943995952606201 
5.5360612869262695 
6.123568058013916 
6.888645172119141 
5.351099967956543 
6.3968682289123535 
6.202617645263672 
5.98038911819458 
5.932437419891357 
5.868251800537109 
5.730569362640381 
6.1503777503967285 
6.338722229003906 
5.005746841430664 
6.209054470062256 
6.950674533843994 
6.478037357330322 
6.334892749786377 
5.987303733825684 
7.415159702301025 
6.27454137802124 
6.354971408843994 
5.082244396209717 
7.8061604499816895 
5.594475746154785 
5.111639022827148 
5.989068031311035 
6.241864204406738 
6.743381977081299 
6.077468395233154 
5.062758445739746 
5.721108436584473 
6.510534763336182 
6.780865669250488 
6.047396659851074 
7.585470199584961 
7.086815357208252 
4.8388352394104 
7.523629188537598 
6.4029622077941895 
5.028265953063965 
5.040835380554199 
6.877075672149658 
6.095410346984863 
6.711090087890625 
5.672860145568848 
6.01123046875 
5.7797651290893555 
6.460452079772949 
6.296886444091797 
7.990293502807617 
7.671040058135986 
5.983850955963135 
8.522018432617188 
7.402390480041504 
6.810703754425049 
5.527851104736328 
7.1331329345703125 
4.853497505187988 
6.16774845123291 
5.994517803192139 
8.312370300292969 
5.183689594268799 
5.6219072341918945 
5.406996726989746 
5.002669334411621 
6.245722770690918 
5.63388204574585 
6.035285472869873 
5.855875492095947 
5.808811187744141 
5.711904525756836 
7.4679856300354 
7.3151116371154785 
6.216499328613281 
5.442046642303467 
7.4533820152282715 
6.645752429962158 
6.111246109008789 
5.1484785079956055 
6.395159721374512 
5.347109317779541 
5.197383880615234 
6.506911277770996 
5.916818618774414 
5.658519744873047 
5.960669994354248 
6.725922107696533 
8.11538028717041 
5.8079705238342285 
6.378323554992676 
5.944492340087891 
7.397797107696533 
6.45176362991333 
5.4099955558776855 
5.178065776824951 
5.155547142028809 
8.266488075256348 
5.654811859130859 
6.628519058227539 
6.8570027351379395 
7.17687463760376 
5.672754764556885 
7.392446041107178 
7.235222339630127 
5.919025421142578 
5.467074871063232 
7.084600925445557 
6.458011150360107 
8.177865982055664 
5.094870090484619 
5.4999284744262695 
6.192793846130371 
6.371338367462158 
5.7958455085754395 
6.600006580352783 
6.043307781219482 
7.680692672729492 
6.557651996612549 
6.806517124176025 
5.4679646492004395 
4.952192306518555 
4.6817545890808105 
6.938962936401367 
7.195767402648926 
6.863018989562988 
5.6500372886657715 
11.02652645111084 
5.525838851928711 
7.521833419799805 
7.062371253967285 
5.967787265777588 
5.836368083953857 
5.541417121887207 
7.421207904815674 
6.695557117462158 
4.736223220825195 
5.577121734619141 
7.3452630043029785 
6.230471611022949 
5.575218677520752 
6.559713840484619 
5.245104789733887 
4.9332499504089355 
7.324178218841553 
5.808596134185791 
5.562024116516113 
4.823980808258057 
6.709848880767822 
4.894875526428223 
6.384378433227539 
5.023393154144287 
7.51202917098999 
7.647124767303467 
6.7342939376831055 
6.290081024169922 
6.078194618225098 
6.296107292175293 
6.563989639282227 
5.146188735961914 
4.751747131347656 
5.9843339920043945 
7.729138374328613 
7.692425727844238 
6.622247219085693 
5.099248886108398 
5.960407733917236 
6.318516254425049 
5.952020645141602 
7.730442523956299 
6.107641220092773 
6.490649223327637 
6.930126190185547 
7.704894542694092 
8.110466003417969 
4.898086071014404 
4.902331352233887 
6.493690490722656 
5.880798816680908 
5.600223541259766 
5.7652459144592285 
5.057114124298096 
7.143316268920898 
6.128344535827637 
5.866505146026611 
6.072299957275391 
5.9633989334106445 
6.1503705978393555 
5.4951090812683105 
6.790232181549072 
6.75275993347168 
