6.630680084228516 
6.427518844604492 
7.17030143737793 
6.265063285827637 
6.49172306060791 
6.12714958190918 
6.4967851638793945 
6.444711685180664 
7.119831085205078 
6.3657379150390625 
5.908641815185547 
6.153314590454102 
6.074080467224121 
6.93808650970459 
6.697539329528809 
6.614162445068359 
5.920098304748535 
6.458183288574219 
6.06601619720459 
6.3482208251953125 
6.998690605163574 
7.167786598205566 
6.908078193664551 
6.1010332107543945 
6.332529067993164 
6.607715606689453 
6.878778457641602 
6.060809135437012 
6.8616790771484375 
7.375577926635742 
6.277792930603027 
6.251345634460449 
6.968571662902832 
7.142455101013184 
6.557032585144043 
6.370428085327148 
6.86392879486084 
6.402366638183594 
6.192170143127441 
6.306990623474121 
6.304804801940918 
6.541741371154785 
6.41070556640625 
6.299970626831055 
6.945534706115723 
6.819738388061523 
7.105279922485352 
6.364436149597168 
6.101101875305176 
6.035952568054199 
6.898488998413086 
6.257837295532227 
6.376837730407715 
7.331827163696289 
5.870899200439453 
6.47705078125 
6.112514495849609 
6.125551223754883 
6.448637008666992 
6.271280288696289 
6.544434547424316 
6.821617126464844 
6.6550140380859375 
5.754608154296875 
6.810956001281738 
6.942237854003906 
6.288904190063477 
7.019374847412109 
6.556166648864746 
6.153676986694336 
6.84630012512207 
5.931680679321289 
6.620669364929199 
5.8999834060668945 
6.8762969970703125 
6.504697799682617 
6.624239921569824 
6.45435905456543 
6.379103660583496 
6.210416793823242 
6.656620025634766 
6.858843803405762 
6.449252128601074 
6.143039703369141 
6.6406755447387695 
6.607949256896973 
6.493800163269043 
6.161371231079102 
6.835597991943359 
7.060844421386719 
6.066368103027344 
7.329279899597168 
6.375247001647949 
7.0849456787109375 
6.388487815856934 
6.932999610900879 
6.531861305236816 
6.803154945373535 
6.216888427734375 
6.795307159423828 
7.0811662673950195 
6.648027420043945 
5.77659797668457 
6.654977798461914 
6.2700090408325195 
6.403918266296387 
6.504495620727539 
6.302824974060059 
5.971976280212402 
6.938861846923828 
6.477042198181152 
6.068597793579102 
6.396780967712402 
6.788520812988281 
6.457021713256836 
6.27149772644043 
5.566168785095215 
6.598659515380859 
6.790529251098633 
6.216115951538086 
6.849309921264648 
6.701658248901367 
6.184089660644531 
6.569645881652832 
6.618069648742676 
7.2232818603515625 
6.491362571716309 
6.186322212219238 
6.861843109130859 
6.881369590759277 
6.943116188049316 
6.490728378295898 
6.5570068359375 
6.188106536865234 
6.467226982116699 
6.496463775634766 
6.476856231689453 
7.167789459228516 
6.505059242248535 
5.380576133728027 
7.174189567565918 
6.513171195983887 
6.407844543457031 
7.168322563171387 
6.243806838989258 
6.145315170288086 
7.403748512268066 
6.608902931213379 
6.196750640869141 
6.876694679260254 
7.168694496154785 
6.067450523376465 
5.859088897705078 
6.487577438354492 
6.287372589111328 
6.526933670043945 
6.450223922729492 
7.23548698425293 
6.68846321105957 
6.36566162109375 
6.407753944396973 
7.383563995361328 
6.214569091796875 
6.211160659790039 
6.743330955505371 
6.3725080490112305 
6.702313423156738 
5.908249855041504 
6.274309158325195 
6.113425254821777 
6.857295036315918 
6.50938606262207 
6.239015579223633 
7.391233444213867 
6.745035171508789 
6.190952301025391 
6.919259071350098 
6.772490501403809 
6.010390281677246 
6.420536041259766 
6.281810760498047 
6.552155494689941 
6.165975570678711 
6.376832008361816 
6.250969886779785 
6.764991760253906 
6.23161506652832 
5.723335266113281 
5.821249008178711 
6.308197021484375 
6.387395858764648 
6.244772911071777 
6.455857276916504 
5.557821273803711 
6.914691925048828 
6.430563926696777 
5.790647506713867 
6.799266815185547 
6.229099273681641 
6.265786170959473 
6.771332740783691 
6.255304336547852 
6.853285789489746 
6.211335182189941 
6.014673233032227 
6.62049674987793 
6.390356063842773 
6.519845962524414 
6.269608497619629 
6.1054182052612305 
6.838717460632324 
6.5160417556762695 
6.502486228942871 
6.164515495300293 
6.388764381408691 
6.483414649963379 
6.408260345458984 
6.751620292663574 
6.695507049560547 
6.243885040283203 
6.68719482421875 
6.245251655578613 
6.653252601623535 
6.07048225402832 
6.260865211486816 
6.323905944824219 
6.444250106811523 
6.993870735168457 
6.833900451660156 
7.048583030700684 
6.448570251464844 
6.694462776184082 
6.626434326171875 
6.588831901550293 
6.56324577331543 
6.214739799499512 
6.386582374572754 
6.827871322631836 
6.754220008850098 
6.499539375305176 
6.644989967346191 
6.610132217407227 
6.579775810241699 
6.008322715759277 
5.902281761169434 
6.115090370178223 
6.70981502532959 
6.261439323425293 
6.543274879455566 
5.903140068054199 
6.407618522644043 
6.406303405761719 
6.983257293701172 
6.301847457885742 
6.507532119750977 
6.165024757385254 
6.651847839355469 
5.825486183166504 
7.029268264770508 
5.639590263366699 
6.523251533508301 
5.884524345397949 
6.7108354568481445 
5.927671432495117 
6.4011688232421875 
6.925868034362793 
7.132142066955566 
6.973484039306641 
6.387754440307617 
6.165153503417969 
6.156414031982422 
6.348776817321777 
6.311756134033203 
5.997836112976074 
6.62355899810791 
6.606609344482422 
6.064902305603027 
6.410759925842285 
6.6565046310424805 
6.329034805297852 
6.878177642822266 
6.765172004699707 
6.475319862365723 
7.11283016204834 
6.606324195861816 
6.323314666748047 
6.293465614318848 
6.504421234130859 
6.569232940673828 
6.770495414733887 
6.915825843811035 
6.057912826538086 
6.2995758056640625 
6.416452407836914 
6.094998359680176 
6.236485481262207 
6.808554649353027 
6.601569175720215 
6.847315788269043 
7.393302917480469 
6.454629898071289 
6.9312334060668945 
6.547440528869629 
6.770293235778809 
6.281037330627441 
6.075034141540527 
7.104706764221191 
6.328907012939453 
6.3045549392700195 
6.4260969161987305 
6.396355628967285 
6.732539176940918 
6.453112602233887 
6.465373992919922 
6.476820945739746 
6.9212141036987305 
6.332741737365723 
6.361944198608398 
6.411348342895508 
6.515358924865723 
6.416358947753906 
6.7505903244018555 
6.234759330749512 
6.260716438293457 
6.379932403564453 
5.802300453186035 
7.055694580078125 
5.311694145202637 
7.073944091796875 
7.3772735595703125 
6.574793815612793 
6.170123100280762 
6.92099666595459 
6.260933876037598 
6.598718643188477 
7.154799461364746 
6.398512840270996 
6.83587646484375 
6.254290580749512 
6.654122352600098 
6.926971435546875 
6.605947494506836 
6.526763916015625 
6.523876190185547 
6.703282356262207 
6.674001693725586 
6.3012542724609375 
6.534954071044922 
6.321866035461426 
5.973631858825684 
6.364038467407227 
6.243732452392578 
6.1165313720703125 
6.314383506774902 
6.791869163513184 
6.424080848693848 
6.223578453063965 
6.261628150939941 
7.495878219604492 
6.020642280578613 
6.235939979553223 
6.519109725952148 
6.494566917419434 
6.657550811767578 
6.613619804382324 
6.307303428649902 
7.110090255737305 
6.54746150970459 
6.334774971008301 
6.2176923751831055 
6.374993324279785 
6.666120529174805 
6.351439476013184 
6.901677131652832 
6.319951057434082 
6.357982635498047 
6.443195343017578 
6.536839485168457 
6.045865058898926 
6.585434913635254 
6.958022117614746 
6.522313117980957 
6.456144332885742 
6.113595962524414 
6.241216659545898 
6.467499732971191 
6.739536285400391 
5.7376203536987305 
6.2594499588012695 
6.594873428344727 
6.561068534851074 
6.213222503662109 
6.124405860900879 
6.194108009338379 
6.473023414611816 
6.666258811950684 
6.671561241149902 
6.830267906188965 
7.0300445556640625 
6.798358917236328 
6.261552810668945 
6.4077959060668945 
6.390812873840332 
6.8255615234375 
6.624410629272461 
5.531171798706055 
6.232616424560547 
6.607729911804199 
7.052713394165039 
6.782889366149902 
7.051301956176758 
6.328113555908203 
6.621584892272949 
6.626038551330566 
6.332530975341797 
6.527610778808594 
6.400214195251465 
6.933876991271973 
6.145169258117676 
7.168654441833496 
6.5905351638793945 
6.428763389587402 
6.412876129150391 
7.171365737915039 
6.203975677490234 
6.72398567199707 
6.196300506591797 
6.071418762207031 
5.9344940185546875 
6.308481216430664 
6.371711730957031 
6.140588760375977 
6.650941848754883 
6.588896751403809 
6.782108306884766 
6.427072525024414 
6.8917436599731445 
6.156279563903809 
6.242305755615234 
6.730983734130859 
6.496212005615234 
6.923548698425293 
5.837057113647461 
6.440423965454102 
6.464372634887695 
6.13947868347168 
6.226202011108398 
6.69023323059082 
5.843483924865723 
6.116874694824219 
6.4532470703125 
6.142168998718262 
7.180749893188477 
6.982230186462402 
6.771424293518066 
6.164346694946289 
6.346858978271484 
6.428337097167969 
7.444526672363281 
6.661789894104004 
6.407066345214844 
6.465728759765625 
6.595274925231934 
6.205164909362793 
6.987556457519531 
6.4978532791137695 
7.345940589904785 
6.111425399780273 
6.482290267944336 
6.963906288146973 
6.217136383056641 
6.222813606262207 
6.17254638671875 
6.172244071960449 
6.537667274475098 
6.888811111450195 
6.275588035583496 
6.269886016845703 
6.231727600097656 
6.341833114624023 
6.699125289916992 
6.383922576904297 
6.966917037963867 
6.088686943054199 
6.804156303405762 
6.366123199462891 
6.004550933837891 
6.172287940979004 
6.1228485107421875 
7.263679504394531 
6.919403076171875 
6.616998672485352 
7.234834671020508 
7.030394554138184 
6.832866668701172 
6.42578125 
6.4858856201171875 
6.568208694458008 
6.26556396484375 
7.501554489135742 
6.464234352111816 
6.047745704650879 
6.6238861083984375 
6.806014060974121 
6.6746416091918945 
6.619585037231445 
6.52442741394043 
7.262059211730957 
6.055755615234375 
6.850801467895508 
6.359047889709473 
6.339250564575195 
6.042030334472656 
6.50301456451416 
6.902174949645996 
6.729772567749023 
7.223602294921875 
6.0317535400390625 
7.196263313293457 
6.585566520690918 
6.178411483764648 
6.829662322998047 
6.768670082092285 
6.363842010498047 
6.316028594970703 
6.3724822998046875 
6.491483688354492 
7.083812713623047 
6.391391754150391 
7.091750144958496 
6.735296249389648 
6.3851165771484375 
6.840721130371094 
5.800422668457031 
6.618265151977539 
6.354284286499023 
6.843842506408691 
7.272390365600586 
6.165788650512695 
5.80532169342041 
6.492354393005371 
6.652191162109375 
6.417285919189453 
6.602825164794922 
6.313538551330566 
6.509756088256836 
6.901371955871582 
6.695853233337402 
6.273922920227051 
6.5390520095825195 
6.285306930541992 
6.6302642822265625 
6.793017387390137 
6.912324905395508 
6.256570816040039 
7.092226028442383 
5.794445991516113 
6.566424369812012 
6.244281768798828 
7.135910987854004 
6.3222503662109375 
6.338473320007324 
6.989872932434082 
6.993183135986328 
6.222901344299316 
6.709860801696777 
6.311457633972168 
6.3394622802734375 
6.634096145629883 
6.683538436889648 
6.319911003112793 
6.334519386291504 
7.148850440979004 
6.539068222045898 
6.89644718170166 
6.574125289916992 
6.141200065612793 
5.945274353027344 
6.532858848571777 
6.989684104919434 
7.1199750900268555 
6.663874626159668 
6.349037170410156 
7.05196475982666 
6.224333763122559 
6.446786880493164 
6.407634735107422 
6.552339553833008 
5.7655134201049805 
6.755061149597168 
6.528940200805664 
6.585646629333496 
6.8917694091796875 
6.746626853942871 
6.987584114074707 
6.990757942199707 
5.793651580810547 
5.818730354309082 
6.336465835571289 
6.639360427856445 
6.723409652709961 
6.388575553894043 
6.711606979370117 
6.109285354614258 
6.881440162658691 
6.440106391906738 
6.101751327514648 
6.224120140075684 
6.449943542480469 
6.543463706970215 
6.564506530761719 
6.313898086547852 
7.081988334655762 
6.092267990112305 
6.669634819030762 
6.258838653564453 
7.173674583435059 
6.275998115539551 
7.447422981262207 
6.781139373779297 
6.831695556640625 
6.093208312988281 
6.105795860290527 
6.200751304626465 
6.30070686340332 
6.585040092468262 
6.252606391906738 
6.989500999450684 
6.121557235717773 
6.582769393920898 
6.802679061889648 
6.640740394592285 
6.9008331298828125 
5.873752593994141 
6.1218061447143555 
6.032580375671387 
6.443998336791992 
6.250702857971191 
5.570143699645996 
6.6319990158081055 
6.550187110900879 
6.325606346130371 
6.635599136352539 
6.070252418518066 
6.0263214111328125 
5.844799995422363 
6.857639312744141 
6.56913948059082 
6.723262786865234 
6.761879920959473 
6.411613464355469 
6.738478660583496 
6.360167503356934 
6.331601142883301 
6.429970741271973 
6.764065742492676 
6.876006126403809 
6.299180030822754 
6.374875068664551 
6.280901908874512 
5.970524787902832 
5.983832359313965 
6.101717948913574 
5.989250183105469 
6.321201324462891 
6.414959907531738 
6.7890472412109375 
6.841524124145508 
6.7237348556518555 
6.347076416015625 
6.749459266662598 
6.537452697753906 
6.406822204589844 
6.084597587585449 
6.47177791595459 
6.135532379150391 
6.721482276916504 
7.1326494216918945 
7.374640464782715 
6.990306854248047 
6.7264251708984375 
6.943873405456543 
6.899355888366699 
6.867290496826172 
6.5348405838012695 
6.321209907531738 
6.520483016967773 
5.960967063903809 
6.055361747741699 
6.631500244140625 
6.553152084350586 
6.039590835571289 
6.966439247131348 
6.637674331665039 
6.264462471008301 
6.957915306091309 
6.4224138259887695 
6.68589973449707 
6.498790740966797 
6.1160993576049805 
5.768119812011719 
6.675278663635254 
6.6860809326171875 
6.681694030761719 
6.134981155395508 
6.46278190612793 
6.931824684143066 
6.674086570739746 
5.508509635925293 
6.120980262756348 
5.902349472045898 
5.991097450256348 
6.84299373626709 
6.443337440490723 
6.45635986328125 
5.89975643157959 
6.8806867599487305 
6.573840141296387 
6.163752555847168 
6.606827735900879 
6.375201225280762 
6.656125068664551 
6.235675811767578 
7.095254898071289 
6.63055419921875 
6.880192756652832 
6.1737823486328125 
6.28911018371582 
6.431536674499512 
6.384588241577148 
6.112215995788574 
6.306554794311523 
6.440801620483398 
6.375704765319824 
6.004611015319824 
6.7648515701293945 
6.117523193359375 
6.077939987182617 
6.191567420959473 
6.616783142089844 
6.190066337585449 
6.346280097961426 
6.402200698852539 
6.214587211608887 
6.579507827758789 
6.124117851257324 
6.208391189575195 
6.97052001953125 
6.377384185791016 
6.356555938720703 
6.470277786254883 
6.289200782775879 
6.4011125564575195 
7.154427528381348 
6.926198959350586 
6.082633972167969 
6.895648002624512 
6.472311019897461 
6.760229110717773 
6.543230056762695 
6.7779035568237305 
6.292060852050781 
6.380173683166504 
6.013485908508301 
6.912203788757324 
6.904881477355957 
6.48780632019043 
6.505626678466797 
6.359930992126465 
6.156890869140625 
5.922149658203125 
6.015679359436035 
6.707113265991211 
6.381312370300293 
6.438867568969727 
6.392634391784668 
6.09970760345459 
7.146662712097168 
6.64006233215332 
5.635631561279297 
7.301985740661621 
6.195171356201172 
6.403441429138184 
6.238029479980469 
7.417726516723633 
6.229138374328613 
6.312582015991211 
6.131041526794434 
6.605010986328125 
6.852052688598633 
6.179137229919434 
6.333854675292969 
5.845219612121582 
7.4883012771606445 
7.395115852355957 
6.47493839263916 
5.758845329284668 
7.568916320800781 
6.605682373046875 
7.169095039367676 
6.797718048095703 
6.1873016357421875 
6.375638008117676 
7.029611587524414 
6.476822853088379 
6.31430721282959 
5.873945236206055 
6.53135871887207 
6.436653137207031 
6.261761665344238 
7.265265464782715 
6.341901779174805 
6.268834114074707 
6.882045745849609 
6.120608329772949 
6.815521240234375 
6.8060197830200195 
6.295644760131836 
6.048940658569336 
7.162904739379883 
5.737832069396973 
6.449530601501465 
5.640721321105957 
7.062402725219727 
6.508526802062988 
6.2333526611328125 
6.544034004211426 
6.066905975341797 
6.314095497131348 
5.935999870300293 
6.26162052154541 
6.838662147521973 
7.002886772155762 
6.600213050842285 
6.054924011230469 
6.662815093994141 
6.207123756408691 
6.392926216125488 
6.985979080200195 
6.833015441894531 
6.603425979614258 
6.202638626098633 
6.547938346862793 
7.0247955322265625 
6.663002014160156 
6.523801803588867 
6.012660980224609 
6.790771484375 
6.059532165527344 
6.721341133117676 
7.576350212097168 
7.157636642456055 
6.025791168212891 
6.007087707519531 
7.164844512939453 
6.2882080078125 
6.696722030639648 
6.4858598709106445 
6.654219627380371 
6.729861259460449 
6.4290361404418945 
6.036725044250488 
6.365572929382324 
5.974521636962891 
6.518523216247559 
6.328829765319824 
6.762557029724121 
6.774932861328125 
6.077329635620117 
5.963623046875 
6.6536970138549805 
7.3260498046875 
6.046355247497559 
6.136468887329102 
6.708404541015625 
6.248814582824707 
7.025296211242676 
6.795393943786621 
6.044560432434082 
6.407659530639648 
6.577350616455078 
5.852190971374512 
6.493765830993652 
6.471827507019043 
6.669654846191406 
6.461688995361328 
6.300262451171875 
5.9314680099487305 
6.977834701538086 
6.647785186767578 
6.447910308837891 
6.279384613037109 
5.995113372802734 
6.5510101318359375 
5.81743049621582 
7.072750091552734 
6.957058906555176 
6.795039176940918 
6.356753349304199 
6.350583076477051 
6.617885589599609 
6.516607284545898 
6.980634689331055 
6.274574279785156 
6.546473503112793 
6.684479713439941 
7.0140228271484375 
6.592391014099121 
6.703570365905762 
6.582546234130859 
6.379730224609375 
6.531558990478516 
6.071772575378418 
6.337946891784668 
6.100323677062988 
6.588068962097168 
6.240623474121094 
6.678571701049805 
6.446176528930664 
6.697595596313477 
6.880962371826172 
6.441514015197754 
6.749590873718262 
6.822954177856445 
6.810026168823242 
6.670478820800781 
6.382320404052734 
6.3079729080200195 
5.759465217590332 
6.114790916442871 
6.126359939575195 
6.076288223266602 
6.851136207580566 
7.025692939758301 
6.8885345458984375 
7.013003349304199 
6.087455749511719 
6.892458915710449 
5.838204383850098 
6.479009628295898 
6.626822471618652 
6.957347869873047 
6.061417579650879 
6.556057929992676 
5.869477272033691 
6.457395553588867 
5.988801956176758 
7.051993370056152 
6.812363624572754 
6.705134391784668 
6.454830169677734 
6.110969543457031 
6.718292236328125 
7.061110496520996 
6.341143608093262 
6.364591598510742 
6.563144683837891 
6.188589096069336 
6.59482479095459 
6.9608154296875 
7.289156913757324 
6.363163948059082 
5.965581893920898 
7.030957221984863 
6.6793012619018555 
6.678345680236816 
6.832483291625977 
6.013260841369629 
6.313910484313965 
6.030935287475586 
6.39802360534668 
6.443418502807617 
5.648311614990234 
6.683858871459961 
6.0040998458862305 
6.337397575378418 
5.960018157958984 
6.799151420593262 
6.613900184631348 
6.037192344665527 
6.037507057189941 
6.184035301208496 
6.225155830383301 
6.456086158752441 
6.000345230102539 
6.808135986328125 
6.721926689147949 
6.61513614654541 
6.118600845336914 
7.250182151794434 
6.114078521728516 
6.666077613830566 
6.0023088455200195 
5.884479522705078 
7.090977668762207 
6.5858917236328125 
6.62766170501709 
6.426128387451172 
6.127541542053223 
6.672956466674805 
5.659700393676758 
6.812524795532227 
7.199848175048828 
6.226783752441406 
6.8003082275390625 
6.811395645141602 
6.333756446838379 
6.45479679107666 
6.240140914916992 
6.4896392822265625 
6.572897911071777 
6.537362098693848 
6.060883522033691 
6.866305351257324 
5.6254777908325195 
6.344532012939453 
6.619778633117676 
6.1663970947265625 
6.5258588790893555 
6.546202659606934 
6.297060012817383 
6.444526672363281 
6.345756530761719 
6.159646987915039 
6.660846710205078 
6.618202209472656 
6.736972808837891 
6.079049110412598 
6.764137268066406 
6.381204605102539 
7.0561723709106445 
6.872790336608887 
6.364240646362305 
6.764710426330566 
5.961613655090332 
6.603817939758301 
7.076302528381348 
6.8669281005859375 
6.349503517150879 
6.288022994995117 
6.473715782165527 
6.046823501586914 
6.18018913269043 
6.113964080810547 
6.198797225952148 
6.284511566162109 
6.416116714477539 
6.572742462158203 
6.533246040344238 
6.185406684875488 
6.723874092102051 
6.184384346008301 
6.318597793579102 
6.680477142333984 
5.707244873046875 
5.728515625 
6.446022033691406 
5.9600372314453125 
6.211606979370117 
6.697664260864258 
5.995612144470215 
5.924674034118652 
7.368813514709473 
7.239632606506348 
7.129683494567871 
6.618547439575195 
6.460515975952148 
6.910549163818359 
6.6633148193359375 
6.329648971557617 
6.351388931274414 
6.553832054138184 
6.513572692871094 
6.22614860534668 
7.102418899536133 
6.061375617980957 
5.959223747253418 
6.3951826095581055 
6.597063064575195 
6.436092376708984 
6.903313636779785 
6.482840538024902 
6.960330963134766 
6.394844055175781 
6.244483947753906 
7.735708236694336 
6.773994445800781 
7.158037185668945 
6.682462692260742 
6.226920127868652 
6.107264518737793 
6.447549819946289 
6.256658554077148 
6.921626091003418 
6.347306251525879 
6.6729736328125 
6.340877532958984 
6.997054100036621 
6.223274230957031 
7.599442481994629 
5.654067039489746 
6.398587226867676 
6.412605285644531 
6.759702682495117 
6.353916168212891 
6.166276931762695 
6.967150688171387 
6.435927391052246 
6.319244384765625 
6.38353157043457 
6.169099807739258 
6.850560188293457 
6.832555770874023 
6.482126235961914 
6.142269134521484 
6.598359107971191 
7.085345268249512 
6.451030731201172 
6.257830619812012 
6.119170188903809 
6.554795265197754 
6.801121711730957 
6.920373916625977 
6.318121910095215 
6.33610725402832 
6.573946952819824 
6.098640441894531 
6.989814758300781 
6.90396785736084 
7.357596397399902 
6.603970527648926 
7.045127868652344 
6.368411064147949 
5.436713218688965 
6.828066825866699 
6.7567033767700195 
6.91831111907959 
6.661259651184082 
7.274418830871582 
6.951845169067383 
6.717540740966797 
6.53266716003418 
6.350741386413574 
6.396598815917969 
6.412571907043457 
5.740004539489746 
6.519712448120117 
6.706350326538086 
6.146008491516113 
6.478765487670898 
6.549777984619141 
6.558177947998047 
6.312176704406738 
6.320786476135254 
7.021491050720215 
6.542422294616699 
7.27164363861084 
5.286039352416992 
6.978730201721191 
5.919033050537109 
6.815673828125 
6.737951278686523 
6.774999618530273 
6.818525314331055 
6.206147193908691 
6.531895637512207 
5.926407814025879 
6.5409698486328125 
6.7232255935668945 
6.350981712341309 
6.198233604431152 
6.729384422302246 
6.534450531005859 
6.580789566040039 
6.556710243225098 
6.638306617736816 
5.746838569641113 
6.475234031677246 
6.393891334533691 
6.345304489135742 
6.054871559143066 
5.873082160949707 
7.045112609863281 
6.496681213378906 
5.895968437194824 
6.207927703857422 
6.483861923217773 
6.186698913574219 
6.513618469238281 
6.210416793823242 
6.015416145324707 
5.9215192794799805 
6.912473678588867 
6.337815284729004 
6.709909439086914 
6.544130325317383 
6.234519958496094 
6.862591743469238 
6.467526435852051 
6.832771301269531 
6.633258819580078 
7.0774078369140625 
6.768399238586426 
6.412810325622559 
6.378607749938965 
6.828693389892578 
6.311041831970215 
6.942156791687012 
6.257391929626465 
6.077261924743652 
6.531706809997559 
6.2817487716674805 
6.264324188232422 
6.774765968322754 
6.500612258911133 
6.367025375366211 
6.12432861328125 
6.381697654724121 
6.224762916564941 
6.437531471252441 
6.37697696685791 
6.183869361877441 
6.632200241088867 
6.852974891662598 
6.3188066482543945 
5.974737167358398 
6.083698272705078 
6.639023780822754 
6.031659126281738 
6.430418014526367 
6.10563850402832 
6.526483535766602 
6.288246154785156 
6.354805946350098 
6.5760087966918945 
6.211665153503418 
7.136958122253418 
6.007808685302734 
6.3066911697387695 
6.407417297363281 
6.527401924133301 
6.360069274902344 
6.293098449707031 
6.108713150024414 
6.80339241027832 
6.89417839050293 
6.632494926452637 
6.234775543212891 
6.490991592407227 
6.553995132446289 
6.865821838378906 
6.429447174072266 
6.488072395324707 
6.143553733825684 
6.752765655517578 
6.121021270751953 
6.203216552734375 
6.635166168212891 
6.397802352905273 
6.013503074645996 
6.3051910400390625 
6.681883811950684 
6.421431541442871 
6.535684585571289 
6.488368034362793 
6.70039176940918 
5.880790710449219 
6.5678253173828125 
6.185049057006836 
6.5668230056762695 
6.243622779846191 
6.698204040527344 
6.296883583068848 
6.826494216918945 
6.8865251541137695 
5.849174499511719 
6.86881160736084 
7.549405097961426 
7.282100677490234 
6.715609550476074 
6.18375301361084 
6.549274444580078 
6.851955413818359 
6.766149520874023 
6.163327217102051 
6.297325134277344 
6.61846923828125 
6.324742317199707 
5.824349403381348 
6.449119567871094 
6.343009948730469 
7.004060745239258 
6.825700759887695 
6.15069580078125 
5.966753959655762 
6.108904838562012 
6.054852485656738 
6.2336626052856445 
6.217432022094727 
6.452821731567383 
6.695770263671875 
6.333605766296387 
6.448006629943848 
6.540191650390625 
6.5139265060424805 
6.7987260818481445 
6.433443069458008 
6.693408966064453 
7.124993324279785 
6.08625602722168 
6.510628700256348 
7.492280960083008 
6.83034610748291 
6.499042510986328 
6.462209701538086 
6.218615531921387 
6.8744049072265625 
6.701491355895996 
6.8338422775268555 
6.458100318908691 
5.930385589599609 
6.523554801940918 
6.642087936401367 
6.554659843444824 
6.860186576843262 
6.209627151489258 
7.001029968261719 
6.2637834548950195 
6.496280670166016 
7.1249895095825195 
6.9626874923706055 
5.545597076416016 
6.8316545486450195 
6.733865737915039 
6.4200286865234375 
6.298402786254883 
6.526788711547852 
6.665436744689941 
6.483226776123047 
6.0539140701293945 
6.506415367126465 
6.399048805236816 
6.584383010864258 
6.255510330200195 
6.7533464431762695 
6.63129997253418 
6.398902893066406 
5.947575569152832 
6.20075798034668 
6.837231636047363 
6.490045547485352 
6.711692810058594 
6.259549140930176 
6.780637741088867 
6.852207183837891 
7.075891494750977 
6.3281402587890625 
6.721967697143555 
7.487277984619141 
5.8731489181518555 
6.338187217712402 
6.761618614196777 
6.567629814147949 
6.632366180419922 
6.753229141235352 
6.177102088928223 
6.160468101501465 
6.269503593444824 
6.661892890930176 
6.153435707092285 
6.977138519287109 
6.527203559875488 
7.25300407409668 
6.813586235046387 
6.095636367797852 
6.5973663330078125 
6.892525672912598 
7.12642765045166 
6.628156661987305 
6.707359313964844 
6.563511848449707 
5.657906532287598 
6.5720977783203125 
6.502484321594238 
6.661561965942383 
6.006353378295898 
6.041286468505859 
6.256257057189941 
7.883710861206055 
6.225516319274902 
6.668484687805176 
6.698459625244141 
6.755674362182617 
6.312552452087402 
7.512526512145996 
6.4654436111450195 
6.166399002075195 
6.295015335083008 
5.913386344909668 
6.223542213439941 
6.532889366149902 
5.6511640548706055 
6.834197998046875 
6.589643478393555 
6.933544158935547 
6.247069358825684 
6.629541397094727 
6.763071060180664 
6.57241153717041 
6.920562744140625 
6.784832000732422 
6.486865997314453 
6.444762229919434 
6.298219680786133 
5.855924606323242 
6.478896141052246 
6.863781929016113 
7.091193199157715 
7.152031898498535 
6.535374641418457 
6.2334489822387695 
6.525266647338867 
6.722283363342285 
6.143640518188477 
5.865421295166016 
6.70301628112793 
6.814960479736328 
6.544581413269043 
7.238604545593262 
6.73183536529541 
6.979343414306641 
6.376562118530273 
6.051313400268555 
6.236167907714844 
6.741333961486816 
6.729979515075684 
6.256320953369141 
7.020917892456055 
6.5253496170043945 
6.478262901306152 
6.395824432373047 
6.51161003112793 
6.578473091125488 
6.261556625366211 
6.809941291809082 
6.082832336425781 
6.29818058013916 
6.140534400939941 
5.965517997741699 
6.609737396240234 
5.695575714111328 
6.514141082763672 
6.6739654541015625 
6.209733009338379 
6.322218894958496 
6.818171501159668 
6.04592227935791 
6.521871566772461 
6.348793983459473 
6.0732316970825195 
6.358097076416016 
6.811199188232422 
7.060785293579102 
6.650928497314453 
6.053094863891602 
6.3765411376953125 
6.485067367553711 
6.328400611877441 
6.636809349060059 
6.867705345153809 
6.2559919357299805 
6.449529647827148 
6.27217960357666 
6.36061954498291 
6.1598615646362305 
7.317869186401367 
6.863853454589844 
6.6764068603515625 
6.274618148803711 
6.541451454162598 
6.76860237121582 
6.529134750366211 
6.691174507141113 
6.639772415161133 
6.447402000427246 
5.97443962097168 
6.560688018798828 
6.194670677185059 
6.334773063659668 
6.224861145019531 
6.404939651489258 
6.865941047668457 
6.45555305480957 
7.126165390014648 
6.55618953704834 
6.93028450012207 
6.822537422180176 
6.262011528015137 
6.707261085510254 
6.620676040649414 
6.661410331726074 
6.64411735534668 
6.516948699951172 
7.049041748046875 
6.979637145996094 
6.332491874694824 
6.67418098449707 
6.737526893615723 
6.734803199768066 
6.731958389282227 
6.370532035827637 
6.195155143737793 
6.353202819824219 
6.952075958251953 
6.417130470275879 
6.872964859008789 
7.002096176147461 
6.340912818908691 
7.317893981933594 
7.597996711730957 
6.9217681884765625 
6.6216583251953125 
7.1164445877075195 
6.041303634643555 
5.727194786071777 
6.048099517822266 
7.4355010986328125 
6.843853950500488 
6.592226028442383 
7.0963544845581055 
6.229961395263672 
6.850005149841309 
6.594691276550293 
7.181774139404297 
6.0804595947265625 
6.827937126159668 
6.6054487228393555 
6.694249153137207 
5.682141304016113 
6.705889701843262 
6.304019927978516 
6.640010833740234 
6.9362335205078125 
6.636628150939941 
6.030953407287598 
7.108791351318359 
6.556602478027344 
7.295041084289551 
6.3769636154174805 
7.218632698059082 
7.05023193359375 
6.293337821960449 
7.324380874633789 
6.752610206604004 
7.185687065124512 
6.2874345779418945 
6.642057418823242 
6.675469398498535 
6.703229904174805 
6.167781829833984 
6.399749755859375 
6.403812408447266 
6.644171714782715 
6.52939510345459 
6.408343315124512 
6.573596000671387 
6.085221290588379 
6.412453651428223 
6.577615737915039 
6.134540557861328 
6.130505561828613 
5.8805646896362305 
6.327669143676758 
6.539162635803223 
5.955428123474121 
7.01146125793457 
6.4635114669799805 
6.9772443771362305 
6.088445663452148 
6.4362077713012695 
6.586679458618164 
6.540073394775391 
7.105134963989258 
6.171239852905273 
7.027583122253418 
6.214807510375977 
6.8610334396362305 
6.800105094909668 
6.379979133605957 
6.611035346984863 
7.185224533081055 
5.838567733764648 
6.411739349365234 
6.4486541748046875 
6.5365400314331055 
6.93214225769043 
6.223923683166504 
6.156397819519043 
6.492674827575684 
6.55930233001709 
6.321433067321777 
6.303160667419434 
7.118390083312988 
6.473823547363281 
6.1023969650268555 
6.247063636779785 
6.708151817321777 
6.1951093673706055 
6.666477203369141 
6.578493118286133 
6.425850868225098 
6.307738304138184 
6.870031356811523 
7.14156436920166 
6.5936279296875 
6.703404426574707 
6.381009101867676 
6.631513595581055 
6.098498344421387 
6.190046310424805 
6.351682662963867 
6.670842170715332 
6.037274360656738 
6.177578926086426 
6.296857833862305 
6.73021125793457 
6.669045448303223 
6.253231048583984 
6.8249311447143555 
6.792119026184082 
6.832484245300293 
6.935906410217285 
6.592328071594238 
6.360014915466309 
6.75986385345459 
6.5170087814331055 
6.461787223815918 
5.785952568054199 
6.13347053527832 
6.14625358581543 
6.081899642944336 
5.564114570617676 
6.063924789428711 
6.602350234985352 
5.865056037902832 
6.741724014282227 
6.5961198806762695 
6.418578147888184 
6.536105155944824 
6.7811174392700195 
6.445858001708984 
6.546323776245117 
6.436018943786621 
6.067363739013672 
6.341678619384766 
6.155309677124023 
6.284463882446289 
6.543447494506836 
6.651341438293457 
6.466364860534668 
6.614519119262695 
6.260766983032227 
6.509061813354492 
6.868589401245117 
6.583124160766602 
6.699544906616211 
6.276106834411621 
6.97463321685791 
6.100859642028809 
6.845369338989258 
6.883039474487305 
6.4907732009887695 
6.214378356933594 
6.06263542175293 
6.374526023864746 
6.002984046936035 
6.698215484619141 
6.834572792053223 
6.096157073974609 
6.639406204223633 
6.437994956970215 
6.868603706359863 
6.923830986022949 
6.738182067871094 
6.102940559387207 
6.446662902832031 
6.084949493408203 
6.65476131439209 
6.789855003356934 
5.7785797119140625 
5.874906539916992 
6.860708236694336 
7.087762832641602 
7.257096290588379 
6.512447357177734 
6.508500099182129 
7.2813005447387695 
6.519012451171875 
6.211821556091309 
6.626235008239746 
6.545351982116699 
6.685491561889648 
6.428061485290527 
5.922337532043457 
6.318321228027344 
7.093852996826172 
6.808704376220703 
6.233872413635254 
7.151098251342773 
6.427267074584961 
7.071592330932617 
6.10118293762207 
6.641955375671387 
6.711572647094727 
6.6833038330078125 
6.467337608337402 
6.571106910705566 
6.088476181030273 
6.38442325592041 
6.918344497680664 
7.002109527587891 
6.60066032409668 
6.277644157409668 
6.231163024902344 
5.964325904846191 
6.388579368591309 
6.114422798156738 
6.487790107727051 
6.341139793395996 
6.131526947021484 
5.618863105773926 
6.148360252380371 
6.63909912109375 
6.370089530944824 
7.087699890136719 
6.083961486816406 
6.383995056152344 
6.0731096267700195 
6.162775039672852 
6.477457046508789 
6.646040916442871 
6.205843925476074 
6.13787841796875 
6.252135276794434 
6.700235366821289 
7.032417297363281 
6.579461097717285 
6.655045509338379 
6.363547325134277 
6.784814834594727 
6.752493858337402 
6.1887922286987305 
6.30393123626709 
6.778013229370117 
7.163167953491211 
7.069509506225586 
6.630575180053711 
6.888520240783691 
6.621942520141602 
6.286632537841797 
6.356270790100098 
6.47227668762207 
6.385973930358887 
6.07464599609375 
6.222039222717285 
6.4896240234375 
6.752058029174805 
6.624624252319336 
6.529776573181152 
6.764011383056641 
6.547839164733887 
6.647346496582031 
6.376552581787109 
6.496118545532227 
5.654026985168457 
6.029874801635742 
7.2347822189331055 
6.679425239562988 
5.77150821685791 
6.410804748535156 
7.273440361022949 
5.259162902832031 
5.265960693359375 
7.048851013183594 
5.82086181640625 
6.292844772338867 
6.261216163635254 
6.054905891418457 
6.292070388793945 
6.247802734375 
5.9304304122924805 
6.84421443939209 
7.0226898193359375 
6.463260650634766 
6.698843002319336 
6.287583351135254 
6.353809356689453 
6.671084403991699 
6.177952766418457 
6.641964912414551 
6.333954811096191 
6.986658096313477 
6.389322280883789 
6.741802215576172 
6.9764404296875 
6.190028190612793 
6.392590522766113 
6.473320007324219 
6.085951805114746 
6.587629318237305 
6.5365190505981445 
6.949474334716797 
6.6359710693359375 
7.049034118652344 
6.3094682693481445 
6.329120635986328 
6.631227493286133 
6.263319969177246 
6.143898010253906 
5.852750778198242 
6.329460144042969 
7.384204864501953 
6.346611976623535 
6.167453765869141 
6.43730354309082 
6.522193908691406 
6.577190399169922 
6.179965972900391 
5.956112861633301 
6.672968864440918 
6.376014709472656 
6.611054420471191 
7.324837684631348 
6.280173301696777 
6.211053848266602 
6.669073104858398 
6.075691223144531 
6.419349670410156 
6.342307090759277 
6.817059516906738 
6.878971099853516 
6.685769081115723 
6.808436393737793 
7.327572822570801 
7.283827781677246 
6.453702926635742 
6.5543365478515625 
6.3523406982421875 
6.146254539489746 
6.097053527832031 
6.501972198486328 
6.988311767578125 
6.288647651672363 
6.180153846740723 
6.965293884277344 
6.1299896240234375 
6.288251876831055 
5.440041542053223 
7.928346633911133 
7.039299011230469 
6.567122459411621 
6.976178169250488 
6.4620819091796875 
7.3000383377075195 
6.994711875915527 
6.180524826049805 
6.329596519470215 
6.480828285217285 
5.812980651855469 
6.862367630004883 
6.659680366516113 
6.7688398361206055 
5.975179672241211 
5.840001106262207 
6.484267234802246 
6.013333320617676 
7.077030181884766 
6.7257232666015625 
6.466048240661621 
6.389951705932617 
6.796262741088867 
6.0869903564453125 
6.355508804321289 
6.371334075927734 
6.321507453918457 
6.147974967956543 
6.501896858215332 
6.939981460571289 
6.942712783813477 
6.428579330444336 
6.385444641113281 
6.570919990539551 
5.732465744018555 
6.268658638000488 
6.038728713989258 
6.606162071228027 
6.568424224853516 
6.157617568969727 
6.324296951293945 
5.8798017501831055 
6.438335418701172 
5.865716934204102 
6.040781021118164 
6.470956802368164 
6.448665618896484 
6.144341468811035 
6.667401313781738 
6.990545272827148 
6.350369453430176 
6.549800872802734 
7.018108367919922 
6.783098220825195 
6.683935165405273 
7.026409149169922 
6.370267868041992 
6.717036247253418 
6.499062538146973 
6.60457706451416 
6.182324409484863 
6.488966941833496 
6.79741096496582 
6.880279541015625 
6.7968549728393555 
6.952388763427734 
6.571252822875977 
6.1750640869140625 
6.82421875 
7.048678398132324 
6.649267196655273 
6.250605583190918 
6.860383987426758 
6.315410614013672 
6.41374397277832 
6.313390731811523 
6.422848701477051 
7.988494873046875 
6.908230781555176 
6.581279754638672 
6.866278648376465 
6.050690650939941 
5.84992790222168 
6.89786434173584 
5.880167007446289 
6.811431884765625 
6.782193183898926 
6.308431625366211 
6.56901741027832 
6.2765350341796875 
6.5069169998168945 
6.226452827453613 
6.820575714111328 
6.69390869140625 
6.505977630615234 
6.510497093200684 
6.342333793640137 
6.646203994750977 
6.767894744873047 
6.188897132873535 
7.031546592712402 
6.322918891906738 
6.584453582763672 
5.762485504150391 
6.2239484786987305 
6.543384552001953 
6.858036041259766 
6.787295341491699 
6.421501159667969 
6.329556465148926 
6.542369842529297 
6.023316383361816 
6.660262107849121 
6.070339202880859 
6.87571907043457 
6.684464454650879 
6.267336845397949 
6.522336006164551 
6.1790571212768555 
6.613219261169434 
6.6858673095703125 
6.733031272888184 
6.393512725830078 
6.33143424987793 
6.645454406738281 
6.6270856857299805 
6.688971519470215 
6.30387020111084 
6.87646484375 
6.7137346267700195 
6.086695671081543 
6.575040817260742 
6.682195663452148 
6.482608795166016 
6.526650428771973 
6.310188293457031 
6.495375633239746 
6.013187408447266 
6.029693603515625 
6.11751651763916 
6.768941879272461 
6.782299995422363 
6.536211967468262 
6.927986145019531 
6.648815155029297 
5.687359809875488 
6.334210395812988 
6.190709114074707 
5.906595230102539 
6.087955474853516 
6.051694869995117 
6.668726921081543 
6.652919769287109 
6.2769575119018555 
6.43399715423584 
6.292329788208008 
6.197842597961426 
6.425030708312988 
6.622753143310547 
6.161994934082031 
6.958802223205566 
6.737882614135742 
6.863857269287109 
6.846006393432617 
6.126572608947754 
6.443182945251465 
6.3679609298706055 
6.355794906616211 
6.30491828918457 
6.228193283081055 
6.339633941650391 
6.513820648193359 
6.631809234619141 
6.417718887329102 
6.824591636657715 
5.9001054763793945 
6.705440521240234 
6.437986373901367 
6.666274070739746 
6.899028778076172 
6.594509124755859 
6.361370086669922 
6.6345672607421875 
6.4053544998168945 
6.809913635253906 
6.883609771728516 
6.833481788635254 
6.103673934936523 
6.397333145141602 
6.599884986877441 
7.289534568786621 
6.5076494216918945 
6.536693572998047 
6.979619026184082 
6.6589555740356445 
6.158542633056641 
6.437138557434082 
6.324385643005371 
6.356137275695801 
6.614436149597168 
6.719300270080566 
6.349612236022949 
6.097526550292969 
6.5739336013793945 
6.244519233703613 
6.390856742858887 
6.641025543212891 
5.85382080078125 
6.585326194763184 
6.314785003662109 
6.614321708679199 
6.272197723388672 
6.483227729797363 
6.873991966247559 
6.385056495666504 
7.199776649475098 
7.379020690917969 
6.891054153442383 
6.276021957397461 
6.525010108947754 
5.837580680847168 
6.148685455322266 
6.179105758666992 
6.408638954162598 
6.491457939147949 
6.241436958312988 
6.3080339431762695 
7.718208312988281 
6.987200736999512 
6.818265914916992 
6.274151802062988 
6.921908378601074 
6.130223274230957 
6.696406364440918 
7.391889572143555 
6.461432456970215 
6.991135597229004 
6.002405166625977 
6.491562843322754 
6.175196647644043 
6.48732852935791 
6.571715354919434 
6.242254257202148 
6.632687568664551 
6.2210235595703125 
6.683830261230469 
6.221217155456543 
6.69122314453125 
5.555548667907715 
6.571446418762207 
6.754560470581055 
6.428495407104492 
6.721471786499023 
6.478952407836914 
6.580277442932129 
6.387295722961426 
6.237317085266113 
6.630158424377441 
6.222928047180176 
6.131791114807129 
6.849457740783691 
6.564374923706055 
6.273777008056641 
6.316397666931152 
6.089987754821777 
6.582919120788574 
6.703808784484863 
6.929981231689453 
6.294643402099609 
5.670320510864258 
6.159706115722656 
6.601346015930176 
6.654958724975586 
6.402042388916016 
6.4695892333984375 
5.984827995300293 
6.122876167297363 
6.020754814147949 
6.4266767501831055 
6.814512252807617 
6.083710670471191 
6.773029327392578 
6.023064613342285 
6.989520072937012 
6.699947357177734 
6.877598762512207 
5.977277755737305 
6.716887474060059 
6.512456893920898 
6.5068864822387695 
6.625927925109863 
6.50568962097168 
6.31749153137207 
6.729893684387207 
6.457515716552734 
6.486356735229492 
6.480130195617676 
6.325461387634277 
6.8568525314331055 
6.197674751281738 
6.316157341003418 
6.227659225463867 
6.282341957092285 
7.151782989501953 
6.764585494995117 
6.818092346191406 
6.422057151794434 
6.499213218688965 
6.2642822265625 
6.249029159545898 
6.7076311111450195 
6.269381523132324 
6.112640380859375 
6.575173377990723 
7.35759162902832 
6.846076011657715 
6.335026741027832 
6.926161766052246 
6.092504501342773 
6.185040473937988 
6.33853816986084 
6.87595272064209 
6.015622138977051 
6.359084129333496 
5.996337890625 
7.07670783996582 
6.348450660705566 
6.5379438400268555 
7.53227424621582 
6.1676836013793945 
6.219385147094727 
7.25058650970459 
6.907889366149902 
5.586932182312012 
6.502444267272949 
6.561081886291504 
6.694348335266113 
7.186398506164551 
6.312526702880859 
6.237704277038574 
6.788590431213379 
6.323777198791504 
6.252564430236816 
6.790745735168457 
7.048128128051758 
6.331107139587402 
6.886913299560547 
6.828762054443359 
6.352354049682617 
5.477296829223633 
6.780322074890137 
6.4533586502075195 
6.496138572692871 
6.181490898132324 
6.211697578430176 
6.727499008178711 
6.910825729370117 
6.451624870300293 
6.269339561462402 
7.331754684448242 
6.661072731018066 
6.433419227600098 
6.127107620239258 
6.685101509094238 
5.860980987548828 
6.181913375854492 
6.376001358032227 
6.207906723022461 
5.684483528137207 
6.480583190917969 
6.753846168518066 
6.925292015075684 
6.698725700378418 
6.011016845703125 
7.219181060791016 
6.404684066772461 
6.229435920715332 
7.000679016113281 
6.7951459884643555 
6.720259666442871 
6.473511695861816 
6.277776718139648 
6.229004859924316 
6.084385871887207 
6.326533317565918 
6.428289413452148 
6.974896430969238 
6.740021705627441 
6.617232322692871 
7.064790725708008 
6.940596580505371 
5.789819717407227 
6.65656852722168 
6.469426155090332 
6.382227897644043 
6.360264778137207 
6.982969284057617 
5.989416122436523 
5.944245338439941 
6.34834098815918 
6.552731513977051 
6.421761512756348 
6.458853721618652 
6.395072937011719 
6.9743146896362305 
6.038021087646484 
7.090700149536133 
7.041495323181152 
6.853785514831543 
6.089488983154297 
6.634669303894043 
6.779399871826172 
6.398669242858887 
7.089787483215332 
6.040075302124023 
6.446407318115234 
6.293617248535156 
6.185070037841797 
6.2445526123046875 
6.812702178955078 
6.408351898193359 
6.2293853759765625 
6.555285453796387 
6.752742767333984 
6.483850479125977 
6.773601531982422 
6.899412155151367 
6.631437301635742 
6.693881034851074 
6.862833023071289 
5.888017654418945 
6.060407638549805 
6.763141632080078 
6.469315528869629 
6.609720230102539 
6.049263000488281 
6.216093063354492 
6.300267219543457 
6.201369285583496 
6.77187442779541 
6.61390495300293 
6.234809875488281 
6.8491668701171875 
6.734127998352051 
6.245034217834473 
6.584720611572266 
6.755573272705078 
6.470335960388184 
6.129034996032715 
6.317870140075684 
6.956676483154297 
6.123237609863281 
6.341211318969727 
6.303428649902344 
6.130517959594727 
6.5931243896484375 
6.466567039489746 
6.269950866699219 
6.297396659851074 
6.305068016052246 
6.7896623611450195 
6.3756914138793945 
6.316799163818359 
6.60093879699707 
6.790827751159668 
6.501063346862793 
5.893946647644043 
6.175057411193848 
6.918651580810547 
6.785017967224121 
6.074553489685059 
6.741469383239746 
7.240386009216309 
6.525232315063477 
6.379261016845703 
6.149665832519531 
6.203412055969238 
7.038872718811035 
6.239008903503418 
6.173895835876465 
6.099327087402344 
5.6110124588012695 
6.655910491943359 
6.430350303649902 
6.263806343078613 
6.412271499633789 
6.460475921630859 
6.514856338500977 
7.126016616821289 
6.823550224304199 
6.1389055252075195 
6.38129997253418 
5.800850868225098 
6.763751029968262 
5.880805969238281 
7.08098030090332 
6.911008834838867 
6.988924026489258 
6.618622779846191 
6.469440460205078 
6.49074649810791 
6.817397117614746 
6.73112678527832 
6.706064224243164 
6.786162376403809 
6.7400665283203125 
6.90187931060791 
6.446457862854004 
5.445108413696289 
7.230220794677734 
6.668752670288086 
6.1917314529418945 
6.690818786621094 
7.454224586486816 
6.776693344116211 
6.156720161437988 
6.410426139831543 
6.227068901062012 
6.490152359008789 
6.508174896240234 
5.777295112609863 
6.64388370513916 
6.422220230102539 
6.783047676086426 
6.8079681396484375 
6.753509521484375 
6.101504325866699 
6.465346336364746 
6.569248199462891 
6.821865081787109 
6.386846542358398 
7.1403045654296875 
6.698582649230957 
6.470152854919434 
6.83500862121582 
6.273598670959473 
6.855650901794434 
6.415535926818848 
6.617624282836914 
7.14964485168457 
6.5479326248168945 
7.085141181945801 
6.514930725097656 
6.678590774536133 
6.720786094665527 
6.99683952331543 
6.388734817504883 
6.918322563171387 
6.209433555603027 
6.2997026443481445 
6.276993751525879 
6.3951005935668945 
6.291494369506836 
6.5430908203125 
6.573060989379883 
6.510721206665039 
6.365897178649902 
5.744183540344238 
6.305336952209473 
6.012045860290527 
6.3625593185424805 
6.0969343185424805 
6.395971298217773 
6.423307418823242 
7.288012504577637 
6.94770622253418 
6.566922187805176 
6.51497745513916 
6.747759819030762 
6.130078315734863 
6.885589599609375 
6.151745796203613 
6.553238868713379 
6.663027763366699 
6.8609209060668945 
6.033169746398926 
6.947471618652344 
6.441051483154297 
7.244739532470703 
6.855192184448242 
5.871132850646973 
6.012531280517578 
6.413686752319336 
6.5880231857299805 
6.251269340515137 
6.320354461669922 
6.600336074829102 
6.440641403198242 
6.769414901733398 
6.814550399780273 
6.528928756713867 
6.823138236999512 
6.027941703796387 
6.604768753051758 
6.6882219314575195 
6.276547431945801 
6.339151382446289 
6.367242813110352 
6.451865196228027 
6.122078895568848 
6.625048637390137 
6.401189804077148 
6.280930519104004 
6.82166862487793 
5.76895809173584 
6.517053604125977 
6.361965179443359 
5.917168617248535 
6.316409111022949 
6.4376020431518555 
6.512160301208496 
6.9281463623046875 
6.959429740905762 
6.161176681518555 
6.809469223022461 
6.209959030151367 
6.611405372619629 
7.575812339782715 
6.096785545349121 
6.519927978515625 
6.654468536376953 
7.016867637634277 
6.49368953704834 
6.655128479003906 
6.445206642150879 
6.202149391174316 
6.530423164367676 
6.67038631439209 
6.409702301025391 
7.018453598022461 
6.749782562255859 
6.0549211502075195 
6.886293411254883 
6.346595764160156 
6.211431503295898 
6.059691429138184 
6.1849870681762695 
6.956718444824219 
6.461519241333008 
6.553803443908691 
6.9049482345581055 
5.966190338134766 
5.8739013671875 
6.336352348327637 
6.765894889831543 
6.279303550720215 
6.869867324829102 
6.591536521911621 
6.396111488342285 
6.4141435623168945 
6.1198625564575195 
6.494861602783203 
6.584964752197266 
6.618983268737793 
6.008115768432617 
6.786903381347656 
5.900086402893066 
8.00087833404541 
6.2374114990234375 
7.353241920471191 
6.047090530395508 
7.594609260559082 
6.731671333312988 
6.275557518005371 
6.369575500488281 
6.342037200927734 
6.21000862121582 
6.18491268157959 
6.635766983032227 
6.347358703613281 
6.382320404052734 
6.509076118469238 
6.310105323791504 
6.671659469604492 
6.451239585876465 
5.861894607543945 
6.568109512329102 
6.413145065307617 
6.650753021240234 
6.301108360290527 
6.224541664123535 
6.2220306396484375 
6.806231498718262 
6.954281806945801 
6.72770881652832 
6.463992118835449 
6.538852691650391 
6.562707901000977 
6.309354782104492 
6.370977401733398 
6.786245346069336 
6.366355895996094 
5.936051368713379 
6.222760200500488 
6.25905704498291 
7.014652252197266 
6.418051719665527 
6.728442192077637 
5.82390022277832 
6.780879020690918 
6.3609418869018555 
6.770163536071777 
6.759632110595703 
7.009572982788086 
6.514120101928711 
6.788613319396973 
6.584786415100098 
6.309811592102051 
6.248044013977051 
6.695306777954102 
6.535148620605469 
7.0376787185668945 
6.590151786804199 
6.834201812744141 
6.060209274291992 
6.751336097717285 
7.512127876281738 
6.427711486816406 
6.286566734313965 
6.067907333374023 
6.278520584106445 
6.461400985717773 
6.428884506225586 
7.117051124572754 
6.464151382446289 
6.262957572937012 
6.493562698364258 
6.881819725036621 
6.6656599044799805 
6.195029258728027 
6.242405891418457 
6.361591339111328 
6.583808898925781 
6.834383964538574 
6.719367027282715 
7.0359649658203125 
6.605541229248047 
6.3983564376831055 
6.424772262573242 
6.59440803527832 
6.509171485900879 
6.487587928771973 
7.1281280517578125 
6.730278968811035 
6.249730110168457 
6.591355323791504 
6.43184757232666 
5.950164794921875 
7.062952041625977 
6.77946662902832 
6.794039726257324 
6.184039115905762 
6.3993425369262695 
5.993537902832031 
6.472813606262207 
6.045588493347168 
6.147068977355957 
6.269946098327637 
6.085906982421875 
6.410198211669922 
6.297199249267578 
6.391805648803711 
6.574446678161621 
6.5608720779418945 
6.751443862915039 
6.782751083374023 
6.423434257507324 
5.823678016662598 
6.646185874938965 
6.423829078674316 
6.270242691040039 
6.753085136413574 
6.560032844543457 
6.435892105102539 
6.768712997436523 
6.659751892089844 
6.273707389831543 
6.629336357116699 
6.804311752319336 
6.051178932189941 
6.11912727355957 
6.533746719360352 
6.175025939941406 
6.468157768249512 
6.317749977111816 
6.277688026428223 
6.883065223693848 
6.269023895263672 
6.326233863830566 
6.824341773986816 
6.962963104248047 
6.275142669677734 
6.597212791442871 
6.442502975463867 
5.490189552307129 
6.89171028137207 
6.862208366394043 
6.351931571960449 
6.292524337768555 
6.9681396484375 
6.710928916931152 
6.730040550231934 
6.209465026855469 
7.128622055053711 
6.848064422607422 
6.4871931076049805 
6.513014793395996 
6.702264785766602 
7.181704521179199 
5.913663864135742 
6.088622093200684 
6.073259353637695 
6.872089385986328 
6.576737403869629 
6.796281814575195 
6.5074968338012695 
6.54624080657959 
6.364345550537109 
5.9885759353637695 
6.1549072265625 
6.611240386962891 
6.518850326538086 
6.69174861907959 
6.574801445007324 
6.902372360229492 
6.003686904907227 
6.134960174560547 
7.098525047302246 
6.30850887298584 
6.5820770263671875 
7.384028434753418 
6.340627670288086 
6.362739562988281 
5.953508377075195 
6.576411247253418 
6.52846622467041 
6.071403503417969 
6.556488990783691 
5.894030570983887 
6.59969425201416 
6.481656074523926 
6.502388000488281 
6.331622123718262 
6.619806289672852 
6.465054512023926 
6.591329574584961 
7.197403907775879 
6.569124221801758 
6.4769086837768555 
5.840768814086914 
6.993024826049805 
6.241707801818848 
6.652738571166992 
6.141633033752441 
5.704123497009277 
5.7053422927856445 
6.920802116394043 
6.622305870056152 
6.1506805419921875 
6.351909637451172 
6.331671714782715 
6.105293273925781 
6.920637130737305 
6.520549774169922 
7.836483001708984 
6.668276786804199 
7.186103820800781 
6.178653717041016 
6.275392532348633 
6.061505317687988 
5.975460052490234 
7.128566741943359 
6.68228816986084 
6.52668571472168 
5.705785751342773 
6.162538528442383 
6.787118911743164 
6.399295806884766 
5.880764007568359 
6.5360517501831055 
7.751010894775391 
6.247352600097656 
6.354898452758789 
6.042083740234375 
6.724575042724609 
6.4633941650390625 
7.054454803466797 
6.347592353820801 
6.442582130432129 
6.473655700683594 
6.886500358581543 
6.337553024291992 
6.747297286987305 
6.166147232055664 
6.264305114746094 
6.3476762771606445 
7.196206092834473 
6.384454727172852 
6.5888214111328125 
6.169431686401367 
6.8010101318359375 
6.73392391204834 
6.9284162521362305 
6.29742431640625 
5.880390167236328 
6.00672721862793 
5.7490644454956055 
6.303035736083984 
6.719635963439941 
6.411568641662598 
6.439203262329102 
6.643975257873535 
6.554903030395508 
6.712735176086426 
6.52577018737793 
6.659156799316406 
6.278355598449707 
6.033085823059082 
6.584763526916504 
6.456839561462402 
6.147552490234375 
5.682826995849609 
6.347580909729004 
6.154749870300293 
6.522853851318359 
6.004182815551758 
5.706683158874512 
6.783791542053223 
6.17657470703125 
6.567750930786133 
6.409632682800293 
6.48069953918457 
5.783944129943848 
6.664979934692383 
6.939945220947266 
6.684410095214844 
6.3464460372924805 
7.05173397064209 
6.486325263977051 
6.665019989013672 
7.128091812133789 
6.237837791442871 
6.400921821594238 
6.099959373474121 
6.894713401794434 
6.4293670654296875 
6.118074417114258 
6.5711164474487305 
6.00156307220459 
6.9906110763549805 
6.291805267333984 
5.963770866394043 
6.705269813537598 
6.504403114318848 
6.893646240234375 
6.778745651245117 
7.352705955505371 
7.0026350021362305 
6.560079574584961 
6.093803405761719 
6.034709930419922 
6.723384857177734 
6.804283142089844 
6.591702461242676 
6.7317914962768555 
6.537418365478516 
6.958754539489746 
6.577253341674805 
6.665399551391602 
6.228461265563965 
6.46232795715332 
6.4352264404296875 
6.2159528732299805 
6.756244659423828 
6.595843315124512 
6.655071258544922 
6.757225036621094 
6.741176605224609 
6.855171203613281 
6.539685249328613 
6.251607894897461 
6.799748420715332 
6.568425178527832 
6.2338762283325195 
6.413031578063965 
6.27855110168457 
6.472108840942383 
6.91854190826416 
7.402057647705078 
6.2475433349609375 
6.194771766662598 
5.927955627441406 
6.548791885375977 
6.439040184020996 
6.975202560424805 
6.589722633361816 
6.359623908996582 
6.557700157165527 
6.763836860656738 
6.623079299926758 
6.272773742675781 
6.132377624511719 
5.9046783447265625 
6.637778282165527 
6.036630630493164 
6.596254348754883 
6.257850646972656 
6.5776166915893555 
6.554032325744629 
6.818570137023926 
7.1235246658325195 
5.967802047729492 
6.5290374755859375 
6.786940574645996 
6.6113433837890625 
6.978528022766113 
6.1835126876831055 
5.965517997741699 
6.18314266204834 
7.02174186706543 
6.966817855834961 
6.447980880737305 
6.870832443237305 
6.173615455627441 
6.637721061706543 
6.514232635498047 
6.621681213378906 
6.496541976928711 
6.520062446594238 
6.841081619262695 
6.175909042358398 
6.616694450378418 
6.346078872680664 
7.103830337524414 
6.466043472290039 
6.180370330810547 
6.193912506103516 
6.751940727233887 
5.9501543045043945 
6.559731483459473 
6.034079551696777 
6.452381134033203 
5.864249229431152 
7.021368026733398 
6.1327619552612305 
6.358893394470215 
6.7988996505737305 
6.106568336486816 
6.291022300720215 
6.252407073974609 
6.6278276443481445 
6.110426902770996 
6.224522590637207 
6.563015937805176 
6.678857803344727 
6.820150375366211 
6.904221534729004 
6.512256622314453 
6.8365373611450195 
6.841408729553223 
6.492810249328613 
7.2076520919799805 
6.193935394287109 
6.514196395874023 
6.444960594177246 
6.677838325500488 
6.685359001159668 
6.534859657287598 
6.048651695251465 
6.252457618713379 
5.782892227172852 
5.948890686035156 
6.474362373352051 
7.341555595397949 
6.426358222961426 
6.297153472900391 
6.3736162185668945 
6.438383102416992 
5.671380043029785 
6.683318138122559 
6.625461578369141 
6.719154357910156 
6.528138160705566 
5.130709648132324 
6.537008285522461 
6.974930763244629 
5.626197814941406 
6.242112159729004 
6.778592109680176 
6.426422119140625 
6.596014022827148 
6.941019058227539 
6.741546630859375 
6.217066764831543 
6.6816864013671875 
6.008113861083984 
6.608762741088867 
6.073694229125977 
6.711607933044434 
6.428563117980957 
6.61431884765625 
6.545278549194336 
6.805051803588867 
6.492074012756348 
6.778441429138184 
5.879303932189941 
7.027982711791992 
6.621138572692871 
6.6658124923706055 
5.763741493225098 
6.3983259201049805 
5.654789924621582 
6.4235382080078125 
6.659127235412598 
6.623308181762695 
7.550634384155273 
7.462741851806641 
6.305777549743652 
6.716639518737793 
6.5339860916137695 
7.008905410766602 
6.634024620056152 
6.480240821838379 
7.288813591003418 
6.085064888000488 
6.789849281311035 
6.447126388549805 
6.599040985107422 
6.350440979003906 
7.220476150512695 
7.09848690032959 
6.183911323547363 
6.2684736251831055 
6.079237937927246 
6.140427589416504 
6.505255699157715 
6.691157341003418 
6.595537185668945 
6.370783805847168 
6.334822654724121 
5.798124313354492 
6.690232276916504 
7.2108964920043945 
6.145482063293457 
6.9009857177734375 
6.0422868728637695 
6.702116012573242 
7.728307723999023 
6.622878074645996 
6.308477401733398 
6.451861381530762 
6.244067192077637 
5.971264839172363 
6.126380920410156 
6.328952789306641 
7.147370338439941 
6.394305229187012 
6.610121726989746 
6.841821670532227 
6.411486625671387 
6.235807418823242 
6.22487735748291 
6.926621437072754 
5.96429443359375 
6.199860572814941 
6.086077690124512 
6.078890800476074 
6.2038164138793945 
5.873186111450195 
6.327406883239746 
6.663224220275879 
6.0138444900512695 
6.268089294433594 
6.510968208312988 
6.348665237426758 
6.466402053833008 
6.856583595275879 
6.210526466369629 
6.384182929992676 
7.087453842163086 
6.098400115966797 
6.410401344299316 
6.244511604309082 
6.78858757019043 
6.088227272033691 
6.2967529296875 
6.441795349121094 
6.808826446533203 
6.37514591217041 
6.258234024047852 
6.515504837036133 
7.074052810668945 
6.585919380187988 
6.185591697692871 
6.493268013000488 
6.458189010620117 
6.886359214782715 
7.23435115814209 
6.492535591125488 
6.461892127990723 
5.717280387878418 
6.169689178466797 
6.295066833496094 
6.547184944152832 
6.526074409484863 
5.9492645263671875 
6.012839317321777 
6.440886497497559 
6.905003547668457 
6.663730621337891 
5.834667205810547 
6.312870025634766 
6.248757362365723 
6.262578964233398 
6.606169700622559 
6.435935974121094 
5.911904335021973 
6.247943878173828 
6.511765480041504 
6.31758975982666 
7.204898834228516 
6.276630401611328 
6.541841506958008 
6.348299026489258 
6.369062423706055 
7.449101448059082 
6.100126266479492 
6.719854354858398 
6.775529861450195 
6.770255088806152 
5.9589643478393555 
6.719209671020508 
6.126613616943359 
6.66074275970459 
6.662093162536621 
6.905364036560059 
6.32511043548584 
6.906792640686035 
6.5163116455078125 
6.068602561950684 
6.404242515563965 
6.469554901123047 
6.764281272888184 
6.74468994140625 
6.424388885498047 
6.25139045715332 
6.557442665100098 
6.594407081604004 
6.696569442749023 
6.45026969909668 
6.344172477722168 
6.500967025756836 
7.479340553283691 
6.64681339263916 
6.217807769775391 
6.452824592590332 
6.178858757019043 
6.156106948852539 
6.476193428039551 
6.475851058959961 
6.416974067687988 
6.7497406005859375 
6.3748016357421875 
6.874117851257324 
6.870491981506348 
5.794756889343262 
6.212368965148926 
7.94381046295166 
6.111063003540039 
6.443637847900391 
5.684552192687988 
6.712943077087402 
5.910127639770508 
6.989629745483398 
6.631987571716309 
6.803950309753418 
6.884517669677734 
6.570914268493652 
6.46121883392334 
6.547670364379883 
6.104613304138184 
6.527815818786621 
6.430458068847656 
5.877399444580078 
6.97214412689209 
7.018831253051758 
5.990570068359375 
6.062923431396484 
6.204437255859375 
6.793932914733887 
6.327310562133789 
6.341019630432129 
6.353812217712402 
5.929025650024414 
7.143590927124023 
5.638134956359863 
6.566936492919922 
6.060044288635254 
6.234142303466797 
7.267073631286621 
6.898402214050293 
6.340876579284668 
6.683758735656738 
6.411831855773926 
6.706813812255859 
6.542375564575195 
6.524471282958984 
6.591723442077637 
6.3011369705200195 
6.908890724182129 
6.608251571655273 
6.678363800048828 
5.188040733337402 
6.271842956542969 
6.559760093688965 
6.615242004394531 
6.52873420715332 
6.276437759399414 
6.347563743591309 
6.500946044921875 
6.42379093170166 
6.283727645874023 
7.612431526184082 
6.002738952636719 
5.991703033447266 
6.310320854187012 
6.687760353088379 
6.581761360168457 
6.318255424499512 
6.524117469787598 
6.5466814041137695 
6.587337493896484 
6.099896430969238 
6.678725242614746 
6.304577827453613 
6.155173301696777 
7.220333099365234 
6.765247344970703 
6.684950828552246 
5.751367568969727 
6.400727272033691 
6.570226669311523 
6.505485534667969 
5.959339141845703 
6.26947021484375 
7.247923851013184 
6.844949722290039 
6.533990859985352 
6.205720901489258 
6.791960716247559 
6.580870628356934 
6.275611877441406 
6.519832611083984 
6.1373291015625 
6.799582481384277 
7.301793098449707 
6.532252311706543 
6.903525352478027 
6.288857460021973 
6.091768264770508 
6.881175994873047 
6.2427978515625 
6.167344093322754 
6.787793159484863 
6.228104591369629 
6.914861679077148 
6.459796905517578 
6.637088775634766 
6.932568550109863 
6.498588562011719 
6.255684852600098 
7.086402893066406 
6.49969482421875 
6.343522071838379 
6.031729698181152 
5.5161590576171875 
6.252486228942871 
6.8532819747924805 
6.1460371017456055 
6.426692962646484 
6.243464469909668 
5.737009048461914 
6.3413238525390625 
7.339566230773926 
6.861120223999023 
6.472461700439453 
5.627322196960449 
6.647255897521973 
6.216838836669922 
5.941728591918945 
6.403473854064941 
6.228912353515625 
6.899262428283691 
6.39955997467041 
5.388599395751953 
6.947964668273926 
6.279872894287109 
6.280732154846191 
7.018637657165527 
6.604714393615723 
6.361869812011719 
6.970869064331055 
6.073990821838379 
6.582982063293457 
6.239683151245117 
6.5171098709106445 
7.119383811950684 
6.353386878967285 
6.583264350891113 
6.226259231567383 
6.546178817749023 
6.3411359786987305 
6.72873592376709 
6.5485429763793945 
6.513758659362793 
6.359031677246094 
6.6702775955200195 
6.183769226074219 
6.624268531799316 
6.405587196350098 
6.835945129394531 
6.308952331542969 
6.246294975280762 
7.224486351013184 
6.618002891540527 
5.987244606018066 
6.553280830383301 
6.942361831665039 
6.421531677246094 
5.920497894287109 
6.394654273986816 
6.621380805969238 
7.031543731689453 
6.635445594787598 
5.567296981811523 
6.122467041015625 
6.544817924499512 
6.650930404663086 
6.252618789672852 
6.363762855529785 
6.754148483276367 
6.124566078186035 
6.688198089599609 
6.081230163574219 
6.325883865356445 
6.571322441101074 
7.3216094970703125 
5.861668586730957 
6.513640403747559 
6.812681198120117 
6.2090864181518555 
6.7991790771484375 
5.953622817993164 
6.340519905090332 
6.469793319702148 
6.9779510498046875 
6.206851959228516 
6.256694793701172 
7.048577308654785 
6.413865089416504 
7.151670455932617 
6.30294132232666 
6.391476631164551 
6.231320381164551 
6.042099952697754 
6.343897819519043 
5.974835395812988 
6.662070274353027 
6.464387893676758 
5.970891952514648 
6.513538360595703 
6.168548583984375 
6.182275772094727 
6.6285200119018555 
6.268912315368652 
5.9759321212768555 
6.3432111740112305 
5.733224868774414 
6.52701473236084 
6.277802467346191 
6.905099868774414 
6.220528602600098 
7.104805946350098 
6.350476264953613 
6.433341979980469 
6.508386611938477 
6.122744560241699 
6.031281471252441 
6.090078353881836 
6.320117950439453 
6.6578369140625 
6.559398651123047 
7.252910614013672 
7.012360572814941 
6.685039520263672 
6.74864387512207 
6.428497314453125 
6.477201461791992 
5.960818290710449 
6.164228439331055 
7.072933197021484 
5.907512664794922 
6.023906707763672 
7.328962326049805 
5.795515060424805 
6.172943115234375 
7.06785774230957 
6.7814130783081055 
6.099577903747559 
6.91201114654541 
6.3949995040893555 
6.268423080444336 
6.182293891906738 
6.057740211486816 
7.106804847717285 
6.133514404296875 
6.522790908813477 
6.673196792602539 
6.482858657836914 
7.079263687133789 
6.36667537689209 
6.50551700592041 
6.437207221984863 
6.03486442565918 
6.046924591064453 
6.546299934387207 
7.345660209655762 
6.479704856872559 
6.500969886779785 
7.107102394104004 
6.087060928344727 
6.455990791320801 
6.9339141845703125 
6.45516300201416 
7.008795738220215 
6.4167938232421875 
5.942818641662598 
7.475369453430176 
6.263223648071289 
7.075568199157715 
6.499537467956543 
6.756208419799805 
6.086239814758301 
6.242908477783203 
6.950756072998047 
6.655134201049805 
6.517043113708496 
6.598752975463867 
6.78402042388916 
6.129387855529785 
6.849515914916992 
5.910124778747559 
6.026616096496582 
6.685826301574707 
5.877805709838867 
6.685686111450195 
6.900844573974609 
6.473676681518555 
6.3707075119018555 
6.416031837463379 
6.683780670166016 
5.5879058837890625 
6.682977676391602 
6.585236549377441 
6.270462989807129 
6.4596099853515625 
6.004977226257324 
6.2955169677734375 
6.537106513977051 
6.087873458862305 
6.331672668457031 
7.015022277832031 
6.607356071472168 
6.136042594909668 
6.457071304321289 
7.060770034790039 
6.143685340881348 
5.947214126586914 
6.717127799987793 
6.527764320373535 
6.479576110839844 
6.747386932373047 
6.962169647216797 
7.425116539001465 
6.643542289733887 
6.648386001586914 
6.009507179260254 
6.418449401855469 
6.67471981048584 
6.389328956604004 
6.922464370727539 
6.200588226318359 
6.410015106201172 
6.182868003845215 
6.592686653137207 
6.640923500061035 
6.864073753356934 
6.726064682006836 
6.323829650878906 
6.07794189453125 
5.987386703491211 
6.655318260192871 
6.827271461486816 
6.163640022277832 
7.194341659545898 
6.16552734375 
6.874845504760742 
6.5314788818359375 
6.258849143981934 
6.630816459655762 
6.017157554626465 
5.976861953735352 
6.235389709472656 
5.62937068939209 
6.7082977294921875 
6.470951080322266 
6.365754127502441 
6.682805061340332 
6.355463981628418 
6.145795822143555 
7.007514953613281 
6.298364639282227 
6.4548492431640625 
5.8124847412109375 
5.8160810470581055 
6.725717544555664 
6.917579650878906 
6.242886543273926 
6.722735404968262 
6.400337219238281 
6.18359375 
6.106046676635742 
6.327883720397949 
6.298954963684082 
6.646817207336426 
6.511933326721191 
6.58704948425293 
6.105253219604492 
6.293163299560547 
6.2651824951171875 
6.422052383422852 
6.34295654296875 
7.23786735534668 
6.21858024597168 
6.521298408508301 
5.890785217285156 
6.747913360595703 
6.864112854003906 
6.2385406494140625 
5.677973747253418 
6.497555732727051 
6.557364463806152 
5.934062957763672 
7.4079742431640625 
6.551323890686035 
6.094736099243164 
6.119937896728516 
7.064813613891602 
6.708822250366211 
6.794218063354492 
5.378057479858398 
6.51505184173584 
7.8812408447265625 
6.376459121704102 
6.617949485778809 
6.290248870849609 
6.844325065612793 
6.457408905029297 
6.845691680908203 
5.754948616027832 
6.5 
6.321048736572266 
5.662543296813965 
6.6043701171875 
6.473013877868652 
7.030305862426758 
6.363333702087402 
6.901517868041992 
6.399263381958008 
6.180779457092285 
6.45463752746582 
6.898545265197754 
6.272224426269531 
6.321568489074707 
6.551982879638672 
7.119696617126465 
6.330565452575684 
6.619339942932129 
6.9903364181518555 
6.688052177429199 
7.021152496337891 
6.38530158996582 
6.5931196212768555 
6.0451154708862305 
6.489113807678223 
7.0099077224731445 
6.134676933288574 
5.694879531860352 
7.014324188232422 
6.284137725830078 
6.800861358642578 
6.1176347732543945 
6.319507598876953 
6.101999282836914 
6.471930503845215 
6.50323486328125 
6.683048248291016 
6.370641708374023 
6.369722366333008 
6.759840965270996 
6.696893692016602 
5.996244430541992 
6.670185089111328 
6.637852668762207 
6.524933815002441 
6.197654724121094 
6.505756378173828 
6.495203971862793 
6.25399112701416 
6.840500831604004 
6.019067764282227 
5.9886322021484375 
6.005979537963867 
6.457505226135254 
6.25656795501709 
6.4991607666015625 
6.6054229736328125 
6.018120765686035 
6.253334999084473 
6.682330131530762 
6.557101249694824 
6.4781999588012695 
6.744537353515625 
6.766604423522949 
6.6793975830078125 
6.2240142822265625 
6.319713592529297 
6.839219093322754 
6.373608589172363 
6.351975440979004 
5.778323173522949 
6.793438911437988 
6.277464866638184 
6.78765869140625 
6.037478446960449 
6.827672004699707 
7.005068778991699 
6.313172340393066 
5.995125770568848 
6.780211448669434 
6.273994445800781 
6.597908973693848 
6.21701717376709 
5.916059494018555 
6.794102668762207 
6.422464370727539 
5.609397888183594 
6.7915449142456055 
6.437435150146484 
5.995526313781738 
6.500099182128906 
6.110191345214844 
6.143342018127441 
6.378011703491211 
6.103409767150879 
6.613730430603027 
6.199596405029297 
6.750946044921875 
5.995807647705078 
6.407260894775391 
6.934937477111816 
6.133936882019043 
6.4371538162231445 
6.690496444702148 
7.133269309997559 
6.688340187072754 
6.9481658935546875 
6.393794059753418 
6.5102128982543945 
6.563056945800781 
6.394560813903809 
6.045381546020508 
6.325891494750977 
6.366847038269043 
6.5928144454956055 
6.015876770019531 
6.352519989013672 
6.72584342956543 
7.021523475646973 
6.992282867431641 
6.981144905090332 
6.557985305786133 
6.776749610900879 
6.670038223266602 
6.476770401000977 
6.590971946716309 
6.912945747375488 
6.891474723815918 
6.578564643859863 
5.631921768188477 
6.637389183044434 
6.858780860900879 
6.192824363708496 
6.218290328979492 
5.962897300720215 
6.657793045043945 
6.703458786010742 
6.355579376220703 
6.126500129699707 
7.29045295715332 
6.268346786499023 
6.7270355224609375 
6.847658157348633 
6.892661094665527 
6.589199066162109 
6.617910385131836 
6.412259101867676 
6.425209045410156 
6.2939300537109375 
6.276113510131836 
6.150300025939941 
6.760516166687012 
6.506219863891602 
5.977306365966797 
6.971580505371094 
6.6369829177856445 
6.392392158508301 
6.299161911010742 
5.622745513916016 
6.205231666564941 
6.394369125366211 
6.609932899475098 
7.134902000427246 
6.791784286499023 
6.0102949142456055 
6.69564151763916 
6.852375030517578 
6.184878349304199 
6.365181922912598 
6.790456771850586 
6.662062644958496 
5.999752044677734 
7.275937080383301 
6.315981864929199 
5.901826858520508 
6.113609313964844 
6.48900032043457 
6.276091575622559 
5.900586128234863 
6.772589683532715 
6.547761917114258 
6.514784812927246 
6.787796974182129 
6.205142974853516 
6.945038795471191 
6.464016914367676 
6.472959518432617 
6.078044891357422 
6.57672119140625 
6.670170783996582 
6.020556449890137 
6.436875343322754 
6.783100128173828 
6.69387149810791 
6.9881181716918945 
6.059769630432129 
6.637576103210449 
6.691864013671875 
6.521784782409668 
6.343470573425293 
6.824498176574707 
6.4470720291137695 
6.7885942459106445 
6.4820661544799805 
6.248053550720215 
6.75606632232666 
6.534931182861328 
6.580265045166016 
7.130249977111816 
6.022693634033203 
6.8276824951171875 
6.443148612976074 
5.975829124450684 
6.414153099060059 
6.886943817138672 
6.661862373352051 
5.8168134689331055 
6.016674041748047 
5.686118125915527 
6.2845258712768555 
7.2709550857543945 
6.046892166137695 
6.69273567199707 
6.418436050415039 
6.67268180847168 
6.767237663269043 
6.576686859130859 
7.253259658813477 
5.930047988891602 
6.387749671936035 
6.546586036682129 
6.83671760559082 
6.533295631408691 
6.405274391174316 
6.357418060302734 
6.598239898681641 
6.993823051452637 
6.213229179382324 
6.467063903808594 
6.061148643493652 
7.20417594909668 
6.313904762268066 
6.750170707702637 
6.658865928649902 
6.08222770690918 
6.64738655090332 
6.287600517272949 
6.646710395812988 
6.768060684204102 
6.341010093688965 
7.016928672790527 
6.28424072265625 
7.071640968322754 
6.55021858215332 
7.062396049499512 
6.607065200805664 
6.530838966369629 
6.020465850830078 
6.293763160705566 
6.264382362365723 
6.52437686920166 
5.9316511154174805 
6.221631050109863 
6.150327682495117 
6.488038063049316 
7.60588264465332 
6.99964714050293 
7.001248359680176 
6.669506072998047 
6.773494720458984 
6.784804344177246 
6.348711967468262 
6.645027160644531 
6.919502258300781 
6.89195442199707 
6.417634963989258 
6.487674713134766 
7.115269660949707 
6.542717933654785 
6.397573471069336 
5.9833831787109375 
6.476318359375 
6.350515365600586 
6.433819770812988 
6.541801452636719 
6.753732681274414 
6.521719932556152 
6.408672332763672 
6.301139831542969 
7.435827255249023 
6.2814178466796875 
6.358609199523926 
6.809441566467285 
7.068819999694824 
6.676887512207031 
6.34243106842041 
6.7031965255737305 
6.3397016525268555 
6.44648551940918 
7.109641075134277 
6.774696350097656 
6.065617561340332 
6.887087821960449 
6.269343376159668 
5.181429862976074 
6.577857971191406 
6.887677192687988 
6.198749542236328 
6.823530197143555 
6.683886528015137 
6.667004585266113 
5.423041343688965 
6.891632080078125 
6.0076904296875 
6.234125137329102 
6.867372512817383 
6.131776809692383 
5.840023994445801 
5.6023969650268555 
5.927600860595703 
6.150575637817383 
6.476797103881836 
6.517840385437012 
6.611527442932129 
6.496665954589844 
6.412403106689453 
6.189269065856934 
6.830718994140625 
6.30953311920166 
6.305669784545898 
6.037261962890625 
6.704551696777344 
5.838990211486816 
7.02766227722168 
6.67732048034668 
6.617536544799805 
6.511238098144531 
5.766786575317383 
6.302906036376953 
6.436810493469238 
6.234259605407715 
6.498059272766113 
7.274447441101074 
7.0267229080200195 
6.785762786865234 
6.159951210021973 
6.59967041015625 
6.291213035583496 
6.935805320739746 
6.638954162597656 
6.434001922607422 
6.731977462768555 
5.905205726623535 
6.348182678222656 
6.411930084228516 
6.487851142883301 
6.141180038452148 
6.678200721740723 
6.537591934204102 
6.615765571594238 
7.077757835388184 
7.0291290283203125 
6.239365577697754 
6.238556861877441 
6.655623435974121 
6.387685775756836 
6.309910774230957 
5.964638710021973 
6.842121124267578 
6.247219085693359 
6.496646881103516 
6.225706100463867 
5.970623970031738 
6.6598100662231445 
6.209197044372559 
6.513166427612305 
6.660371780395508 
5.966670036315918 
6.117730140686035 
6.30024528503418 
6.390671730041504 
6.397717475891113 
6.610265731811523 
6.6560773849487305 
6.199190139770508 
6.578474044799805 
7.147235870361328 
7.02928352355957 
5.955792427062988 
6.632783889770508 
6.54988956451416 
6.294781684875488 
6.2574968338012695 
6.38214111328125 
6.617626190185547 
6.742001533508301 
6.421640396118164 
6.5383148193359375 
6.657987594604492 
6.955990791320801 
6.466711044311523 
7.347186088562012 
6.715641975402832 
6.726289749145508 
6.642751693725586 
6.768418312072754 
6.806227684020996 
6.688183784484863 
6.301555633544922 
6.269143104553223 
6.103275299072266 
5.848114013671875 
6.848339080810547 
6.611117362976074 
6.831142425537109 
6.816383361816406 
6.016188621520996 
6.533847808837891 
6.333654403686523 
5.791220664978027 
7.256692886352539 
6.445871353149414 
6.984122276306152 
6.520586013793945 
6.293430328369141 
6.09000301361084 
6.362309455871582 
6.731707572937012 
6.278711318969727 
6.20635986328125 
6.2173051834106445 
7.467761993408203 
6.0619354248046875 
6.673893928527832 
6.076373100280762 
5.593039512634277 
6.2099199295043945 
6.500166893005371 
6.347604751586914 
6.912369728088379 
6.546674728393555 
6.044774055480957 
5.8650407791137695 
6.910675048828125 
6.254873275756836 
7.344682693481445 
6.77266788482666 
5.9433393478393555 
6.474848747253418 
6.673409461975098 
6.592255592346191 
6.20533561706543 
6.250502586364746 
6.032705307006836 
6.0695343017578125 
6.149426460266113 
6.127618789672852 
5.969234466552734 
6.285449981689453 
6.645529747009277 
6.5373992919921875 
6.575735092163086 
6.241878509521484 
5.957130432128906 
6.714720726013184 
6.226851463317871 
6.75766658782959 
6.091261863708496 
6.004883766174316 
6.721632957458496 
6.351698875427246 
6.01430606842041 
6.392155647277832 
6.635554313659668 
7.403702735900879 
6.703116416931152 
6.756989479064941 
7.030289649963379 
6.641110420227051 
6.3852081298828125 
6.689273834228516 
6.630160331726074 
5.8949737548828125 
6.660259246826172 
6.992562294006348 
6.612135887145996 
6.775620460510254 
6.980975151062012 
6.278467178344727 
6.373269081115723 
6.087710380554199 
6.51528263092041 
6.61674690246582 
6.932269096374512 
7.2046308517456055 
6.1775970458984375 
6.799776077270508 
5.917303085327148 
6.063711166381836 
7.0695037841796875 
6.770429611206055 
6.9417619705200195 
6.5922136306762695 
6.627292633056641 
6.807387351989746 
5.956300735473633 
5.780930519104004 
6.453375816345215 
6.083690643310547 
6.317366600036621 
6.683712959289551 
6.801760673522949 
6.019296646118164 
6.07430362701416 
6.459419250488281 
6.454307556152344 
5.984452247619629 
6.216190338134766 
6.365778923034668 
6.123708724975586 
7.23225212097168 
6.620488166809082 
6.791719436645508 
6.412854194641113 
6.662808418273926 
6.787426948547363 
6.816770553588867 
6.9244184494018555 
6.747827529907227 
6.558463096618652 
6.510286331176758 
8.271293640136719 
6.6408281326293945 
6.140449523925781 
6.528791427612305 
6.617615699768066 
7.2915496826171875 
6.453371047973633 
6.422350883483887 
6.305774688720703 
6.494281768798828 
7.066038131713867 
6.232505798339844 
5.9665985107421875 
6.29420280456543 
6.202062606811523 
6.239865303039551 
6.688010215759277 
6.33192253112793 
6.493717193603516 
6.80501651763916 
6.224489212036133 
6.686707496643066 
5.540128707885742 
6.224210739135742 
6.241454124450684 
6.219804763793945 
6.454739570617676 
6.2826128005981445 
5.934337615966797 
6.675758361816406 
5.991708755493164 
6.243003845214844 
6.155294418334961 
6.188216209411621 
6.842811584472656 
6.303274154663086 
6.366463661193848 
5.685283660888672 
7.4853410720825195 
7.200774192810059 
6.354106903076172 
6.576443672180176 
5.948515892028809 
6.496929168701172 
6.018178939819336 
6.260719299316406 
7.364775657653809 
6.700414657592773 
6.585211753845215 
6.008685111999512 
6.6363019943237305 
6.578165054321289 
6.450529098510742 
6.741275787353516 
7.372988700866699 
6.404961585998535 
6.541378021240234 
6.03364372253418 
6.142606735229492 
6.9872541427612305 
6.602067947387695 
6.656893730163574 
6.461094856262207 
7.104331016540527 
5.885279655456543 
6.2795515060424805 
5.899715423583984 
5.539850234985352 
5.88848876953125 
6.060381889343262 
7.203456878662109 
6.711150169372559 
6.5678606033325195 
6.548806190490723 
6.618860244750977 
6.235417366027832 
6.134531021118164 
6.292829513549805 
7.444286346435547 
6.982427597045898 
6.649060249328613 
6.687549591064453 
6.417757034301758 
6.535240173339844 
6.15169620513916 
6.7383527755737305 
6.645320892333984 
6.346437454223633 
6.640678405761719 
6.571863174438477 
6.095775604248047 
6.486627578735352 
6.7279052734375 
7.349466323852539 
6.677116394042969 
6.846123695373535 
6.52993106842041 
7.5493621826171875 
6.102357864379883 
6.384284019470215 
6.371062278747559 
6.355201721191406 
6.5487470626831055 
6.779130935668945 
6.151849746704102 
6.641261100769043 
7.1560773849487305 
6.777862548828125 
6.145474433898926 
6.330378532409668 
6.613666534423828 
5.930022239685059 
6.245229721069336 
5.940183639526367 
5.964962959289551 
6.568365097045898 
6.320040702819824 
7.071000099182129 
5.751070022583008 
6.1828107833862305 
6.160122871398926 
6.183423042297363 
6.0570268630981445 
6.49051570892334 
6.5142927169799805 
6.137335777282715 
6.572487831115723 
6.1486616134643555 
6.631263732910156 
6.129428863525391 
6.111537933349609 
6.404030799865723 
6.369123458862305 
6.3514251708984375 
6.778363227844238 
6.117238998413086 
6.760347366333008 
6.940081596374512 
5.892739295959473 
6.411733627319336 
6.587108612060547 
6.824013710021973 
6.204058647155762 
6.168425559997559 
6.7915754318237305 
6.046772003173828 
6.563726425170898 
6.832086563110352 
6.964522361755371 
6.604884147644043 
6.7831621170043945 
6.810057640075684 
6.103710174560547 
6.1868743896484375 
6.267803192138672 
6.6398820877075195 
6.498934745788574 
6.378721237182617 
6.375754356384277 
6.6853532791137695 
6.788376808166504 
6.856085777282715 
6.783703804016113 
6.690857887268066 
6.138710975646973 
6.567512512207031 
6.95556640625 
6.778712272644043 
6.286740303039551 
6.7509355545043945 
7.011404037475586 
6.6298675537109375 
6.479550361633301 
6.036498069763184 
6.010912895202637 
7.12514591217041 
6.0257768630981445 
7.149805068969727 
6.672861099243164 
6.1248369216918945 
6.419512748718262 
6.223094940185547 
6.929009437561035 
6.523776054382324 
6.642786979675293 
6.764976501464844 
6.49343204498291 
6.503223419189453 
6.764893531799316 
7.182836532592773 
6.427799224853516 
5.385748863220215 
6.124307632446289 
6.733731269836426 
6.523679733276367 
6.817913055419922 
6.478039741516113 
5.713846206665039 
6.448483467102051 
6.599216461181641 
7.106845855712891 
6.770062446594238 
6.0552568435668945 
6.768869400024414 
6.736222267150879 
6.7850751876831055 
6.988533020019531 
6.551542282104492 
6.718761444091797 
6.521409034729004 
6.61082649230957 
6.5385284423828125 
5.901796340942383 
7.244082450866699 
6.524627685546875 
6.377311706542969 
7.135692596435547 
6.288387298583984 
6.616162300109863 
6.317095756530762 
6.547747611999512 
6.49053955078125 
5.835556983947754 
6.112520217895508 
6.7257890701293945 
6.662805557250977 
6.208836555480957 
