5.45871114730835 
5.041945934295654 
6.023033142089844 
4.961795806884766 
5.0245890617370605 
5.074267387390137 
5.296926498413086 
5.05198860168457 
5.096677780151367 
5.135566711425781 
4.9799723625183105 
4.990448951721191 
5.2371673583984375 
5.391321659088135 
4.966025352478027 
6.035166263580322 
5.043764591217041 
5.032668113708496 
4.930246353149414 
6.12851619720459 
5.078981876373291 
5.521075248718262 
5.835723876953125 
6.172660827636719 
5.034901142120361 
7.981330871582031 
5.428934574127197 
5.8731689453125 
5.398273944854736 
6.184051513671875 
4.953248023986816 
5.043181419372559 
6.7184553146362305 
5.254023551940918 
4.862343788146973 
4.9683308601379395 
5.102634906768799 
4.93852424621582 
8.768779754638672 
5.396182060241699 
5.362914085388184 
6.298194408416748 
5.045748710632324 
5.175529479980469 
6.128251075744629 
5.023238658905029 
7.3004279136657715 
5.0152130126953125 
4.920746803283691 
5.041103363037109 
5.239239692687988 
5.001579761505127 
4.934072494506836 
5.034663677215576 
5.002408027648926 
5.109138488769531 
4.883759498596191 
5.099922180175781 
5.339463710784912 
5.354734420776367 
5.522111892700195 
5.07266902923584 
4.965569496154785 
6.197214603424072 
6.20015811920166 
6.508957386016846 
5.053203582763672 
4.800729751586914 
5.003191947937012 
5.007905006408691 
4.994848728179932 
4.960194110870361 
4.966043472290039 
5.034700870513916 
5.209774017333984 
5.704631328582764 
5.820822238922119 
5.033085823059082 
6.4178009033203125 
8.078782081604004 
7.378371238708496 
5.5426836013793945 
5.032956123352051 
5.24962854385376 
5.039437770843506 
4.8879899978637695 
5.4467902183532715 
5.286928653717041 
5.059427261352539 
5.042433738708496 
5.354782581329346 
4.949018478393555 
5.005805015563965 
5.069328784942627 
7.660465717315674 
4.965000152587891 
6.392621040344238 
5.109240531921387 
4.998456954956055 
5.124837875366211 
5.1676344871521 
4.948897838592529 
5.813637733459473 
5.6237335205078125 
5.657057285308838 
5.552101135253906 
4.959873199462891 
5.6375837326049805 
6.4839277267456055 
4.9834818840026855 
4.988885879516602 
5.076616287231445 
4.949386119842529 
4.988827228546143 
5.0020904541015625 
5.148863792419434 
5.921028137207031 
7.11382532119751 
5.013642311096191 
4.98520565032959 
4.975835800170898 
4.916817665100098 
5.012411117553711 
5.008315563201904 
8.015957832336426 
7.767885208129883 
5.789705276489258 
4.7755126953125 
5.016366004943848 
5.050718307495117 
5.0404462814331055 
5.224386215209961 
5.206533432006836 
5.200713634490967 
4.908705234527588 
5.415067672729492 
7.935850143432617 
5.112422943115234 
5.056537628173828 
8.201095581054688 
4.87691068649292 
4.940011978149414 
5.002653121948242 
5.224937438964844 
5.094089508056641 
5.097990989685059 
5.07924747467041 
4.998088359832764 
8.290901184082031 
4.927881717681885 
5.0604352951049805 
5.421171188354492 
6.866209030151367 
5.665435791015625 
7.369939804077148 
5.355892658233643 
7.4774909019470215 
4.862977981567383 
6.110023498535156 
5.854587554931641 
5.610463619232178 
4.9896039962768555 
5.445868968963623 
5.043641090393066 
5.461045265197754 
5.090304374694824 
5.070021152496338 
5.358575820922852 
7.472399711608887 
4.932932376861572 
4.949922561645508 
4.968072891235352 
5.134404182434082 
5.912017822265625 
5.045228958129883 
5.657345771789551 
4.944314002990723 
6.250389099121094 
4.978020668029785 
5.075497150421143 
4.892993450164795 
5.054234981536865 
4.995019912719727 
4.922547340393066 
5.856149196624756 
5.027523040771484 
5.053338050842285 
5.407134056091309 
4.989433765411377 
5.029006004333496 
6.781923294067383 
5.325145244598389 
5.093382835388184 
4.996938705444336 
5.157954216003418 
5.058552265167236 
4.938643932342529 
4.952711582183838 
6.879169464111328 
8.577381134033203 
5.721714019775391 
5.755371570587158 
5.620265007019043 
5.089768409729004 
5.440645217895508 
7.647241592407227 
4.975429534912109 
5.033054351806641 
8.24908447265625 
5.069470405578613 
6.936507225036621 
8.061625480651855 
5.008333683013916 
5.2397003173828125 
5.125559329986572 
5.004522323608398 
6.617741107940674 
6.15212345123291 
5.063486099243164 
6.419040203094482 
5.086374759674072 
5.150473594665527 
5.408823013305664 
6.338099956512451 
5.303514003753662 
5.294788360595703 
5.016359329223633 
5.217787742614746 
5.007818698883057 
4.964653015136719 
5.179498195648193 
5.002338409423828 
5.01659631729126 
5.678800582885742 
4.92803955078125 
5.084410667419434 
5.430246353149414 
4.969597339630127 
6.117372512817383 
4.971294403076172 
5.012668609619141 
5.493008613586426 
5.049515724182129 
6.079577445983887 
5.05231237411499 
5.230226516723633 
5.145883560180664 
5.2083845138549805 
5.008397102355957 
5.0200724601745605 
6.313159942626953 
5.068418502807617 
6.008983612060547 
5.723420143127441 
5.527224063873291 
5.7151336669921875 
5.130349159240723 
7.1206183433532715 
5.2052693367004395 
7.676115989685059 
7.637496471405029 
5.000516891479492 
5.148767471313477 
5.024584770202637 
4.9445648193359375 
4.982748985290527 
4.929422855377197 
5.242189407348633 
5.068899154663086 
8.496233940124512 
5.12042236328125 
5.078594207763672 
7.128947734832764 
5.020298957824707 
4.986605644226074 
5.000986576080322 
4.977060317993164 
5.337336540222168 
5.277615547180176 
6.181023597717285 
5.265246868133545 
5.01069450378418 
5.672280311584473 
5.001601219177246 
6.3498640060424805 
4.954777240753174 
4.958805561065674 
5.0515241622924805 
6.049531936645508 
8.478830337524414 
5.132835388183594 
4.9827961921691895 
7.157973289489746 
7.338892936706543 
5.463066101074219 
5.143350601196289 
5.085721492767334 
4.960071563720703 
4.973598480224609 
5.3050947189331055 
5.004312515258789 
5.962217330932617 
5.007748603820801 
6.119288921356201 
4.94507360458374 
4.9795708656311035 
5.071465492248535 
5.666852951049805 
5.093818664550781 
4.977714538574219 
5.124655246734619 
4.984971523284912 
5.022755146026611 
6.259151935577393 
5.001643180847168 
5.0666913986206055 
5.024500846862793 
5.023471832275391 
5.115451812744141 
4.874190330505371 
5.139427185058594 
5.020928382873535 
5.008443832397461 
4.9889631271362305 
6.321292400360107 
4.95378303527832 
5.039955139160156 
8.170783996582031 
5.488618850708008 
5.004349708557129 
5.398839950561523 
5.171384811401367 
5.024507522583008 
5.041297435760498 
5.399423122406006 
5.3591766357421875 
5.482876777648926 
5.093266487121582 
5.073176383972168 
4.9707207679748535 
5.150305271148682 
7.196637153625488 
5.136538505554199 
4.985550880432129 
5.25675106048584 
5.0990095138549805 
4.946173667907715 
5.004230499267578 
5.053017616271973 
6.3588714599609375 
5.10023307800293 
4.970817565917969 
5.047731399536133 
5.059900760650635 
5.343379020690918 
5.0295844078063965 
5.108254432678223 
4.998371124267578 
6.6122050285339355 
6.196203231811523 
5.128271102905273 
5.795382976531982 
4.996335029602051 
5.166121482849121 
7.070418357849121 
5.09104061126709 
4.982266902923584 
5.736419200897217 
4.978987693786621 
6.381894588470459 
5.0931315422058105 
4.888555526733398 
5.090519905090332 
5.729162216186523 
5.025001525878906 
5.30397891998291 
4.97104024887085 
5.271466255187988 
5.140474319458008 
5.0002851486206055 
4.965941429138184 
4.834812164306641 
4.959355354309082 
5.001975059509277 
5.169993877410889 
5.511715412139893 
4.893169403076172 
5.30792760848999 
6.745582580566406 
5.045244216918945 
5.119379997253418 
5.066835880279541 
7.702081680297852 
4.979560852050781 
5.206613540649414 
5.387941360473633 
5.324654579162598 
4.978387832641602 
4.973331451416016 
5.5949811935424805 
4.878664016723633 
5.056816101074219 
5.002968788146973 
4.899934768676758 
7.346354007720947 
5.075435638427734 
5.173793792724609 
5.992763519287109 
5.103100776672363 
6.993807315826416 
5.088625907897949 
5.230160713195801 
5.014786720275879 
5.030463218688965 
6.74899435043335 
5.4178361892700195 
5.159060001373291 
6.592782497406006 
5.002254486083984 
7.0148820877075195 
7.92136812210083 
5.649646759033203 
5.022536277770996 
4.981927394866943 
4.8135986328125 
5.087930202484131 
5.020400524139404 
4.982507705688477 
5.016533851623535 
4.967514991760254 
4.95084285736084 
5.218762397766113 
6.910002708435059 
5.699291229248047 
7.050967216491699 
5.040165424346924 
5.327025890350342 
5.061331272125244 
5.179867267608643 
4.846573829650879 
5.08503532409668 
4.982697010040283 
5.305049896240234 
4.988706588745117 
7.1150126457214355 
5.238651752471924 
5.713940620422363 
5.076982498168945 
5.090566635131836 
5.009679317474365 
5.047563552856445 
5.640416145324707 
5.566529273986816 
5.2368645668029785 
5.076329708099365 
4.945315837860107 
5.015642166137695 
5.043754577636719 
5.369386196136475 
5.0249223709106445 
5.5975260734558105 
4.9468255043029785 
5.47590446472168 
5.409492492675781 
4.952533721923828 
5.033749580383301 
5.6329026222229 
5.124234199523926 
5.142483711242676 
5.023301124572754 
5.043070316314697 
4.95867919921875 
5.128798007965088 
5.9851531982421875 
5.877627849578857 
5.110799789428711 
5.055700778961182 
4.940026760101318 
5.085933208465576 
5.174827575683594 
7.324251651763916 
5.167222499847412 
4.9788947105407715 
4.947757720947266 
4.975210189819336 
5.165823936462402 
5.074945449829102 
7.381343841552734 
5.024544715881348 
4.9739484786987305 
5.176192283630371 
5.141503810882568 
4.953536033630371 
4.981697082519531 
5.081779479980469 
4.990073204040527 
4.922101020812988 
5.0026350021362305 
5.015037536621094 
5.100427627563477 
5.423457145690918 
5.116469383239746 
5.416464328765869 
4.95344877243042 
5.033470153808594 
5.023831367492676 
5.153488636016846 
4.9973673820495605 
5.000286102294922 
5.320749282836914 
5.898252487182617 
8.054412841796875 
5.086469650268555 
4.951666831970215 
5.204385757446289 
4.9897942543029785 
5.101359844207764 
5.045071125030518 
5.006494522094727 
4.995367050170898 
4.946093559265137 
5.051954746246338 
4.999104022979736 
4.966302871704102 
4.987448215484619 
4.998039245605469 
5.743803024291992 
5.112380027770996 
7.89340877532959 
5.010040283203125 
5.252044200897217 
6.745821952819824 
5.411985397338867 
5.076216697692871 
6.840705394744873 
4.904877662658691 
5.034893035888672 
5.803393363952637 
4.78524112701416 
5.116000652313232 
5.061931610107422 
5.085766792297363 
4.886473655700684 
5.216757774353027 
5.006714344024658 
5.201383590698242 
4.986337184906006 
5.097893714904785 
5.036296367645264 
6.750524520874023 
7.32792329788208 
4.83474063873291 
5.639939308166504 
6.323370933532715 
4.941540718078613 
5.794292449951172 
4.981440544128418 
4.997954368591309 
4.909320831298828 
5.136722564697266 
4.9877214431762695 
6.257153511047363 
5.108951568603516 
5.183206081390381 
5.033838272094727 
4.9766130447387695 
5.459973335266113 
6.194616794586182 
5.0277605056762695 
5.1169514656066895 
5.030666351318359 
4.975210189819336 
8.747173309326172 
5.063811302185059 
5.438868045806885 
5.0428080558776855 
7.811784744262695 
8.131958961486816 
4.999399185180664 
5.120849609375 
5.000207901000977 
5.003927230834961 
5.002729892730713 
5.006064414978027 
5.022285461425781 
6.943581581115723 
6.609511852264404 
5.723990440368652 
5.114043235778809 
5.114015102386475 
4.961062431335449 
5.632998466491699 
5.044158935546875 
5.656970024108887 
6.582765579223633 
5.008365631103516 
5.1922807693481445 
5.051546573638916 
5.284092426300049 
5.092146873474121 
5.274632453918457 
5.087933540344238 
5.047350883483887 
6.129580497741699 
5.038618087768555 
7.4504899978637695 
5.5256242752075195 
4.933224678039551 
5.076479434967041 
5.29580020904541 
4.922634124755859 
5.029175758361816 
5.0712971687316895 
5.074840545654297 
5.0516510009765625 
5.173325061798096 
4.978127479553223 
5.6418633460998535 
4.920836448669434 
5.2302656173706055 
5.35749626159668 
4.970715522766113 
5.037853240966797 
4.79180383682251 
5.068624973297119 
5.616798400878906 
5.781246662139893 
5.039560317993164 
4.9340972900390625 
5.192957878112793 
6.826851844787598 
5.040258407592773 
5.674911975860596 
5.04420804977417 
7.100122928619385 
4.959064483642578 
4.955254554748535 
6.695199012756348 
5.971412181854248 
5.028047561645508 
5.008234977722168 
5.426331043243408 
4.911101818084717 
6.373068332672119 
5.048861503601074 
5.482660293579102 
5.556255340576172 
5.7689409255981445 
5.003579616546631 
5.227556228637695 
6.1314897537231445 
5.042381286621094 
5.020732402801514 
4.977931022644043 
5.158331871032715 
5.110043048858643 
6.323427200317383 
4.999240398406982 
10.380575180053711 
5.154911518096924 
5.161992073059082 
4.981917858123779 
5.844323635101318 
5.079212188720703 
6.020600318908691 
4.921767234802246 
5.088156700134277 
5.050988674163818 
5.176434516906738 
7.21921443939209 
5.190851211547852 
5.902219295501709 
5.023064136505127 
4.941427707672119 
5.007185459136963 
5.1238298416137695 
4.938889503479004 
5.191206932067871 
4.9492998123168945 
5.156827926635742 
5.229680061340332 
5.002440452575684 
4.976745128631592 
5.052891731262207 
5.09318733215332 
5.013062477111816 
4.923588752746582 
5.043788909912109 
5.33408784866333 
6.174270153045654 
5.238851070404053 
5.604156494140625 
5.4072089195251465 
5.200139999389648 
7.953215599060059 
5.050654411315918 
5.022932052612305 
5.0167460441589355 
4.94525146484375 
5.043581008911133 
5.050649642944336 
7.307638168334961 
4.81081485748291 
5.3249969482421875 
5.04060697555542 
4.973483562469482 
4.968945026397705 
5.388010025024414 
5.006104469299316 
5.133022308349609 
5.083530426025391 
5.044802665710449 
5.0852742195129395 
5.08547830581665 
5.093334197998047 
5.5612874031066895 
5.3622846603393555 
4.923402786254883 
4.988430500030518 
5.132143974304199 
5.021981716156006 
5.670962333679199 
6.810978889465332 
5.067139148712158 
4.981780052185059 
5.0140180587768555 
5.119725704193115 
6.044954299926758 
5.037939548492432 
8.546258926391602 
6.763276100158691 
5.2805280685424805 
5.227643013000488 
4.896780014038086 
6.544214248657227 
4.923182487487793 
4.960049152374268 
6.802314758300781 
6.987734794616699 
5.010653495788574 
5.360814094543457 
5.2615814208984375 
5.0308003425598145 
4.966820240020752 
5.069772720336914 
5.079319477081299 
4.916607856750488 
6.033656120300293 
5.022873878479004 
5.547569274902344 
5.055259704589844 
5.4002556800842285 
7.346334457397461 
5.170905590057373 
6.063662528991699 
4.954144477844238 
4.887174129486084 
6.111618518829346 
10.010088920593262 
5.028048992156982 
5.122610092163086 
5.176582336425781 
4.995728492736816 
4.9737372398376465 
5.471597671508789 
5.172629356384277 
5.980156898498535 
5.243736267089844 
4.956725120544434 
6.506879806518555 
7.861694812774658 
7.681473255157471 
5.006425857543945 
5.315123558044434 
5.039045333862305 
4.957428932189941 
4.972487926483154 
5.140551567077637 
5.795262336730957 
5.758269786834717 
5.059901237487793 
5.245797157287598 
5.06608772277832 
4.94940185546875 
5.059907913208008 
5.147286415100098 
5.300660133361816 
5.053246021270752 
5.444897651672363 
4.961729526519775 
8.02759075164795 
4.886214256286621 
5.0494890213012695 
8.283400535583496 
6.550567150115967 
4.856535911560059 
5.92043399810791 
5.012673377990723 
5.053439140319824 
5.288480758666992 
5.017199993133545 
5.260865211486816 
4.8226165771484375 
5.010178565979004 
5.132451057434082 
5.208229064941406 
5.037041187286377 
5.655539035797119 
5.561079978942871 
4.898135662078857 
5.092965126037598 
5.051179885864258 
5.438469886779785 
5.386195182800293 
4.981187343597412 
4.99373197555542 
7.386971473693848 
5.007875442504883 
5.00041389465332 
5.095839977264404 
4.876106262207031 
4.80094051361084 
7.181007385253906 
5.023009300231934 
5.815457344055176 
5.036264419555664 
5.327507019042969 
6.0377302169799805 
4.988414764404297 
4.91072940826416 
6.454034805297852 
4.923765182495117 
4.915943145751953 
6.736546039581299 
5.161310195922852 
4.908146858215332 
5.014921188354492 
4.951709747314453 
5.036157608032227 
5.370542049407959 
4.940839767456055 
7.703813552856445 
5.268101692199707 
5.07857608795166 
5.006231307983398 
4.990777969360352 
5.6537885665893555 
5.001844882965088 
5.019637107849121 
5.387757301330566 
4.9386796951293945 
5.029176235198975 
7.4111552238464355 
5.623546123504639 
4.893877983093262 
5.012558460235596 
5.126410484313965 
5.166619300842285 
4.94572114944458 
5.011927127838135 
5.897858619689941 
4.989478588104248 
5.373563766479492 
4.9307146072387695 
6.350327491760254 
5.240731239318848 
4.980587959289551 
4.985195636749268 
5.021584510803223 
4.95926570892334 
6.70704984664917 
5.25084114074707 
5.434634208679199 
4.959850311279297 
5.129453659057617 
5.294191837310791 
5.215536594390869 
5.049249172210693 
4.965060710906982 
5.035440444946289 
8.001482009887695 
4.946998596191406 
4.97157096862793 
4.929053783416748 
5.372359275817871 
5.014907360076904 
5.601473808288574 
5.047140121459961 
4.940181732177734 
5.656745433807373 
5.053955554962158 
4.962960720062256 
4.981971263885498 
5.011956214904785 
5.003121376037598 
5.026358604431152 
5.005925178527832 
5.679019927978516 
6.0098066329956055 
6.8023681640625 
6.9506072998046875 
5.263932704925537 
6.652562141418457 
5.016145706176758 
4.977191925048828 
5.015787601470947 
6.075869083404541 
5.011200428009033 
5.48317289352417 
5.363227844238281 
5.712602138519287 
7.412786483764648 
5.043344497680664 
4.971987724304199 
5.051958084106445 
4.985295295715332 
4.997485637664795 
5.132152080535889 
5.637622833251953 
5.055318832397461 
4.9919023513793945 
5.062932968139648 
4.897919654846191 
5.111339569091797 
5.129941940307617 
5.760642051696777 
5.37982177734375 
5.028232097625732 
5.4103593826293945 
5.191845893859863 
5.076458930969238 
5.079882621765137 
7.375933647155762 
4.966444492340088 
5.071887493133545 
4.937109470367432 
5.143235206604004 
5.096770286560059 
5.426731109619141 
8.258673667907715 
4.916990280151367 
4.965279579162598 
5.16754674911499 
4.919697284698486 
5.036327362060547 
5.926905632019043 
5.005191802978516 
5.01933479309082 
8.382899284362793 
6.633946418762207 
5.230460166931152 
5.464328765869141 
8.083447456359863 
5.34629487991333 
7.551100730895996 
5.234790802001953 
5.022806167602539 
5.053704738616943 
4.956300735473633 
6.111293792724609 
5.0426836013793945 
7.306757926940918 
4.779457092285156 
4.832494258880615 
6.9548749923706055 
4.99019193649292 
6.160496711730957 
5.1176605224609375 
5.1992387771606445 
5.077736854553223 
5.08034610748291 
4.988402366638184 
4.99283504486084 
4.990835189819336 
6.026398181915283 
5.527752876281738 
7.125568389892578 
5.0017805099487305 
5.107780456542969 
5.398408889770508 
5.251115798950195 
6.303631782531738 
5.217991828918457 
4.978032112121582 
5.001197338104248 
5.05357551574707 
5.8122735023498535 
5.058742523193359 
5.027743816375732 
5.040567874908447 
5.0892839431762695 
5.265819549560547 
5.19097900390625 
4.983617305755615 
5.02589225769043 
4.810247421264648 
5.441712856292725 
5.1059699058532715 
5.158416748046875 
5.2276811599731445 
5.002261161804199 
5.327725887298584 
4.96951961517334 
4.957004547119141 
5.076239585876465 
5.33328914642334 
5.062137603759766 
5.082767009735107 
6.251121520996094 
5.020029067993164 
5.037287712097168 
7.200116157531738 
6.078978061676025 
5.063021183013916 
7.103562355041504 
5.128800392150879 
5.092718124389648 
4.980931758880615 
6.291989803314209 
5.02515983581543 
5.134552478790283 
5.03964900970459 
5.037031173706055 
5.113974571228027 
5.544039249420166 
5.0865631103515625 
4.968566417694092 
5.089941024780273 
4.912623882293701 
5.099457740783691 
5.002615928649902 
4.979973793029785 
5.2937726974487305 
6.110287666320801 
5.307228088378906 
4.995444297790527 
6.1928629875183105 
5.065252304077148 
6.155417442321777 
5.092728614807129 
4.99068546295166 
4.993824005126953 
5.076290130615234 
5.346052169799805 
5.097648620605469 
5.018099784851074 
5.517492294311523 
4.910207748413086 
5.220458507537842 
5.161524295806885 
4.964191436767578 
4.993584632873535 
6.277101516723633 
5.002791404724121 
6.299463272094727 
4.9484148025512695 
5.374415397644043 
6.147220611572266 
5.273774147033691 
5.083174705505371 
4.970781326293945 
5.028053283691406 
4.91077184677124 
5.572831630706787 
5.200471878051758 
5.070903778076172 
5.108100891113281 
5.080628395080566 
5.043108940124512 
4.998000144958496 
5.076333999633789 
5.0167741775512695 
4.960474014282227 
5.155638694763184 
5.150444984436035 
5.045162200927734 
5.087467193603516 
5.331576824188232 
5.350929260253906 
5.058819770812988 
5.153736114501953 
5.1363525390625 
4.997453212738037 
5.04504919052124 
5.068517684936523 
5.042611122131348 
6.975897789001465 
5.69717264175415 
4.995034217834473 
5.20065450668335 
4.971831321716309 
4.968796730041504 
5.679153919219971 
6.407802581787109 
7.026771545410156 
6.474156379699707 
5.031523704528809 
6.2497406005859375 
4.9467244148254395 
5.384576797485352 
5.115851879119873 
9.034420013427734 
5.2266411781311035 
4.935981750488281 
4.949550628662109 
5.180737495422363 
4.969895362854004 
5.659154415130615 
4.960333347320557 
4.956955432891846 
5.212039947509766 
5.043094635009766 
5.0920729637146 
4.966373920440674 
5.037265777587891 
5.10955286026001 
4.981009483337402 
5.05303955078125 
6.442207336425781 
6.441983699798584 
5.024940013885498 
5.200279235839844 
5.037444114685059 
5.342175483703613 
5.048688888549805 
5.111757278442383 
8.083881378173828 
5.286870002746582 
5.240555286407471 
5.134840965270996 
5.0346903800964355 
6.577139854431152 
5.596453666687012 
6.6123223304748535 
5.082343101501465 
5.155351161956787 
5.710025787353516 
4.990215301513672 
5.147219181060791 
6.898242950439453 
5.055538177490234 
4.954390525817871 
5.027422904968262 
5.104116439819336 
5.041587829589844 
4.986329078674316 
9.865415573120117 
5.0483198165893555 
4.985686302185059 
4.990006446838379 
5.0530219078063965 
4.992009162902832 
5.049749374389648 
5.149917125701904 
6.193820476531982 
5.517686367034912 
7.153101921081543 
5.040278911590576 
5.166119575500488 
4.9684038162231445 
5.104920864105225 
4.8410797119140625 
5.07631254196167 
5.028522491455078 
5.037467002868652 
6.5725555419921875 
5.53172492980957 
5.073421955108643 
5.083220481872559 
4.986063003540039 
5.604427814483643 
8.089879989624023 
5.098467826843262 
4.998652458190918 
5.0286126136779785 
4.915045738220215 
4.904381275177002 
7.110840797424316 
5.013273239135742 
4.958230018615723 
5.056591033935547 
5.05387544631958 
5.231826305389404 
5.154569625854492 
5.035093784332275 
5.53971004486084 
5.090625762939453 
5.639352798461914 
6.302970886230469 
5.009953498840332 
5.010481834411621 
5.017874240875244 
5.081420421600342 
6.896928787231445 
5.115510940551758 
5.01898193359375 
6.419034957885742 
4.93876838684082 
5.093015193939209 
6.544186115264893 
5.601510524749756 
6.58079719543457 
5.644565582275391 
4.9969682693481445 
5.024499893188477 
5.003443717956543 
5.033329963684082 
5.043014049530029 
5.001573085784912 
5.039736747741699 
6.740170478820801 
5.371047019958496 
5.052541732788086 
5.011469841003418 
4.937307357788086 
5.092360496520996 
5.417577743530273 
5.115828037261963 
5.661635398864746 
5.012612342834473 
4.935609817504883 
5.102452278137207 
5.3180131912231445 
5.081818580627441 
4.965996265411377 
5.256229400634766 
5.49940299987793 
4.808079242706299 
5.481173515319824 
4.858628273010254 
4.967226982116699 
5.072317123413086 
5.1078996658325195 
7.092763900756836 
5.026593208312988 
5.432497978210449 
5.143101692199707 
4.949504375457764 
5.135410308837891 
5.046292304992676 
5.206594467163086 
4.992938041687012 
5.9296112060546875 
5.377965450286865 
5.025168418884277 
5.012472152709961 
5.045478820800781 
5.212472915649414 
6.225431442260742 
5.586743354797363 
5.2211713790893555 
5.153510570526123 
5.016154766082764 
5.004651069641113 
5.169519424438477 
4.931551933288574 
4.910580635070801 
6.322225570678711 
4.956144332885742 
4.98557186126709 
8.996156692504883 
5.131984710693359 
4.939687728881836 
4.994512557983398 
6.814470291137695 
6.630965232849121 
6.381516456604004 
5.02077579498291 
5.246153354644775 
4.928709030151367 
6.265812873840332 
4.9065070152282715 
6.3309502601623535 
5.242399215698242 
5.84389066696167 
4.970773696899414 
4.734797477722168 
5.198820114135742 
5.397045135498047 
4.994542121887207 
6.047848701477051 
5.217272758483887 
5.612898826599121 
5.009589195251465 
4.929883003234863 
5.124955654144287 
5.666872024536133 
4.926000118255615 
5.364152431488037 
5.870868682861328 
5.327134132385254 
4.959992408752441 
4.946535587310791 
4.995506286621094 
5.0153303146362305 
6.596377372741699 
5.154196739196777 
4.9674177169799805 
9.509294509887695 
5.441250801086426 
4.938628196716309 
7.665350914001465 
7.533288478851318 
5.691667556762695 
5.930517673492432 
4.9633684158325195 
4.982598304748535 
4.9935503005981445 
4.980863571166992 
5.0424089431762695 
4.973906517028809 
4.989041328430176 
5.138888359069824 
5.015021324157715 
5.993871212005615 
5.039374828338623 
7.732542037963867 
5.063333034515381 
4.938474178314209 
5.237199783325195 
5.007776260375977 
5.776150703430176 
4.982228755950928 
7.059966087341309 
5.250816345214844 
5.630258083343506 
5.059918403625488 
5.03866720199585 
5.704484462738037 
4.9730634689331055 
4.920372486114502 
4.988981246948242 
5.04203987121582 
4.828258514404297 
4.982969760894775 
5.92800235748291 
4.896363258361816 
5.061676025390625 
5.539742469787598 
5.007924556732178 
6.218523979187012 
4.968371391296387 
4.979144096374512 
5.505431175231934 
5.188019752502441 
8.552181243896484 
5.357446193695068 
5.482205390930176 
4.987630844116211 
4.993719100952148 
4.999436378479004 
5.0368852615356445 
5.154154300689697 
5.007996559143066 
6.306838035583496 
6.096022605895996 
5.037126064300537 
4.951918601989746 
5.009293556213379 
6.274667739868164 
4.953851699829102 
5.144261360168457 
5.303977966308594 
5.052896976470947 
4.888629913330078 
6.010502815246582 
4.991010665893555 
6.92983341217041 
6.487588882446289 
4.894408702850342 
5.065770149230957 
5.0936279296875 
4.978275299072266 
5.041043281555176 
5.816766262054443 
5.006474494934082 
5.042616367340088 
5.337860584259033 
5.0658955574035645 
5.311823844909668 
5.356840133666992 
5.875570297241211 
5.108922958374023 
4.963310241699219 
5.152318000793457 
4.923827171325684 
5.013303756713867 
5.186789512634277 
4.979026794433594 
10.028022766113281 
6.672946929931641 
6.670421600341797 
7.119175910949707 
4.953566551208496 
5.165190696716309 
5.3708086013793945 
4.848891258239746 
6.719788551330566 
5.119429111480713 
5.061660289764404 
4.991903781890869 
6.701582908630371 
5.081048011779785 
7.974675178527832 
5.014436721801758 
5.123251438140869 
5.017267227172852 
5.141903877258301 
5.153581142425537 
5.128074645996094 
5.029001712799072 
5.152219772338867 
5.029291152954102 
5.0150837898254395 
5.122284889221191 
5.708283424377441 
6.201873779296875 
5.626712799072266 
5.764293670654297 
6.218454360961914 
7.131657600402832 
5.18551778793335 
4.980951309204102 
5.020270347595215 
5.110259056091309 
4.817755699157715 
5.235893249511719 
5.023903846740723 
5.174592018127441 
4.951878547668457 
5.105274677276611 
5.047775745391846 
5.014939308166504 
6.681139945983887 
4.988430976867676 
5.012997627258301 
5.009706974029541 
5.93241024017334 
5.832944869995117 
6.383378505706787 
6.506640434265137 
5.047747611999512 
5.039237976074219 
5.511285305023193 
5.941405296325684 
5.075786113739014 
4.962751388549805 
6.3118696212768555 
5.147809982299805 
5.450596332550049 
6.250211715698242 
5.511577606201172 
5.083034992218018 
4.99957799911499 
4.941493988037109 
5.069849014282227 
4.989348411560059 
4.998625755310059 
5.0595784187316895 
5.237098693847656 
5.0412983894348145 
5.0309247970581055 
5.129621505737305 
4.98689603805542 
5.0207600593566895 
5.9358415603637695 
6.811975479125977 
4.999347686767578 
5.845943450927734 
5.358675956726074 
5.046411037445068 
5.981815338134766 
5.011985778808594 
5.210448265075684 
5.1614532470703125 
6.786957740783691 
4.692014217376709 
5.256918907165527 
5.544493675231934 
4.937017440795898 
5.184841632843018 
5.003198623657227 
7.847208023071289 
5.836386203765869 
5.113715648651123 
5.381690979003906 
7.079350471496582 
7.711757659912109 
5.674136161804199 
5.126631736755371 
5.028256893157959 
7.205355644226074 
5.80387020111084 
5.022339820861816 
5.110394477844238 
4.972934722900391 
5.302520751953125 
5.025516986846924 
5.290234565734863 
5.153871536254883 
4.947131633758545 
5.024884223937988 
5.1657514572143555 
6.9341721534729 
5.633939743041992 
5.936232566833496 
7.612129211425781 
7.074909210205078 
4.836446285247803 
4.935726165771484 
5.662074565887451 
5.025241374969482 
4.941608428955078 
5.108031272888184 
5.166074752807617 
5.0128960609436035 
5.172961235046387 
5.016261100769043 
5.083152770996094 
4.991294860839844 
4.940766334533691 
9.367926597595215 
5.513003349304199 
5.033830642700195 
4.870302200317383 
5.764204025268555 
4.919729709625244 
7.857343673706055 
4.963315010070801 
4.976884365081787 
4.9379119873046875 
4.873883247375488 
5.665642738342285 
5.308971405029297 
5.036167621612549 
5.0361738204956055 
6.64617919921875 
5.517524719238281 
5.316247940063477 
6.994922637939453 
5.301222801208496 
5.466798305511475 
5.219400882720947 
5.984251022338867 
5.303860664367676 
4.986050605773926 
4.87060546875 
7.075566291809082 
5.277790069580078 
5.006633281707764 
5.16484260559082 
4.979168891906738 
5.226126670837402 
5.035806655883789 
5.002527236938477 
5.090413570404053 
7.008084297180176 
5.06943941116333 
4.966002464294434 
5.05354118347168 
4.9385666847229 
5.920478343963623 
5.128955364227295 
5.249828815460205 
5.051810264587402 
5.598406791687012 
5.019946575164795 
5.018807411193848 
5.007565498352051 
5.207154273986816 
5.143807411193848 
5.108669757843018 
6.2995147705078125 
5.087556838989258 
4.998249053955078 
5.124183654785156 
5.112076282501221 
4.88400936126709 
5.052346229553223 
4.9437665939331055 
5.009584903717041 
4.982729911804199 
4.917402267456055 
4.97783088684082 
5.377972602844238 
5.1887102127075195 
5.210882186889648 
6.1491923332214355 
5.598704814910889 
4.937273025512695 
5.4517011642456055 
4.982603073120117 
5.118293285369873 
5.123041152954102 
5.803857326507568 
5.026122093200684 
5.0297136306762695 
5.198184967041016 
5.196165084838867 
6.145818710327148 
5.085871696472168 
6.327085494995117 
5.793759346008301 
4.9520440101623535 
4.992253303527832 
5.10426139831543 
5.182570457458496 
8.307842254638672 
4.946834564208984 
4.896721363067627 
5.181781768798828 
5.3487443923950195 
7.155007362365723 
4.849171161651611 
5.355462074279785 
7.535069942474365 
5.212486267089844 
5.116942405700684 
5.6059160232543945 
4.871119499206543 
5.016157627105713 
5.640844345092773 
5.305733680725098 
6.6941375732421875 
4.998722076416016 
5.0302886962890625 
5.2512688636779785 
5.089040756225586 
6.405412673950195 
5.467034339904785 
5.020672798156738 
7.110814571380615 
5.479859352111816 
7.814869403839111 
7.009794235229492 
5.588076591491699 
5.053574085235596 
5.0254387855529785 
4.982290267944336 
5.144116401672363 
6.596302032470703 
5.353291988372803 
5.377499580383301 
4.9317827224731445 
5.060643196105957 
5.710469722747803 
5.544089317321777 
4.985047340393066 
5.080146789550781 
5.076338291168213 
4.9996795654296875 
5.019659996032715 
5.272021770477295 
8.276785850524902 
5.020105361938477 
5.098528861999512 
5.03053617477417 
4.99446439743042 
6.398464202880859 
4.850293159484863 
7.900537490844727 
5.031228065490723 
9.0376558303833 
5.016921520233154 
4.924805164337158 
6.4206037521362305 
5.089669227600098 
4.9957475662231445 
4.988002300262451 
4.982637405395508 
5.41982889175415 
4.947635650634766 
6.4612932205200195 
7.473908424377441 
6.006135940551758 
4.912509918212891 
6.2003302574157715 
5.140417098999023 
5.123743057250977 
7.418852806091309 
5.179854393005371 
5.015531539916992 
4.935111045837402 
6.20843505859375 
5.15348482131958 
5.203257083892822 
5.140213489532471 
5.01448917388916 
5.055723667144775 
4.946719646453857 
5.1231279373168945 
5.0592451095581055 
5.021101951599121 
4.997641086578369 
5.12653923034668 
5.065212249755859 
5.026900291442871 
5.47542667388916 
6.641090393066406 
5.058291912078857 
5.276127815246582 
5.142452716827393 
5.17465877532959 
6.176446437835693 
4.9994707107543945 
5.977142333984375 
5.227656364440918 
5.029603958129883 
5.143048286437988 
5.214408874511719 
5.068418025970459 
5.081196308135986 
5.28510856628418 
4.893156051635742 
5.8417510986328125 
5.133584976196289 
4.983777046203613 
4.957014083862305 
4.931917190551758 
5.067930221557617 
5.059536457061768 
4.896455764770508 
5.047021865844727 
5.1607136726379395 
5.15345573425293 
4.765505790710449 
5.658679485321045 
5.08540153503418 
5.381446361541748 
4.887260913848877 
5.937204837799072 
5.237592697143555 
6.032880783081055 
4.954290390014648 
5.523635387420654 
5.017464637756348 
5.021860122680664 
4.957151412963867 
5.774716377258301 
5.005365371704102 
5.02358341217041 
4.99720573425293 
4.89444637298584 
5.052245140075684 
5.010993957519531 
5.1885552406311035 
6.067768096923828 
4.9921979904174805 
5.892650604248047 
5.1530914306640625 
5.0289177894592285 
4.978907108306885 
5.1316022872924805 
5.039073944091797 
5.054180145263672 
4.873441696166992 
5.1085405349731445 
4.982747554779053 
5.183993339538574 
6.1120405197143555 
4.971186637878418 
5.052908420562744 
5.053371429443359 
6.316781044006348 
5.060443878173828 
4.975541114807129 
5.042657375335693 
5.135876655578613 
5.006190299987793 
5.189538478851318 
5.012312412261963 
10.040403366088867 
4.985168933868408 
5.047207832336426 
5.028398513793945 
5.04518985748291 
6.037578582763672 
5.062241554260254 
4.971875190734863 
4.9122419357299805 
4.978203773498535 
5.433780670166016 
4.859025955200195 
4.965732574462891 
8.527873039245605 
4.945566177368164 
5.109460830688477 
5.566587448120117 
5.103942394256592 
4.927313327789307 
5.1854658126831055 
6.706181526184082 
5.283397197723389 
5.009249687194824 
5.200941562652588 
5.055142402648926 
4.990078926086426 
5.006521224975586 
5.034334182739258 
5.816948413848877 
5.143687725067139 
5.328987121582031 
5.425619125366211 
5.30661678314209 
5.474311828613281 
5.302714824676514 
5.0324015617370605 
5.262735366821289 
4.991447925567627 
5.1863298416137695 
5.591954708099365 
9.407243728637695 
5.552550792694092 
5.205747604370117 
4.910199165344238 
4.9873576164245605 
5.166628837585449 
5.09657096862793 
4.94179630279541 
5.038663864135742 
4.997180938720703 
4.953935623168945 
5.081783294677734 
4.971207141876221 
6.695006370544434 
5.010072708129883 
5.118436813354492 
4.845009803771973 
5.353035926818848 
5.064702033996582 
5.572238922119141 
5.0379791259765625 
6.354513168334961 
5.706637382507324 
6.415867805480957 
4.9801130294799805 
5.1147260665893555 
5.027687072753906 
5.107543468475342 
5.705955982208252 
5.171383380889893 
5.587623119354248 
4.954986572265625 
4.959702968597412 
5.809323310852051 
5.057585716247559 
4.880930423736572 
5.110422134399414 
5.561026573181152 
5.218114852905273 
6.091108322143555 
5.0965423583984375 
5.754263877868652 
6.618928909301758 
5.018841743469238 
5.271613597869873 
5.015478134155273 
4.9628729820251465 
4.927745819091797 
5.355417728424072 
5.098150253295898 
5.088099956512451 
4.987725257873535 
4.957113265991211 
4.949479103088379 
4.896215438842773 
4.931762218475342 
4.961514949798584 
5.746334552764893 
5.038528919219971 
6.077530384063721 
6.700784206390381 
4.9314284324646 
5.036718845367432 
5.805184841156006 
5.602084159851074 
5.718863487243652 
8.418900489807129 
5.215912818908691 
5.0478105545043945 
4.965379238128662 
5.443046569824219 
5.520259857177734 
4.989663124084473 
5.329709053039551 
4.965292930603027 
4.97976016998291 
5.10861349105835 
5.010691165924072 
6.444843769073486 
4.836614608764648 
5.224661827087402 
5.254954814910889 
5.055863380432129 
4.9460859298706055 
5.607456207275391 
5.026068687438965 
5.033514022827148 
5.623623371124268 
4.988895416259766 
5.419271469116211 
6.343058109283447 
5.071410179138184 
5.036603927612305 
5.995626449584961 
4.947648525238037 
5.0616936683654785 
5.185953140258789 
4.939573287963867 
5.926860809326172 
5.0488457679748535 
5.750509738922119 
4.989115238189697 
5.921865463256836 
5.077652454376221 
5.000422477722168 
4.980432033538818 
5.0097761154174805 
5.096939563751221 
5.3019866943359375 
7.414338111877441 
5.23837947845459 
5.444419860839844 
5.094351768493652 
5.395176887512207 
5.103533744812012 
5.505281925201416 
4.970579147338867 
6.419766426086426 
5.110138416290283 
4.9951653480529785 
5.81779670715332 
5.168704032897949 
5.0868635177612305 
5.179099082946777 
4.978523254394531 
5.338898181915283 
6.598005771636963 
5.298943519592285 
4.9797043800354 
5.113810062408447 
4.983020782470703 
5.193813323974609 
5.00349235534668 
5.089797019958496 
6.165186405181885 
4.903433322906494 
6.103965759277344 
5.304832458496094 
5.023391246795654 
5.04404354095459 
4.855940341949463 
5.125913619995117 
5.097837448120117 
5.69878625869751 
5.0778093338012695 
5.377133369445801 
5.052937030792236 
5.05712890625 
4.9597392082214355 
7.756900787353516 
4.968095779418945 
5.177249908447266 
5.431903839111328 
5.16083288192749 
4.975223541259766 
8.738224983215332 
5.056035041809082 
5.641133785247803 
8.155593872070312 
6.075979232788086 
5.644439697265625 
5.124467849731445 
5.192962646484375 
5.109460353851318 
5.033966064453125 
5.0358452796936035 
4.9562249183654785 
5.19116735458374 
5.5824198722839355 
7.417001247406006 
5.096508026123047 
5.066469192504883 
5.0096049308776855 
5.30758810043335 
5.093999862670898 
4.980437278747559 
5.14666748046875 
4.890048027038574 
6.493719577789307 
5.071690559387207 
5.025050163269043 
4.869021415710449 
4.8878092765808105 
5.8985748291015625 
5.0533447265625 
5.040962219238281 
5.161493301391602 
5.001237392425537 
5.038665771484375 
5.775433540344238 
6.936369895935059 
4.929150104522705 
5.032691955566406 
4.987857818603516 
5.000794410705566 
5.368579864501953 
5.025674819946289 
5.096907615661621 
5.901162147521973 
5.0467376708984375 
8.117905616760254 
5.0529632568359375 
5.050308704376221 
5.390968322753906 
4.825823783874512 
4.969145774841309 
5.033681869506836 
5.169977188110352 
4.954001426696777 
6.4001874923706055 
5.000604629516602 
5.051609992980957 
5.216484069824219 
6.451279640197754 
5.457693576812744 
5.01326847076416 
5.194760322570801 
7.031472206115723 
5.100386142730713 
5.685300827026367 
6.472237586975098 
7.766393661499023 
5.022859573364258 
5.624314308166504 
4.964301586151123 
5.018462181091309 
5.04155158996582 
5.559652328491211 
5.047677516937256 
7.285125732421875 
5.047232627868652 
5.702853202819824 
5.014316082000732 
5.495447158813477 
5.418522834777832 
6.883674144744873 
5.066340446472168 
4.994227409362793 
4.973611831665039 
5.020786762237549 
4.92987060546875 
5.0304155349731445 
5.432521343231201 
6.462210655212402 
4.9745330810546875 
5.240919589996338 
5.34438419342041 
5.042045593261719 
5.105281829833984 
5.003791332244873 
5.060727119445801 
5.673284530639648 
6.5297136306762695 
4.982913494110107 
5.041170120239258 
5.02224063873291 
4.999244213104248 
5.989012241363525 
4.9591450691223145 
5.654596328735352 
6.564458847045898 
5.031778335571289 
6.874368667602539 
5.299300670623779 
5.084136962890625 
5.11875057220459 
5.850969314575195 
5.005049228668213 
5.299548149108887 
5.501284122467041 
5.4111223220825195 
5.314756870269775 
5.29868745803833 
6.439703941345215 
5.026283264160156 
5.057923316955566 
5.002404689788818 
6.916238784790039 
5.366818428039551 
7.2689056396484375 
4.886268138885498 
5.017493724822998 
4.992770195007324 
5.259288787841797 
6.127391338348389 
4.978289604187012 
4.8913373947143555 
5.106152057647705 
5.175627708435059 
8.086676597595215 
6.196117401123047 
5.075518608093262 
5.046048164367676 
4.9098405838012695 
5.072491645812988 
5.056455135345459 
6.197813987731934 
4.962506294250488 
5.0469136238098145 
5.310750961303711 
5.1201581954956055 
5.020788192749023 
5.441933631896973 
4.9275360107421875 
5.028419017791748 
4.865773677825928 
4.998335838317871 
4.7597551345825195 
7.588792324066162 
5.852703094482422 
4.9105963706970215 
5.077589988708496 
5.528525352478027 
6.198105335235596 
5.150877952575684 
5.051141738891602 
5.184112071990967 
5.178837776184082 
5.1971306800842285 
5.05047607421875 
5.349348068237305 
4.96967077255249 
5.015692710876465 
5.01943302154541 
4.978643417358398 
7.918025016784668 
4.984856128692627 
4.99024772644043 
5.069053649902344 
5.338385105133057 
5.7387285232543945 
4.97603702545166 
5.179697036743164 
5.088143348693848 
7.677964687347412 
4.955197334289551 
5.05208158493042 
5.039216041564941 
6.350800514221191 
5.001708984375 
4.978061676025391 
5.222970008850098 
5.068589210510254 
5.868613243103027 
5.199441432952881 
5.089946269989014 
6.0393266677856445 
5.1753010749816895 
5.0018815994262695 
5.613269805908203 
4.996774673461914 
5.096918106079102 
5.089905738830566 
5.857640743255615 
5.248193264007568 
4.998749732971191 
5.111947536468506 
5.033870220184326 
5.229216575622559 
4.934047698974609 
5.010470867156982 
4.925549507141113 
6.839112281799316 
4.995684623718262 
5.090305805206299 
6.078053951263428 
5.174622535705566 
4.95135498046875 
5.037276744842529 
4.962769508361816 
7.020296096801758 
5.034604072570801 
7.5238142013549805 
4.963485240936279 
6.030322074890137 
5.717690467834473 
5.0168585777282715 
5.499366760253906 
5.201308727264404 
8.36210823059082 
5.033027648925781 
5.779545783996582 
5.1612324714660645 
5.025913238525391 
5.1252641677856445 
5.076098442077637 
4.927405834197998 
5.0587921142578125 
5.040940284729004 
5.082043170928955 
4.902334213256836 
5.216191291809082 
6.737905025482178 
4.997457504272461 
5.059998512268066 
5.371825218200684 
6.113605976104736 
6.235305309295654 
5.0498833656311035 
5.0730438232421875 
4.832193374633789 
5.028698444366455 
5.067471027374268 
4.987269401550293 
5.18040657043457 
5.116684436798096 
5.249204635620117 
5.323147773742676 
6.530094146728516 
4.941452980041504 
5.1088409423828125 
6.026106834411621 
5.047558784484863 
4.8778486251831055 
7.263579845428467 
4.992042541503906 
5.0015411376953125 
5.066112518310547 
5.239370346069336 
5.033771514892578 
5.0853776931762695 
5.732733726501465 
5.029782295227051 
5.078716278076172 
4.902867794036865 
5.065320014953613 
5.795348167419434 
5.047717094421387 
5.006855010986328 
4.972311973571777 
5.022464752197266 
5.401668548583984 
5.0251569747924805 
5.032798767089844 
6.131436347961426 
4.8892011642456055 
5.292304992675781 
7.910605430603027 
6.202976703643799 
5.103492736816406 
4.941292762756348 
5.075551509857178 
5.333735466003418 
5.270380973815918 
7.325927257537842 
5.085788726806641 
5.013553142547607 
5.025880813598633 
4.933994770050049 
8.712484359741211 
6.076613426208496 
6.713414192199707 
4.995200157165527 
5.072712421417236 
5.2224578857421875 
5.106288909912109 
8.024352073669434 
5.169913291931152 
5.026071071624756 
6.865352630615234 
8.359135627746582 
4.981324195861816 
4.999495506286621 
5.072248458862305 
4.935718536376953 
5.505664348602295 
5.591508865356445 
5.045631408691406 
5.078990936279297 
4.936072826385498 
4.994385242462158 
6.189999103546143 
5.046689033508301 
4.936173439025879 
4.897402763366699 
5.091934680938721 
4.8804097175598145 
5.162396430969238 
5.092597007751465 
5.00954008102417 
5.354154586791992 
5.9000701904296875 
5.846099376678467 
4.9656982421875 
4.979007244110107 
4.840454578399658 
5.117359161376953 
5.040946960449219 
5.157918930053711 
5.185996055603027 
5.218430519104004 
5.0644354820251465 
7.260872840881348 
5.162314414978027 
5.10883903503418 
5.211096286773682 
5.007251262664795 
4.937454700469971 
5.346010208129883 
5.627231597900391 
4.9877238273620605 
5.093850135803223 
5.012973785400391 
5.144203186035156 
5.491208076477051 
5.039917945861816 
8.088525772094727 
4.972662925720215 
4.894999980926514 
4.963033676147461 
5.0003557205200195 
5.036877632141113 
5.136319160461426 
4.961994171142578 
4.984299659729004 
5.6524457931518555 
7.700475215911865 
5.121451377868652 
5.055899143218994 
4.859561443328857 
5.976898193359375 
5.550500869750977 
5.396215438842773 
5.067065715789795 
5.195857524871826 
4.990920543670654 
5.07913064956665 
5.078102111816406 
4.949880123138428 
4.907891273498535 
5.0127716064453125 
5.073636054992676 
5.03094482421875 
5.22831916809082 
5.425515174865723 
4.9485650062561035 
4.977558135986328 
5.389049053192139 
4.99188232421875 
5.084676742553711 
6.39796257019043 
5.235088348388672 
5.111342430114746 
5.0898284912109375 
5.252178192138672 
5.391898155212402 
5.006006240844727 
5.076925277709961 
5.272616386413574 
5.840161323547363 
5.966474533081055 
5.604530334472656 
5.022717475891113 
4.983887672424316 
5.0828752517700195 
4.9369001388549805 
5.542563438415527 
5.058781623840332 
5.825613975524902 
5.072566509246826 
5.337595462799072 
5.355690956115723 
5.805683135986328 
5.0051422119140625 
6.457223415374756 
7.0602312088012695 
5.154394149780273 
8.753255844116211 
5.022549629211426 
4.97743034362793 
5.2877302169799805 
5.193089008331299 
4.885697364807129 
5.2857561111450195 
5.232473373413086 
5.460317611694336 
5.006689071655273 
4.885678768157959 
4.997013092041016 
5.83032751083374 
5.012598037719727 
6.151590347290039 
5.150702476501465 
5.016515254974365 
4.938335418701172 
5.160904407501221 
6.200846195220947 
5.03101921081543 
8.450376510620117 
4.92014741897583 
5.780921936035156 
4.959897041320801 
5.021365642547607 
4.960261344909668 
5.176255226135254 
5.57634162902832 
5.027510643005371 
5.051046848297119 
4.9308881759643555 
5.393157005310059 
4.984628677368164 
4.963407516479492 
5.677475929260254 
6.343283653259277 
5.474610328674316 
4.962953567504883 
4.925455093383789 
5.03439998626709 
4.982879638671875 
5.139096260070801 
5.022406101226807 
5.709761142730713 
5.039677619934082 
4.9690728187561035 
5.185736656188965 
6.072179317474365 
5.037469863891602 
4.968661308288574 
4.976436614990234 
5.064034461975098 
5.013935565948486 
4.879619598388672 
5.471432685852051 
5.000941276550293 
5.138675689697266 
6.0188751220703125 
7.085158348083496 
5.524813652038574 
5.075145244598389 
4.983827590942383 
4.921730041503906 
4.928384780883789 
4.9400787353515625 
4.954963684082031 
5.21272087097168 
4.995035171508789 
8.208061218261719 
4.987794876098633 
4.9881696701049805 
5.031479835510254 
4.820049285888672 
5.4613237380981445 
5.151383399963379 
5.8052263259887695 
5.516754150390625 
4.971095085144043 
4.788914680480957 
5.093204498291016 
5.104489326477051 
5.132267951965332 
5.3354949951171875 
4.970787048339844 
5.415090560913086 
5.579229354858398 
5.332948684692383 
7.496501445770264 
5.960788249969482 
9.353216171264648 
5.028221130371094 
4.975916385650635 
5.613484859466553 
4.990827560424805 
5.117913722991943 
5.9082841873168945 
5.046833038330078 
5.920036315917969 
5.755927085876465 
5.4295525550842285 
5.02912712097168 
4.967286586761475 
5.0404438972473145 
7.014552116394043 
5.065363883972168 
5.0907440185546875 
5.216062545776367 
6.983077049255371 
5.0572004318237305 
5.13731575012207 
5.728428840637207 
5.2137603759765625 
5.426785945892334 
5.636536598205566 
6.075623989105225 
5.024979591369629 
5.082851886749268 
5.123542785644531 
5.01970100402832 
4.9252166748046875 
5.16864013671875 
5.1219162940979 
4.976060390472412 
5.139278411865234 
4.847900390625 
6.352508544921875 
4.870773792266846 
5.078434467315674 
5.819753170013428 
6.48271369934082 
5.078459739685059 
6.095952033996582 
5.554549694061279 
5.8579607009887695 
4.9701128005981445 
4.924420356750488 
5.024839401245117 
5.745242118835449 
5.93267822265625 
5.137294769287109 
5.184718132019043 
6.212784767150879 
5.225756645202637 
5.450658798217773 
5.17429780960083 
5.080350875854492 
4.995647430419922 
5.486422061920166 
4.9686689376831055 
5.000291347503662 
5.133037567138672 
6.303575038909912 
5.323577880859375 
5.24190616607666 
5.976149559020996 
5.026546001434326 
4.999350547790527 
4.999364852905273 
4.9879937171936035 
5.41070556640625 
5.054321765899658 
4.999442100524902 
4.910184860229492 
5.027460098266602 
5.017020225524902 
5.005738735198975 
4.97520112991333 
7.650213241577148 
6.767395973205566 
5.006267547607422 
5.021622657775879 
5.541919231414795 
4.941946983337402 
5.34385871887207 
6.078037261962891 
5.11652946472168 
5.152843952178955 
5.0698442459106445 
4.9898600578308105 
8.307796478271484 
5.564205646514893 
5.175746917724609 
6.6574907302856445 
5.028433799743652 
6.68960428237915 
6.600502967834473 
5.136558532714844 
5.43808650970459 
4.97443962097168 
6.62249755859375 
5.051382541656494 
4.997464179992676 
5.035961627960205 
4.975167751312256 
8.923846244812012 
8.386756896972656 
6.621747970581055 
5.1368865966796875 
5.0050811767578125 
5.0230607986450195 
5.023272514343262 
5.024232864379883 
5.033302307128906 
4.984613418579102 
5.176596641540527 
5.05029296875 
4.9729413986206055 
9.043676376342773 
7.1956586837768555 
5.296942234039307 
5.059486389160156 
4.84218692779541 
5.052568435668945 
5.114680290222168 
6.598787784576416 
5.80816650390625 
5.00667667388916 
4.825568675994873 
6.115513801574707 
6.451478958129883 
5.010305404663086 
4.904407501220703 
5.011534690856934 
5.631474494934082 
5.030948638916016 
7.22119140625 
5.719456672668457 
5.158808708190918 
5.0379180908203125 
7.474600791931152 
5.1109089851379395 
5.173628807067871 
8.343246459960938 
6.052531719207764 
5.0399017333984375 
5.091899871826172 
4.892790794372559 
5.1044464111328125 
5.038241863250732 
5.273900985717773 
4.998166084289551 
5.008145332336426 
7.12814998626709 
5.095282554626465 
5.052313327789307 
5.240205764770508 
4.9452691078186035 
5.056454181671143 
5.048274040222168 
5.890768527984619 
7.315823554992676 
4.93354606628418 
4.972145080566406 
4.9773430824279785 
4.945107460021973 
4.9788031578063965 
5.11196231842041 
6.536754608154297 
5.075263500213623 
5.052816390991211 
4.973761558532715 
7.714130401611328 
5.02395486831665 
5.168539524078369 
4.971945762634277 
6.44688081741333 
5.037081718444824 
5.006712913513184 
5.827917098999023 
4.991338729858398 
5.152545928955078 
5.013764381408691 
5.085421562194824 
5.809093475341797 
5.056882858276367 
6.418251991271973 
5.242458343505859 
5.039593696594238 
4.92515230178833 
5.14599609375 
5.911756992340088 
6.098919868469238 
4.95786714553833 
5.0251851081848145 
8.177228927612305 
5.009888648986816 
6.542820453643799 
4.958959579467773 
4.932653427124023 
5.640510559082031 
4.9754638671875 
5.002331733703613 
4.961464881896973 
6.206787109375 
5.142550468444824 
6.487668037414551 
5.717161178588867 
5.932320594787598 
9.074946403503418 
4.981707572937012 
5.131657123565674 
4.980487823486328 
6.059789657592773 
6.518904685974121 
5.028641700744629 
4.988373279571533 
5.073802947998047 
9.59659481048584 
5.771024227142334 
4.974470138549805 
4.900297164916992 
5.030764579772949 
7.022670269012451 
5.177756309509277 
4.988204002380371 
5.1310577392578125 
5.015742778778076 
4.995702743530273 
5.004726409912109 
6.293430805206299 
4.878941535949707 
5.405820846557617 
5.005600929260254 
5.163425445556641 
5.210959434509277 
4.952404022216797 
5.015711307525635 
5.083322525024414 
8.386860847473145 
6.81950569152832 
5.150964736938477 
5.267056465148926 
5.216437339782715 
5.4040937423706055 
5.216521739959717 
4.8910017013549805 
5.891761779785156 
4.984438419342041 
5.9283905029296875 
5.040536403656006 
8.587425231933594 
4.96439266204834 
4.933278560638428 
5.256264686584473 
5.027824401855469 
4.967047691345215 
5.170318603515625 
5.110932350158691 
4.97173547744751 
6.681385517120361 
5.722592353820801 
6.066959381103516 
5.026029586791992 
5.815221786499023 
4.962362766265869 
7.760290145874023 
5.532694339752197 
4.933931350708008 
5.095513343811035 
4.978738784790039 
5.0985846519470215 
5.105746746063232 
4.978560447692871 
4.981442451477051 
5.014152526855469 
5.003639221191406 
5.19038724899292 
5.364101409912109 
4.957481861114502 
5.541965484619141 
5.148768424987793 
5.061319351196289 
5.216858863830566 
5.0149312019348145 
5.527032375335693 
5.108287334442139 
4.966332912445068 
5.056036949157715 
8.505247116088867 
6.258922576904297 
5.196943283081055 
5.347319602966309 
5.032622337341309 
6.316253662109375 
4.966792106628418 
6.302216529846191 
4.947648048400879 
7.521822929382324 
5.053095817565918 
5.029315948486328 
5.2031025886535645 
5.112124443054199 
5.0141191482543945 
4.881893157958984 
7.259744644165039 
5.289357662200928 
5.024573802947998 
5.590873718261719 
5.035689830780029 
4.9049882888793945 
4.961188793182373 
5.0403242111206055 
4.982186317443848 
5.065281391143799 
7.100628852844238 
7.080309867858887 
4.932190895080566 
5.039918899536133 
5.767058372497559 
6.856632232666016 
4.939992904663086 
5.025032997131348 
5.099952220916748 
5.067434310913086 
5.1122283935546875 
5.316784858703613 
5.623834609985352 
5.564063549041748 
4.980630874633789 
6.236618995666504 
5.498897552490234 
5.348426818847656 
5.123888969421387 
5.648508548736572 
7.865883827209473 
5.083380699157715 
5.208434581756592 
5.837058067321777 
4.92628288269043 
5.090420246124268 
5.330848693847656 
5.757453918457031 
5.729977607727051 
4.985380172729492 
7.0451860427856445 
5.087240695953369 
5.103644371032715 
5.088371276855469 
6.783378601074219 
9.617349624633789 
5.309980392456055 
4.92346715927124 
5.230764865875244 
7.333346366882324 
5.0345964431762695 
6.835937976837158 
5.159164905548096 
4.956226348876953 
5.189697265625 
7.767251014709473 
5.0231122970581055 
5.234675884246826 
4.747676849365234 
5.037680149078369 
5.080265998840332 
4.956488609313965 
6.3399200439453125 
4.946934223175049 
5.29201602935791 
5.039191246032715 
8.314237594604492 
7.971969127655029 
4.9309186935424805 
5.004378795623779 
4.939064979553223 
5.021705627441406 
5.029040336608887 
4.9841203689575195 
5.003204345703125 
7.954318046569824 
5.044203281402588 
5.231075763702393 
5.0747833251953125 
7.190393447875977 
5.188747882843018 
5.173305511474609 
5.126141548156738 
4.904023170471191 
5.151543617248535 
6.411683082580566 
5.6466288566589355 
4.9487457275390625 
4.917294979095459 
5.377782821655273 
4.9801225662231445 
5.082728385925293 
5.006110191345215 
4.989739418029785 
4.994756698608398 
7.14562463760376 
5.501409530639648 
5.464459419250488 
5.607480049133301 
5.170928478240967 
4.9983344078063965 
5.506813049316406 
5.50969123840332 
5.093235015869141 
5.313335418701172 
5.020590305328369 
5.01054048538208 
4.920966148376465 
5.0449724197387695 
4.947318077087402 
7.607841491699219 
5.046792984008789 
5.2817301750183105 
6.027568817138672 
5.811136245727539 
6.419825077056885 
5.161445617675781 
5.033314228057861 
5.117705345153809 
4.976711750030518 
4.949794769287109 
5.013851165771484 
5.404168128967285 
5.270349502563477 
6.114009857177734 
5.085020065307617 
4.961431503295898 
5.022405624389648 
5.091423988342285 
5.392414093017578 
5.122513771057129 
5.223938941955566 
9.033490180969238 
5.019426345825195 
5.8881306648254395 
4.987637519836426 
4.998130798339844 
5.148977279663086 
5.29090690612793 
5.047577857971191 
5.042916297912598 
4.991620063781738 
4.9623212814331055 
5.00129508972168 
5.102245330810547 
5.06374454498291 
5.333662509918213 
6.440476417541504 
5.253543376922607 
5.25391960144043 
4.977898120880127 
7.49411153793335 
5.12039852142334 
5.022446155548096 
5.571440696716309 
4.990423202514648 
6.786969184875488 
7.705971717834473 
5.145939826965332 
5.889496803283691 
7.192271709442139 
5.448274612426758 
5.1210479736328125 
4.918438911437988 
4.934309482574463 
5.0254130363464355 
7.259836196899414 
4.971982955932617 
6.544075965881348 
5.493863105773926 
5.310807228088379 
4.844515800476074 
4.999144554138184 
7.101465225219727 
6.886142730712891 
5.029687881469727 
5.2274932861328125 
5.038459777832031 
6.040644645690918 
4.991854667663574 
4.952674865722656 
5.029990196228027 
5.018063545227051 
5.078392028808594 
5.858802795410156 
5.0225300788879395 
4.873478889465332 
4.903916835784912 
5.080514430999756 
4.9041948318481445 
8.149808883666992 
4.921733379364014 
5.005510330200195 
5.007035255432129 
4.991512298583984 
7.271588325500488 
6.789753437042236 
5.172788619995117 
5.084126949310303 
4.910414695739746 
4.988287448883057 
5.005295276641846 
4.991916179656982 
4.912803649902344 
4.943768501281738 
5.098237037658691 
7.97080135345459 
5.689070701599121 
7.218054294586182 
5.0140275955200195 
5.006721496582031 
5.307220458984375 
6.2369513511657715 
4.963095188140869 
5.889012813568115 
5.012601852416992 
4.932014465332031 
5.23480224609375 
5.095089912414551 
4.946911334991455 
4.979580879211426 
5.446175575256348 
5.97196102142334 
5.36664342880249 
4.861555576324463 
4.957852363586426 
4.984382629394531 
4.982938766479492 
4.934171199798584 
4.913127899169922 
5.798110008239746 
5.110110282897949 
5.06065034866333 
6.744525909423828 
5.1065473556518555 
4.8930559158325195 
5.913934230804443 
7.146274566650391 
5.851261138916016 
4.839841365814209 
4.970078468322754 
5.11059045791626 
7.934403896331787 
5.004151821136475 
5.041963577270508 
7.6844048500061035 
8.707049369812012 
5.339542388916016 
6.410137176513672 
5.817745685577393 
6.612692356109619 
4.980935573577881 
5.4328227043151855 
4.984584808349609 
7.091747760772705 
8.962255477905273 
5.034027576446533 
5.020565509796143 
5.028525352478027 
5.04111385345459 
5.087157249450684 
4.884220123291016 
7.019277572631836 
4.965353012084961 
4.912292957305908 
5.078600883483887 
5.43012809753418 
5.4779205322265625 
5.220125675201416 
5.641254425048828 
7.79872989654541 
5.388672828674316 
4.947563648223877 
4.973546981811523 
5.0708513259887695 
7.002197265625 
4.833634376525879 
4.973836898803711 
5.061734199523926 
5.119812488555908 
8.901803970336914 
9.360286712646484 
4.969590187072754 
5.168992042541504 
4.9646196365356445 
4.985119819641113 
4.996328830718994 
5.001889705657959 
7.241958141326904 
5.548488616943359 
5.076329708099365 
5.678352355957031 
5.271511077880859 
6.286739826202393 
4.980907440185547 
6.52584981918335 
7.126018047332764 
4.980389595031738 
5.046297550201416 
5.222864151000977 
5.651105880737305 
5.4208574295043945 
7.930087566375732 
5.009188652038574 
4.960744857788086 
5.448599815368652 
5.043343544006348 
5.169356346130371 
5.006633758544922 
4.982124328613281 
5.249626159667969 
7.026940822601318 
6.0673136711120605 
5.446945667266846 
5.083813667297363 
5.027873992919922 
4.950122833251953 
5.185187339782715 
5.574991226196289 
8.524736404418945 
9.548084259033203 
5.034940242767334 
5.027957439422607 
5.068363666534424 
5.038928985595703 
5.063545227050781 
4.9918012619018555 
4.956693649291992 
4.960951328277588 
5.065046310424805 
4.917976379394531 
5.0836181640625 
4.935388565063477 
5.027512550354004 
7.502030372619629 
5.101344108581543 
5.087001323699951 
6.399112224578857 
5.452271461486816 
5.242618560791016 
5.520503997802734 
8.087580680847168 
5.389074802398682 
5.026350021362305 
7.152703285217285 
6.139319896697998 
5.060868740081787 
5.314814567565918 
5.140568256378174 
4.9390459060668945 
4.991384983062744 
4.996218681335449 
6.369277477264404 
5.623198509216309 
5.162959575653076 
5.10499382019043 
5.0343217849731445 
6.675284385681152 
5.5035881996154785 
5.097249984741211 
4.9347920417785645 
5.0854411125183105 
6.193559646606445 
4.961600303649902 
5.2993550300598145 
5.028827667236328 
5.169317245483398 
5.202234268188477 
5.606743812561035 
4.9686737060546875 
4.872257709503174 
6.579050064086914 
5.054471492767334 
5.6419677734375 
7.081707954406738 
6.798195838928223 
5.0890913009643555 
5.014707565307617 
5.852503776550293 
5.076664924621582 
7.961557865142822 
6.772278308868408 
5.0275421142578125 
4.8819122314453125 
5.032169818878174 
5.082398891448975 
5.382969856262207 
5.2213053703308105 
6.246022701263428 
5.145534515380859 
5.1349077224731445 
5.079578876495361 
5.4529266357421875 
6.206880569458008 
5.491799354553223 
5.1085052490234375 
5.427812576293945 
4.995851516723633 
5.302652359008789 
5.150629043579102 
5.085601806640625 
5.070865631103516 
5.074282646179199 
4.96638822555542 
5.497517108917236 
4.872243881225586 
8.767337799072266 
6.460625648498535 
5.054690361022949 
5.072404861450195 
5.00078010559082 
5.616218090057373 
4.932908058166504 
8.026506423950195 
5.959132671356201 
5.002864837646484 
5.061142921447754 
4.959301471710205 
8.308717727661133 
6.2715935707092285 
5.903285026550293 
5.046844482421875 
6.3464202880859375 
4.975102424621582 
4.97331428527832 
4.904940605163574 
5.0201029777526855 
4.945010185241699 
4.791982173919678 
4.9719624519348145 
4.973044395446777 
5.021459579467773 
5.150615215301514 
5.858397960662842 
5.021368026733398 
5.400298595428467 
8.194831848144531 
4.99468994140625 
5.006319046020508 
5.017115592956543 
4.9875688552856445 
5.084410667419434 
6.800885200500488 
5.076167106628418 
5.1103057861328125 
5.031545639038086 
5.018540382385254 
4.92180061340332 
4.987712860107422 
6.8905029296875 
5.301831245422363 
5.081303596496582 
6.675428867340088 
5.110448837280273 
4.983403205871582 
5.072263717651367 
5.033288955688477 
4.941923141479492 
5.198856830596924 
4.991598129272461 
4.955461502075195 
5.582579612731934 
5.07961893081665 
4.942059516906738 
5.267317771911621 
5.212380886077881 
5.15674352645874 
4.996371269226074 
4.951271057128906 
4.989075660705566 
4.992737293243408 
5.0411553382873535 
5.085888862609863 
4.962418556213379 
5.185784339904785 
5.036835670471191 
5.045463562011719 
5.8542070388793945 
7.077366828918457 
4.997317314147949 
4.964509963989258 
4.990184783935547 
6.13330078125 
4.971977233886719 
5.160984039306641 
5.162193298339844 
5.134406089782715 
5.160655498504639 
5.000580787658691 
5.59812068939209 
4.95981502532959 
4.977150917053223 
4.846363544464111 
5.687887191772461 
5.173982620239258 
5.189769268035889 
5.004550933837891 
4.994323253631592 
5.140997886657715 
5.233304500579834 
5.498763561248779 
4.9735941886901855 
5.288591384887695 
5.26191520690918 
5.082950592041016 
5.521390438079834 
6.796246528625488 
4.989691734313965 
5.14312219619751 
4.87434720993042 
5.030310153961182 
5.393975734710693 
6.5384416580200195 
5.069592475891113 
5.0019049644470215 
5.302340984344482 
5.761516571044922 
5.010717868804932 
5.097121238708496 
5.161360263824463 
5.04871940612793 
7.227179527282715 
6.370309829711914 
5.106596946716309 
5.032627105712891 
4.851160526275635 
5.02370548248291 
4.947638511657715 
5.5359296798706055 
5.357330799102783 
5.235116958618164 
4.976656913757324 
8.090494155883789 
4.925286293029785 
5.06925106048584 
5.591628074645996 
5.52528190612793 
7.6835246086120605 
5.440853118896484 
5.052950859069824 
4.9393768310546875 
7.597923278808594 
5.480622291564941 
5.1753082275390625 
5.779590606689453 
4.901044845581055 
4.957115173339844 
5.792659282684326 
6.070104598999023 
4.942691802978516 
4.91886043548584 
5.7689080238342285 
4.914752006530762 
4.8977766036987305 
5.142230033874512 
5.056724548339844 
5.562817573547363 
5.027926445007324 
5.4088592529296875 
4.9416913986206055 
5.3357415199279785 
5.061386585235596 
5.022372245788574 
4.992062568664551 
5.3066020011901855 
4.995396614074707 
4.995911598205566 
8.490066528320312 
5.5287322998046875 
5.166477680206299 
4.966586112976074 
8.704185485839844 
5.306553840637207 
5.478551864624023 
4.964504241943359 
5.798415184020996 
4.887109756469727 
5.088113784790039 
5.043225288391113 
4.8755083084106445 
5.225317478179932 
5.095348358154297 
5.470278739929199 
5.113082408905029 
5.066761016845703 
5.023948669433594 
5.005218505859375 
5.062056541442871 
4.993414878845215 
6.500132083892822 
5.911358833312988 
4.938081741333008 
4.989750385284424 
5.005155086517334 
4.968471050262451 
4.983283996582031 
5.140199184417725 
5.022216796875 
5.246515274047852 
4.998955726623535 
4.9811601638793945 
5.01871919631958 
4.974667072296143 
5.123042583465576 
4.958042144775391 
5.262809753417969 
5.064452171325684 
4.999903678894043 
5.133213043212891 
7.482036590576172 
5.005205154418945 
5.031612396240234 
5.248597621917725 
4.923462867736816 
6.740261554718018 
5.644658088684082 
5.207625389099121 
5.012548923492432 
5.107369422912598 
6.262561798095703 
5.848514556884766 
4.981426239013672 
5.209362983703613 
5.008576393127441 
5.1438798904418945 
4.9590559005737305 
5.083975791931152 
5.08370304107666 
5.038687229156494 
5.172204971313477 
6.421242713928223 
4.965048313140869 
4.922946929931641 
5.576132297515869 
5.031742095947266 
5.072239875793457 
5.196775436401367 
4.989674091339111 
5.012276649475098 
5.613240718841553 
4.8657450675964355 
6.146210670471191 
5.097352504730225 
5.040728569030762 
4.955537796020508 
5.045648097991943 
5.112492561340332 
4.937466621398926 
6.713499069213867 
4.997293472290039 
5.158359050750732 
6.028818130493164 
5.08629846572876 
6.091624736785889 
5.045670509338379 
5.054072380065918 
5.009789943695068 
5.003989219665527 
5.006860733032227 
4.903817176818848 
5.127381801605225 
5.255343914031982 
7.946589469909668 
5.048572063446045 
5.826847553253174 
5.552188396453857 
4.995336532592773 
6.387367248535156 
5.6512346267700195 
5.941573143005371 
7.380897045135498 
5.000164031982422 
5.010614395141602 
6.448297023773193 
4.9831085205078125 
5.018246173858643 
4.988917350769043 
4.9656572341918945 
4.979067802429199 
4.892014503479004 
4.957643508911133 
5.032317161560059 
6.79288387298584 
4.944716453552246 
5.540552139282227 
4.978249549865723 
5.030852317810059 
5.194779396057129 
5.204418182373047 
4.991924285888672 
5.134710311889648 
6.178993225097656 
5.146492958068848 
5.527838706970215 
5.435229301452637 
4.994255065917969 
4.953688144683838 
6.690658092498779 
5.075517654418945 
10.74833869934082 
5.226965427398682 
5.118945121765137 
6.507869720458984 
4.962202072143555 
5.007102012634277 
5.085618019104004 
6.175266742706299 
5.039543151855469 
6.64577054977417 
8.328703880310059 
4.996539115905762 
7.275016784667969 
5.132347583770752 
4.967158317565918 
5.042141914367676 
5.281912326812744 
5.047588348388672 
5.131540298461914 
4.997102737426758 
5.019410133361816 
5.143794059753418 
5.033206939697266 
6.378942489624023 
5.054295539855957 
6.351012229919434 
5.020153045654297 
5.007394790649414 
5.000929832458496 
5.311595439910889 
7.607358932495117 
5.378880500793457 
7.211480617523193 
4.797399520874023 
5.098088264465332 
5.021524906158447 
5.1339030265808105 
6.014843463897705 
6.368165016174316 
5.005730152130127 
5.084939956665039 
5.109649658203125 
4.979998588562012 
5.005858421325684 
6.110215187072754 
5.0810956954956055 
4.996615886688232 
5.112334251403809 
5.175877571105957 
5.122756004333496 
5.073056221008301 
5.075287818908691 
4.983161926269531 
8.460639953613281 
5.107948303222656 
5.0212249755859375 
4.976842403411865 
5.2836833000183105 
5.010854244232178 
8.331473350524902 
5.043436050415039 
5.261383056640625 
8.222314834594727 
4.9712066650390625 
4.8034234046936035 
5.349945545196533 
5.06662654876709 
6.431588172912598 
5.088433265686035 
7.603706359863281 
4.938803672790527 
6.523009777069092 
5.031492233276367 
5.04088020324707 
5.304851531982422 
5.41506290435791 
4.979586601257324 
5.044779300689697 
5.06511116027832 
5.115904331207275 
5.076225757598877 
5.046329021453857 
4.805687427520752 
4.873517036437988 
5.136210918426514 
5.0257673263549805 
4.951292037963867 
5.027571201324463 
5.554014205932617 
7.678112030029297 
5.016938209533691 
5.318443775177002 
4.96459436416626 
5.021528244018555 
6.429429054260254 
5.353183746337891 
5.0965895652771 
4.9679460525512695 
5.129669189453125 
4.960178375244141 
7.413875579833984 
5.074341773986816 
6.101869583129883 
5.337252616882324 
5.061463356018066 
5.034033298492432 
6.377141952514648 
6.052252769470215 
8.713770866394043 
6.313610076904297 
5.407677173614502 
4.927853584289551 
4.928658962249756 
8.016745567321777 
5.244250297546387 
6.289270401000977 
7.1822309494018555 
6.278077125549316 
5.983661651611328 
4.965021133422852 
5.097260475158691 
5.257758140563965 
5.286300182342529 
5.01171350479126 
5.218759536743164 
4.982746124267578 
4.9265642166137695 
5.099214553833008 
4.9960198402404785 
4.956300735473633 
4.990651607513428 
4.995480537414551 
4.9827470779418945 
4.9488606452941895 
5.0001678466796875 
6.151083469390869 
4.975362777709961 
6.746521472930908 
4.931229591369629 
5.027431488037109 
5.777735233306885 
5.265313625335693 
4.963192939758301 
5.644314765930176 
5.406012535095215 
5.054269313812256 
4.98106575012207 
5.0553741455078125 
5.005577087402344 
6.26771354675293 
4.932214736938477 
6.278467178344727 
5.04428768157959 
5.351123332977295 
5.010012626647949 
5.126443386077881 
7.611547470092773 
4.9758195877075195 
6.64394474029541 
5.16369104385376 
5.162436485290527 
4.991462707519531 
5.094596862792969 
4.977951526641846 
5.033390998840332 
7.23637056350708 
5.0838727951049805 
4.979275703430176 
5.344541549682617 
5.05400276184082 
5.359526634216309 
7.811890602111816 
6.432978630065918 
4.823997974395752 
5.251784324645996 
5.09504508972168 
4.999757289886475 
7.977330207824707 
5.056337833404541 
5.132450103759766 
4.948746681213379 
5.590934753417969 
5.088129997253418 
5.052034378051758 
4.97503662109375 
4.969232082366943 
6.213233947753906 
5.025341033935547 
5.311347961425781 
5.108033180236816 
5.001713275909424 
5.470952987670898 
5.207602500915527 
5.728516101837158 
4.951888084411621 
6.1776533126831055 
6.6700239181518555 
4.980888366699219 
5.347226619720459 
5.081617832183838 
4.854851722717285 
4.993904113769531 
5.179233551025391 
5.021862030029297 
5.070183277130127 
7.349808692932129 
5.003971099853516 
5.337530612945557 
5.473614692687988 
5.173851490020752 
5.143454551696777 
5.722061634063721 
5.753787994384766 
4.9163432121276855 
5.005160331726074 
6.074248313903809 
5.049839019775391 
6.124014377593994 
4.911137104034424 
5.5169219970703125 
5.031709671020508 
5.038979530334473 
5.053892612457275 
5.063716411590576 
7.261822700500488 
5.150716781616211 
4.812914848327637 
5.059571266174316 
5.4906415939331055 
4.94840145111084 
5.975223541259766 
4.990856170654297 
5.073912620544434 
5.707948684692383 
5.001771926879883 
4.963622093200684 
5.01011848449707 
4.995088577270508 
5.249969005584717 
7.157759666442871 
6.0804853439331055 
7.783458709716797 
5.035366535186768 
5.747588157653809 
5.784279823303223 
8.163772583007812 
5.0149946212768555 
5.191818714141846 
5.586949348449707 
6.254541397094727 
5.066440582275391 
5.099583625793457 
5.305900573730469 
5.137178421020508 
5.008735179901123 
4.9834699630737305 
5.242703437805176 
6.032191276550293 
4.948510646820068 
5.0319976806640625 
4.996393203735352 
8.235929489135742 
5.044774055480957 
5.0846452713012695 
4.9917802810668945 
4.944901466369629 
4.978567123413086 
5.180222511291504 
6.313070774078369 
4.997011184692383 
5.160035610198975 
5.009486198425293 
5.931183815002441 
5.191941261291504 
5.168525695800781 
6.864295959472656 
5.249879837036133 
5.015690326690674 
5.067885398864746 
5.594842910766602 
5.112879753112793 
6.117512226104736 
5.144495010375977 
5.014387130737305 
7.339357376098633 
5.910918712615967 
6.4434967041015625 
5.011363506317139 
4.983494758605957 
5.0806779861450195 
5.074580192565918 
4.9520087242126465 
7.205489158630371 
5.931664943695068 
4.972312927246094 
5.051446914672852 
5.632408142089844 
4.863030433654785 
5.128482818603516 
4.841425895690918 
5.7121992111206055 
4.952768325805664 
6.480342864990234 
4.9708251953125 
5.053845405578613 
4.951169013977051 
5.578433990478516 
5.103178977966309 
5.268922805786133 
5.186331748962402 
4.977311611175537 
5.408851623535156 
5.259237289428711 
7.2806396484375 
5.211721897125244 
5.20319128036499 
5.329517841339111 
6.35483455657959 
4.98028039932251 
5.1327714920043945 
5.134664058685303 
7.510366439819336 
5.083569526672363 
5.025164604187012 
4.993908882141113 
7.251178741455078 
4.887729644775391 
5.012271881103516 
5.065471649169922 
6.398791790008545 
5.0784220695495605 
5.066990852355957 
6.581403732299805 
5.935412883758545 
8.313575744628906 
4.922569751739502 
5.556730270385742 
4.987899303436279 
5.149761199951172 
5.001803398132324 
5.021512031555176 
5.004880905151367 
6.557818412780762 
6.745009422302246 
5.053552150726318 
7.565751075744629 
5.812918663024902 
8.090551376342773 
4.889342784881592 
4.904513359069824 
5.077221393585205 
5.899714469909668 
6.675137519836426 
6.760234832763672 
6.056408405303955 
7.235415935516357 
7.0817108154296875 
8.364506721496582 
4.990470886230469 
5.726885795593262 
6.60557222366333 
5.093385219573975 
5.098472595214844 
6.624856948852539 
7.208868026733398 
4.938088893890381 
5.095474720001221 
5.002223014831543 
5.001813888549805 
5.927680969238281 
6.638453960418701 
5.75660514831543 
5.9493818283081055 
9.517763137817383 
5.811532497406006 
6.18853759765625 
5.006975173950195 
5.21505069732666 
5.529762268066406 
6.403502464294434 
5.020309925079346 
5.404082775115967 
5.022253036499023 
4.970850944519043 
5.093497276306152 
6.268955230712891 
5.974503517150879 
4.933577537536621 
5.0484490394592285 
5.3583879470825195 
5.032736778259277 
6.921097755432129 
5.248311996459961 
5.3748087882995605 
4.982583999633789 
5.003645896911621 
6.918939590454102 
5.006567478179932 
5.005868911743164 
8.441977500915527 
5.088292121887207 
5.093735694885254 
6.997727394104004 
8.955658912658691 
5.084278106689453 
5.174882888793945 
5.014875411987305 
6.309632301330566 
5.5952863693237305 
5.0241804122924805 
7.016752243041992 
4.853548049926758 
5.5212721824646 
4.965619087219238 
4.999187469482422 
5.842306137084961 
6.485514163970947 
4.933837890625 
4.953773498535156 
5.103102684020996 
5.09921932220459 
4.991390705108643 
5.646749973297119 
5.099635601043701 
5.001165390014648 
5.000736713409424 
5.095890045166016 
5.037855625152588 
4.997910499572754 
8.749756813049316 
4.87637996673584 
5.454934120178223 
5.047751426696777 
6.946990966796875 
5.324313163757324 
4.975273132324219 
7.227390766143799 
5.748307228088379 
5.158796787261963 
6.584410190582275 
5.369826793670654 
4.895313739776611 
6.667149543762207 
5.995647430419922 
6.172478675842285 
4.983803749084473 
8.496593475341797 
5.128676891326904 
5.044933319091797 
5.650148391723633 
5.017380237579346 
5.09079647064209 
5.032046318054199 
4.9912943840026855 
5.202789306640625 
5.043465614318848 
5.047545433044434 
6.160340309143066 
4.993253231048584 
5.039365768432617 
5.270729064941406 
4.9765801429748535 
5.365553379058838 
5.339539527893066 
5.051846027374268 
5.848236560821533 
5.029047012329102 
5.000914096832275 
4.956254005432129 
4.977487564086914 
5.336070537567139 
5.057711124420166 
4.9936723709106445 
8.614227294921875 
4.980247497558594 
5.2801337242126465 
4.96718692779541 
6.549337387084961 
4.999086380004883 
5.020846366882324 
5.046703338623047 
5.312878608703613 
5.208444118499756 
5.342045783996582 
4.963141441345215 
5.022460460662842 
5.010470390319824 
5.048248291015625 
6.053396701812744 
4.959177017211914 
5.038561820983887 
5.045320510864258 
4.806561470031738 
8.512884140014648 
7.502690315246582 
5.454198837280273 
5.020476341247559 
7.875977516174316 
5.093629837036133 
6.295648574829102 
5.218756675720215 
5.094624042510986 
5.670867919921875 
5.027642250061035 
4.938962936401367 
5.365949630737305 
5.103210926055908 
5.17183780670166 
5.662759304046631 
4.9861931800842285 
4.996674537658691 
4.901256561279297 
5.579737186431885 
6.482732772827148 
4.897209167480469 
5.016571044921875 
5.047673225402832 
5.040946960449219 
6.959961891174316 
5.066039085388184 
5.545358657836914 
5.119758605957031 
4.985291957855225 
5.131165504455566 
7.860768795013428 
5.028890132904053 
5.793822765350342 
6.501110553741455 
5.042593955993652 
5.193727493286133 
5.026492118835449 
4.9306230545043945 
4.9855241775512695 
5.248676300048828 
5.058783531188965 
5.081819534301758 
5.051337718963623 
5.000878810882568 
5.017912864685059 
5.5106329917907715 
7.305047988891602 
6.340242385864258 
6.241036415100098 
5.821049690246582 
4.993198394775391 
5.901994705200195 
5.0181074142456055 
6.593716621398926 
5.006091594696045 
5.938267707824707 
4.948370933532715 
5.281612396240234 
5.055727958679199 
5.051601409912109 
7.497769832611084 
4.984736919403076 
5.074881076812744 
5.0521650314331055 
5.114660263061523 
5.02093505859375 
5.013673305511475 
5.4634623527526855 
5.108009338378906 
6.643704414367676 
6.601769924163818 
5.6204938888549805 
5.001558303833008 
5.046910285949707 
4.965866565704346 
5.080970764160156 
4.990087509155273 
5.03244686126709 
4.979157447814941 
5.15097713470459 
5.258755207061768 
5.003811359405518 
5.818065643310547 
9.879005432128906 
5.078408718109131 
5.29736328125 
5.50349760055542 
6.000030517578125 
5.041486740112305 
5.0663628578186035 
4.916718006134033 
6.003732681274414 
5.131093502044678 
5.052469730377197 
5.05307149887085 
6.001645088195801 
5.967512607574463 
5.099241256713867 
4.951931953430176 
4.9875898361206055 
7.117184638977051 
5.003899574279785 
5.104785442352295 
5.295821666717529 
5.0081000328063965 
4.936077117919922 
5.907822608947754 
5.005362033843994 
4.843716621398926 
4.816712856292725 
5.0595831871032715 
5.026680946350098 
4.971363067626953 
5.083747386932373 
4.976086616516113 
5.044834613800049 
5.751418113708496 
5.8120245933532715 
6.390695095062256 
4.954252243041992 
5.3491621017456055 
5.101404190063477 
5.164828300476074 
4.938333511352539 
4.895927906036377 
4.969376564025879 
7.8416643142700195 
4.99485969543457 
5.207845687866211 
5.832004547119141 
5.136257171630859 
4.952274799346924 
5.231789588928223 
5.19943380355835 
6.085995674133301 
6.775728225708008 
5.028658866882324 
5.118810653686523 
5.0238847732543945 
5.128402233123779 
5.27243185043335 
5.427098274230957 
5.133377552032471 
4.982337474822998 
5.200668811798096 
5.0438079833984375 
4.960040092468262 
7.4826250076293945 
5.635516166687012 
5.042400360107422 
5.012606620788574 
5.882814407348633 
6.416375160217285 
5.608301162719727 
5.036572456359863 
5.263042449951172 
4.887138843536377 
5.861392498016357 
5.041038990020752 
4.979317665100098 
5.508022308349609 
5.491447448730469 
7.363732814788818 
7.341556072235107 
5.387657165527344 
5.047374725341797 
6.776381015777588 
5.09791898727417 
5.063330173492432 
5.061493873596191 
5.0294647216796875 
4.952354907989502 
4.9116740226745605 
5.150568008422852 
5.379942417144775 
5.052252292633057 
5.037807464599609 
6.368897438049316 
5.075020790100098 
5.401074409484863 
4.947711944580078 
5.074566841125488 
5.460383892059326 
5.668733596801758 
5.053231716156006 
5.248174667358398 
4.9763898849487305 
7.2142333984375 
5.279116630554199 
7.275612831115723 
7.459231376647949 
5.643956184387207 
6.560169219970703 
4.954171657562256 
6.5225324630737305 
5.091708183288574 
7.602020740509033 
5.191327095031738 
4.947836875915527 
5.242955207824707 
5.061600685119629 
6.483660697937012 
5.100686073303223 
4.847786903381348 
5.258218288421631 
5.461564064025879 
5.700026512145996 
5.010167121887207 
5.182929992675781 
5.116687774658203 
5.087139129638672 
5.183671951293945 
4.961549758911133 
5.014336585998535 
8.341573715209961 
5.196944713592529 
4.963197708129883 
5.022018909454346 
5.035377502441406 
5.012173652648926 
5.051434516906738 
6.300222873687744 
4.938623428344727 
5.08577823638916 
5.04885721206665 
5.650213241577148 
7.101292610168457 
5.079867362976074 
5.017086505889893 
5.077146530151367 
4.841536998748779 
5.029607772827148 
5.273760795593262 
5.0643205642700195 
4.926575660705566 
5.005416393280029 
5.357430458068848 
5.018084526062012 
5.031559944152832 
5.423293590545654 
7.723520278930664 
5.1587090492248535 
5.065707206726074 
5.045008182525635 
5.103303909301758 
6.873478889465332 
7.396185398101807 
4.993600368499756 
4.995755195617676 
5.052759170532227 
5.071341037750244 
5.011172294616699 
8.094286918640137 
4.999761581420898 
4.938225269317627 
4.986111164093018 
5.023048400878906 
5.273353099822998 
5.26764440536499 
4.97719144821167 
4.912797927856445 
4.9724531173706055 
5.045507431030273 
7.1922478675842285 
8.05531120300293 
5.04757833480835 
7.029660224914551 
5.750669479370117 
4.995688438415527 
6.172385215759277 
5.606762886047363 
5.035012722015381 
5.031867027282715 
5.452780723571777 
4.969101428985596 
5.088780403137207 
6.965635299682617 
8.703265190124512 
5.1715006828308105 
5.183725357055664 
5.0249714851379395 
4.858799934387207 
5.055461883544922 
6.282828330993652 
4.929773807525635 
5.916377544403076 
7.013521671295166 
4.96296501159668 
5.175222396850586 
5.0204386711120605 
4.93746280670166 
5.182741165161133 
5.042663097381592 
5.061005592346191 
4.8990583419799805 
4.933773994445801 
7.38703727722168 
5.907131671905518 
4.844125747680664 
5.086031913757324 
5.693300247192383 
5.102149486541748 
5.139896392822266 
7.084613800048828 
4.99153995513916 
4.9767045974731445 
4.9532928466796875 
6.8495893478393555 
4.989736557006836 
5.050793170928955 
5.034055233001709 
5.014014720916748 
4.997719764709473 
6.366959571838379 
5.141570091247559 
4.973742485046387 
6.114091873168945 
5.378427505493164 
4.967472076416016 
5.489833831787109 
4.940512180328369 
4.975725173950195 
5.004682540893555 
5.072538375854492 
4.995883464813232 
4.866941452026367 
5.18276309967041 
5.648316860198975 
5.012359619140625 
5.034852027893066 
7.743518829345703 
5.385159015655518 
6.12087345123291 
5.066227436065674 
5.1172075271606445 
4.941500663757324 
8.756482124328613 
5.487344264984131 
5.059762477874756 
5.1616435050964355 
6.090322971343994 
4.997952461242676 
5.0543365478515625 
5.090539932250977 
4.933625221252441 
4.951570510864258 
5.916040420532227 
5.353054046630859 
5.533725261688232 
4.863720893859863 
5.0249457359313965 
5.022750377655029 
5.2005228996276855 
5.464176177978516 
6.456338882446289 
6.065911293029785 
5.245060920715332 
5.184870719909668 
5.94699764251709 
4.983776092529297 
4.972224235534668 
5.0920257568359375 
5.032622337341309 
5.069060325622559 
4.997161865234375 
5.086327075958252 
5.004638195037842 
5.100208282470703 
6.430175304412842 
6.697681427001953 
4.92210578918457 
5.221925735473633 
5.416793346405029 
5.016732215881348 
7.521054267883301 
5.2118330001831055 
5.062308311462402 
6.941176414489746 
5.080931663513184 
4.999536514282227 
5.020917892456055 
4.996304512023926 
6.082930564880371 
5.340895652770996 
5.086526870727539 
5.029557228088379 
4.967790126800537 
5.065135955810547 
5.170492649078369 
6.689375877380371 
4.762078285217285 
5.177274227142334 
7.351696014404297 
8.605765342712402 
4.926779747009277 
6.308816909790039 
5.825302600860596 
6.2727837562561035 
6.287197113037109 
4.9087419509887695 
4.901785850524902 
5.025896072387695 
7.0955047607421875 
5.0690693855285645 
4.986629962921143 
4.996035575866699 
5.032919883728027 
5.105822563171387 
6.193567276000977 
5.379277229309082 
4.869320869445801 
5.281009197235107 
5.000457763671875 
4.953514099121094 
8.291565895080566 
5.173022270202637 
5.047580718994141 
4.883346080780029 
4.91806697845459 
5.828619003295898 
6.754582405090332 
5.637909889221191 
5.078107833862305 
5.378381729125977 
6.2100982666015625 
9.261531829833984 
4.906646728515625 
5.227448463439941 
5.477871894836426 
5.209436893463135 
5.136659145355225 
5.041105270385742 
4.97037935256958 
5.0708112716674805 
5.443141937255859 
5.3843889236450195 
4.8935747146606445 
5.079896450042725 
5.0402421951293945 
4.975950241088867 
4.925834655761719 
5.119569778442383 
5.013040542602539 
4.999083518981934 
5.253801345825195 
6.050661087036133 
7.8437604904174805 
4.836082458496094 
6.523624420166016 
4.958761692047119 
5.023324012756348 
4.925076484680176 
5.156745910644531 
5.144145965576172 
5.163444519042969 
5.16681432723999 
5.169164657592773 
5.266204357147217 
6.577513694763184 
5.106500625610352 
5.011151313781738 
5.014004707336426 
4.9124956130981445 
4.966669082641602 
6.1602783203125 
5.127127647399902 
4.972694396972656 
5.827991485595703 
6.386763572692871 
4.999652862548828 
5.218142509460449 
4.947126865386963 
