5.615487098693848 
5.143094539642334 
5.60200309753418 
5.259401798248291 
5.008511543273926 
5.034722328186035 
5.34853982925415 
4.915193557739258 
5.125635623931885 
5.0207743644714355 
5.115798473358154 
5.176733016967773 
4.998528003692627 
5.472924709320068 
4.931982040405273 
5.452117443084717 
5.221817493438721 
5.110580921173096 
5.1159186363220215 
5.467206001281738 
5.348410606384277 
5.523561000823975 
6.311253070831299 
6.046798229217529 
5.034365177154541 
8.2100248336792 
5.210073471069336 
5.641811847686768 
5.0127034187316895 
6.309669494628906 
5.049810886383057 
5.135822296142578 
5.82969856262207 
5.156610012054443 
5.023952484130859 
5.056243419647217 
5.119339466094971 
5.098073959350586 
8.376289367675781 
5.278985500335693 
5.556952476501465 
5.8153076171875 
5.048760890960693 
5.029922962188721 
6.0799560546875 
5.00740385055542 
5.894219398498535 
5.034475803375244 
5.057880401611328 
5.0667524337768555 
5.217592716217041 
5.134457111358643 
5.144058704376221 
5.063702583312988 
4.999897480010986 
5.071390151977539 
4.913558483123779 
5.0154948234558105 
5.145309925079346 
5.335974216461182 
5.675162315368652 
5.045750141143799 
5.077306270599365 
6.22550630569458 
5.814578533172607 
6.793606758117676 
5.050806522369385 
5.282709121704102 
5.05126953125 
5.132191181182861 
5.115256309509277 
5.108316898345947 
5.011543273925781 
4.955691814422607 
5.044427394866943 
6.394628047943115 
6.365321636199951 
5.172050476074219 
5.873655796051025 
8.221502304077148 
7.397772312164307 
5.93662691116333 
4.984208106994629 
5.065948009490967 
5.134609222412109 
5.0795512199401855 
5.500315189361572 
5.521637439727783 
5.202188491821289 
5.067996025085449 
5.706696033477783 
5.369813442230225 
5.021478176116943 
5.116955757141113 
7.9317193031311035 
4.9281816482543945 
7.215096950531006 
5.017631530761719 
5.065725803375244 
5.197889804840088 
4.987082004547119 
4.923686981201172 
5.262503147125244 
5.052310466766357 
5.630928039550781 
6.351542949676514 
5.003194332122803 
5.338975429534912 
6.454535007476807 
5.052108287811279 
4.98373556137085 
5.234029293060303 
4.97841215133667 
4.938172817230225 
5.019146919250488 
5.074837684631348 
5.722323417663574 
7.439358711242676 
4.97269868850708 
4.95970344543457 
5.024957656860352 
5.013980388641357 
5.0658860206604 
5.029938697814941 
7.997542381286621 
7.69849967956543 
6.822535037994385 
4.954686164855957 
5.086101055145264 
5.085893154144287 
5.15142297744751 
5.14451789855957 
5.234462261199951 
5.137508392333984 
4.978368282318115 
5.325799465179443 
8.238683700561523 
4.9786763191223145 
5.146892070770264 
7.451669216156006 
5.1690850257873535 
4.974578857421875 
4.991645336151123 
5.149120807647705 
5.485729217529297 
4.997408390045166 
4.911997318267822 
4.970539093017578 
7.742819309234619 
4.965531826019287 
5.1598029136657715 
5.326206684112549 
7.259731769561768 
5.335475921630859 
7.400659084320068 
5.382665157318115 
6.875354290008545 
5.2220778465271 
5.717340469360352 
6.5882744789123535 
5.4854302406311035 
5.145237445831299 
5.422374248504639 
5.024158000946045 
5.337907791137695 
5.01593017578125 
5.075469493865967 
5.816135406494141 
7.521220684051514 
5.047673225402832 
5.045229434967041 
5.049077033996582 
4.89956521987915 
6.513518810272217 
5.005599498748779 
6.458497047424316 
4.970352649688721 
7.007155895233154 
5.161707878112793 
5.054967403411865 
4.9753642082214355 
4.991466999053955 
5.052175521850586 
5.094821453094482 
5.513883113861084 
5.09417200088501 
5.014492511749268 
5.120172023773193 
4.949170112609863 
5.013820648193359 
6.954396724700928 
5.440898895263672 
5.147374629974365 
5.0863261222839355 
6.053651809692383 
5.0118727684021 
5.263369560241699 
5.024120330810547 
6.987669467926025 
8.987236976623535 
6.0156779289245605 
6.129592418670654 
5.926804542541504 
5.203546047210693 
5.377361297607422 
7.782705783843994 
5.01523494720459 
5.053910732269287 
7.835472106933594 
4.9775896072387695 
7.441359996795654 
7.701521396636963 
5.079432010650635 
5.23021936416626 
5.0039472579956055 
5.170094966888428 
6.271165370941162 
5.8936686515808105 
5.094753742218018 
5.314950466156006 
5.015697956085205 
5.086766242980957 
5.732229709625244 
5.040154933929443 
5.071651458740234 
5.31778621673584 
5.082111835479736 
5.0445990562438965 
4.958855152130127 
5.084813117980957 
5.00301456451416 
5.700246810913086 
4.8980889320373535 
5.929854393005371 
4.987102508544922 
5.220458984375 
5.496687412261963 
5.07261323928833 
7.291612148284912 
5.160315990447998 
4.948781490325928 
5.103394031524658 
4.985722541809082 
6.3582611083984375 
4.9711432456970215 
5.1330108642578125 
5.0747294425964355 
5.122655868530273 
5.008775234222412 
5.1838603019714355 
6.371129035949707 
5.341081142425537 
5.786707878112793 
5.448245048522949 
5.580772876739502 
5.326488018035889 
5.1447367668151855 
8.700704574584961 
5.025006294250488 
7.356714725494385 
7.702826023101807 
4.95568323135376 
5.166899681091309 
5.194179058074951 
4.946939945220947 
4.8974199295043945 
5.178638935089111 
5.065165042877197 
4.858806133270264 
8.628450393676758 
4.968707084655762 
5.003283977508545 
7.749238014221191 
5.406910419464111 
5.058792591094971 
4.995741367340088 
5.11348819732666 
5.059891700744629 
5.094342231750488 
6.278587818145752 
4.97249174118042 
5.0466108322143555 
5.624073028564453 
5.032119274139404 
5.231350421905518 
4.997111797332764 
4.88934850692749 
5.115004062652588 
5.610225200653076 
8.299020767211914 
5.115406036376953 
4.984404563903809 
7.2407917976379395 
7.379230976104736 
5.411968231201172 
5.240283489227295 
5.3742356300354 
5.05514669418335 
5.222319602966309 
5.483755111694336 
5.016205310821533 
5.698470115661621 
5.087549686431885 
5.988222599029541 
4.964173793792725 
4.9835004806518555 
5.036224365234375 
5.355422496795654 
5.057624340057373 
5.046139240264893 
5.09016752243042 
5.0303239822387695 
5.121257305145264 
6.869333267211914 
5.056025981903076 
5.580162048339844 
5.008850574493408 
5.2201948165893555 
4.991202354431152 
5.003317356109619 
5.089615345001221 
5.041606903076172 
5.04478120803833 
5.102310657501221 
6.091355800628662 
4.894775867462158 
5.015902996063232 
7.9684882164001465 
5.489521503448486 
5.002379417419434 
5.403209209442139 
5.083929538726807 
5.00827169418335 
5.044760227203369 
5.01068639755249 
5.507425785064697 
5.067540645599365 
4.901839733123779 
5.040510654449463 
5.056783199310303 
5.044737815856934 
6.68138313293457 
5.085513114929199 
5.044978141784668 
5.616475582122803 
4.969736576080322 
5.048032283782959 
4.993770122528076 
4.991332530975342 
6.815062522888184 
5.093464374542236 
4.91444730758667 
5.008391857147217 
5.047391891479492 
5.224513530731201 
5.098455429077148 
5.088545322418213 
4.9868268966674805 
6.83955717086792 
5.987796783447266 
4.998514652252197 
5.579482555389404 
5.042210102081299 
5.03092622756958 
7.6667962074279785 
4.888026714324951 
4.950689315795898 
5.844345569610596 
4.998790740966797 
6.3854146003723145 
5.0374674797058105 
5.245315074920654 
5.275979518890381 
6.117061138153076 
5.013771057128906 
5.290072441101074 
5.009617328643799 
5.096731185913086 
5.027449607849121 
5.118913650512695 
4.894018650054932 
5.5366363525390625 
4.981973171234131 
4.978957176208496 
5.0176191329956055 
7.080463886260986 
5.032974720001221 
5.264323711395264 
7.373557090759277 
5.039669513702393 
5.114047527313232 
5.110836505889893 
7.698254108428955 
4.917675495147705 
4.983483791351318 
5.504293441772461 
5.025941371917725 
5.0556745529174805 
5.090148448944092 
5.924916744232178 
4.969594478607178 
4.95991849899292 
4.991809368133545 
4.997910022735596 
7.504350662231445 
5.140273094177246 
5.139019012451172 
6.267401695251465 
5.088454723358154 
6.651547431945801 
5.175588130950928 
5.1662421226501465 
4.983528137207031 
5.0075249671936035 
7.167868137359619 
5.866257667541504 
4.933867931365967 
6.053069591522217 
4.994734764099121 
5.8103814125061035 
7.0293498039245605 
6.095559597015381 
5.039322853088379 
5.145948886871338 
4.962125778198242 
5.001022815704346 
4.9995269775390625 
5.04069185256958 
4.9595947265625 
4.954758167266846 
5.035556316375732 
4.923920154571533 
5.916430950164795 
5.703062534332275 
7.808402061462402 
5.020796298980713 
5.362500190734863 
5.138947486877441 
5.096835613250732 
5.186158657073975 
5.076892375946045 
5.040803909301758 
5.483739852905273 
5.184430122375488 
6.157211780548096 
5.0866217613220215 
5.832662582397461 
5.170421123504639 
5.007454872131348 
4.919464588165283 
5.0830841064453125 
5.44743537902832 
5.427516460418701 
5.38845157623291 
5.097815036773682 
4.900812149047852 
4.995956897735596 
5.082033634185791 
5.8275275230407715 
5.087991237640381 
5.752300262451172 
5.093989372253418 
5.6370768547058105 
5.919393062591553 
4.98324728012085 
5.081933975219727 
5.328441619873047 
4.986423969268799 
5.259117603302002 
5.0937418937683105 
5.058177471160889 
5.053398609161377 
5.036973476409912 
5.343266487121582 
5.984660625457764 
5.01670503616333 
4.9267096519470215 
4.963317394256592 
5.094791412353516 
5.1556077003479 
7.244800090789795 
5.532673358917236 
5.060781955718994 
5.0857954025268555 
5.091765880584717 
5.276684284210205 
5.158830165863037 
7.705353260040283 
5.0089287757873535 
5.044651508331299 
5.126091957092285 
4.986691474914551 
5.152759075164795 
5.122730731964111 
5.099109172821045 
5.097752571105957 
5.119774341583252 
5.003730773925781 
4.923245429992676 
5.0316667556762695 
5.0833563804626465 
5.027548313140869 
5.099964618682861 
5.093447208404541 
5.099457263946533 
5.122595310211182 
5.274231433868408 
5.01804780960083 
5.302032947540283 
5.220489978790283 
5.541656017303467 
8.003020286560059 
5.748924732208252 
5.040257930755615 
5.1066107749938965 
5.058535099029541 
4.942807197570801 
5.454427242279053 
5.093956470489502 
5.062398433685303 
5.102258682250977 
4.907285213470459 
5.1726603507995605 
4.974170684814453 
5.006536960601807 
5.040375232696533 
5.861415863037109 
5.186245441436768 
7.715612888336182 
5.071264266967773 
4.902310848236084 
6.918147087097168 
5.385351181030273 
4.893224239349365 
6.718420028686523 
5.230885028839111 
5.139108180999756 
6.0757551193237305 
5.025163173675537 
5.180555820465088 
5.030236721038818 
5.07646369934082 
4.993829727172852 
5.120237827301025 
5.12351131439209 
5.091789245605469 
4.889706134796143 
5.111114025115967 
5.060473918914795 
6.039419651031494 
7.956193923950195 
4.996966361999512 
5.257037162780762 
6.367913722991943 
5.118960857391357 
6.024719715118408 
5.075099468231201 
5.006977558135986 
4.940234661102295 
5.985528945922852 
5.028218746185303 
6.003331184387207 
5.032752990722656 
5.2071356773376465 
4.986202716827393 
5.002634048461914 
5.205139636993408 
5.765563488006592 
5.070077419281006 
5.141536235809326 
5.068696022033691 
5.027504920959473 
9.027608871459961 
4.9055962562561035 
5.106936931610107 
5.159036636352539 
7.518138408660889 
8.967842102050781 
5.114161968231201 
5.366688251495361 
4.911139965057373 
5.048674583435059 
5.026564598083496 
5.000354290008545 
4.979267597198486 
6.78472375869751 
6.891428470611572 
6.170252799987793 
5.0839924812316895 
5.161471843719482 
5.187925338745117 
5.145478248596191 
4.879291534423828 
5.5346479415893555 
5.997622013092041 
5.059625148773193 
4.941833972930908 
5.325624465942383 
5.40578556060791 
5.151498317718506 
5.166207790374756 
4.981677055358887 
4.946338176727295 
6.194880485534668 
5.0379533767700195 
7.668689727783203 
5.515799045562744 
5.115711688995361 
5.091110706329346 
5.04843807220459 
5.084928035736084 
5.02377462387085 
5.209871768951416 
5.274133682250977 
5.094893455505371 
4.8996901512146 
5.1421661376953125 
6.326767444610596 
5.065695285797119 
5.078776836395264 
5.000464916229248 
4.950685024261475 
5.172292709350586 
4.962121486663818 
5.313351154327393 
5.046960353851318 
5.523528575897217 
4.879761695861816 
5.313525676727295 
5.170753002166748 
5.943927764892578 
5.071826934814453 
6.573770046234131 
5.0965704917907715 
7.209432601928711 
5.214202404022217 
4.98738956451416 
6.53943395614624 
6.063217639923096 
4.985454082489014 
5.109694957733154 
5.035731792449951 
5.1196794509887695 
6.392695426940918 
5.082302570343018 
5.414883613586426 
5.317916393280029 
6.170288562774658 
5.089879035949707 
5.4342427253723145 
6.374671936035156 
5.153536319732666 
4.952110290527344 
5.1604323387146 
5.199117660522461 
5.221476078033447 
6.485066890716553 
5.04180383682251 
8.655233383178711 
5.506971836090088 
4.983663082122803 
5.037484645843506 
6.004622936248779 
5.025445461273193 
6.939598560333252 
5.076028347015381 
5.040027141571045 
4.967168807983398 
5.287502765655518 
7.291507244110107 
5.092710971832275 
5.729783535003662 
5.084073066711426 
5.076615810394287 
4.927597522735596 
5.20521354675293 
5.115808963775635 
5.12494421005249 
5.013062000274658 
5.339356899261475 
5.6170268058776855 
5.040823936462402 
4.898029804229736 
5.042998313903809 
5.260922908782959 
4.983840465545654 
5.050965309143066 
5.063941955566406 
5.309101581573486 
6.288262367248535 
5.0358405113220215 
6.176503658294678 
5.757012844085693 
5.086238861083984 
7.623411655426025 
5.099822044372559 
4.962213039398193 
5.004367351531982 
5.03787088394165 
4.988913059234619 
5.00380277633667 
7.327877521514893 
5.03012752532959 
5.2159833908081055 
5.1829514503479 
5.002822399139404 
4.894908428192139 
5.8085761070251465 
5.032287120819092 
5.333184242248535 
5.211277484893799 
5.062682628631592 
5.086113452911377 
5.099871635437012 
4.96235466003418 
5.151503086090088 
5.188580513000488 
4.941633701324463 
4.9968390464782715 
5.014383792877197 
5.023841857910156 
6.853184223175049 
6.515641212463379 
5.110143184661865 
5.013613224029541 
5.005919933319092 
5.140038013458252 
5.907013416290283 
5.18945837020874 
8.971124649047852 
6.61511754989624 
5.20582914352417 
5.042425632476807 
5.078733444213867 
6.715713977813721 
5.032198429107666 
5.124762535095215 
7.035341739654541 
7.558149337768555 
5.037133693695068 
5.884387493133545 
5.303041458129883 
5.050800800323486 
4.94166898727417 
4.874666213989258 
5.088426113128662 
4.973881244659424 
5.848179340362549 
4.987412452697754 
5.550333023071289 
5.1653151512146 
5.351039409637451 
6.846012592315674 
5.268345355987549 
6.357229232788086 
4.930680751800537 
4.971800804138184 
5.735229969024658 
9.473443984985352 
4.902149677276611 
4.940492153167725 
5.06165075302124 
5.086187839508057 
5.121909141540527 
5.129216194152832 
5.170908451080322 
6.228600025177002 
5.276675701141357 
5.0078043937683105 
6.268405437469482 
7.661571979522705 
7.091925144195557 
5.1748576164245605 
5.578220844268799 
4.967473030090332 
4.957433223724365 
5.000739097595215 
5.091955184936523 
6.017827987670898 
5.266890048980713 
4.999490737915039 
4.910490989685059 
4.991694927215576 
4.9817376136779785 
5.325941562652588 
5.183228969573975 
5.733408451080322 
5.008713245391846 
5.563563346862793 
5.1556549072265625 
8.245604515075684 
5.21821403503418 
5.074120044708252 
8.981034278869629 
6.496634006500244 
5.003139495849609 
6.095888614654541 
4.998361110687256 
4.985488414764404 
5.240453720092773 
5.023329734802246 
5.000515937805176 
4.96989107131958 
5.008033275604248 
5.358006000518799 
5.099944114685059 
5.156691551208496 
5.250699043273926 
5.290339469909668 
5.125509738922119 
5.2058234214782715 
4.999208927154541 
5.544899940490723 
5.135774612426758 
5.1166582107543945 
5.150121212005615 
7.277740955352783 
5.071141242980957 
4.9135050773620605 
5.176769733428955 
4.973898887634277 
5.075131416320801 
7.493758678436279 
5.021320819854736 
5.1731719970703125 
4.985239505767822 
5.859188079833984 
7.076491832733154 
5.030877590179443 
4.9998626708984375 
6.547987937927246 
4.954047679901123 
5.114485263824463 
5.435351848602295 
5.180858612060547 
5.102787494659424 
5.060261249542236 
5.062861919403076 
5.003233432769775 
5.092123031616211 
5.055525302886963 
7.540168762207031 
5.153846740722656 
5.0468268394470215 
4.93137788772583 
5.129318714141846 
5.131188869476318 
5.098606586456299 
5.058467388153076 
5.423590183258057 
5.121561527252197 
5.266496181488037 
7.258100509643555 
6.131629467010498 
4.858875751495361 
5.193502902984619 
5.391726970672607 
4.98449182510376 
5.0013628005981445 
5.010697841644287 
6.611032009124756 
4.907868385314941 
5.446443557739258 
4.954409122467041 
6.298327922821045 
6.8005051612854 
5.083232879638672 
5.049471378326416 
4.995560646057129 
5.0036821365356445 
6.666152477264404 
5.281635761260986 
5.335452556610107 
5.043929576873779 
5.083855152130127 
5.014963626861572 
5.15602445602417 
4.906020641326904 
5.12999153137207 
5.042949676513672 
8.342530250549316 
5.289071083068848 
5.044600009918213 
5.080737113952637 
5.347646713256836 
5.093188285827637 
6.237202167510986 
5.119016170501709 
4.902152061462402 
5.742367267608643 
5.127132892608643 
5.0161285400390625 
4.977921485900879 
5.084980010986328 
5.143951892852783 
4.947363376617432 
5.071107387542725 
5.6476006507873535 
6.282351016998291 
5.3279709815979 
7.576451778411865 
5.144160747528076 
6.376845836639404 
5.104694843292236 
5.106955051422119 
4.952130317687988 
6.42757511138916 
5.038883209228516 
5.266536712646484 
5.568557262420654 
6.007310390472412 
7.697732448577881 
5.144134044647217 
5.107224464416504 
4.908236980438232 
5.018579006195068 
5.026830673217773 
5.148523807525635 
5.7943501472473145 
5.090269088745117 
5.0304179191589355 
5.422688007354736 
5.02090311050415 
5.116329669952393 
5.0680623054504395 
5.834326267242432 
5.3960442543029785 
5.019275665283203 
5.225452899932861 
5.6998114585876465 
5.153458595275879 
5.148250102996826 
6.794334888458252 
5.621299743652344 
4.998779773712158 
4.9653143882751465 
5.038560390472412 
5.090446949005127 
5.525911808013916 
8.489562034606934 
5.119713306427002 
5.092714786529541 
5.066394329071045 
5.304893970489502 
5.088768482208252 
4.998683452606201 
5.074778079986572 
5.02565860748291 
8.630727767944336 
7.069788455963135 
5.0718770027160645 
5.173033714294434 
7.429127216339111 
4.893533706665039 
8.07822036743164 
5.153987407684326 
5.202923774719238 
4.99606466293335 
4.982983589172363 
6.600407600402832 
5.0492119789123535 
7.674510478973389 
5.025761127471924 
4.915338516235352 
7.276058197021484 
4.892021656036377 
6.13016939163208 
5.006484508514404 
5.182494640350342 
5.294291973114014 
5.11265230178833 
4.974288463592529 
5.083934783935547 
5.062668323516846 
5.879754543304443 
6.368529796600342 
6.44757080078125 
5.084014415740967 
5.110633373260498 
5.088099002838135 
5.418518543243408 
5.846647262573242 
5.024049282073975 
5.0872578620910645 
5.188549041748047 
4.954995632171631 
6.581234931945801 
5.01144552230835 
5.15162992477417 
4.991668224334717 
5.022902011871338 
5.6593828201293945 
5.128211498260498 
5.052155017852783 
5.133091926574707 
5.049896717071533 
5.677433490753174 
5.619940280914307 
5.228830814361572 
5.519638538360596 
5.525119781494141 
5.381821155548096 
4.899291515350342 
5.179545879364014 
5.2347283363342285 
5.148275852203369 
4.922792911529541 
5.217221736907959 
6.275940418243408 
5.067963123321533 
5.136922359466553 
6.069289684295654 
6.690618515014648 
5.062238693237305 
8.035263061523438 
5.119150638580322 
5.112624645233154 
4.869044780731201 
6.625932216644287 
4.935225963592529 
4.978140354156494 
4.961289882659912 
4.987740516662598 
5.119204521179199 
5.399649143218994 
5.466761112213135 
5.145802021026611 
4.923107624053955 
4.896688938140869 
4.9486613273620605 
5.020130634307861 
4.942455768585205 
5.328032493591309 
6.252125263214111 
5.327503681182861 
5.002840042114258 
6.593775749206543 
5.095352649688721 
6.8947248458862305 
4.80372428894043 
5.132972240447998 
4.946339130401611 
5.16969108581543 
5.518767833709717 
5.004868984222412 
4.999377727508545 
5.754805088043213 
4.8399577140808105 
5.242736339569092 
5.015486240386963 
4.999255657196045 
5.182114601135254 
7.840827465057373 
5.280755043029785 
6.657764911651611 
5.002542972564697 
5.465812683105469 
6.373574256896973 
5.319150924682617 
5.211884498596191 
5.048062801361084 
4.926987171173096 
4.986747741699219 
5.7683634757995605 
5.06381893157959 
5.1454758644104 
5.0226311683654785 
5.3196940422058105 
5.0874199867248535 
5.012237071990967 
4.974485874176025 
4.984187602996826 
4.887125492095947 
6.042842388153076 
5.071740627288818 
5.366626262664795 
5.180387020111084 
5.4151291847229 
5.516195297241211 
4.997541427612305 
5.149078845977783 
4.987450122833252 
4.975142002105713 
4.947939395904541 
5.024483680725098 
4.977805137634277 
7.113443851470947 
4.982199192047119 
5.571434497833252 
5.283386707305908 
4.986814975738525 
5.025936126708984 
5.19785737991333 
6.18406343460083 
6.2248053550720215 
6.479179859161377 
4.9143595695495605 
6.0893449783325195 
4.986800670623779 
5.352325916290283 
5.084536075592041 
9.344377517700195 
5.182864189147949 
5.077815532684326 
4.973947048187256 
5.393796443939209 
5.027242183685303 
5.774899959564209 
5.076648712158203 
4.9894232749938965 
5.654043674468994 
5.042445659637451 
5.014842510223389 
5.004836082458496 
5.083176612854004 
5.172392845153809 
5.001949787139893 
5.082229137420654 
6.360596656799316 
6.49557638168335 
4.94683313369751 
4.9482221603393555 
5.032464504241943 
5.886019229888916 
5.044326305389404 
4.931784152984619 
7.876433849334717 
5.341531276702881 
5.003890514373779 
5.020858287811279 
5.017951488494873 
7.134748935699463 
6.100137233734131 
6.39454984664917 
5.142502307891846 
5.065558433532715 
5.253542423248291 
4.783750534057617 
5.169772148132324 
7.063208103179932 
5.086897373199463 
4.965280055999756 
5.140766143798828 
4.9539055824279785 
5.151988506317139 
4.9775824546813965 
8.487630844116211 
5.13479471206665 
5.085071086883545 
4.910146236419678 
5.00845193862915 
4.9751152992248535 
5.018076419830322 
5.002115726470947 
5.313247203826904 
6.023777484893799 
6.498263359069824 
5.442714214324951 
5.00210428237915 
5.04172945022583 
5.587535858154297 
4.896186828613281 
4.951939105987549 
5.020287990570068 
5.136609077453613 
5.9613423347473145 
5.071660995483398 
5.286285877227783 
5.134267807006836 
4.9914469718933105 
6.34032678604126 
8.217710494995117 
5.038341522216797 
5.094569683074951 
5.087179660797119 
4.93232536315918 
5.298089504241943 
6.168504238128662 
4.981236934661865 
4.959707736968994 
5.035639762878418 
5.0318522453308105 
5.024906158447266 
5.1248273849487305 
5.061418056488037 
5.034840106964111 
5.0007524490356445 
5.70958948135376 
6.4662699699401855 
5.1115641593933105 
5.005176067352295 
5.017318248748779 
5.168309688568115 
7.18916130065918 
5.103935241699219 
5.1193766593933105 
6.526416778564453 
5.034152507781982 
5.025586128234863 
6.155465602874756 
5.329047679901123 
6.605102062225342 
5.547746181488037 
5.0623884201049805 
5.19809103012085 
5.120077610015869 
5.0680108070373535 
4.944490909576416 
5.028831958770752 
5.676914691925049 
8.106765747070312 
5.1537909507751465 
5.089695453643799 
5.130542278289795 
5.245054244995117 
5.221949577331543 
5.08690071105957 
5.118401050567627 
5.336833953857422 
5.11983060836792 
5.000628471374512 
5.189309597015381 
5.041666507720947 
5.073435306549072 
5.06740140914917 
5.289966106414795 
5.3567728996276855 
4.883643627166748 
5.404758453369141 
4.961695194244385 
5.226690769195557 
5.297179698944092 
5.0559515953063965 
7.284707546234131 
5.154831409454346 
4.865720272064209 
5.4310784339904785 
5.060766696929932 
5.267941951751709 
5.013270854949951 
5.234516143798828 
5.025343894958496 
6.048165798187256 
5.101469039916992 
5.077695369720459 
5.088583946228027 
5.064982891082764 
5.299374580383301 
8.168603897094727 
5.5087175369262695 
5.169190883636475 
5.1437811851501465 
5.005550861358643 
5.054330348968506 
5.404519557952881 
4.951523780822754 
4.917164325714111 
6.156301975250244 
5.046914100646973 
5.444566249847412 
8.438535690307617 
5.1823530197143555 
4.820877552032471 
5.048814296722412 
6.786988735198975 
7.136679649353027 
6.080244541168213 
5.020910739898682 
5.056247234344482 
4.995303630828857 
6.426705360412598 
4.882485866546631 
6.671431541442871 
5.191962242126465 
5.315973281860352 
5.017991542816162 
5.059774398803711 
5.0540008544921875 
5.020776271820068 
5.029623031616211 
5.839614391326904 
5.093855381011963 
6.2386298179626465 
5.167214870452881 
5.0870256423950195 
5.17506742477417 
5.471946716308594 
5.104212284088135 
5.6256794929504395 
5.955214500427246 
5.249161243438721 
5.134817600250244 
5.0608439445495605 
4.983817100524902 
5.12101411819458 
6.607019901275635 
5.0675764083862305 
4.839366912841797 
9.11326789855957 
5.038289546966553 
5.02196741104126 
7.689280986785889 
7.593061923980713 
5.526159286499023 
5.841391086578369 
4.882138729095459 
5.101199626922607 
5.0249457359313965 
4.933898448944092 
5.1139750480651855 
5.126632213592529 
5.450089931488037 
5.574833393096924 
5.073634624481201 
7.196366786956787 
5.1161980628967285 
8.22868537902832 
5.082437515258789 
5.034631252288818 
4.939114093780518 
5.107529163360596 
6.338746070861816 
5.076333522796631 
7.615024089813232 
5.344144821166992 
5.4247331619262695 
5.197396278381348 
4.953985214233398 
5.400028705596924 
4.9331278800964355 
4.997969627380371 
5.145967960357666 
4.9885478019714355 
5.016031265258789 
5.054846286773682 
6.2185959815979 
4.963294506072998 
5.023004055023193 
5.3847432136535645 
5.032429218292236 
5.815129280090332 
5.196113109588623 
5.089735507965088 
5.388007640838623 
5.136238098144531 
7.72326135635376 
5.403317928314209 
6.437284469604492 
5.063737392425537 
5.025521755218506 
5.0620341300964355 
5.005115509033203 
5.112176418304443 
5.042555332183838 
5.874644756317139 
5.861220836639404 
5.145631790161133 
5.040724277496338 
5.020593643188477 
6.773875713348389 
4.9941182136535645 
5.038440704345703 
5.1435465812683105 
5.011102676391602 
5.086618423461914 
6.548088550567627 
4.8734965324401855 
7.477536201477051 
6.57372522354126 
4.979304790496826 
5.0196404457092285 
5.087795257568359 
5.1222004890441895 
5.078514099121094 
5.280052185058594 
5.071371555328369 
4.9776105880737305 
5.97788667678833 
5.1283345222473145 
5.084710121154785 
5.045536518096924 
7.200263977050781 
4.960445404052734 
5.100955009460449 
5.010549068450928 
5.095215320587158 
5.329864978790283 
5.2198615074157715 
5.092759609222412 
8.572688102722168 
6.313584804534912 
6.117868900299072 
6.044707775115967 
5.175918102264404 
4.9629950523376465 
5.528380870819092 
5.014087200164795 
6.053872585296631 
5.015194892883301 
5.045301914215088 
5.145827770233154 
6.133242130279541 
5.071401596069336 
8.12687873840332 
5.055898666381836 
5.228509426116943 
5.101059436798096 
5.045555591583252 
5.068766117095947 
5.097275257110596 
5.012819766998291 
5.041767597198486 
5.044139385223389 
5.004237651824951 
5.324576377868652 
4.935070991516113 
6.913699626922607 
5.244387626647949 
5.624823093414307 
6.0500006675720215 
6.711008548736572 
4.994720458984375 
4.992337703704834 
5.116574287414551 
4.896705150604248 
5.077020645141602 
5.471585750579834 
4.94303560256958 
5.167993068695068 
5.116784572601318 
5.00469446182251 
5.010134220123291 
4.9841766357421875 
7.794425964355469 
5.107498645782471 
5.370052337646484 
4.9875617027282715 
6.6858134269714355 
5.385143756866455 
6.864339828491211 
6.9501166343688965 
5.035116195678711 
5.064067363739014 
5.46305513381958 
6.147061347961426 
5.470596790313721 
5.148808002471924 
6.230123043060303 
4.9414191246032715 
5.682240009307861 
6.196704387664795 
6.0006914138793945 
5.02190637588501 
4.943752765655518 
4.943272113800049 
5.170722007751465 
4.9418253898620605 
5.111693859100342 
5.129848003387451 
4.828744411468506 
5.1069416999816895 
4.999179840087891 
5.1857709884643555 
5.076840877532959 
5.049121379852295 
5.4770588874816895 
7.1359429359436035 
4.976554870605469 
6.071169376373291 
5.311833381652832 
5.001943111419678 
5.348094463348389 
4.966434001922607 
5.157350063323975 
5.433972358703613 
6.843421936035156 
5.169217586517334 
5.250473976135254 
5.146090030670166 
5.329893589019775 
5.205960750579834 
4.965979099273682 
8.164257049560547 
5.172353744506836 
4.993394374847412 
5.177812099456787 
7.486502170562744 
7.983264923095703 
5.55747652053833 
5.03489875793457 
5.123341083526611 
7.444791316986084 
5.725039005279541 
4.832877159118652 
5.11749792098999 
4.956243515014648 
5.234361171722412 
5.062933444976807 
5.3195271492004395 
5.263898849487305 
5.087214946746826 
5.046097278594971 
5.287342071533203 
6.441941738128662 
5.910804271697998 
5.778778553009033 
7.899752616882324 
6.560346603393555 
4.9750447273254395 
5.047999858856201 
5.602535247802734 
5.014310359954834 
4.9764180183410645 
5.2687811851501465 
5.157580852508545 
5.14674711227417 
5.029644012451172 
5.037290096282959 
5.168831825256348 
5.406962871551514 
5.031768321990967 
8.027456283569336 
5.510324001312256 
5.705265522003174 
4.948781490325928 
6.078568935394287 
5.08151388168335 
7.532989978790283 
5.0802788734436035 
5.104391098022461 
4.914507865905762 
4.927262783050537 
5.658746242523193 
5.543163776397705 
5.026888370513916 
5.130031108856201 
7.328100204467773 
5.375936031341553 
5.170557498931885 
6.689713478088379 
5.339412212371826 
5.212588787078857 
4.929103851318359 
6.541954517364502 
5.6333537101745605 
5.016048908233643 
5.095361709594727 
7.2245917320251465 
5.243707180023193 
4.958398342132568 
5.106445789337158 
4.886438846588135 
5.179062366485596 
5.119450092315674 
5.024371147155762 
5.268566608428955 
6.981246471405029 
5.048203945159912 
5.032950401306152 
5.097078800201416 
5.027730464935303 
6.103946685791016 
5.22452974319458 
5.135220527648926 
4.93759298324585 
6.083381652832031 
4.8961310386657715 
5.156932830810547 
5.014744758605957 
5.06177282333374 
5.107665538787842 
5.388671875 
7.8890252113342285 
4.942940711975098 
5.061153888702393 
5.057668209075928 
4.95411491394043 
5.176446437835693 
5.431307315826416 
4.966818332672119 
4.9587602615356445 
5.117717266082764 
5.01232385635376 
5.058159351348877 
5.7213263511657715 
5.290256023406982 
5.110731601715088 
5.8759565353393555 
5.397191524505615 
5.072503089904785 
5.021308898925781 
4.954794883728027 
5.034641742706299 
5.297570705413818 
5.663911819458008 
5.081698417663574 
5.0073933601379395 
5.112686634063721 
5.039470195770264 
6.951408386230469 
4.953824520111084 
5.651853084564209 
5.785530090332031 
4.963797092437744 
4.946437358856201 
4.975809574127197 
5.096624851226807 
8.053956985473633 
5.508416652679443 
5.030463695526123 
4.9361443519592285 
5.834867000579834 
8.39752197265625 
4.907129764556885 
4.988326549530029 
8.80059814453125 
5.033951759338379 
4.9919610023498535 
5.395279884338379 
5.02714729309082 
4.996495246887207 
4.995310306549072 
5.2137908935546875 
8.063998222351074 
5.047108173370361 
5.276912212371826 
5.196872234344482 
5.3443379402160645 
6.22980260848999 
5.363837718963623 
5.111654281616211 
7.126636981964111 
5.383068084716797 
9.330583572387695 
8.210124969482422 
5.205455780029297 
5.137869358062744 
5.063404083251953 
4.876150608062744 
5.156279563903809 
6.035297870635986 
5.385131359100342 
5.025849342346191 
5.168084144592285 
5.1331987380981445 
6.083008766174316 
6.0416460037231445 
5.0623040199279785 
5.285608768463135 
4.900655269622803 
5.024437427520752 
5.046431064605713 
5.501908302307129 
7.904592514038086 
5.101314067840576 
5.073345184326172 
5.144878387451172 
5.073309421539307 
5.912608623504639 
5.226883411407471 
7.51012659072876 
5.088504314422607 
7.779068470001221 
5.053289413452148 
5.001537799835205 
5.357501029968262 
5.032415866851807 
5.044293403625488 
5.200884819030762 
5.017127990722656 
5.420787334442139 
4.963752269744873 
7.173099517822266 
7.9419379234313965 
6.66074800491333 
5.130119323730469 
6.403065204620361 
5.153619289398193 
5.285191535949707 
7.720096111297607 
5.1342902183532715 
4.983473777770996 
4.957010269165039 
6.392749309539795 
5.063421726226807 
5.264225482940674 
5.309974193572998 
5.069564342498779 
5.082156181335449 
5.047235012054443 
4.9978108406066895 
4.970008373260498 
4.946680545806885 
5.027316570281982 
5.196779251098633 
5.089272499084473 
5.204661846160889 
5.668992042541504 
6.494353771209717 
5.248257160186768 
5.160276889801025 
5.185221195220947 
5.10798978805542 
5.380157947540283 
5.035246849060059 
5.541341304779053 
5.131726264953613 
5.0609354972839355 
5.284426212310791 
5.31333589553833 
5.141818046569824 
5.142687797546387 
5.069509983062744 
4.988872051239014 
6.6165690422058105 
5.105699062347412 
5.127768039703369 
5.1429033279418945 
5.0868306159973145 
5.009677410125732 
5.088473796844482 
5.1477789878845215 
5.288511753082275 
4.938480854034424 
5.194656848907471 
4.924810886383057 
5.60553503036499 
5.149519920349121 
5.668529033660889 
5.139867305755615 
6.583150386810303 
5.3419508934021 
6.4551472663879395 
4.94074010848999 
5.252604007720947 
5.045724868774414 
5.104150295257568 
4.975038051605225 
6.545376300811768 
5.039546489715576 
5.15978479385376 
4.994187831878662 
4.923582077026367 
5.036895275115967 
5.039846897125244 
5.176971912384033 
5.4767584800720215 
5.009939670562744 
5.460909366607666 
5.285462856292725 
4.979666709899902 
5.169981479644775 
5.1476969718933105 
5.031398296356201 
4.869641304016113 
5.079446792602539 
5.157081127166748 
4.942948818206787 
5.098522186279297 
5.063218116760254 
5.032927989959717 
5.161880016326904 
5.012225151062012 
6.2409796714782715 
4.974466800689697 
4.948306083679199 
4.979824542999268 
5.067784309387207 
4.975663661956787 
5.3139519691467285 
5.098379611968994 
8.825804710388184 
4.9617719650268555 
5.003272533416748 
4.84724760055542 
5.025875568389893 
6.0367207527160645 
5.216294288635254 
5.205761432647705 
4.966972827911377 
5.045401573181152 
5.439838886260986 
4.9701008796691895 
5.044544219970703 
8.846681594848633 
4.9211506843566895 
5.140495300292969 
5.5428900718688965 
5.086154460906982 
5.03535270690918 
5.3415374755859375 
6.58001708984375 
4.9355950355529785 
5.04146671295166 
5.0291924476623535 
5.150585651397705 
5.061327934265137 
4.988373279571533 
5.13476037979126 
5.702314853668213 
5.207963466644287 
5.597327709197998 
5.345869541168213 
5.358485698699951 
5.478668212890625 
5.1312761306762695 
5.070952892303467 
5.062110900878906 
5.065231800079346 
5.167726993560791 
5.16850471496582 
8.936105728149414 
5.639624118804932 
5.240228176116943 
5.09537410736084 
5.1874871253967285 
5.371431350708008 
4.9262518882751465 
4.918760776519775 
5.0674543380737305 
4.887119293212891 
5.015744209289551 
5.102191925048828 
5.144862174987793 
6.841789722442627 
5.033224582672119 
5.226894855499268 
5.0767645835876465 
5.565694332122803 
4.908427715301514 
6.186563968658447 
4.947601795196533 
5.830275058746338 
5.365250110626221 
7.789434432983398 
5.002061367034912 
5.101067066192627 
5.029037952423096 
5.1905083656311035 
4.883577823638916 
5.200029373168945 
5.543663024902344 
5.125511646270752 
4.820800304412842 
6.434074878692627 
5.023513317108154 
5.02976131439209 
5.222290515899658 
5.129310131072998 
5.254166603088379 
5.363653659820557 
5.180656433105469 
5.739960193634033 
7.320484638214111 
5.045444965362549 
5.066276550292969 
5.03669548034668 
5.006131172180176 
4.919061183929443 
5.170260906219482 
5.070555686950684 
5.296303749084473 
5.060513019561768 
5.044668674468994 
6.6312408447265625 
5.068482875823975 
5.052556991577148 
4.965151309967041 
6.08463716506958 
5.1124138832092285 
6.001540660858154 
6.287425994873047 
5.026455879211426 
4.889075756072998 
5.766667366027832 
5.806585788726807 
6.636501789093018 
9.024704933166504 
5.077210903167725 
5.264346599578857 
4.831633567810059 
5.162219047546387 
5.318727970123291 
4.991451263427734 
5.264135360717773 
5.220761775970459 
5.106247425079346 
4.986385822296143 
4.941618919372559 
6.027449131011963 
4.972318172454834 
5.196388244628906 
5.172521114349365 
5.035948276519775 
4.85136079788208 
6.481060981750488 
5.21132230758667 
5.027261257171631 
5.555521488189697 
5.345024585723877 
5.685144424438477 
6.7111382484436035 
5.010402202606201 
5.0014119148254395 
6.904049396514893 
5.034321308135986 
5.223837375640869 
5.300428867340088 
5.066782474517822 
6.042273998260498 
5.6998677253723145 
5.583395481109619 
4.991136074066162 
6.286409854888916 
5.798367977142334 
4.94924783706665 
5.100947856903076 
4.944209098815918 
5.147349834442139 
5.3336005210876465 
7.100979328155518 
5.372010707855225 
5.208988666534424 
5.179790019989014 
5.176851749420166 
5.034975528717041 
5.028027057647705 
5.010365962982178 
6.902734279632568 
5.025723934173584 
5.132503509521484 
5.5972442626953125 
5.089601993560791 
5.0195536613464355 
5.447068691253662 
4.931124210357666 
5.637462139129639 
6.927052021026611 
5.037498950958252 
5.024997234344482 
4.986017227172852 
5.083983898162842 
4.99933385848999 
4.894947528839111 
5.430213451385498 
5.61699104309082 
4.954472541809082 
6.308542728424072 
5.172937870025635 
5.077909469604492 
4.743002891540527 
5.4863762855529785 
5.14345645904541 
5.079025745391846 
5.587806224822998 
5.119349002838135 
5.518775463104248 
5.026503086090088 
5.064833164215088 
4.913182735443115 
7.514415740966797 
5.117344379425049 
5.134149074554443 
5.290396213531494 
5.330212116241455 
4.85062837600708 
8.784845352172852 
5.041706085205078 
5.4852423667907715 
8.581509590148926 
5.997143268585205 
5.943028926849365 
4.879746913909912 
5.257442951202393 
5.169638156890869 
5.1501946449279785 
5.17368221282959 
4.989053726196289 
5.188004970550537 
6.125922203063965 
7.250881671905518 
5.0371880531311035 
5.100996494293213 
4.956994533538818 
5.429994106292725 
4.932213306427002 
5.008828163146973 
5.161140441894531 
5.010140419006348 
6.647933006286621 
4.9520583152771 
5.0384955406188965 
5.058877468109131 
4.904727458953857 
5.410196781158447 
5.143809795379639 
5.048715114593506 
5.115767002105713 
4.913100719451904 
5.070472717285156 
5.837810039520264 
7.21169900894165 
4.993427276611328 
5.146826267242432 
5.057852745056152 
5.122959613800049 
5.179161548614502 
5.134199619293213 
5.128214359283447 
6.6038737297058105 
4.947990894317627 
8.485464096069336 
5.510439872741699 
5.229788780212402 
5.435337543487549 
5.020407676696777 
4.989786624908447 
5.028219699859619 
5.118832588195801 
5.039252281188965 
6.172700881958008 
5.067223072052002 
5.077337741851807 
5.078910827636719 
7.3586812019348145 
5.818979740142822 
5.028961658477783 
5.138383388519287 
7.376333713531494 
5.3742356300354 
6.084995746612549 
6.696808338165283 
7.483723163604736 
5.084786891937256 
5.550483703613281 
4.90737771987915 
4.993541240692139 
5.110738277435303 
5.676599025726318 
5.180144309997559 
6.722330093383789 
4.998550891876221 
5.646893501281738 
5.231011390686035 
5.640586853027344 
5.347613334655762 
7.024231433868408 
5.017855167388916 
5.031671047210693 
5.076746940612793 
5.022749900817871 
5.048393249511719 
4.940396785736084 
5.507449626922607 
6.836598873138428 
5.033443927764893 
5.1993088722229 
5.2888360023498535 
4.9807820320129395 
5.109958648681641 
5.165945529937744 
5.032752513885498 
5.346631050109863 
7.057523250579834 
5.09073543548584 
5.0164361000061035 
5.13154411315918 
5.180734634399414 
5.51292085647583 
4.992248058319092 
5.775612831115723 
7.326751232147217 
5.210207939147949 
7.247766017913818 
5.080928325653076 
5.170748233795166 
4.9969868659973145 
5.87588357925415 
4.9608073234558105 
5.290380954742432 
5.870645999908447 
5.1416335105896 
5.201566219329834 
5.003163814544678 
6.833230495452881 
5.0569539070129395 
5.183365345001221 
5.032095432281494 
7.210813045501709 
5.4799580574035645 
7.229830265045166 
5.026510715484619 
5.382863521575928 
5.163094520568848 
5.317905902862549 
6.513739109039307 
5.485743999481201 
5.1629157066345215 
5.156138896942139 
4.961241245269775 
6.381400108337402 
5.120858669281006 
5.112155437469482 
4.959994792938232 
4.853246212005615 
5.304623126983643 
5.160965442657471 
6.624765396118164 
5.461517810821533 
4.877492427825928 
4.95738410949707 
4.986934185028076 
5.220615863800049 
5.387482166290283 
4.963048458099365 
4.960575580596924 
5.089759349822998 
4.998737812042236 
4.779143810272217 
6.881934642791748 
5.370239734649658 
5.001960277557373 
4.982463836669922 
5.519822120666504 
7.18620491027832 
5.361891269683838 
5.025238513946533 
5.045721530914307 
5.7136101722717285 
5.0380425453186035 
4.997495651245117 
5.248028755187988 
4.95651912689209 
5.0053887367248535 
5.007100582122803 
4.889930248260498 
7.882186412811279 
5.066199779510498 
5.052832126617432 
5.070374965667725 
5.40128755569458 
5.856570243835449 
4.89357328414917 
6.132392406463623 
5.0502028465271 
7.60889196395874 
4.987740993499756 
5.211103916168213 
5.161770343780518 
6.527161121368408 
5.081287384033203 
5.02008581161499 
5.173368453979492 
5.12180757522583 
5.14513635635376 
4.939175128936768 
5.153001308441162 
5.992395877838135 
5.396623134613037 
5.1852850914001465 
6.270055294036865 
5.0282111167907715 
5.3447585105896 
5.0331196784973145 
6.135383605957031 
5.192753314971924 
4.994324207305908 
5.050854206085205 
5.145243167877197 
5.026368618011475 
5.027891635894775 
5.0433430671691895 
5.163700103759766 
6.64857816696167 
5.146151065826416 
6.689148426055908 
5.57819128036499 
5.084454536437988 
5.000145435333252 
5.089262962341309 
5.100158214569092 
6.4889349937438965 
5.093356132507324 
6.4894938468933105 
5.004868507385254 
5.519840717315674 
4.9614691734313965 
5.04801607131958 
5.361669063568115 
4.9675469398498535 
8.077875137329102 
4.9679741859436035 
5.421594142913818 
5.089226722717285 
4.995608806610107 
5.0602288246154785 
5.190677642822266 
4.97993803024292 
5.005488872528076 
5.035904884338379 
5.070653915405273 
5.067464351654053 
5.920288562774658 
6.327112674713135 
4.9790425300598145 
5.070969104766846 
5.443803310394287 
6.663372993469238 
6.792403697967529 
4.914029598236084 
5.003788471221924 
5.060265064239502 
5.092123031616211 
4.9637627601623535 
4.856072902679443 
5.013790607452393 
5.109320163726807 
5.381089687347412 
5.257706642150879 
6.350569248199463 
5.004669666290283 
5.025970935821533 
5.801204204559326 
5.044738292694092 
5.15481424331665 
6.925448417663574 
5.061682224273682 
5.221107006072998 
5.032689094543457 
4.977325916290283 
4.990187644958496 
5.023923873901367 
5.408475399017334 
4.908714771270752 
5.0388569831848145 
5.200085163116455 
5.095444202423096 
5.26206636428833 
5.171905517578125 
5.418593883514404 
5.048069953918457 
5.028155326843262 
6.1072916984558105 
4.973351001739502 
5.049569129943848 
6.176548480987549 
5.867056369781494 
5.105395793914795 
7.133546352386475 
5.73595666885376 
5.055135250091553 
5.016931056976318 
5.125783443450928 
5.966930389404297 
5.082674503326416 
7.355301380157471 
5.390881061553955 
4.879211902618408 
4.960530757904053 
5.367623329162598 
8.943144798278809 
6.336971282958984 
7.2185959815979 
4.856960296630859 
4.989689826965332 
5.136452674865723 
4.975574016571045 
8.875166893005371 
5.1895880699157715 
5.041556358337402 
5.425350666046143 
7.63515567779541 
4.94125509262085 
4.985109329223633 
5.49212121963501 
5.08358907699585 
5.996931552886963 
5.446687698364258 
4.985605239868164 
5.030702590942383 
5.079460144042969 
4.888050556182861 
6.131839275360107 
5.018306255340576 
4.975091934204102 
5.060081958770752 
5.150062084197998 
4.995731830596924 
5.150923252105713 
4.985504627227783 
5.081027507781982 
5.698281764984131 
6.89080286026001 
5.640537738800049 
5.00208044052124 
4.978158473968506 
5.03069543838501 
5.2776198387146 
5.0894293785095215 
5.2573771476745605 
5.169886112213135 
5.176274299621582 
5.054815769195557 
7.073458194732666 
5.3234992027282715 
5.042844295501709 
5.527429580688477 
5.033057689666748 
5.051115036010742 
5.348146915435791 
5.1732401847839355 
5.018482685089111 
5.060141086578369 
4.917936325073242 
5.339813709259033 
5.810187816619873 
5.004218578338623 
7.75255823135376 
5.042760372161865 
4.986697673797607 
5.083606243133545 
5.08809757232666 
5.025440692901611 
4.940946102142334 
5.01431131362915 
5.020740032196045 
5.756605625152588 
7.047243595123291 
4.961749076843262 
4.985345363616943 
4.911738872528076 
5.357985019683838 
5.445784091949463 
5.045774936676025 
4.998348712921143 
5.05336332321167 
5.034638404846191 
5.042311191558838 
5.172489166259766 
5.110915184020996 
5.206634998321533 
5.089439868927002 
5.2143778800964355 
5.153562068939209 
5.135547161102295 
5.324380874633789 
5.185954570770264 
5.097282886505127 
5.002346992492676 
5.117817401885986 
5.066736221313477 
5.938509464263916 
5.583498477935791 
5.013888835906982 
5.079140663146973 
5.039303779602051 
7.8491950035095215 
5.114070892333984 
5.085987567901611 
5.21340799331665 
5.6935811042785645 
6.017506122589111 
5.815558910369873 
5.079711437225342 
4.984595775604248 
5.044413089752197 
4.983740329742432 
6.2218780517578125 
5.051875591278076 
5.707352638244629 
5.0256476402282715 
5.309067249298096 
5.1571736335754395 
5.659250736236572 
5.08616304397583 
5.839300632476807 
7.463649749755859 
5.449273109436035 
8.216692924499512 
5.0191779136657715 
4.997829437255859 
5.230348110198975 
5.222790241241455 
4.958741664886475 
5.396120548248291 
5.0768609046936035 
5.448004245758057 
5.140289783477783 
5.020837306976318 
5.0308451652526855 
5.738840579986572 
4.923756122589111 
6.340651512145996 
5.2391037940979 
5.037018775939941 
4.9685893058776855 
5.191952228546143 
5.758448123931885 
5.1546406745910645 
8.484485626220703 
5.057901859283447 
5.552525043487549 
4.95078182220459 
5.050755500793457 
5.086280345916748 
5.192294597625732 
5.927694320678711 
4.970631122589111 
5.02795934677124 
4.995213508605957 
4.863040447235107 
5.107377052307129 
4.99428129196167 
5.247954845428467 
7.264797687530518 
5.309221267700195 
5.0359206199646 
5.097986698150635 
4.988284587860107 
4.878777980804443 
5.03277587890625 
5.059463977813721 
6.346704006195068 
5.145697116851807 
4.989370822906494 
5.172042369842529 
6.635159492492676 
5.009809970855713 
5.138747215270996 
5.0541887283325195 
4.917921543121338 
5.074032783508301 
4.825100898742676 
6.5953826904296875 
5.071643352508545 
5.038031101226807 
4.899856090545654 
7.887819290161133 
5.420691013336182 
4.952443599700928 
5.0336174964904785 
5.097844123840332 
5.048007965087891 
4.96421480178833 
5.0934529304504395 
5.0179572105407715 
4.915205478668213 
8.345447540283203 
4.981095790863037 
5.215260028839111 
5.068734645843506 
4.958715438842773 
5.452327251434326 
5.143733024597168 
5.7083964347839355 
5.651747226715088 
4.999316692352295 
5.005783557891846 
5.238775253295898 
5.069603443145752 
5.091460704803467 
5.356664180755615 
5.084359645843506 
5.757350444793701 
5.348824977874756 
5.377231121063232 
7.832785606384277 
5.975063323974609 
9.64664077758789 
4.994682788848877 
5.026947975158691 
5.666442394256592 
5.041736602783203 
5.197519779205322 
5.592623233795166 
4.936553955078125 
5.919240474700928 
5.908933162689209 
5.225790023803711 
5.030228137969971 
4.888465404510498 
4.966190814971924 
7.440913677215576 
5.045485973358154 
4.974026203155518 
5.050910472869873 
7.025460720062256 
5.000438213348389 
4.934930324554443 
5.962953567504883 
5.196115970611572 
5.396427631378174 
5.316047191619873 
6.623138904571533 
4.935081958770752 
5.011868953704834 
5.189094066619873 
4.98683500289917 
4.991153240203857 
5.118436813354492 
5.053499698638916 
5.067101001739502 
5.284918308258057 
5.033482074737549 
5.478450298309326 
4.918382167816162 
4.883093357086182 
5.559340000152588 
6.645007610321045 
4.867489337921143 
6.539922714233398 
5.223902225494385 
5.730743885040283 
5.102494716644287 
5.107853412628174 
4.9328532218933105 
5.404839038848877 
5.7849931716918945 
5.082132816314697 
5.519343852996826 
5.845319747924805 
5.314823150634766 
5.142625331878662 
4.977659225463867 
4.968392848968506 
5.250831127166748 
5.8263325691223145 
5.064961910247803 
4.94354248046875 
5.027975559234619 
6.9099650382995605 
5.169357776641846 
5.088160037994385 
5.950255870819092 
5.03142786026001 
5.0725579261779785 
5.107975006103516 
5.047614574432373 
5.665147304534912 
4.961253643035889 
5.041850566864014 
4.935425281524658 
5.0792155265808105 
5.319586277008057 
5.052021026611328 
5.1778178215026855 
7.990532398223877 
6.514859676361084 
5.035971164703369 
4.995755672454834 
6.26584529876709 
5.166806697845459 
5.780763626098633 
5.211171627044678 
5.087589263916016 
5.263529300689697 
4.9449286460876465 
4.973906517028809 
8.858115196228027 
6.8879780769348145 
5.124571323394775 
7.768792629241943 
5.1470184326171875 
6.511163234710693 
6.582590579986572 
5.035975933074951 
5.525775909423828 
5.075214862823486 
7.942521572113037 
4.945748805999756 
5.026627063751221 
5.157888889312744 
5.003916263580322 
8.28445053100586 
7.602275371551514 
8.359193801879883 
5.023746967315674 
4.999748229980469 
4.970853328704834 
5.120778560638428 
5.020448207855225 
4.9810075759887695 
4.99393892288208 
5.061147212982178 
5.172542095184326 
5.019161701202393 
6.91582727432251 
6.481086730957031 
5.158431529998779 
4.997421741485596 
4.917318820953369 
5.184428691864014 
5.598323822021484 
6.3477864265441895 
5.484730243682861 
5.070659160614014 
4.96476936340332 
6.437230110168457 
6.959274768829346 
5.127213478088379 
5.151148319244385 
5.0553412437438965 
4.994821548461914 
5.10751485824585 
6.704979419708252 
5.82594633102417 
5.276724338531494 
4.900732040405273 
7.6819634437561035 
4.987584590911865 
5.12741756439209 
7.886166095733643 
5.610412120819092 
5.059321403503418 
4.9425835609436035 
5.2966694831848145 
5.504979133605957 
5.016284465789795 
5.194067478179932 
5.008770942687988 
5.040192127227783 
7.004370212554932 
5.071970462799072 
4.923737049102783 
5.273845195770264 
5.051249980926514 
5.1466898918151855 
5.213380336761475 
6.003181457519531 
6.521738529205322 
4.939434051513672 
5.063923358917236 
4.989190578460693 
5.098863124847412 
5.108617305755615 
5.144667148590088 
6.08445930480957 
5.2054667472839355 
5.06497859954834 
5.0839924812316895 
7.845864772796631 
5.333855628967285 
5.115479946136475 
4.978328227996826 
6.6940484046936035 
4.819072246551514 
5.004080295562744 
5.20630407333374 
5.136351108551025 
4.989252090454102 
5.093553066253662 
5.169765949249268 
5.086798191070557 
5.082918167114258 
6.976150035858154 
5.642481327056885 
5.0919575691223145 
5.018299579620361 
4.89936637878418 
6.17441987991333 
6.046262264251709 
4.9065070152282715 
5.231380939483643 
6.7115960121154785 
5.023059368133545 
7.178199291229248 
4.9726786613464355 
4.932383060455322 
5.798856735229492 
5.0150933265686035 
5.056819915771484 
5.033909797668457 
6.608646869659424 
5.306118011474609 
6.400857448577881 
6.153273105621338 
6.0233154296875 
9.504773139953613 
4.941517353057861 
5.062332630157471 
4.931187152862549 
5.376301288604736 
6.363170146942139 
5.414735794067383 
5.059918403625488 
5.196569919586182 
9.042176246643066 
5.849578380584717 
5.024804592132568 
4.845860958099365 
5.171811580657959 
7.818447589874268 
5.493367671966553 
5.102822303771973 
5.007384777069092 
5.110859394073486 
5.061172962188721 
5.0419535636901855 
5.538989543914795 
5.085970878601074 
5.35324239730835 
5.140919208526611 
5.040902614593506 
5.170322418212891 
5.099308967590332 
5.119475841522217 
5.155611991882324 
7.205794811248779 
7.71010160446167 
5.154348373413086 
5.104857921600342 
5.10401725769043 
5.458100318908691 
4.905806064605713 
5.114243030548096 
5.803825855255127 
5.001582622528076 
5.321348190307617 
5.185670375823975 
8.984405517578125 
4.934974670410156 
4.964141368865967 
5.378889083862305 
5.063927173614502 
4.908111572265625 
5.1790547370910645 
5.1720051765441895 
4.981806755065918 
6.835280895233154 
5.146188259124756 
6.404564380645752 
5.327207088470459 
5.388242244720459 
4.973824977874756 
7.677701473236084 
5.876875400543213 
4.904628276824951 
4.954906940460205 
4.921144962310791 
5.062654972076416 
5.089864253997803 
4.965244293212891 
5.099014759063721 
5.107339382171631 
5.12273645401001 
5.327483177185059 
5.294849872589111 
5.0641045570373535 
4.9730544090271 
5.4440107345581055 
5.01843786239624 
5.529880523681641 
4.97750997543335 
6.441585063934326 
5.052757740020752 
4.952794551849365 
5.059193134307861 
7.915720462799072 
6.116915225982666 
5.154971599578857 
5.256718158721924 
4.911105632781982 
6.643007278442383 
4.9871745109558105 
5.546549320220947 
5.023128986358643 
8.552349090576172 
4.927431583404541 
5.00863790512085 
4.985219955444336 
5.040036201477051 
5.095920085906982 
4.94835901260376 
7.171809673309326 
5.106305122375488 
5.004903793334961 
5.943915843963623 
5.0833210945129395 
4.979335308074951 
4.974071979522705 
5.051482677459717 
5.042435169219971 
5.135308265686035 
7.217492580413818 
8.13895320892334 
4.895324230194092 
5.081310749053955 
5.839929103851318 
6.3118414878845215 
5.0791015625 
5.0465826988220215 
5.291014194488525 
5.203688144683838 
5.250702381134033 
5.3407979011535645 
5.596240997314453 
5.499708652496338 
5.063067436218262 
6.326837062835693 
5.092331886291504 
5.383963108062744 
5.377326011657715 
5.468838214874268 
8.035039901733398 
4.998044013977051 
5.369224548339844 
5.329976558685303 
4.9142022132873535 
5.047893047332764 
5.400307655334473 
5.674899578094482 
5.330746650695801 
5.068770885467529 
7.311339855194092 
5.071964740753174 
5.01240873336792 
5.098730564117432 
5.936655521392822 
8.562658309936523 
5.20637321472168 
5.003603458404541 
5.166689872741699 
8.003103256225586 
5.017034530639648 
6.825584888458252 
5.0051751136779785 
5.058588981628418 
5.233565807342529 
6.592104911804199 
5.261490345001221 
5.497479438781738 
5.073211669921875 
5.087644577026367 
5.121765613555908 
5.109309196472168 
6.229743480682373 
5.039883136749268 
5.461991786956787 
4.9778313636779785 
7.910349369049072 
8.110771179199219 
5.082396030426025 
5.036227703094482 
5.182102203369141 
5.389805793762207 
5.058497905731201 
4.99888277053833 
5.035098075866699 
7.671130180358887 
5.169470310211182 
5.514441967010498 
5.084805488586426 
8.056276321411133 
5.023120880126953 
4.9361090660095215 
5.252726078033447 
4.855468273162842 
5.0672478675842285 
5.920254230499268 
5.994020462036133 
5.062926769256592 
5.136868000030518 
5.249014377593994 
5.044431209564209 
4.979191303253174 
5.087991237640381 
5.082131862640381 
5.068618297576904 
7.6644606590271 
5.446346759796143 
5.554232120513916 
5.24496603012085 
5.232907772064209 
5.066197872161865 
6.015028476715088 
5.567955493927002 
5.277871608734131 
5.412654876708984 
5.000016689300537 
4.88694953918457 
5.034235000610352 
5.008702754974365 
4.981575965881348 
7.932563304901123 
5.027296543121338 
5.1669392585754395 
5.491060733795166 
5.847387790679932 
6.884200572967529 
5.031672954559326 
5.071383953094482 
5.029836177825928 
5.019866943359375 
5.173818111419678 
5.164428234100342 
5.393670082092285 
5.470396518707275 
5.962262153625488 
4.855366230010986 
4.891814708709717 
5.096175670623779 
4.92205286026001 
5.4060845375061035 
5.050457000732422 
5.110780239105225 
5.567075252532959 
5.010493755340576 
5.568726062774658 
5.099374294281006 
5.021368503570557 
5.231554985046387 
5.0722880363464355 
5.151998043060303 
5.075739860534668 
5.159951686859131 
4.99279260635376 
5.17302942276001 
5.1142802238464355 
5.132623195648193 
5.29475212097168 
5.802724361419678 
5.2998948097229 
5.161652088165283 
5.006382465362549 
6.609127521514893 
5.075088977813721 
5.034538269042969 
5.556896686553955 
5.044797897338867 
6.579039096832275 
8.13061237335205 
5.228732585906982 
6.198444843292236 
7.079890727996826 
5.58944034576416 
5.030489921569824 
5.108668327331543 
5.036849498748779 
5.119590759277344 
5.795345783233643 
5.02470588684082 
6.436591625213623 
5.318221092224121 
5.347618579864502 
4.9932990074157715 
5.0331268310546875 
7.612416744232178 
6.828319549560547 
5.0590338706970215 
5.82013463973999 
4.949991703033447 
6.031723499298096 
4.978735446929932 
5.38519287109375 
5.198554039001465 
5.012348175048828 
5.032974720001221 
5.576829433441162 
4.943671703338623 
5.131199359893799 
5.024094104766846 
5.080942630767822 
4.942999839782715 
8.52568531036377 
5.019341945648193 
4.901259899139404 
4.9610748291015625 
4.99445915222168 
6.625504016876221 
6.6644978523254395 
5.166989803314209 
5.015345573425293 
4.981119632720947 
4.980833053588867 
5.10383939743042 
5.161573886871338 
4.9769511222839355 
4.881556034088135 
5.279040813446045 
8.477663040161133 
5.531910419464111 
6.699857234954834 
5.141955852508545 
4.970763683319092 
5.052535057067871 
5.952479839324951 
4.945824146270752 
5.996544361114502 
4.953393459320068 
5.035248756408691 
5.370494365692139 
5.065345287322998 
5.158858776092529 
5.01047945022583 
5.087930202484131 
5.2780070304870605 
5.040342330932617 
4.938235759735107 
5.019118309020996 
4.930359363555908 
4.912902355194092 
5.0149006843566895 
5.003849029541016 
5.625514507293701 
4.9289727210998535 
5.0452494621276855 
5.713030815124512 
5.163712978363037 
5.00672721862793 
5.403218746185303 
7.7000346183776855 
6.228860855102539 
4.990358829498291 
4.855734825134277 
5.19326639175415 
7.540830612182617 
4.993966579437256 
4.9935526847839355 
7.873599529266357 
8.818519592285156 
5.2276835441589355 
6.688821315765381 
5.245373249053955 
6.522763729095459 
4.925657749176025 
5.353420257568359 
5.36307430267334 
7.230687618255615 
10.278857231140137 
5.096472263336182 
5.1382222175598145 
4.96376371383667 
5.004720211029053 
5.098996162414551 
4.94232702255249 
7.3017449378967285 
5.185714244842529 
4.8098015785217285 
4.993801116943359 
5.286335468292236 
4.887507915496826 
4.9597601890563965 
5.736165523529053 
8.303237915039062 
5.139175891876221 
5.09641170501709 
4.902644634246826 
5.232515811920166 
7.737647533416748 
5.060410022735596 
5.17207670211792 
4.993325233459473 
6.007112979888916 
8.652381896972656 
9.356573104858398 
4.9908881187438965 
5.157080173492432 
4.988072395324707 
5.093230247497559 
5.046957492828369 
5.100130081176758 
7.555315017700195 
5.316608428955078 
5.040345668792725 
5.224674701690674 
5.264685153961182 
6.663004398345947 
5.046279430389404 
7.594015598297119 
7.380458354949951 
5.071868419647217 
5.036111354827881 
5.503798961639404 
5.4028849601745605 
5.085412502288818 
8.558066368103027 
5.02384090423584 
5.0316667556762695 
5.190498352050781 
5.071542263031006 
5.012080669403076 
4.884162425994873 
4.915135383605957 
5.055290699005127 
7.2534871101379395 
6.392446041107178 
5.36464786529541 
5.046518802642822 
4.978297233581543 
4.992267608642578 
5.150949001312256 
5.688563823699951 
7.946171283721924 
10.42732048034668 
5.089494228363037 
5.094116687774658 
5.095885753631592 
5.081818580627441 
5.045507907867432 
4.843868732452393 
4.97448205947876 
4.76322603225708 
5.028199672698975 
4.922844409942627 
5.111904621124268 
5.215199947357178 
4.958145618438721 
7.989964485168457 
5.0284104347229 
5.047489643096924 
6.571238040924072 
5.542918682098389 
5.0224289894104 
5.396048069000244 
8.348722457885742 
5.216281414031982 
5.09701681137085 
6.827871322631836 
6.947290897369385 
5.139090061187744 
5.315123558044434 
5.155175685882568 
4.948179721832275 
5.026858806610107 
4.9741129875183105 
7.916306018829346 
5.3421950340271 
5.136312961578369 
5.058574199676514 
5.043118000030518 
5.439676761627197 
5.35909366607666 
4.926823616027832 
5.113306522369385 
5.072511196136475 
5.93306827545166 
4.916906833648682 
5.09923791885376 
5.0996174812316895 
5.234918117523193 
5.0153679847717285 
5.2927680015563965 
4.925490379333496 
5.033788204193115 
6.265225887298584 
5.095113754272461 
5.487999439239502 
6.471736431121826 
7.554563999176025 
5.1415791511535645 
5.141183376312256 
5.537689685821533 
4.995436191558838 
7.590521812438965 
6.281917095184326 
5.049587726593018 
5.056572437286377 
5.082417011260986 
4.960460186004639 
5.409313201904297 
5.071341037750244 
6.569060802459717 
5.07488489151001 
5.239695072174072 
5.136048316955566 
5.2105631828308105 
5.3395609855651855 
5.479785919189453 
5.048152923583984 
5.483638286590576 
4.959567546844482 
5.113510608673096 
5.096218585968018 
5.258681774139404 
5.088508605957031 
5.064859867095947 
5.037959098815918 
5.610305309295654 
4.975895881652832 
8.751885414123535 
6.978867053985596 
5.052836894989014 
5.066177845001221 
5.19153356552124 
6.126468181610107 
4.913666248321533 
7.683928966522217 
6.131592273712158 
5.083699703216553 
5.113617897033691 
4.957949161529541 
8.378387451171875 
6.288613796234131 
5.7890777587890625 
5.121118545532227 
5.915199279785156 
4.883334636688232 
5.048946857452393 
5.008667469024658 
4.97056245803833 
5.100114345550537 
5.155383586883545 
4.949592113494873 
4.965989589691162 
5.069174289703369 
5.173522472381592 
6.203856468200684 
4.931739330291748 
4.8715081214904785 
8.445785522460938 
4.979255199432373 
5.047910213470459 
4.99291467666626 
5.0870184898376465 
5.094198703765869 
6.191808223724365 
5.140087604522705 
5.135796070098877 
5.080373287200928 
5.085704326629639 
4.959753513336182 
5.178488254547119 
6.23843240737915 
5.343728065490723 
5.094110012054443 
6.506883144378662 
5.6621928215026855 
5.279163837432861 
5.288355350494385 
5.0830512046813965 
4.940920352935791 
5.647432804107666 
5.145438194274902 
5.016992092132568 
5.368012428283691 
5.118969440460205 
5.011911869049072 
5.007461071014404 
5.020726203918457 
5.013620376586914 
5.246458530426025 
5.010941028594971 
5.025990962982178 
5.605488300323486 
5.067596912384033 
5.098067760467529 
4.9953083992004395 
5.20374870300293 
4.999935626983643 
5.022144794464111 
6.8203277587890625 
7.121574878692627 
4.941041946411133 
4.97338342666626 
5.003938674926758 
6.228283405303955 
5.120545864105225 
5.1295390129089355 
5.131742000579834 
5.190580368041992 
5.106075763702393 
4.938079833984375 
5.438547134399414 
5.102537631988525 
4.958232402801514 
5.29020357131958 
5.299706935882568 
5.179732322692871 
5.28126335144043 
5.066892147064209 
5.012299060821533 
5.015347003936768 
5.258068561553955 
5.339766025543213 
5.032423496246338 
6.494482517242432 
5.211136341094971 
5.104060649871826 
6.709431171417236 
5.898453235626221 
5.129706382751465 
5.013324737548828 
4.9395365715026855 
5.018907070159912 
5.065263748168945 
6.345310211181641 
5.035449504852295 
5.034539699554443 
5.555767059326172 
5.739912986755371 
5.149357318878174 
4.986184597015381 
4.966424942016602 
5.637845516204834 
6.053598403930664 
5.816145420074463 
5.088833332061768 
5.07251501083374 
5.108610153198242 
5.06675386428833 
4.958815097808838 
5.037503719329834 
5.130499839782715 
5.157578468322754 
5.002522945404053 
7.863463401794434 
4.9928083419799805 
5.078062057495117 
5.4734416007995605 
5.17441463470459 
5.7603535652160645 
5.543862819671631 
4.9602532386779785 
5.043841361999512 
7.741787910461426 
5.564632892608643 
4.939034938812256 
5.889627933502197 
5.058565616607666 
5.147507667541504 
5.839224338531494 
6.172853946685791 
4.948021411895752 
5.025930881500244 
5.412780284881592 
5.075942516326904 
4.986100673675537 
5.14750337600708 
5.397972106933594 
5.781203746795654 
5.011539936065674 
5.113379955291748 
5.013980388641357 
5.157750606536865 
4.95924711227417 
5.073163986206055 
5.104671001434326 
5.169712066650391 
4.886666297912598 
4.967637538909912 
8.33432388305664 
6.169156551361084 
5.065989971160889 
5.043807506561279 
8.438283920288086 
6.290579795837402 
5.558680057525635 
5.017068386077881 
5.708215236663818 
4.828915119171143 
5.201447486877441 
5.05257511138916 
5.111888408660889 
4.836849689483643 
5.186141490936279 
5.067405700683594 
4.93631649017334 
4.960630893707275 
5.146113395690918 
5.0430989265441895 
5.158352375030518 
4.925602436065674 
5.933431625366211 
5.973347187042236 
5.187453269958496 
4.8921637535095215 
4.974971771240234 
4.950479507446289 
5.061538219451904 
5.094918727874756 
5.047842502593994 
5.621890544891357 
5.170185565948486 
5.08212423324585 
4.868752956390381 
5.0743536949157715 
5.152078151702881 
4.925336837768555 
5.159487724304199 
5.103116989135742 
5.209125995635986 
5.2307538986206055 
7.4156012535095215 
5.00905179977417 
5.281770706176758 
5.842101573944092 
5.095256328582764 
7.132771015167236 
5.847800254821777 
4.915232181549072 
5.0784382820129395 
5.073836803436279 
7.16272497177124 
6.139623641967773 
5.077926158905029 
5.034394264221191 
5.061021327972412 
5.014525890350342 
5.033442497253418 
5.272924900054932 
5.056738376617432 
5.020288944244385 
5.250706195831299 
6.890694618225098 
5.198868751525879 
5.060486793518066 
5.2940993309021 
5.048099994659424 
5.11337423324585 
5.074812889099121 
5.047508239746094 
5.038975715637207 
5.33355188369751 
5.30295991897583 
5.917740345001221 
5.080004692077637 
5.009853839874268 
4.988091945648193 
5.1027679443359375 
5.258450984954834 
5.069942474365234 
6.993997097015381 
5.155243873596191 
5.078648090362549 
6.016769886016846 
5.223750591278076 
6.516030788421631 
5.040748119354248 
5.164498805999756 
5.033361911773682 
5.0759053230285645 
5.129074573516846 
5.02832555770874 
5.205064296722412 
5.087794780731201 
7.082186698913574 
5.110373020172119 
5.57100248336792 
5.517427921295166 
4.9041428565979 
6.723513603210449 
6.156162738800049 
6.3540120124816895 
7.8137383460998535 
5.0555806159973145 
4.938025951385498 
5.984810829162598 
4.988996982574463 
5.056069850921631 
5.0200371742248535 
5.030044078826904 
5.004931926727295 
5.1043620109558105 
4.971319675445557 
5.020687580108643 
7.124125957489014 
5.060663223266602 
6.412082195281982 
5.09309720993042 
5.041172504425049 
5.015425682067871 
5.406240463256836 
5.0589165687561035 
4.979477405548096 
5.390140533447266 
5.12105655670166 
6.019472599029541 
6.058112621307373 
5.008259296417236 
5.036416530609131 
6.051467418670654 
4.9716925621032715 
8.431848526000977 
5.340250015258789 
4.96329402923584 
6.003862380981445 
5.088377952575684 
5.027682304382324 
5.157748699188232 
5.914566516876221 
5.114752292633057 
7.656960487365723 
8.395118713378906 
4.975875377655029 
7.334529399871826 
4.975400447845459 
4.96132755279541 
5.050434112548828 
5.612428665161133 
4.983940124511719 
5.097934246063232 
4.958345890045166 
5.048949718475342 
5.399691104888916 
4.932713031768799 
5.64064884185791 
5.002833843231201 
6.009479999542236 
5.0521135330200195 
5.1662917137146 
5.2051005363464355 
5.25169038772583 
7.784667491912842 
5.3196120262146 
6.97003698348999 
5.392683506011963 
4.9069743156433105 
4.917844772338867 
5.248471736907959 
6.304968357086182 
6.37221097946167 
5.042839527130127 
5.241955280303955 
5.179152011871338 
5.343803882598877 
4.999796390533447 
6.357678413391113 
5.033499240875244 
4.984762668609619 
4.881303787231445 
5.205368518829346 
5.066071033477783 
5.125429630279541 
5.088131427764893 
5.024599552154541 
9.146490097045898 
5.031038284301758 
5.010974407196045 
5.045645236968994 
5.002981662750244 
5.012487888336182 
7.430907726287842 
4.945592403411865 
5.373850345611572 
8.716520309448242 
5.054530620574951 
5.0076470375061035 
5.29517126083374 
5.208630084991455 
6.299057483673096 
5.1164984703063965 
8.104918479919434 
5.0481438636779785 
6.444723606109619 
5.041522979736328 
4.99843168258667 
5.88096284866333 
5.345693111419678 
5.048236846923828 
5.075582981109619 
5.122459411621094 
4.912219047546387 
4.95910120010376 
5.236400604248047 
5.154279708862305 
5.831066131591797 
5.114609241485596 
5.383386135101318 
5.016671657562256 
4.940079212188721 
5.388094902038574 
7.817612171173096 
5.067115783691406 
5.470240116119385 
5.028446197509766 
5.0866217613220215 
6.672140598297119 
5.209017753601074 
4.935894966125488 
4.9902167320251465 
5.141419410705566 
5.088843822479248 
7.118570804595947 
5.127490043640137 
7.391293048858643 
5.139369010925293 
5.133411407470703 
5.052208423614502 
5.356396198272705 
6.09828519821167 
9.34451675415039 
6.456305027008057 
5.475034236907959 
5.141908645629883 
5.059500694274902 
6.566210746765137 
5.30289888381958 
6.771467208862305 
8.033178329467773 
6.826070785522461 
5.599289417266846 
5.042196750640869 
5.195278644561768 
5.150913715362549 
5.2391486167907715 
4.999134540557861 
4.993449687957764 
5.100593090057373 
4.997908115386963 
5.156829833984375 
5.033301830291748 
5.0150017738342285 
5.147526741027832 
4.956535816192627 
4.923851490020752 
5.05940580368042 
4.990452289581299 
5.680582046508789 
4.983157634735107 
6.030660152435303 
4.9598069190979 
5.100785732269287 
5.37290620803833 
5.069361209869385 
4.873196601867676 
6.091664791107178 
5.298263072967529 
4.9867472648620605 
5.04332971572876 
4.933090686798096 
5.00338077545166 
5.8783040046691895 
5.007443904876709 
6.38598108291626 
5.234914302825928 
5.28080940246582 
5.045638084411621 
4.907907009124756 
7.55609655380249 
4.976785182952881 
6.806117057800293 
5.027523517608643 
5.6243367195129395 
5.101656913757324 
5.27289342880249 
5.008923053741455 
5.0170979499816895 
7.084476470947266 
5.018432140350342 
4.9701762199401855 
5.607045650482178 
4.977749347686768 
5.130796909332275 
6.639425754547119 
5.540851593017578 
5.1520466804504395 
5.120638370513916 
5.47367000579834 
4.9604058265686035 
6.300797939300537 
5.036434650421143 
5.154380798339844 
5.034057140350342 
6.047754764556885 
5.147999286651611 
4.956442356109619 
5.088119983673096 
5.062350749969482 
6.637916564941406 
5.250551700592041 
5.33093786239624 
5.40803337097168 
4.9834885597229 
5.544814586639404 
5.036768436431885 
5.496909141540527 
5.10184907913208 
6.233950138092041 
6.16619348526001 
5.0029168128967285 
5.234134197235107 
5.080536365509033 
4.945072174072266 
4.8932013511657715 
5.185763835906982 
4.841482639312744 
5.043544769287109 
7.22952127456665 
4.986781597137451 
5.114508628845215 
5.278010845184326 
5.361761093139648 
5.171440601348877 
5.6925950050354 
5.764632701873779 
4.890620231628418 
5.0753254890441895 
6.372649669647217 
4.983071327209473 
5.38936185836792 
5.064199924468994 
5.534721374511719 
4.972778797149658 
4.980751037597656 
5.0173211097717285 
5.151811599731445 
7.2491583824157715 
5.068783283233643 
5.040839195251465 
5.086860179901123 
5.5761942863464355 
4.893900394439697 
5.933766841888428 
5.083366870880127 
5.14398717880249 
5.835916042327881 
5.066375255584717 
4.937997817993164 
4.998676776885986 
5.122681140899658 
5.141508102416992 
7.010504245758057 
5.878266334533691 
8.049336433410645 
5.210350513458252 
6.189417362213135 
5.5331854820251465 
7.853693962097168 
5.102063179016113 
5.186465263366699 
5.411106109619141 
6.77354097366333 
5.051117897033691 
5.07594633102417 
5.039083957672119 
4.917933940887451 
4.956835746765137 
5.276063442230225 
5.388270378112793 
6.614602565765381 
5.091225624084473 
4.998767375946045 
5.049393177032471 
8.635066986083984 
5.293383598327637 
5.142663955688477 
5.017627239227295 
5.064254283905029 
5.019509792327881 
5.162395000457764 
6.4502482414245605 
5.045640468597412 
5.008549213409424 
5.165112018585205 
5.805862903594971 
5.2183966636657715 
5.3363142013549805 
6.373331546783447 
5.384457111358643 
5.086109638214111 
5.118493556976318 
5.921705722808838 
5.302953243255615 
6.027157306671143 
5.058520317077637 
5.093190670013428 
6.704869270324707 
5.667195796966553 
6.5426859855651855 
5.118231296539307 
5.058908939361572 
5.144612789154053 
4.909292697906494 
5.032170295715332 
6.922795295715332 
5.273960113525391 
5.060740947723389 
5.051413059234619 
5.856522083282471 
5.035378932952881 
5.030369281768799 
5.081881046295166 
5.228747367858887 
5.026105880737305 
6.905721187591553 
5.162911891937256 
4.980556011199951 
5.098780632019043 
5.0824503898620605 
4.85233211517334 
4.995616436004639 
4.97197961807251 
5.0266337394714355 
5.897156238555908 
5.1736531257629395 
6.468740940093994 
5.346800804138184 
5.1905412673950195 
5.003537654876709 
6.231617450714111 
5.042599678039551 
5.381714344024658 
4.9681315422058105 
7.446671485900879 
5.215892314910889 
5.092259883880615 
4.975401401519775 
7.374499320983887 
5.022422790527344 
5.025650501251221 
5.084841728210449 
6.924454689025879 
4.980465412139893 
5.048684597015381 
6.904490947723389 
6.482560634613037 
8.027403831481934 
5.015254497528076 
6.25487756729126 
5.018462657928467 
5.297286510467529 
5.2764153480529785 
5.005717754364014 
5.016133785247803 
6.216812610626221 
6.514074802398682 
4.989649772644043 
7.819550037384033 
5.597113132476807 
7.9684882164001465 
4.997012138366699 
5.124391555786133 
5.072351455688477 
5.4370245933532715 
7.0954508781433105 
6.355588912963867 
5.906082630157471 
7.807384967803955 
7.018753528594971 
9.408897399902344 
4.9962592124938965 
5.358914852142334 
6.848852634429932 
4.988585948944092 
5.157919883728027 
6.759663105010986 
7.038187026977539 
4.958812236785889 
5.074804782867432 
5.215510845184326 
5.079750061035156 
5.455831050872803 
6.578019618988037 
5.8217854499816895 
5.987589359283447 
9.380552291870117 
5.359982013702393 
5.7610182762146 
5.050392150878906 
5.235530376434326 
5.618897914886475 
5.946644306182861 
4.869039058685303 
5.902777671813965 
5.1056647300720215 
5.2470703125 
5.062849998474121 
6.364294528961182 
6.766625881195068 
5.239541530609131 
5.129126071929932 
5.5374064445495605 
5.126310348510742 
6.03432035446167 
5.182412624359131 
5.667157173156738 
4.924819469451904 
5.034006118774414 
7.324889183044434 
5.043607711791992 
5.199460506439209 
8.290791511535645 
4.989067554473877 
5.00405740737915 
7.160034656524658 
8.49209976196289 
5.1102423667907715 
5.021817684173584 
5.028984069824219 
5.714552402496338 
5.608451843261719 
4.928697109222412 
7.5847978591918945 
5.427676200866699 
5.264450550079346 
5.084559917449951 
5.0274128913879395 
6.053094863891602 
6.109768390655518 
4.952351093292236 
4.942633628845215 
4.992043495178223 
5.105860233306885 
4.986335277557373 
5.3331098556518555 
5.115710735321045 
5.095984935760498 
4.846100807189941 
5.0514912605285645 
5.030241966247559 
4.978611946105957 
8.109968185424805 
5.269208908081055 
5.032016754150391 
5.067843914031982 
7.281223297119141 
5.057116985321045 
5.007206439971924 
7.235550403594971 
6.024148464202881 
5.44502592086792 
6.775674819946289 
5.226138114929199 
5.023510456085205 
5.313157558441162 
5.955427646636963 
6.659348964691162 
5.0099196434021 
8.581035614013672 
5.2122321128845215 
5.013766765594482 
5.764372825622559 
5.139774799346924 
5.082272052764893 
4.96198034286499 
5.005297660827637 
4.958326816558838 
4.957735538482666 
5.237764358520508 
7.07293176651001 
5.130354404449463 
4.98983907699585 
5.225247383117676 
5.225903034210205 
6.3085150718688965 
5.533380031585693 
5.105791091918945 
6.05885648727417 
5.005092144012451 
4.966511249542236 
5.000818729400635 
4.979727268218994 
5.272919654846191 
5.06338357925415 
5.110995769500732 
8.856167793273926 
5.07597017288208 
5.280850887298584 
4.9458394050598145 
5.6793904304504395 
5.0204596519470215 
5.016007423400879 
5.111764907836914 
5.212753772735596 
5.761960506439209 
5.22348165512085 
5.05570650100708 
5.059751033782959 
4.96306848526001 
5.022223949432373 
6.0364089012146 
5.06251335144043 
5.052013397216797 
5.115785121917725 
5.0471272468566895 
8.516493797302246 
7.5289998054504395 
5.378831386566162 
4.930459022521973 
8.143051147460938 
5.015905380249023 
6.132535457611084 
5.180227279663086 
5.0993828773498535 
5.074801445007324 
5.063394546508789 
5.077195644378662 
5.103819370269775 
5.146397113800049 
5.176400184631348 
5.295147895812988 
5.075358867645264 
4.905879974365234 
4.844710350036621 
5.078011989593506 
6.691240310668945 
5.107414722442627 
5.061895847320557 
5.191527366638184 
4.842031002044678 
5.773498058319092 
5.2896857261657715 
5.138224124908447 
5.258976459503174 
5.025853633880615 
5.230334758758545 
6.34576940536499 
5.051279067993164 
5.858186721801758 
6.985564708709717 
5.264290809631348 
5.153677463531494 
5.034738063812256 
4.925168514251709 
5.350554943084717 
5.245700359344482 
4.915606498718262 
4.995881080627441 
5.148481845855713 
5.037024974822998 
6.199029445648193 
5.841414928436279 
8.016519546508789 
5.042695045471191 
5.9261651039123535 
5.584073543548584 
5.037752628326416 
6.029348850250244 
5.150113582611084 
8.014994621276855 
5.103586673736572 
4.832054615020752 
5.078733921051025 
5.108874320983887 
5.051590919494629 
4.782483100891113 
7.257813453674316 
5.001292705535889 
4.994904041290283 
5.058421611785889 
5.533015727996826 
4.963924884796143 
4.974498271942139 
5.413947105407715 
4.99385404586792 
6.612724781036377 
6.361273288726807 
6.225586414337158 
5.07423210144043 
5.150373458862305 
5.021236896514893 
4.973568439483643 
4.993082046508789 
5.158374309539795 
5.004909038543701 
4.8962578773498535 
5.549932479858398 
5.015734672546387 
5.823575019836426 
9.679741859436035 
5.09563684463501 
5.5076398849487305 
5.375308036804199 
6.145513534545898 
5.09566068649292 
5.043935298919678 
5.00998067855835 
5.635064601898193 
5.776961803436279 
5.044148921966553 
5.094389915466309 
5.8821797370910645 
6.769227981567383 
4.977812767028809 
5.047778606414795 
5.001518249511719 
7.500091075897217 
5.087194919586182 
5.11350679397583 
5.145650386810303 
5.053487300872803 
5.09436559677124 
5.658040523529053 
4.985121726989746 
5.325719356536865 
4.914215564727783 
5.1410136222839355 
5.3602423667907715 
5.338608264923096 
5.051430702209473 
5.012203216552734 
5.032470226287842 
5.152664661407471 
5.606442451477051 
5.909285068511963 
5.002254962921143 
5.549168586730957 
5.106887340545654 
5.459298610687256 
4.992883205413818 
4.8017072677612305 
5.072006702423096 
7.3092265129089355 
5.005362033843994 
5.186021327972412 
6.744546890258789 
5.067291259765625 
5.073921203613281 
5.682541370391846 
5.923166751861572 
5.770585536956787 
7.2312116622924805 
5.092718601226807 
5.6840596199035645 
5.231369495391846 
5.375620365142822 
5.497230052947998 
5.267828464508057 
5.0245137214660645 
5.073981285095215 
5.2194952964782715 
4.924716949462891 
4.955528259277344 
7.591470718383789 
5.585418224334717 
5.130880832672119 
5.069253444671631 
5.136554718017578 
6.010432720184326 
5.28533935546875 
5.059213638305664 
5.233033657073975 
5.1162214279174805 
4.901499271392822 
5.419198513031006 
5.067364692687988 
5.163321018218994 
5.065581798553467 
7.675308704376221 
7.812005996704102 
5.024428844451904 
5.269528388977051 
6.408410549163818 
5.037822723388672 
5.029479503631592 
5.0776519775390625 
4.998789310455322 
4.72520637512207 
5.147304058074951 
4.982203960418701 
4.922923564910889 
5.064943313598633 
5.079501152038574 
6.473507404327393 
5.270955562591553 
5.08939790725708 
4.994015216827393 
5.04404878616333 
5.307714462280273 
5.119781970977783 
4.95208740234375 
5.166694164276123 
4.922139644622803 
7.2784953117370605 
5.566051959991455 
7.111128330230713 
7.463180065155029 
5.6454758644104 
6.619772434234619 
4.959341049194336 
6.110905170440674 
5.1675238609313965 
7.647936820983887 
5.203139305114746 
5.119534015655518 
4.965071201324463 
4.8966193199157715 
6.407985687255859 
5.070516586303711 
4.97254753112793 
5.2094645500183105 
5.5241923332214355 
5.320393085479736 
5.048033237457275 
5.476518154144287 
5.908904552459717 
5.154317378997803 
5.129348278045654 
5.0669264793396 
4.9034929275512695 
9.332263946533203 
5.024062633514404 
5.382609844207764 
5.071884632110596 
5.137554168701172 
4.959131717681885 
5.143237590789795 
6.691720485687256 
4.9592485427856445 
5.034887790679932 
4.995498180389404 
5.099569797515869 
6.866759777069092 
5.079957485198975 
5.052953243255615 
5.482080936431885 
4.881541728973389 
5.18606424331665 
5.358957767486572 
5.062817573547363 
4.921134948730469 
5.25551176071167 
5.222970485687256 
5.073898792266846 
5.140279293060303 
5.190649509429932 
7.37339448928833 
4.840095043182373 
4.9757890701293945 
5.021533012390137 
5.0355658531188965 
6.719520568847656 
6.765002250671387 
5.0020365715026855 
5.054427146911621 
5.030384540557861 
5.034685134887695 
5.093460559844971 
8.348876953125 
4.93640661239624 
5.092549800872803 
5.08762264251709 
4.974541187286377 
5.161116123199463 
5.414798259735107 
4.978725910186768 
5.1229567527771 
5.1277852058410645 
5.0596184730529785 
7.119344711303711 
8.558799743652344 
5.1810808181762695 
6.408671855926514 
5.357959270477295 
5.01566743850708 
6.913998603820801 
5.779336452484131 
5.006042003631592 
5.101109027862549 
5.729714870452881 
5.085281848907471 
5.179782390594482 
5.150704860687256 
9.024823188781738 
4.814691066741943 
5.032586574554443 
5.0780816078186035 
4.8618597984313965 
5.00665807723999 
6.350465297698975 
4.919281482696533 
5.492950916290283 
7.119794845581055 
4.975964546203613 
5.134299278259277 
4.97696590423584 
4.980416774749756 
5.0798115730285645 
4.904219150543213 
5.100011348724365 
5.157059192657471 
4.897200584411621 
7.039489269256592 
5.52252721786499 
5.009211540222168 
5.127048969268799 
5.073854923248291 
5.06671142578125 
5.192288398742676 
7.2482829093933105 
5.091288089752197 
4.975030899047852 
5.142991542816162 
6.478527545928955 
5.09285306930542 
5.0128045082092285 
5.252315998077393 
5.015462398529053 
5.062479496002197 
6.092931747436523 
5.247105598449707 
4.954148769378662 
7.198745250701904 
5.831510066986084 
5.127201557159424 
5.497491836547852 
5.230318069458008 
5.143184185028076 
5.015253067016602 
5.196871757507324 
5.050639629364014 
5.098048686981201 
5.331882953643799 
4.91713809967041 
5.122345924377441 
5.279330730438232 
9.11082649230957 
5.2179179191589355 
7.2204670906066895 
4.93473482131958 
5.180256366729736 
5.10938835144043 
8.430418014526367 
5.166982173919678 
5.348068714141846 
5.178684711456299 
6.663829803466797 
5.453604221343994 
5.121763706207275 
5.052847862243652 
5.157405853271484 
4.918552398681641 
6.0099005699157715 
5.063255310058594 
6.297496318817139 
5.122636318206787 
5.0836358070373535 
4.984194278717041 
5.366525650024414 
5.097376823425293 
6.645858287811279 
5.966437339782715 
5.169675350189209 
5.1465373039245605 
5.981629848480225 
4.7849907875061035 
5.039768695831299 
5.065886974334717 
5.0690836906433105 
5.181429386138916 
5.107252597808838 
4.9252543449401855 
5.024319171905518 
5.073216915130615 
6.905794620513916 
5.917943000793457 
5.0926690101623535 
4.9116597175598145 
5.770967483520508 
4.977681636810303 
7.2759623527526855 
5.114405155181885 
5.124886512756348 
7.629251003265381 
5.056244373321533 
4.957919597625732 
5.080460071563721 
4.978160381317139 
6.541845798492432 
5.731809139251709 
5.163868427276611 
5.024839878082275 
4.933412075042725 
5.17152738571167 
5.180418968200684 
6.699291229248047 
5.041208744049072 
5.069843292236328 
7.417963027954102 
8.280309677124023 
5.017190933227539 
5.801300525665283 
5.415886878967285 
6.8051910400390625 
5.879105091094971 
4.991322040557861 
4.9597954750061035 
4.995229244232178 
7.158428192138672 
5.035039901733398 
4.952887535095215 
5.090578556060791 
5.307680606842041 
5.236352443695068 
6.190215587615967 
5.577280521392822 
5.022173881530762 
5.127871036529541 
4.998733997344971 
5.113308429718018 
7.773046493530273 
5.1990275382995605 
5.081182956695557 
4.977189540863037 
5.210842609405518 
5.3344950675964355 
7.004388332366943 
5.839725971221924 
5.189533233642578 
5.013454914093018 
6.503849983215332 
9.378271102905273 
5.195616722106934 
5.347261905670166 
5.448095798492432 
4.863462448120117 
5.054029941558838 
5.0510172843933105 
4.977959156036377 
5.217609882354736 
5.250195026397705 
5.786959171295166 
5.215569972991943 
5.089178562164307 
5.131947994232178 
4.962338924407959 
5.078799724578857 
4.934593200683594 
4.963663578033447 
5.598841190338135 
5.528156280517578 
5.777665615081787 
7.97603178024292 
5.310908794403076 
6.083334445953369 
5.034389972686768 
4.999790668487549 
4.8445587158203125 
5.137678623199463 
4.980570316314697 
5.277888774871826 
5.1519551277160645 
5.3088154792785645 
5.279276371002197 
5.396603584289551 
5.10500955581665 
4.978819370269775 
5.1153035163879395 
4.941847324371338 
5.021735668182373 
6.002077102661133 
4.9410080909729 
5.1233811378479 
5.3258466720581055 
6.5533528327941895 
4.963458061218262 
5.4637322425842285 
5.070727348327637 
