5.1246724128723145 
5.024986743927002 
5.280423641204834 
5.552578926086426 
4.9149980545043945 
4.992982387542725 
5.350734233856201 
4.903011322021484 
5.024471282958984 
4.929709434509277 
5.055905342102051 
5.155695915222168 
4.952108383178711 
5.337935447692871 
4.925485134124756 
5.3819661140441895 
5.041062831878662 
4.922998905181885 
4.999707221984863 
5.22437047958374 
5.098895072937012 
5.361150741577148 
6.2198615074157715 
6.608153343200684 
4.907223701477051 
7.151252746582031 
5.045602798461914 
5.4358415603637695 
5.140101909637451 
6.271009922027588 
4.920578956604004 
5.172913551330566 
6.404327392578125 
4.967201232910156 
4.869297981262207 
5.069231033325195 
4.892996788024902 
4.999571800231934 
8.49237060546875 
5.344485282897949 
5.311509132385254 
5.879474639892578 
4.910209655761719 
4.765444755554199 
5.983275413513184 
4.861603736877441 
6.980053424835205 
4.862046241760254 
4.964653968811035 
4.986409664154053 
4.9380388259887695 
4.9379730224609375 
4.964023590087891 
4.944416046142578 
4.961538791656494 
4.956489562988281 
5.025083541870117 
5.174971103668213 
5.027875900268555 
5.047983169555664 
5.537343978881836 
4.886566638946533 
4.908344268798828 
5.736668586730957 
5.505966663360596 
6.880319118499756 
4.931724548339844 
5.4476118087768555 
4.907342433929443 
5.105565547943115 
5.013983726501465 
4.94972562789917 
4.885225296020508 
4.940526008605957 
4.931056499481201 
5.611079692840576 
5.4117231369018555 
5.069108963012695 
6.4908127784729 
8.085169792175293 
7.435272693634033 
5.30194091796875 
5.027890682220459 
5.358319282531738 
5.001548767089844 
5.105159759521484 
5.187480926513672 
4.914658546447754 
5.119363784790039 
5.006961822509766 
5.218585968017578 
5.193872451782227 
4.954065322875977 
4.999081611633301 
7.842973709106445 
5.027944564819336 
6.512418270111084 
5.127656936645508 
4.8997344970703125 
5.455508232116699 
4.949524879455566 
4.9985456466674805 
5.489208221435547 
5.3912672996521 
5.507352828979492 
6.605796813964844 
5.073140621185303 
5.386572360992432 
6.534398078918457 
5.050573348999023 
4.991118431091309 
5.1504082679748535 
4.929705619812012 
4.923451900482178 
5.002966403961182 
5.107477188110352 
5.950281620025635 
6.070999622344971 
4.908776760101318 
4.950583457946777 
5.121161937713623 
5.233928203582764 
5.0384626388549805 
4.889405250549316 
8.331743240356445 
7.720797061920166 
6.373944282531738 
5.033421993255615 
4.970671653747559 
4.977985382080078 
5.129072189331055 
5.011324882507324 
5.154731273651123 
5.139096260070801 
5.711073398590088 
5.262007713317871 
7.810381889343262 
4.947291374206543 
5.085932731628418 
8.506645202636719 
5.071420192718506 
4.935729503631592 
4.922726631164551 
5.037263870239258 
5.352293014526367 
4.892151832580566 
5.005721569061279 
5.078670024871826 
6.579846382141113 
4.8947296142578125 
5.034045219421387 
5.177548408508301 
6.7439165115356445 
6.165215492248535 
7.195425033569336 
5.428097724914551 
7.301673412322998 
4.938054084777832 
5.525933265686035 
6.067930221557617 
5.518567085266113 
5.010129451751709 
5.347323417663574 
5.015595436096191 
5.126168727874756 
4.884038925170898 
5.090200424194336 
5.317269802093506 
7.227384567260742 
5.000511646270752 
4.952962398529053 
5.023730278015137 
4.8752923011779785 
6.370492935180664 
4.870480060577393 
5.9536004066467285 
4.968900680541992 
7.336384296417236 
5.251762390136719 
4.984084129333496 
5.08648681640625 
5.117240905761719 
4.975033760070801 
5.044374465942383 
5.064830780029297 
4.994462013244629 
4.931375503540039 
5.065247535705566 
4.955307960510254 
5.101992607116699 
7.0149126052856445 
5.0029215812683105 
5.432499885559082 
4.956510543823242 
5.148721218109131 
5.1129984855651855 
4.996887683868408 
4.911623477935791 
7.241737365722656 
8.636826515197754 
5.4129533767700195 
6.196717262268066 
5.103731155395508 
5.104161262512207 
5.12134313583374 
7.758852958679199 
4.819220066070557 
5.0147705078125 
7.219902992248535 
4.970525741577148 
8.321457862854004 
7.393571853637695 
5.1081976890563965 
4.967616558074951 
4.919547080993652 
4.83469295501709 
6.156929969787598 
6.140226364135742 
5.017947196960449 
5.300326824188232 
5.4933671951293945 
4.984013557434082 
5.46366548538208 
5.712338447570801 
5.150947570800781 
5.124112606048584 
4.9286017417907715 
5.068103790283203 
4.906313896179199 
5.136308670043945 
4.972212314605713 
5.234434127807617 
4.969175338745117 
6.193592071533203 
4.916665077209473 
5.191722869873047 
5.305246353149414 
5.042076110839844 
6.341100692749023 
5.0245890617370605 
4.946852684020996 
4.875001907348633 
4.911294937133789 
6.049304485321045 
4.905251979827881 
5.3619561195373535 
5.007495880126953 
5.00229549407959 
4.987936973571777 
5.123631477355957 
6.01371955871582 
5.0099592208862305 
5.711773872375488 
5.992218017578125 
5.784994602203369 
4.96811580657959 
5.020346641540527 
7.603475570678711 
5.099195957183838 
7.734090805053711 
6.675307273864746 
4.974101543426514 
5.300232887268066 
4.929296970367432 
4.984018325805664 
5.011157512664795 
5.157400131225586 
5.529199123382568 
5.025436878204346 
7.5816969871521 
4.95693302154541 
5.025190830230713 
7.11863899230957 
5.012872219085693 
4.981612682342529 
4.988803863525391 
5.0564351081848145 
5.033397197723389 
5.133842468261719 
6.242488861083984 
5.186070919036865 
4.915369033813477 
5.744400501251221 
4.9387288093566895 
5.134356498718262 
5.0281219482421875 
5.071042060852051 
4.965343475341797 
5.728117942810059 
8.427974700927734 
5.278493881225586 
4.996042251586914 
6.244598388671875 
7.419609069824219 
5.429193496704102 
4.923088073730469 
5.058046340942383 
5.055716514587402 
4.99472188949585 
5.0951924324035645 
4.915888786315918 
5.276217460632324 
5.045230388641357 
5.725772857666016 
4.943253517150879 
4.971367835998535 
4.923518657684326 
5.716061115264893 
5.226394176483154 
4.902414321899414 
5.110613822937012 
4.916549205780029 
5.116681098937988 
6.784114360809326 
4.943536281585693 
5.026806831359863 
4.9217424392700195 
5.064789772033691 
4.956446647644043 
4.9219207763671875 
5.034762859344482 
4.921245574951172 
4.915112018585205 
4.95056676864624 
6.421083927154541 
4.933018207550049 
4.984637260437012 
8.27349853515625 
5.328307151794434 
5.173421859741211 
5.203967094421387 
4.995579719543457 
5.0506486892700195 
4.999454021453857 
5.594020843505859 
5.020447731018066 
4.952056407928467 
4.941201210021973 
5.005387306213379 
4.992612838745117 
4.945888519287109 
7.261947154998779 
5.043555736541748 
4.953342914581299 
5.160183906555176 
4.942786693572998 
4.97402286529541 
5.080594539642334 
4.771332740783691 
6.94058895111084 
4.9750590324401855 
4.8365302085876465 
4.944106101989746 
4.978973865509033 
5.081179141998291 
4.973421096801758 
5.032931327819824 
4.962092399597168 
6.434120178222656 
5.5039520263671875 
5.107921600341797 
5.797203540802002 
5.018309116363525 
4.980318069458008 
7.545050621032715 
5.192888259887695 
4.979362487792969 
5.5611042976379395 
5.019036293029785 
6.378767967224121 
4.949200630187988 
4.979615688323975 
4.909296989440918 
5.849661350250244 
4.896557331085205 
4.9365668296813965 
4.971817970275879 
5.975061893463135 
4.967176914215088 
4.953192710876465 
4.874445915222168 
5.099444389343262 
4.919864177703857 
5.03474760055542 
4.914898872375488 
5.9035773277282715 
5.033792495727539 
5.04854679107666 
6.051923751831055 
5.024665355682373 
4.989093780517578 
4.971755027770996 
7.992110729217529 
5.015816688537598 
4.898235321044922 
5.065311908721924 
5.178049087524414 
4.888821601867676 
5.078128814697266 
5.729966640472412 
5.0020012855529785 
4.941054344177246 
5.057662010192871 
5.010976791381836 
7.684133529663086 
5.130682468414307 
5.201911449432373 
5.6182966232299805 
5.057563781738281 
6.339044570922852 
5.313537120819092 
5.6745829582214355 
4.966892242431641 
5.045658111572266 
6.425955772399902 
6.754412651062012 
4.953680038452148 
5.662976264953613 
5.059381008148193 
6.203971862792969 
7.062918186187744 
5.341778755187988 
4.9588623046875 
5.0185136795043945 
4.965920448303223 
4.89146614074707 
4.9361982345581055 
4.991016387939453 
5.152470111846924 
4.944859981536865 
5.015386581420898 
5.071216583251953 
6.800111770629883 
5.5432939529418945 
8.078714370727539 
4.92097806930542 
5.359952449798584 
4.944133758544922 
5.294012546539307 
5.210873126983643 
4.951503276824951 
4.932037830352783 
5.263581275939941 
5.21075439453125 
6.364617347717285 
4.948628902435303 
5.989349365234375 
5.138694763183594 
5.0329132080078125 
4.9836344718933105 
4.94953727722168 
5.516735553741455 
5.46366024017334 
5.294157028198242 
4.984230995178223 
5.115054130554199 
5.186513900756836 
5.093231201171875 
5.973896503448486 
4.892757892608643 
5.747587203979492 
5.105863571166992 
5.377410411834717 
5.876519203186035 
5.068195343017578 
4.987278938293457 
5.162419319152832 
4.903750896453857 
4.937697410583496 
4.90175724029541 
5.036993026733398 
4.920462608337402 
4.9483184814453125 
5.4430742263793945 
5.85909366607666 
5.131515979766846 
4.80426025390625 
4.976848602294922 
4.961215019226074 
5.095818996429443 
7.12693452835083 
5.330976486206055 
4.970715522766113 
4.946313858032227 
4.931692600250244 
5.169562339782715 
5.572253227233887 
6.602503776550293 
4.956803321838379 
5.001555442810059 
5.1318840980529785 
5.056514739990234 
4.886424541473389 
4.943096160888672 
5.000824928283691 
4.979920387268066 
4.799238204956055 
4.892174243927002 
4.812807083129883 
5.069713592529297 
5.062286853790283 
5.0359697341918945 
5.383193016052246 
5.014552116394043 
5.010560035705566 
4.971763610839844 
4.890369892120361 
4.934717655181885 
5.055213451385498 
5.385012626647949 
6.334604263305664 
7.529057025909424 
5.74009895324707 
4.91429328918457 
5.1745805740356445 
4.937640190124512 
4.991079330444336 
4.9731245040893555 
4.961252689361572 
5.119935512542725 
5.013566970825195 
4.904720306396484 
5.004511833190918 
4.916030406951904 
4.920470714569092 
5.0003461837768555 
5.647574424743652 
5.011475563049316 
7.511049270629883 
4.9671478271484375 
4.9764084815979 
7.323390007019043 
5.020069599151611 
4.965264320373535 
6.296722412109375 
4.883877754211426 
5.006047248840332 
5.762411117553711 
4.854183197021484 
5.140595436096191 
5.192430019378662 
5.053348541259766 
5.056241989135742 
4.944882869720459 
4.890175819396973 
4.903860092163086 
5.090917587280273 
5.150088310241699 
4.902470588684082 
6.290532112121582 
7.212545394897461 
4.918525695800781 
4.990984916687012 
6.135589599609375 
5.074235916137695 
7.131495475769043 
4.934388637542725 
4.987861156463623 
4.882534503936768 
5.393401145935059 
4.969459533691406 
5.945948600769043 
5.0648274421691895 
4.854771614074707 
5.015717506408691 
5.211727142333984 
5.01817512512207 
5.6084885597229 
4.997106552124023 
5.09458065032959 
4.868153095245361 
5.0061235427856445 
8.810675621032715 
4.865331649780273 
5.216140270233154 
5.058426856994629 
7.459476470947266 
8.71371078491211 
4.956617832183838 
5.171737194061279 
4.900200366973877 
5.041139125823975 
4.970221519470215 
5.012319087982178 
4.936401844024658 
6.530440330505371 
6.289731979370117 
5.570119857788086 
4.920923233032227 
5.151980876922607 
5.412620544433594 
5.029602527618408 
4.87937593460083 
6.010923385620117 
6.231983184814453 
4.896817684173584 
4.9395751953125 
5.321481227874756 
5.5287017822265625 
5.08377742767334 
5.121832847595215 
4.897649765014648 
4.8971123695373535 
6.12853479385376 
5.1447224617004395 
7.628544330596924 
5.221240997314453 
4.921797275543213 
5.130611896514893 
5.070287227630615 
5.0802388191223145 
4.980401039123535 
5.122194290161133 
4.862250328063965 
4.968466758728027 
5.01284646987915 
4.969154357910156 
5.558130741119385 
5.045867443084717 
5.147282600402832 
5.026489734649658 
4.96139669418335 
5.0166015625 
5.002979278564453 
5.397979736328125 
5.235743522644043 
5.32041072845459 
4.890463829040527 
5.09293794631958 
5.103119850158691 
6.80509090423584 
5.2043867111206055 
5.805050849914551 
5.207702159881592 
6.750682830810547 
4.911923885345459 
4.956440448760986 
6.106710910797119 
6.03532600402832 
5.360987663269043 
5.029860019683838 
5.046234607696533 
4.998656749725342 
6.054073810577393 
4.909616947174072 
5.537492752075195 
5.514898300170898 
5.08397102355957 
5.226865291595459 
5.245297908782959 
6.234933853149414 
5.071197509765625 
4.9475555419921875 
4.914480686187744 
5.072079658508301 
5.343689918518066 
5.8552961349487305 
5.140862464904785 
8.768632888793945 
5.224818229675293 
5.152751922607422 
5.021573066711426 
6.502251625061035 
4.952999591827393 
6.731435775756836 
4.927408695220947 
4.955989837646484 
4.97803258895874 
5.058485507965088 
7.140893936157227 
5.082788467407227 
5.437009334564209 
4.945894241333008 
4.922607421875 
4.921512603759766 
5.5872907638549805 
5.091654300689697 
4.9950714111328125 
4.977596759796143 
5.2803215980529785 
5.507663249969482 
4.926419258117676 
5.041747093200684 
4.9426655769348145 
4.923076152801514 
4.888975143432617 
4.938805103302002 
4.934963226318359 
4.99876070022583 
5.551679611206055 
5.14133358001709 
5.380216121673584 
5.5590691566467285 
5.05184268951416 
8.34600830078125 
5.021040916442871 
5.090607643127441 
4.975156784057617 
5.312158584594727 
4.945559024810791 
4.989375591278076 
7.977555274963379 
4.902717590332031 
5.100327014923096 
4.986780166625977 
5.109462738037109 
4.961349010467529 
6.055085182189941 
4.876567840576172 
5.113142967224121 
5.139734745025635 
4.949664115905762 
5.002294540405273 
4.914039611816406 
4.889643669128418 
5.343648910522461 
5.152698516845703 
4.990323066711426 
5.017229080200195 
5.119874954223633 
4.978282928466797 
6.236451148986816 
7.063145637512207 
5.275393486022949 
4.903237342834473 
4.91619873046875 
4.988049507141113 
6.136606216430664 
4.996683120727539 
8.041953086853027 
6.9855828285217285 
5.07181453704834 
5.017007350921631 
4.8833818435668945 
6.298690319061279 
5.133539199829102 
4.967255592346191 
6.9169464111328125 
7.437687873840332 
4.899205207824707 
5.598280906677246 
5.233540058135986 
5.125575542449951 
4.919002532958984 
4.967521667480469 
5.147994041442871 
5.5156636238098145 
5.586350917816162 
4.888184547424316 
5.572394371032715 
4.816776752471924 
5.327530860900879 
6.856577396392822 
5.830339431762695 
6.142671585083008 
4.897472381591797 
4.933088302612305 
5.4722900390625 
10.123117446899414 
4.997255325317383 
5.10408878326416 
5.006133079528809 
4.9835662841796875 
5.060864448547363 
5.190239906311035 
5.003025054931641 
6.237759590148926 
5.066644668579102 
4.874082565307617 
5.812368869781494 
7.778101921081543 
7.089090347290039 
5.096278190612793 
5.180516719818115 
4.894160270690918 
4.9790496826171875 
4.967617511749268 
5.01378059387207 
5.530695915222168 
5.141529083251953 
4.897988796234131 
5.086533069610596 
4.935444355010986 
4.873154640197754 
5.607597351074219 
4.969987869262695 
5.352416038513184 
4.961280345916748 
5.218995094299316 
5.629847526550293 
8.123479843139648 
5.002406597137451 
5.032835960388184 
8.264593124389648 
6.567193031311035 
4.866056442260742 
5.5878143310546875 
4.894371032714844 
5.0169901847839355 
5.1307172775268555 
5.100925445556641 
4.888466835021973 
4.889707565307617 
4.9632673263549805 
5.550055503845215 
4.910917282104492 
4.969205856323242 
5.338103294372559 
5.408449172973633 
4.972760200500488 
5.441270351409912 
4.895462989807129 
5.628723621368408 
4.841714382171631 
4.8975419998168945 
5.179447174072266 
7.284038066864014 
5.227362632751465 
4.850975036621094 
4.894171714782715 
4.948886871337891 
5.525479316711426 
7.271501541137695 
4.9502949714660645 
5.045246124267578 
4.938755989074707 
5.498739242553711 
7.066765308380127 
4.7833967208862305 
5.01210880279541 
6.335382461547852 
4.928976058959961 
4.983846664428711 
5.281368255615234 
4.995273590087891 
5.072516441345215 
4.991847038269043 
5.005754470825195 
4.937532424926758 
5.430733680725098 
4.905035018920898 
7.538374423980713 
5.094485282897949 
5.026435852050781 
4.970735549926758 
5.177621364593506 
4.894009590148926 
4.999483108520508 
5.021605014801025 
5.723665237426758 
4.924173355102539 
5.539956092834473 
7.132774829864502 
5.445542812347412 
5.0452752113342285 
5.016595840454102 
5.221821308135986 
4.951169967651367 
4.916625499725342 
5.046438217163086 
5.87305212020874 
4.88400936126709 
5.276105880737305 
5.090664386749268 
6.318543434143066 
5.324365615844727 
5.019285202026367 
4.869011878967285 
5.0095062255859375 
5.522808074951172 
7.011550426483154 
4.980631351470947 
5.140856742858887 
4.854466915130615 
5.243937015533447 
5.233304023742676 
5.149405479431152 
5.006421089172363 
4.928646087646484 
5.047878265380859 
8.488569259643555 
4.975438117980957 
4.953183650970459 
4.923421859741211 
6.035364627838135 
5.074162483215332 
6.4347124099731445 
5.007735729217529 
4.977075576782227 
6.36695671081543 
4.957095146179199 
4.750945091247559 
4.922905445098877 
5.050511837005615 
5.019035816192627 
5.007723331451416 
4.915988445281982 
5.631440162658691 
6.586215972900391 
5.194351673126221 
7.427326202392578 
5.202065944671631 
5.729194164276123 
4.9308247566223145 
5.041849613189697 
4.961558818817139 
6.866308212280273 
4.9802703857421875 
5.554934024810791 
5.394046306610107 
5.521419525146484 
7.725265026092529 
5.056952476501465 
4.807669639587402 
4.9769697189331055 
4.897223949432373 
4.976448059082031 
5.252925872802734 
5.248866081237793 
5.180245399475098 
5.0479278564453125 
5.529088497161865 
4.9071044921875 
5.04874324798584 
4.961437702178955 
5.9207658767700195 
5.199934959411621 
4.906373023986816 
5.016029357910156 
5.073993682861328 
5.243625640869141 
5.039041519165039 
6.833364963531494 
5.904363632202148 
5.023655414581299 
4.8896484375 
4.985355854034424 
5.046639919281006 
5.29485559463501 
8.151872634887695 
5.0263285636901855 
4.959512710571289 
5.057406425476074 
5.056802272796631 
5.024718284606934 
4.905484199523926 
5.0048651695251465 
4.9833807945251465 
7.969848155975342 
6.997290134429932 
5.225122451782227 
5.160634994506836 
8.074433326721191 
5.164708137512207 
7.832998275756836 
5.104084014892578 
5.031817436218262 
4.981375694274902 
4.960201263427734 
5.969794273376465 
4.938549995422363 
7.580976486206055 
4.996682167053223 
4.860037803649902 
7.048985958099365 
4.981450080871582 
5.996323585510254 
5.203524589538574 
5.112980842590332 
5.047721862792969 
5.135282516479492 
4.873265743255615 
4.915480613708496 
5.003364086151123 
5.499019622802734 
5.652544975280762 
7.73677921295166 
4.873579025268555 
5.18014669418335 
4.9137864112854 
5.205531120300293 
6.015947341918945 
4.854312896728516 
5.002433776855469 
5.090266227722168 
4.842008113861084 
5.472503662109375 
4.826473236083984 
4.968426704406738 
4.977053642272949 
5.151025772094727 
5.0604658126831055 
5.091090202331543 
4.900365352630615 
4.922964096069336 
5.083416938781738 
5.750065326690674 
5.535019874572754 
5.1394500732421875 
5.747292995452881 
5.308587074279785 
5.764860153198242 
4.953369617462158 
5.050087928771973 
5.209970474243164 
5.249234676361084 
5.143230438232422 
4.959649085998535 
5.845088958740234 
4.981427192687988 
5.033051490783691 
5.72038459777832 
6.065762042999268 
4.902400016784668 
7.443775177001953 
4.979482173919678 
4.973841667175293 
4.931859970092773 
5.980172157287598 
4.970134735107422 
4.946211814880371 
5.13641881942749 
4.933558464050293 
5.0535736083984375 
5.144582748413086 
5.056891441345215 
5.039441108703613 
5.012607574462891 
4.867604732513428 
4.86703634262085 
5.034948348999023 
4.872992515563965 
5.428900718688965 
6.461320877075195 
5.173314571380615 
4.960641860961914 
6.831205368041992 
4.837724685668945 
6.493577003479004 
4.962265491485596 
4.836381912231445 
4.965940475463867 
5.14314079284668 
5.419945240020752 
5.242955207824707 
4.944194793701172 
5.996730804443359 
4.9223246574401855 
5.112598419189453 
5.064399719238281 
5.01268196105957 
5.145609378814697 
6.748242378234863 
5.253848075866699 
5.878501892089844 
4.9896392822265625 
5.760414123535156 
6.378204345703125 
4.939621448516846 
5.171424865722656 
4.814173698425293 
5.1255950927734375 
4.912100791931152 
5.576766014099121 
5.127470970153809 
5.076478004455566 
5.0840911865234375 
4.909647464752197 
4.917242050170898 
4.924571990966797 
5.101988315582275 
4.962062835693359 
4.950319290161133 
5.9306535720825195 
4.978650093078613 
4.9415154457092285 
5.074026107788086 
5.33073616027832 
5.1727471351623535 
4.832850456237793 
5.191554069519043 
5.192842483520508 
4.886384963989258 
4.874216079711914 
5.04243278503418 
5.001439094543457 
6.942111015319824 
4.832223892211914 
5.281376838684082 
5.104274749755859 
4.928993225097656 
4.9913740158081055 
5.313657283782959 
5.581533432006836 
6.212184906005859 
5.899567604064941 
4.959479808807373 
7.896385192871094 
4.924230575561523 
5.223425388336182 
5.142836093902588 
8.566713333129883 
4.980013847351074 
4.96938419342041 
4.934281349182129 
5.2519659996032715 
4.986477375030518 
5.710391521453857 
5.036314010620117 
5.157072067260742 
5.472384452819824 
5.175366401672363 
5.012600421905518 
5.022385597229004 
4.92103910446167 
5.102194309234619 
4.860716819763184 
5.039278984069824 
6.742326736450195 
6.783308506011963 
5.376400470733643 
5.050021648406982 
4.960544109344482 
5.416952133178711 
4.962126731872559 
5.074714660644531 
7.947210788726807 
5.118386268615723 
5.193075180053711 
5.090807914733887 
5.007452011108398 
7.545721530914307 
5.305045127868652 
6.07878303527832 
5.323829650878906 
4.89022159576416 
5.38896369934082 
4.7602057456970215 
5.018150329589844 
6.691728591918945 
4.903200149536133 
4.958311080932617 
5.026988983154297 
4.918339729309082 
5.043826580047607 
4.904363632202148 
9.380630493164062 
4.930944919586182 
4.9413604736328125 
4.985316753387451 
5.080722808837891 
5.007438659667969 
4.957374572753906 
4.935262680053711 
5.459052085876465 
6.3132781982421875 
6.468811988830566 
5.17545223236084 
5.128837585449219 
5.07771110534668 
5.502159595489502 
5.059683322906494 
4.959210395812988 
5.018631458282471 
4.977663993835449 
6.119211196899414 
5.116828441619873 
4.975253105163574 
5.270811080932617 
5.035147666931152 
5.654448509216309 
9.050660133361816 
5.121873378753662 
4.951101303100586 
5.021921634674072 
4.858293533325195 
4.899169921875 
6.267981052398682 
4.918343544006348 
5.028745174407959 
4.994796276092529 
4.926667213439941 
5.049060344696045 
4.903758525848389 
4.827857971191406 
5.003811359405518 
5.066122055053711 
5.492579460144043 
6.7059478759765625 
4.945317268371582 
4.846610069274902 
4.912259578704834 
5.078902721405029 
7.13725471496582 
5.135530471801758 
4.8945488929748535 
6.317849636077881 
4.9509477615356445 
4.923433303833008 
5.568765163421631 
5.235104560852051 
7.198183059692383 
5.5302510261535645 
5.02995491027832 
5.1558122634887695 
4.961643218994141 
5.036667346954346 
4.945553779602051 
5.109490394592285 
5.407123565673828 
6.901694297790527 
4.996856212615967 
5.067834377288818 
4.9494428634643555 
4.886292457580566 
5.171205520629883 
4.928671360015869 
4.948832035064697 
5.1566267013549805 
5.0236992835998535 
5.056052207946777 
5.048655033111572 
5.024275779724121 
5.029725551605225 
5.009515285491943 
5.409018039703369 
5.148709297180176 
4.961161136627197 
5.372169494628906 
4.908681392669678 
5.147736549377441 
5.598288536071777 
4.973217964172363 
6.993927001953125 
5.0563507080078125 
5.016895294189453 
5.283108711242676 
4.990009307861328 
4.941160202026367 
4.92646598815918 
5.835541725158691 
5.014072895050049 
5.907718658447266 
5.089674472808838 
4.9387969970703125 
4.902345657348633 
4.959408283233643 
5.052462577819824 
7.976210594177246 
5.381228446960449 
5.117590427398682 
4.941489219665527 
5.006805419921875 
4.948517322540283 
5.139842987060547 
4.835810661315918 
5.054013252258301 
5.838261127471924 
5.0367584228515625 
4.852348327636719 
7.937492847442627 
5.47031307220459 
4.937300682067871 
5.15799617767334 
6.43427038192749 
6.717254161834717 
5.89688777923584 
5.025975227355957 
5.044864654541016 
5.0083699226379395 
6.004155158996582 
4.96207332611084 
6.987570762634277 
5.1289753913879395 
5.182618618011475 
4.9201812744140625 
5.225902557373047 
4.9898762702941895 
5.502985954284668 
4.893187046051025 
5.693689346313477 
5.063534259796143 
5.682350158691406 
4.878367900848389 
4.975481986999512 
5.022261142730713 
5.31997537612915 
4.965814590454102 
5.8586883544921875 
5.353485584259033 
5.0630998611450195 
5.306684970855713 
4.957602500915527 
4.951878547668457 
4.918816089630127 
6.403730392456055 
5.004273414611816 
4.9500651359558105 
8.8452730178833 
5.192453861236572 
4.89170503616333 
7.231986045837402 
7.394575595855713 
5.405884742736816 
6.177156448364258 
5.09218692779541 
4.936383247375488 
4.945341110229492 
5.039595127105713 
4.946313381195068 
5.1485114097595215 
4.959969520568848 
6.23151159286499 
4.910701751708984 
5.870351791381836 
5.222950458526611 
7.846970081329346 
4.955306529998779 
4.87324857711792 
5.057064056396484 
5.04041862487793 
5.9161248207092285 
4.894713401794434 
7.788248062133789 
5.270831108093262 
5.400495529174805 
4.935871124267578 
4.918267250061035 
5.274373531341553 
5.0153093338012695 
4.990059852600098 
4.988960266113281 
4.998224258422852 
4.92097282409668 
4.933141231536865 
5.981287956237793 
4.933664798736572 
4.983242034912109 
5.120007514953613 
4.9803595542907715 
5.558873653411865 
4.981005668640137 
4.991111755371094 
5.65778923034668 
5.039003849029541 
7.4803056716918945 
5.330521106719971 
5.828726291656494 
4.9246439933776855 
4.9847917556762695 
5.140133380889893 
4.94435977935791 
4.967667102813721 
5.04444694519043 
5.495404243469238 
5.989021301269531 
5.119911193847656 
4.9776611328125 
4.987884521484375 
5.836267471313477 
4.9642791748046875 
4.856464862823486 
5.115960121154785 
4.957962512969971 
4.904788970947266 
6.218470573425293 
5.019771575927734 
6.600010871887207 
6.657963752746582 
4.929699420928955 
4.98043966293335 
4.985631942749023 
4.972212791442871 
4.993527412414551 
5.414128303527832 
4.991515159606934 
5.03135871887207 
5.20332145690918 
5.028026580810547 
5.122269630432129 
5.4240264892578125 
6.071048259735107 
5.049835205078125 
4.95686149597168 
5.026997089385986 
4.947322845458984 
5.63700532913208 
4.829038619995117 
4.9904680252075195 
7.649637222290039 
6.476917266845703 
6.638169288635254 
6.123959541320801 
5.105652809143066 
4.882420539855957 
5.076310157775879 
5.05418062210083 
6.009433746337891 
4.929058074951172 
4.990806579589844 
5.074923515319824 
6.130800247192383 
4.880404472351074 
8.23769760131836 
4.934469223022461 
5.344310760498047 
5.095139503479004 
5.03992223739624 
5.050826072692871 
4.869326591491699 
5.075131416320801 
4.828922748565674 
4.89467716217041 
5.102743148803711 
4.8715620040893555 
5.322458267211914 
6.606945037841797 
5.251214981079102 
5.519889831542969 
6.200586318969727 
6.828979969024658 
4.980062484741211 
5.015909194946289 
5.089629173278809 
5.037086009979248 
4.823452949523926 
5.1560564041137695 
4.970844745635986 
4.972653388977051 
5.008055686950684 
4.915337562561035 
4.998004913330078 
4.9434332847595215 
7.418618202209473 
5.065030574798584 
5.007993698120117 
4.941489219665527 
6.608468055725098 
5.001180648803711 
7.148367881774902 
6.866199493408203 
4.950597286224365 
5.051063537597656 
5.599937438964844 
6.120828628540039 
5.075140953063965 
5.007922172546387 
5.851747989654541 
4.896772384643555 
6.008259296417236 
6.300417423248291 
5.767254829406738 
4.993000030517578 
4.894974708557129 
4.929161071777344 
4.842528343200684 
4.987878799438477 
4.94305419921875 
4.9953765869140625 
4.896519660949707 
4.956249237060547 
4.718132019042969 
5.045309066772461 
4.9698166847229 
4.976749420166016 
5.371868133544922 
6.90057373046875 
4.961284637451172 
5.771420001983643 
5.027346611022949 
4.879633903503418 
5.35198974609375 
5.093403339385986 
5.06784725189209 
5.029078483581543 
6.987222671508789 
5.009295463562012 
4.98557710647583 
5.069127082824707 
4.76373291015625 
4.97220516204834 
4.94285774230957 
8.223860740661621 
6.057312965393066 
4.968720436096191 
4.99152946472168 
7.786843776702881 
7.82028865814209 
5.283815383911133 
5.031577110290527 
4.99326229095459 
7.393233299255371 
6.280333042144775 
5.005338668823242 
5.097878456115723 
5.158943176269531 
5.480587005615234 
4.979340553283691 
5.081258773803711 
5.035130500793457 
4.880711555480957 
4.986945629119873 
5.235618591308594 
6.763692378997803 
5.545856475830078 
5.52295446395874 
8.983614921569824 
6.883792877197266 
4.79505729675293 
5.034942626953125 
5.590559959411621 
4.873889446258545 
4.899558067321777 
5.334665775299072 
5.172453880310059 
5.005696773529053 
4.984320640563965 
4.994868755340576 
5.074374675750732 
5.056056022644043 
4.9247846603393555 
8.396918296813965 
5.151141166687012 
4.9749369621276855 
4.8945512771606445 
5.688265800476074 
4.93530797958374 
8.112594604492188 
4.861278057098389 
5.067086219787598 
5.157174110412598 
4.83151912689209 
5.651538848876953 
5.6216044425964355 
4.884944915771484 
4.989780902862549 
6.46781063079834 
5.1645002365112305 
5.4688401222229 
7.1851911544799805 
5.573221683502197 
5.318027496337891 
4.9604973793029785 
7.047585487365723 
5.220547676086426 
4.95629358291626 
5.076900482177734 
7.254573822021484 
4.992884635925293 
5.013397216796875 
4.911625862121582 
4.949763298034668 
5.1828460693359375 
5.117212295532227 
5.012228012084961 
5.76549768447876 
6.992643356323242 
4.8944292068481445 
4.868470191955566 
5.08658504486084 
4.931002616882324 
6.051279067993164 
5.150114059448242 
5.035497665405273 
5.040860176086426 
5.482624053955078 
5.080541610717773 
4.793676376342773 
4.982943534851074 
5.047929763793945 
4.959545135498047 
4.857614517211914 
6.936988353729248 
4.8764872550964355 
4.916420936584473 
5.02414083480835 
4.848263740539551 
4.850100040435791 
5.04226541519165 
4.928051948547363 
4.948349952697754 
5.0217485427856445 
5.0252180099487305 
4.977207660675049 
5.533195495605469 
5.063013076782227 
4.96444034576416 
5.771108627319336 
5.228082656860352 
4.907671928405762 
5.081790924072266 
5.011684417724609 
4.965389251708984 
5.218291759490967 
5.705105781555176 
4.966936111450195 
4.975634574890137 
5.135742664337158 
5.148237228393555 
6.305222988128662 
4.8528151512146 
6.146395683288574 
5.816744804382324 
4.9631805419921875 
5.071840286254883 
4.92099666595459 
5.05233907699585 
8.03553581237793 
5.58824348449707 
4.959834098815918 
4.9333391189575195 
5.939846038818359 
8.67874526977539 
4.894595623016357 
5.096583366394043 
9.857954978942871 
5.080248832702637 
5.0035600662231445 
5.562722682952881 
4.966205596923828 
4.844091892242432 
4.936895847320557 
5.3434624671936035 
6.701366424560547 
5.030834197998047 
5.220785617828369 
5.054965019226074 
4.971858978271484 
6.100656032562256 
5.512205123901367 
5.085580825805664 
6.656557083129883 
5.223845481872559 
8.492155075073242 
7.382615089416504 
4.938961029052734 
5.021795272827148 
5.175694465637207 
4.903076171875 
4.912797451019287 
5.83653450012207 
5.271316051483154 
5.486259460449219 
4.986806392669678 
5.0802435874938965 
5.5905232429504395 
4.940579414367676 
4.895625591278076 
5.237374305725098 
5.090625762939453 
4.97422981262207 
4.964771270751953 
5.228773593902588 
7.867964744567871 
5.010765075683594 
5.135963439941406 
4.844999313354492 
5.2637810707092285 
6.135541915893555 
5.338876724243164 
6.480269908905029 
4.963171482086182 
8.317893981933594 
5.028510570526123 
5.019534111022949 
6.504758358001709 
5.152745723724365 
5.003089904785156 
5.009149551391602 
4.921753883361816 
5.410941123962402 
4.971452236175537 
6.734406471252441 
7.701232433319092 
5.950256824493408 
5.068765640258789 
6.745595932006836 
5.276058673858643 
5.080714225769043 
7.418186664581299 
4.912099361419678 
4.978514671325684 
4.901849746704102 
5.287421703338623 
5.01399564743042 
5.359504222869873 
5.058114528656006 
4.901348114013672 
5.020588397979736 
4.904763221740723 
4.970705032348633 
5.0152740478515625 
5.0093536376953125 
5.019121170043945 
4.952053070068359 
5.097162246704102 
5.552735805511475 
5.4669976234436035 
5.7535247802734375 
4.830982208251953 
5.012101650238037 
5.007208347320557 
4.999140739440918 
5.674062728881836 
5.180802345275879 
5.776732444763184 
5.0967512130737305 
5.014361381530762 
5.1466193199157715 
5.36942195892334 
4.972993850708008 
5.059094429016113 
5.023770332336426 
4.977936744689941 
5.8087334632873535 
4.8634185791015625 
4.950536727905273 
4.878358840942383 
5.008031845092773 
4.817226409912109 
4.9660234451293945 
5.041593551635742 
5.662056922912598 
5.138755798339844 
5.0069708824157715 
4.9149675369262695 
5.0477800369262695 
4.956729888916016 
5.370174407958984 
5.075042247772217 
6.092024803161621 
5.328316688537598 
6.654817581176758 
4.983112335205078 
5.406888961791992 
4.887228965759277 
4.891902446746826 
4.974240303039551 
5.164722442626953 
5.003318786621094 
5.1557087898254395 
4.9724016189575195 
5.037602424621582 
4.979652404785156 
5.027644157409668 
5.061100006103516 
5.725640296936035 
4.879805564880371 
5.257740020751953 
5.0618896484375 
5.00105094909668 
5.015298366546631 
4.993804931640625 
4.892776012420654 
4.879015922546387 
5.1649169921875 
5.1923017501831055 
4.966212749481201 
5.127309799194336 
5.091740608215332 
5.017895698547363 
5.056526184082031 
4.981158256530762 
6.276660919189453 
4.940637588500977 
4.939538478851318 
4.959506034851074 
5.109530925750732 
4.908514499664307 
5.497330665588379 
4.98140811920166 
9.353804588317871 
4.897025108337402 
4.926685333251953 
4.878779888153076 
4.9818315505981445 
5.996074676513672 
5.308960914611816 
5.108832836151123 
5.008923530578613 
4.807852745056152 
5.280611515045166 
4.8806071281433105 
4.931999206542969 
8.296889305114746 
4.890311241149902 
5.076622009277344 
5.807640075683594 
5.177292823791504 
4.936835289001465 
5.4253950119018555 
6.521243572235107 
5.058624267578125 
5.03054141998291 
5.145267009735107 
5.075861930847168 
4.900062561035156 
4.963221549987793 
4.945091247558594 
5.914039611816406 
5.298994541168213 
5.681922435760498 
4.915317535400391 
5.041208267211914 
5.314654350280762 
5.148011207580566 
5.0070977210998535 
5.1440815925598145 
4.895236015319824 
5.17469596862793 
5.073056697845459 
8.248077392578125 
5.200013637542725 
5.216249465942383 
4.9616241455078125 
4.969645023345947 
5.0913543701171875 
4.970799922943115 
4.845775604248047 
4.892661094665527 
4.9245429039001465 
4.908175945281982 
4.957590103149414 
5.063978672027588 
6.8968048095703125 
4.943316459655762 
5.2075676918029785 
5.004252910614014 
5.3570756912231445 
4.976258277893066 
5.592021942138672 
5.142855167388916 
5.823082447052002 
5.410129547119141 
7.576281547546387 
5.1551666259765625 
4.943315029144287 
4.872239112854004 
5.003179550170898 
5.178017616271973 
5.1423659324646 
5.447200775146484 
4.883090972900391 
4.68016242980957 
5.300688743591309 
4.980618476867676 
5.0599870681762695 
5.457189559936523 
5.147765159606934 
5.139220237731934 
5.349295616149902 
5.226874351501465 
5.725587844848633 
6.706910610198975 
5.1521897315979 
5.535796165466309 
4.987722396850586 
4.924683570861816 
4.926141738891602 
5.1089019775390625 
5.123146057128906 
4.928171634674072 
4.940362453460693 
5.003899097442627 
6.45328950881958 
4.955356121063232 
4.9938507080078125 
4.9144816398620605 
5.413675308227539 
4.9031982421875 
6.347141742706299 
6.47553014755249 
4.984925270080566 
4.951141357421875 
5.675227165222168 
5.741046905517578 
6.044892311096191 
8.807344436645508 
5.4658331871032715 
5.052343368530273 
4.906211853027344 
5.353708267211914 
5.337220191955566 
4.9496283531188965 
5.6375732421875 
5.012657165527344 
5.036984443664551 
5.0110764503479 
4.9055399894714355 
5.655084133148193 
4.947151184082031 
5.120630741119385 
5.267583847045898 
5.029571056365967 
4.903604507446289 
5.8860273361206055 
4.986866474151611 
4.925077438354492 
5.900552749633789 
6.616955757141113 
5.259917736053467 
7.667574882507324 
5.020171165466309 
4.913452625274658 
6.251731872558594 
5.004728317260742 
5.321728706359863 
5.15891170501709 
5.058193206787109 
5.791806221008301 
5.262940406799316 
5.695046901702881 
4.949843883514404 
6.051334857940674 
4.96987247467041 
4.960480690002441 
4.862387180328369 
5.138444423675537 
5.108989715576172 
5.054351329803467 
6.866374969482422 
4.898374080657959 
5.360957145690918 
5.03327751159668 
5.214705467224121 
4.951810359954834 
5.026926040649414 
4.913054466247559 
6.7674055099487305 
4.995305061340332 
5.126612663269043 
5.578103065490723 
5.020353317260742 
4.980906963348389 
5.216864585876465 
5.031893730163574 
5.356431484222412 
6.841935157775879 
4.849872589111328 
5.008462429046631 
5.186857223510742 
4.997319221496582 
5.006038665771484 
4.997764587402344 
5.479065895080566 
5.352983474731445 
5.0422186851501465 
6.009507179260254 
5.0831756591796875 
5.157757759094238 
5.151614665985107 
5.128731727600098 
4.985813140869141 
4.9113450050354 
5.755241394042969 
5.023995399475098 
5.326473236083984 
5.101039886474609 
4.967105865478516 
5.1931867599487305 
7.222352027893066 
4.901298522949219 
4.953428745269775 
5.555442810058594 
5.279855728149414 
4.903214931488037 
8.160346984863281 
4.928979873657227 
5.431977272033691 
9.288475036621094 
5.223898887634277 
5.778713226318359 
5.052891731262207 
4.933302402496338 
5.048472881317139 
4.9569807052612305 
5.044938087463379 
4.930291175842285 
5.2891130447387695 
6.610634803771973 
7.180404186248779 
4.990837097167969 
4.8911261558532715 
4.944897651672363 
5.207040786743164 
4.996783256530762 
4.955600738525391 
5.013861656188965 
4.912954807281494 
6.581902027130127 
4.906563758850098 
5.010113716125488 
5.0148162841796875 
5.019251346588135 
5.727880954742432 
5.10334587097168 
5.007526397705078 
5.049073696136475 
5.407362461090088 
4.940174102783203 
5.967756271362305 
6.072426795959473 
5.235852241516113 
5.163944244384766 
4.88546085357666 
4.973865032196045 
5.068150520324707 
4.911486625671387 
5.015058994293213 
6.708976745605469 
5.355879783630371 
8.207298278808594 
5.358246803283691 
5.06988525390625 
5.6016035079956055 
4.945034980773926 
4.9189863204956055 
5.045084476470947 
5.098458290100098 
4.965438365936279 
6.353736877441406 
4.984878063201904 
4.9222002029418945 
5.093295097351074 
7.124818801879883 
6.403326034545898 
4.980572700500488 
5.186993598937988 
6.991642475128174 
5.119865417480469 
5.876365661621094 
6.478894233703613 
7.901761054992676 
5.058511734008789 
5.501270294189453 
5.039266586303711 
4.8730363845825195 
5.0446953773498535 
5.349374294281006 
5.0221757888793945 
6.295222282409668 
4.842533111572266 
5.79434871673584 
5.082995891571045 
5.962711334228516 
5.535157680511475 
6.415098190307617 
4.988542079925537 
4.901125907897949 
4.916825294494629 
4.968319892883301 
4.998612403869629 
5.203394889831543 
5.30610990524292 
6.688305854797363 
4.942010879516602 
4.952329158782959 
5.424654960632324 
5.03117561340332 
4.9910759925842285 
4.960936069488525 
4.941908836364746 
5.529297828674316 
6.731349468231201 
4.89763069152832 
4.901561260223389 
4.915436267852783 
4.9137983322143555 
5.697049140930176 
5.003182411193848 
6.091528415679932 
6.2840118408203125 
5.078042030334473 
6.96457576751709 
5.152552604675293 
5.026065349578857 
5.012269020080566 
5.965412616729736 
5.042344093322754 
5.224611282348633 
5.522346496582031 
5.792025566101074 
5.059658050537109 
5.0689191818237305 
6.379604339599609 
4.81974458694458 
5.084648132324219 
4.949319839477539 
6.468360900878906 
5.310504913330078 
7.543100357055664 
4.958056449890137 
5.017536163330078 
5.012271881103516 
5.06403923034668 
6.479499816894531 
5.332853317260742 
5.051698684692383 
4.946579933166504 
4.886788368225098 
7.100168228149414 
5.321255683898926 
5.261521816253662 
5.014904499053955 
4.7861480712890625 
4.780386447906494 
5.5392961502075195 
6.652116775512695 
5.180322647094727 
4.974177837371826 
5.086318016052246 
5.075011253356934 
5.22613525390625 
5.581281661987305 
4.871049404144287 
4.979930400848389 
5.101102828979492 
4.933170318603516 
4.8550872802734375 
7.0417633056640625 
5.650708198547363 
4.888405799865723 
5.047565460205078 
5.362116813659668 
6.409467697143555 
5.440849781036377 
4.961352825164795 
4.941007614135742 
5.230807781219482 
5.066277503967285 
4.863040924072266 
5.315698146820068 
4.931806564331055 
4.935867786407471 
5.05686092376709 
5.076180458068848 
8.684810638427734 
4.973742485046387 
4.947096824645996 
5.104910850524902 
5.522212505340576 
5.602060317993164 
4.8935394287109375 
6.222630023956299 
4.924895286560059 
8.586454391479492 
4.951324462890625 
5.093132972717285 
4.913909912109375 
6.200123310089111 
4.97698974609375 
5.036063194274902 
5.201245307922363 
5.153832912445068 
5.088749885559082 
5.02956485748291 
5.083033561706543 
6.178340435028076 
5.238397598266602 
4.966361045837402 
5.548732757568359 
4.9671525955200195 
5.548645973205566 
5.151702880859375 
6.01678466796875 
5.087072372436523 
5.0289530754089355 
5.002440452575684 
5.086589336395264 
5.062658786773682 
4.958281517028809 
4.988101482391357 
4.855212211608887 
6.632824897766113 
5.12765645980835 
5.113039493560791 
5.297911643981934 
4.907889366149902 
4.880005836486816 
4.929416179656982 
4.899628639221191 
6.958595275878906 
4.949690818786621 
7.387785911560059 
4.862154006958008 
5.909034252166748 
4.766778469085693 
5.053835391998291 
5.501016616821289 
4.969694137573242 
7.924908638000488 
4.93076229095459 
5.493826866149902 
5.109732627868652 
4.813837051391602 
5.056975364685059 
5.020605564117432 
4.984489440917969 
4.960171222686768 
4.939417839050293 
4.922417163848877 
4.77924919128418 
5.753643035888672 
5.849747180938721 
5.016626358032227 
4.9282636642456055 
5.442634105682373 
7.179771900177002 
6.517123222351074 
5.042200088500977 
4.9247941970825195 
4.881147384643555 
4.924887657165527 
4.978083610534668 
4.8350067138671875 
4.90439510345459 
5.0433268547058105 
5.097034931182861 
5.135140895843506 
7.148621559143066 
4.883591175079346 
5.0520853996276855 
6.6141204833984375 
5.005237102508545 
4.8998260498046875 
7.155399322509766 
4.9869585037231445 
4.908048152923584 
4.892553329467773 
5.0589985847473145 
4.994281768798828 
5.1790995597839355 
5.2782368659973145 
4.98710823059082 
4.984224319458008 
4.837549209594727 
5.152233123779297 
5.235560417175293 
5.037954807281494 
5.073654651641846 
4.935120105743408 
4.9263529777526855 
5.925534248352051 
4.900374412536621 
4.9474945068359375 
6.71086311340332 
5.124600887298584 
5.17530632019043 
7.110664367675781 
5.539125442504883 
4.933292865753174 
4.988984107971191 
4.936007499694824 
5.188371181488037 
4.9798078536987305 
7.871921062469482 
5.133288860321045 
4.958235740661621 
5.035912990570068 
4.924871444702148 
8.419573783874512 
5.806642055511475 
6.922238349914551 
5.087570667266846 
4.979907512664795 
5.108515739440918 
4.960129737854004 
8.41128921508789 
5.218120574951172 
5.008543968200684 
5.645773410797119 
7.729732990264893 
4.9938459396362305 
4.964108467102051 
4.987476348876953 
5.131956577301025 
5.840883731842041 
5.369685173034668 
4.8775248527526855 
4.988107204437256 
4.997027397155762 
4.982154846191406 
6.123510837554932 
5.085775375366211 
4.965087890625 
4.993351936340332 
4.946062088012695 
5.149261951446533 
5.042274475097656 
5.093008041381836 
4.941827297210693 
5.3855509757995605 
6.641083717346191 
5.856942176818848 
5.249835014343262 
4.86564302444458 
4.953493595123291 
5.079233169555664 
5.192872524261475 
5.0151286125183105 
4.9888410568237305 
5.151567459106445 
4.960058212280273 
7.0157270431518555 
5.195259094238281 
5.094183444976807 
5.1669745445251465 
4.987659931182861 
4.91361141204834 
5.307794570922852 
5.21859884262085 
5.004093647003174 
4.931324005126953 
4.79521369934082 
5.129837989807129 
5.6559553146362305 
5.059608459472656 
7.891432762145996 
4.906618595123291 
5.004280090332031 
4.892950057983398 
4.921977996826172 
4.989902496337891 
4.992108345031738 
4.915853500366211 
5.166032791137695 
6.1014604568481445 
7.479053020477295 
4.9148054122924805 
5.020540237426758 
4.896127700805664 
5.808842658996582 
5.461104393005371 
5.0777812004089355 
4.948939800262451 
4.9568891525268555 
4.926051616668701 
4.904866695404053 
5.156375885009766 
4.973348617553711 
5.094074726104736 
4.985386848449707 
5.063499927520752 
5.060599327087402 
5.002720832824707 
5.216875076293945 
5.061884880065918 
4.976614952087402 
5.110852241516113 
4.979375839233398 
5.029108047485352 
5.64858341217041 
5.164981365203857 
5.062292098999023 
4.944159507751465 
5.05387020111084 
6.408113479614258 
5.010171413421631 
4.98130989074707 
5.484094142913818 
5.73663330078125 
6.229835510253906 
6.089411735534668 
4.97800874710083 
4.9846696853637695 
5.063350677490234 
4.841652870178223 
6.013959884643555 
4.9908037185668945 
5.455042839050293 
5.020579814910889 
5.095056056976318 
5.046550750732422 
5.527936935424805 
4.99265193939209 
6.496270179748535 
7.198672294616699 
5.0499267578125 
8.879251480102539 
4.927597522735596 
4.943731784820557 
5.373573303222656 
5.031678676605225 
4.938526630401611 
5.14085578918457 
5.283398628234863 
5.914643287658691 
5.033913612365723 
4.995261192321777 
4.91979455947876 
5.183210372924805 
4.91717004776001 
6.279294967651367 
5.138437271118164 
4.948553085327148 
4.951685428619385 
5.048013687133789 
5.731232643127441 
4.952995777130127 
8.320645332336426 
4.903036117553711 
5.521605491638184 
4.957343101501465 
5.013130187988281 
5.033424377441406 
4.9871673583984375 
5.663308143615723 
4.966245651245117 
4.909637451171875 
4.99277400970459 
5.204546928405762 
4.947488307952881 
5.154725551605225 
5.459003925323486 
7.805534839630127 
5.594414710998535 
5.083477020263672 
4.883086204528809 
4.843938827514648 
4.962498664855957 
5.267125129699707 
4.967288017272949 
6.116133689880371 
5.308938980102539 
4.907649040222168 
4.985767364501953 
6.508614540100098 
5.23221492767334 
4.948633193969727 
5.035317420959473 
5.098319053649902 
5.077075004577637 
4.993817329406738 
6.048517227172852 
4.942338943481445 
5.141119003295898 
4.97331428527832 
8.608195304870605 
7.263137340545654 
4.956000328063965 
4.9141740798950195 
4.9480485916137695 
4.89894962310791 
4.7956438064575195 
5.085502624511719 
4.8316450119018555 
4.9564008712768555 
7.751611709594727 
5.033116340637207 
5.158223628997803 
4.960633277893066 
5.000807285308838 
5.482330322265625 
5.085894584655762 
5.869452476501465 
5.8720703125 
4.878227233886719 
5.1142168045043945 
5.016096115112305 
5.002778053283691 
5.196476459503174 
5.20714807510376 
4.978126049041748 
5.912334442138672 
5.2917070388793945 
5.407049655914307 
7.994548797607422 
5.5879387855529785 
8.799755096435547 
4.92197322845459 
4.866954803466797 
5.413122177124023 
4.918805122375488 
4.975336074829102 
5.432310104370117 
4.8964762687683105 
5.738432884216309 
5.803927421569824 
5.172749996185303 
4.955936908721924 
5.0406904220581055 
4.972078800201416 
6.967232704162598 
4.86944580078125 
4.904876232147217 
5.182641983032227 
7.048358917236328 
4.957291603088379 
4.918303489685059 
5.770240306854248 
5.095816135406494 
5.323803901672363 
6.303266525268555 
6.2255401611328125 
5.001373767852783 
4.97305154800415 
5.18579626083374 
4.9485368728637695 
5.010554313659668 
5.061757564544678 
4.906335830688477 
5.031891822814941 
5.107537269592285 
4.836848258972168 
5.9830427169799805 
4.913866996765137 
4.9203901290893555 
5.486497402191162 
7.029416084289551 
4.896082878112793 
6.079126358032227 
4.962717056274414 
5.415644645690918 
4.956537246704102 
4.949146747589111 
4.925614356994629 
5.468156337738037 
6.121291160583496 
4.891993522644043 
5.150920867919922 
5.982924461364746 
5.223011016845703 
5.281857490539551 
5.063916206359863 
4.8198699951171875 
4.9247894287109375 
6.08993673324585 
5.068687915802002 
4.963903427124023 
4.998085975646973 
6.267975330352783 
4.983521938323975 
5.006174087524414 
5.720329284667969 
4.902398586273193 
4.858747959136963 
4.866150379180908 
4.926241874694824 
5.995894908905029 
4.889070510864258 
4.891573905944824 
5.072926998138428 
5.027976036071777 
5.025576591491699 
5.020763397216797 
4.904667854309082 
6.730762004852295 
6.001861095428467 
4.963984489440918 
4.938869476318359 
6.040362358093262 
4.8576812744140625 
5.29904842376709 
7.537688255310059 
4.962210655212402 
5.157339096069336 
4.925041198730469 
4.91377067565918 
8.047286987304688 
5.798328876495361 
5.174938201904297 
8.198585510253906 
4.90462064743042 
5.942339897155762 
7.043779373168945 
4.939551830291748 
5.388711929321289 
5.039709568023682 
7.449591159820557 
4.878074645996094 
4.996800422668457 
4.983150959014893 
5.019850254058838 
8.440803527832031 
7.837399482727051 
8.13222885131836 
5.102053642272949 
5.033989906311035 
4.979854106903076 
5.057426929473877 
4.898000717163086 
4.8679585456848145 
4.900825500488281 
4.976365089416504 
5.1094136238098145 
4.9521989822387695 
7.630891799926758 
6.699568748474121 
5.22305965423584 
5.062259197235107 
5.066669464111328 
4.998162269592285 
5.377441883087158 
6.94149112701416 
5.427287578582764 
4.849534034729004 
4.8657331466674805 
5.672445297241211 
7.30766487121582 
4.947724342346191 
5.060647010803223 
4.977062225341797 
5.055983066558838 
4.9665141105651855 
6.95614767074585 
5.55841064453125 
5.028684616088867 
5.287618160247803 
7.2826433181762695 
5.2470622062683105 
5.106387615203857 
8.088647842407227 
6.041059494018555 
5.100066184997559 
4.992007255554199 
5.2283453941345215 
5.2753143310546875 
4.8892107009887695 
4.919731140136719 
4.956697463989258 
5.025284767150879 
6.68339729309082 
4.964925765991211 
4.941434383392334 
5.391942501068115 
5.031755447387695 
5.009634017944336 
5.003398895263672 
6.378846645355225 
6.423836708068848 
4.999926567077637 
5.196943283081055 
4.933196067810059 
5.024735450744629 
4.992264747619629 
5.1053996086120605 
6.588405609130859 
5.260145664215088 
5.019519805908203 
5.024737358093262 
7.452856063842773 
5.364023208618164 
5.068718433380127 
4.992276191711426 
6.864813327789307 
5.075952529907227 
4.935322284698486 
5.032288551330566 
5.179478645324707 
4.973980903625488 
4.990365028381348 
5.047701835632324 
5.5888590812683105 
5.422023773193359 
6.895270347595215 
5.60187292098999 
5.00398063659668 
5.018284797668457 
4.938567161560059 
5.782896518707275 
5.529372215270996 
4.949125289916992 
5.0214948654174805 
6.809351921081543 
5.044463157653809 
6.402602195739746 
4.934572696685791 
4.972448348999023 
6.2527666091918945 
4.983300685882568 
4.981753349304199 
4.844078063964844 
6.5862298011779785 
5.0068817138671875 
6.605881690979004 
5.758848190307617 
5.971779823303223 
8.645181655883789 
5.024111747741699 
4.932636737823486 
4.953799724578857 
5.230646133422852 
6.166851043701172 
5.146451950073242 
4.9405012130737305 
5.2139129638671875 
9.587824821472168 
5.843583106994629 
5.012528419494629 
4.933086395263672 
4.9849958419799805 
7.337889671325684 
5.307230472564697 
4.921041488647461 
5.012270450592041 
5.017440319061279 
4.9323272705078125 
5.0511322021484375 
5.525088310241699 
5.082868576049805 
5.320504665374756 
4.784629821777344 
4.979785442352295 
5.105494022369385 
5.053237438201904 
4.944363594055176 
5.297680377960205 
10.577306747436523 
7.003271102905273 
5.2701005935668945 
5.128212928771973 
5.540491580963135 
5.413248062133789 
5.3161420822143555 
4.964443683624268 
5.66267204284668 
5.050528526306152 
5.530188083648682 
5.1985063552856445 
9.35156536102295 
5.066397666931152 
4.899758815765381 
5.370643138885498 
4.988410949707031 
5.147777080535889 
5.479806900024414 
5.09345817565918 
4.965306282043457 
5.750011444091797 
5.186985492706299 
6.954076766967773 
4.902120590209961 
5.441987991333008 
4.894668102264404 
7.491328239440918 
5.2757182121276855 
4.975733757019043 
4.993618011474609 
4.946468353271484 
4.973974227905273 
4.980259895324707 
4.98684024810791 
4.881983757019043 
5.013500213623047 
5.120305061340332 
5.293680191040039 
5.31923770904541 
5.1027374267578125 
5.41929817199707 
5.555249214172363 
4.963727951049805 
5.382999420166016 
4.964567184448242 
5.378566741943359 
4.970911502838135 
4.8726348876953125 
5.0403337478637695 
8.19440746307373 
5.283578872680664 
5.36319637298584 
5.243497848510742 
4.9543609619140625 
6.500758171081543 
4.946799278259277 
5.6133222579956055 
4.8206682205200195 
7.090911865234375 
5.1197733879089355 
5.0168046951293945 
5.093252182006836 
5.125450611114502 
4.900479316711426 
5.220117568969727 
7.218365669250488 
5.497249603271484 
5.099905967712402 
5.633434295654297 
5.108436584472656 
4.9497175216674805 
4.837090492248535 
5.082459449768066 
5.0049896240234375 
4.949531555175781 
7.217892169952393 
7.153406143188477 
4.92435884475708 
5.118410110473633 
6.287618160247803 
6.3113179206848145 
4.860678672790527 
4.916801452636719 
5.1587605476379395 
5.201145172119141 
5.243494987487793 
5.66856575012207 
5.650367259979248 
4.980111598968506 
4.926720142364502 
5.841657638549805 
5.097489356994629 
5.5541534423828125 
5.177461624145508 
5.543399810791016 
7.238188743591309 
4.951830863952637 
5.079902648925781 
5.383299827575684 
4.905988693237305 
5.097198486328125 
5.387135028839111 
5.421783924102783 
5.072210311889648 
4.998575210571289 
6.873235702514648 
5.074548244476318 
5.043957233428955 
5.016475677490234 
5.942349433898926 
8.98324203491211 
5.233006000518799 
4.926904678344727 
4.933398246765137 
7.504330635070801 
4.933585166931152 
7.10813045501709 
4.981978893280029 
4.953658103942871 
5.016387939453125 
6.917989730834961 
5.1256208419799805 
5.213214874267578 
4.8634233474731445 
5.060300350189209 
5.072171688079834 
5.244668006896973 
5.917421340942383 
5.03380012512207 
5.149940013885498 
4.960634231567383 
7.293588161468506 
7.748452186584473 
5.0555877685546875 
4.96871280670166 
5.123896598815918 
5.023405075073242 
5.059690475463867 
4.941959381103516 
5.008905410766602 
8.616117477416992 
5.040970802307129 
5.280291557312012 
4.940347671508789 
7.288985729217529 
5.101093292236328 
4.982579708099365 
5.3289475440979 
4.963639736175537 
5.0411601066589355 
5.658796310424805 
6.149741172790527 
4.8288044929504395 
5.041217803955078 
5.210552215576172 
5.083036422729492 
4.8892412185668945 
5.108386039733887 
5.127516746520996 
4.993949890136719 
6.529624938964844 
5.483421802520752 
5.132618427276611 
5.319462776184082 
5.34390115737915 
4.941647529602051 
5.355510234832764 
5.4801483154296875 
5.102572917938232 
5.116885662078857 
4.891549587249756 
4.95625638961792 
4.9912238121032715 
4.892826080322266 
5.062624931335449 
7.209734916687012 
4.934688568115234 
5.144862651824951 
5.9749579429626465 
5.656493186950684 
6.207156181335449 
4.925738334655762 
4.964514255523682 
5.061522006988525 
5.029928207397461 
5.149077415466309 
4.886962890625 
5.106001853942871 
5.581223011016846 
5.519316673278809 
5.038743019104004 
4.883022785186768 
4.877179145812988 
5.145118713378906 
5.511775970458984 
5.084738731384277 
5.399445533752441 
7.8976240158081055 
4.916388034820557 
5.554404258728027 
4.979974746704102 
4.897889137268066 
5.533498764038086 
5.0746750831604 
5.164395332336426 
4.964787006378174 
4.943648815155029 
5.059864521026611 
4.959665298461914 
5.1701154708862305 
4.914151191711426 
5.614144802093506 
6.175472736358643 
5.5823493003845215 
5.142586708068848 
5.104697227478027 
6.327873229980469 
5.011412620544434 
5.000985622406006 
5.821762561798096 
4.890805721282959 
7.149087905883789 
8.360517501831055 
5.013889312744141 
6.442604064941406 
6.957674026489258 
5.246675968170166 
4.951698303222656 
4.999111652374268 
4.956721305847168 
4.9256367683410645 
5.736393451690674 
4.904223442077637 
6.980251789093018 
5.215153694152832 
5.634700298309326 
5.002222061157227 
5.017538547515869 
7.3532609939575195 
6.652406215667725 
4.958600044250488 
6.606865882873535 
5.232481479644775 
5.482853412628174 
4.945996284484863 
5.079373359680176 
5.042707443237305 
4.831090450286865 
4.898697853088379 
5.859774589538574 
4.95289421081543 
6.114611625671387 
4.875128746032715 
4.87321138381958 
4.973150253295898 
8.713611602783203 
4.787519454956055 
4.912888050079346 
4.957967281341553 
4.900906085968018 
7.226522922515869 
7.383426666259766 
4.983805179595947 
4.890349864959717 
4.884421348571777 
4.901679515838623 
5.067077159881592 
5.1392717361450195 
4.9926042556762695 
5.01212215423584 
5.5520524978637695 
7.005743980407715 
5.345391273498535 
6.877231597900391 
5.173606872558594 
4.8881120681762695 
4.945085048675537 
5.903359413146973 
4.934722423553467 
5.703213691711426 
5.114968299865723 
4.992330074310303 
5.58726692199707 
4.969378471374512 
4.9507551193237305 
4.919639587402344 
5.27430534362793 
5.59868860244751 
5.334334373474121 
4.934752464294434 
4.959073066711426 
4.937169075012207 
4.745079040527344 
4.991857528686523 
5.0074968338012695 
5.6999287605285645 
5.20877742767334 
4.99049186706543 
5.460727691650391 
5.013909339904785 
4.794592380523682 
5.383037090301514 
6.986285209655762 
5.743563652038574 
5.11812686920166 
4.8554253578186035 
5.157278060913086 
7.814919471740723 
5.044332981109619 
5.026946067810059 
7.7739458084106445 
8.664878845214844 
5.429825782775879 
6.597131729125977 
5.648216724395752 
6.662927627563477 
4.925960540771484 
5.332834720611572 
4.944155693054199 
7.503147125244141 
9.553397178649902 
5.0159807205200195 
4.9871416091918945 
4.996359825134277 
5.033655166625977 
4.985246658325195 
4.870007514953613 
6.807831764221191 
5.005644798278809 
4.918240070343018 
4.9657135009765625 
5.280167579650879 
5.249136924743652 
5.087135314941406 
5.515966892242432 
8.82234001159668 
5.256999492645264 
4.987253189086914 
4.945535659790039 
5.015795707702637 
7.063874244689941 
5.00029182434082 
4.837856769561768 
5.039649963378906 
5.723785400390625 
9.202909469604492 
9.44455337524414 
4.935375690460205 
5.268863677978516 
4.984931945800781 
5.036861419677734 
4.934535026550293 
5.042794227600098 
7.79529333114624 
5.304430961608887 
4.877011775970459 
5.212553024291992 
5.089392185211182 
5.520352363586426 
4.83652400970459 
5.993467330932617 
7.470529079437256 
5.056241035461426 
4.853870391845703 
5.2059712409973145 
5.419426441192627 
5.069509506225586 
8.967700958251953 
5.013125419616699 
4.946946144104004 
5.301506996154785 
4.982666969299316 
5.001202583312988 
5.057040691375732 
4.956891059875488 
5.038354873657227 
6.872726917266846 
5.94400691986084 
5.167552471160889 
4.816408634185791 
4.912457466125488 
4.864426136016846 
5.330893516540527 
6.198733329772949 
8.854969024658203 
9.615734100341797 
4.970041275024414 
4.986968517303467 
5.022250175476074 
5.264370918273926 
5.004133224487305 
4.926746845245361 
4.911096096038818 
4.808113098144531 
4.945261001586914 
5.164778232574463 
5.067409515380859 
5.042466640472412 
4.848842620849609 
7.838086128234863 
4.9615278244018555 
5.021879196166992 
6.403550148010254 
5.580498695373535 
5.4177775382995605 
5.476455211639404 
8.668563842773438 
5.443408966064453 
5.046407699584961 
7.062594890594482 
5.44285249710083 
5.204095840454102 
4.991887092590332 
5.156174659729004 
5.0087690353393555 
5.052951812744141 
4.965486526489258 
7.92629861831665 
5.036852836608887 
5.108597755432129 
4.908392906188965 
4.997182846069336 
7.746407508850098 
5.351469993591309 
4.935888290405273 
5.020199775695801 
5.04787015914917 
6.600812911987305 
4.92608642578125 
4.979189872741699 
4.897239685058594 
5.068354606628418 
5.345658302307129 
5.343423843383789 
4.849165439605713 
5.007024765014648 
7.682259559631348 
5.127674102783203 
5.536285400390625 
6.9550557136535645 
7.079293251037598 
5.3622565269470215 
4.9114580154418945 
5.465890884399414 
5.209747791290283 
7.428164958953857 
6.320743560791016 
5.010481357574463 
4.888360023498535 
4.934588432312012 
4.922538757324219 
5.2389678955078125 
4.935007095336914 
5.980298042297363 
5.165485858917236 
4.957762241363525 
5.263929843902588 
5.2553911209106445 
5.266845703125 
5.5145263671875 
4.9694504737854 
5.638878345489502 
5.019745826721191 
5.00122594833374 
4.936522483825684 
5.028809070587158 
5.151774883270264 
4.9647369384765625 
4.86713981628418 
5.605808258056641 
4.990267276763916 
9.1050443649292 
6.00534725189209 
5.018448829650879 
4.946192741394043 
5.012680530548096 
6.3018083572387695 
4.964512825012207 
7.930747032165527 
6.047297477722168 
4.911031246185303 
4.8611249923706055 
5.026165962219238 
8.496724128723145 
6.058618545532227 
5.670104026794434 
4.997844219207764 
5.879756927490234 
4.912160396575928 
4.846785068511963 
4.962098598480225 
5.073982238769531 
5.049581527709961 
4.92963171005249 
4.908420562744141 
5.091297149658203 
4.90077018737793 
5.437171936035156 
6.021791458129883 
5.0000410079956055 
4.872796058654785 
8.146186828613281 
4.9538679122924805 
5.053182601928711 
4.8966803550720215 
4.942361831665039 
4.959658145904541 
6.760920524597168 
4.95265531539917 
4.91082763671875 
5.045936107635498 
5.419360637664795 
4.905355453491211 
4.934222221374512 
6.072790145874023 
5.521096229553223 
4.903057098388672 
6.2359185218811035 
4.995945930480957 
5.007141590118408 
5.028120994567871 
5.016810894012451 
4.96764612197876 
5.579735279083252 
4.860860347747803 
4.872622966766357 
5.534849166870117 
4.987194538116455 
4.918866157531738 
4.899606704711914 
4.913907051086426 
5.072863578796387 
5.0333709716796875 
5.070301532745361 
4.926637649536133 
5.316082000732422 
4.977853775024414 
4.958767414093018 
4.930259704589844 
5.0303168296813965 
5.029558181762695 
4.991710662841797 
6.04124641418457 
6.2126851081848145 
4.924577236175537 
4.861572265625 
5.082943916320801 
5.822022438049316 
4.916047096252441 
5.003157615661621 
5.26999044418335 
5.030555725097656 
5.0258073806762695 
4.88979434967041 
5.554019927978516 
5.0145158767700195 
4.908666133880615 
5.039233207702637 
5.266036033630371 
5.434882164001465 
4.913910865783691 
4.961478233337402 
4.933865547180176 
5.000572681427002 
5.13507080078125 
5.478114128112793 
4.952117919921875 
5.616292953491211 
5.078691482543945 
5.154611587524414 
5.307979583740234 
6.661241054534912 
5.06636905670166 
5.045171737670898 
4.913086891174316 
5.031681060791016 
4.94898796081543 
5.626430034637451 
5.050098419189453 
4.9528398513793945 
5.033369064331055 
5.92981481552124 
5.0731658935546875 
4.986201763153076 
5.022944450378418 
5.161494255065918 
6.305754661560059 
6.06125020980835 
4.907589912414551 
4.989778518676758 
5.117060661315918 
4.974631309509277 
5.113724708557129 
4.98930549621582 
4.941543102264404 
5.158988952636719 
5.141242027282715 
7.786423683166504 
4.881805419921875 
4.770617485046387 
5.145787239074707 
5.068698883056641 
6.083314895629883 
5.167209625244141 
5.007553577423096 
4.954253196716309 
7.106452941894531 
5.476517677307129 
4.933933258056641 
5.440746784210205 
4.989304065704346 
4.944488525390625 
5.869744300842285 
6.324084758758545 
5.010713577270508 
4.914597034454346 
6.165241241455078 
5.079118251800537 
5.034120559692383 
5.119358062744141 
5.081571102142334 
5.855625629425049 
4.916162967681885 
5.091647148132324 
4.896116733551025 
5.322476387023926 
5.021719455718994 
4.979105472564697 
4.918266773223877 
5.0788187980651855 
5.066387176513672 
4.936826705932617 
7.923765182495117 
5.83242130279541 
5.001258373260498 
5.07326602935791 
8.110508918762207 
5.675789833068848 
5.832807540893555 
4.966036796569824 
5.604109764099121 
4.974620342254639 
4.936101913452148 
5.083885192871094 
5.0601348876953125 
4.999715805053711 
5.019184112548828 
5.048256874084473 
5.13745641708374 
5.06106424331665 
5.026706218719482 
4.927182197570801 
6.220791816711426 
4.845707893371582 
6.993293762207031 
5.745226860046387 
5.0698089599609375 
5.0666704177856445 
4.926700592041016 
4.893080234527588 
4.919608116149902 
5.19147253036499 
4.96102237701416 
5.449124336242676 
5.040877342224121 
4.89375638961792 
4.886792182922363 
4.977795600891113 
4.999851226806641 
4.9137725830078125 
5.047872543334961 
5.014531135559082 
5.140053749084473 
5.196987628936768 
7.28532075881958 
4.928503036499023 
5.036282062530518 
5.526249885559082 
4.9745683670043945 
7.157984733581543 
5.814671993255615 
4.934223175048828 
4.971104145050049 
4.947724342346191 
6.1779022216796875 
5.456805229187012 
4.94586181640625 
5.196341037750244 
4.981343746185303 
4.929224491119385 
5.016536712646484 
4.980359077453613 
4.980267524719238 
4.922268867492676 
5.296082496643066 
6.763339996337891 
4.873370170593262 
4.96242094039917 
5.43453311920166 
4.924821853637695 
5.077014923095703 
5.057614803314209 
4.976345062255859 
4.835575103759766 
5.089968681335449 
4.983282089233398 
5.305224895477295 
5.28263521194458 
4.976288795471191 
5.143139839172363 
4.991689205169678 
5.046579837799072 
5.044125556945801 
7.244983673095703 
5.11817741394043 
4.935429096221924 
6.234320640563965 
5.221494674682617 
6.348369598388672 
4.97920036315918 
5.462446689605713 
4.8843159675598145 
4.9874701499938965 
4.9734110832214355 
4.923433303833008 
5.347249984741211 
5.076296806335449 
7.010609149932861 
4.913508415222168 
5.141597747802734 
5.650684833526611 
4.901012420654297 
5.606089115142822 
5.642621994018555 
7.063668251037598 
7.520978927612305 
4.845088005065918 
4.97428560256958 
6.2069807052612305 
4.927297115325928 
5.017224311828613 
5.018289566040039 
4.943227767944336 
5.0236287117004395 
5.231406211853027 
4.945019721984863 
4.8324127197265625 
7.3189873695373535 
5.1487836837768555 
6.360067844390869 
5.043410778045654 
4.989179611206055 
4.786432266235352 
5.07927131652832 
5.071745872497559 
4.975893974304199 
5.150010108947754 
4.98631477355957 
5.391742706298828 
5.815289497375488 
5.058798313140869 
4.945635795593262 
6.398542404174805 
4.9739274978637695 
9.959848403930664 
5.17234992980957 
4.898550987243652 
6.254820346832275 
5.015942573547363 
4.891997814178467 
5.104629993438721 
5.686190128326416 
5.084384441375732 
7.225414276123047 
9.180742263793945 
4.984932899475098 
7.38913106918335 
5.000522136688232 
5.068459987640381 
5.012640953063965 
5.355123996734619 
4.971398830413818 
5.085577964782715 
5.244290351867676 
4.84694766998291 
5.1339850425720215 
4.972567558288574 
6.374276161193848 
4.698870658874512 
6.279985427856445 
4.946011543273926 
4.880898475646973 
5.062417507171631 
5.294744491577148 
7.335869789123535 
4.9242706298828125 
7.158641338348389 
5.090114593505859 
5.0375566482543945 
4.83405876159668 
5.365095138549805 
6.2809038162231445 
5.776406764984131 
5.015918731689453 
4.995325088500977 
4.926421165466309 
4.938594818115234 
4.979948997497559 
5.780895709991455 
5.012720584869385 
4.992867469787598 
4.957314968109131 
4.988682746887207 
5.214378356933594 
5.085504531860352 
5.023496150970459 
5.0149736404418945 
9.29256534576416 
4.982897758483887 
4.921408653259277 
4.942559242248535 
4.950325965881348 
5.044633388519287 
7.806511402130127 
5.029516220092773 
5.120687007904053 
8.307883262634277 
4.938270092010498 
4.84902286529541 
5.084447860717773 
4.866227149963379 
5.7165727615356445 
5.3329877853393555 
8.945297241210938 
4.999849319458008 
6.346116065979004 
4.9032697677612305 
4.9075398445129395 
5.687806129455566 
4.9153242111206055 
4.9225568771362305 
5.020218849182129 
4.855252265930176 
5.171287536621094 
5.000442981719971 
4.954655170440674 
4.930327892303467 
5.0355424880981445 
4.971591949462891 
5.065889358520508 
5.222471237182617 
4.955344200134277 
5.4129486083984375 
7.734282970428467 
5.043466567993164 
5.190028190612793 
5.175695419311523 
4.955904006958008 
6.300832748413086 
4.9946794509887695 
4.923428058624268 
4.9019365310668945 
5.0521087646484375 
4.904059410095215 
7.448068141937256 
5.060758113861084 
6.286404609680176 
5.07587194442749 
4.987992286682129 
5.223160743713379 
5.319944381713867 
5.922822952270508 
8.807197570800781 
6.214537143707275 
5.380178451538086 
5.228860855102539 
4.872191905975342 
7.298853874206543 
5.198936939239502 
6.274052619934082 
7.469529151916504 
6.828485488891602 
5.701301574707031 
4.952664375305176 
4.978815078735352 
4.972582817077637 
5.060898780822754 
4.866611957550049 
4.87042236328125 
4.9565324783325195 
4.971530914306641 
4.993474006652832 
5.008275508880615 
4.91070556640625 
5.228999137878418 
4.955194473266602 
4.909012317657471 
4.877997398376465 
5.012726783752441 
5.866623401641846 
4.94548225402832 
6.037112712860107 
4.937615394592285 
4.858297824859619 
5.544029712677002 
5.131283760070801 
5.179915428161621 
5.67501163482666 
5.037495136260986 
4.949976921081543 
4.940086364746094 
4.95127534866333 
4.992092132568359 
6.222550392150879 
5.027766704559326 
6.295292854309082 
4.9444260597229 
4.953951835632324 
4.916797637939453 
5.260332107543945 
7.364933967590332 
4.977651596069336 
6.756808280944824 
5.039525985717773 
5.470273017883301 
5.0206756591796875 
5.244593143463135 
5.027923107147217 
4.863504409790039 
7.209320068359375 
5.041765213012695 
5.123579025268555 
5.843419075012207 
4.941442489624023 
6.273611545562744 
7.215628623962402 
5.363858222961426 
5.010313034057617 
5.766254425048828 
5.259304046630859 
5.002495765686035 
6.950930595397949 
5.0268378257751465 
5.067020416259766 
5.079136371612549 
6.414457321166992 
5.162903308868408 
4.948158264160156 
5.071076393127441 
4.891016483306885 
7.348759174346924 
4.94541072845459 
5.099895477294922 
5.323637008666992 
4.845431327819824 
6.074776649475098 
5.1828765869140625 
5.157349586486816 
4.919154644012451 
7.1233367919921875 
5.840618133544922 
5.099310398101807 
5.334933280944824 
4.980362892150879 
4.988778114318848 
4.987683296203613 
5.318935871124268 
5.085655689239502 
5.024260520935059 
7.030416488647461 
4.978272438049316 
5.066353797912598 
5.400358200073242 
5.0479736328125 
4.9314188957214355 
5.533299446105957 
4.9783196449279785 
4.7522735595703125 
4.814338684082031 
7.233287334442139 
5.279891014099121 
5.519886493682861 
5.184113025665283 
5.14395809173584 
4.9136857986450195 
5.002639293670654 
5.011584281921387 
5.061095237731934 
6.923864364624023 
5.02862548828125 
5.006084442138672 
5.062560081481934 
5.495623588562012 
5.141079902648926 
5.668795585632324 
5.607583045959473 
5.039121627807617 
5.642271041870117 
4.914187431335449 
5.038924217224121 
4.910394668579102 
4.930017948150635 
5.400023460388184 
6.5151872634887695 
5.898036479949951 
8.057849884033203 
5.031540393829346 
6.025855541229248 
5.531611919403076 
7.6302409172058105 
5.071469306945801 
5.113141059875488 
5.398826599121094 
6.473801612854004 
4.994192600250244 
4.993905067443848 
5.282191753387451 
4.931743621826172 
5.161381721496582 
5.161850929260254 
5.292097091674805 
6.128925800323486 
4.88347053527832 
4.845973014831543 
4.936137676239014 
9.219192504882812 
5.048195838928223 
5.035834312438965 
5.0400872230529785 
4.979744911193848 
4.968954086303711 
5.170159816741943 
6.408049583435059 
4.890061855316162 
5.103019714355469 
4.8618340492248535 
6.620655536651611 
5.062678337097168 
5.258570671081543 
6.705431938171387 
5.67987585067749 
4.85940408706665 
5.244158744812012 
5.374253749847412 
5.298676490783691 
6.004500389099121 
5.0333147048950195 
4.983078956604004 
6.254225730895996 
5.589513778686523 
6.635007858276367 
4.999053955078125 
4.980587959289551 
5.037150859832764 
4.890632152557373 
5.140789031982422 
6.325420379638672 
5.2356109619140625 
5.355776786804199 
4.965874671936035 
5.669793128967285 
4.983331680297852 
5.0407867431640625 
5.174962997436523 
5.787107944488525 
4.892932891845703 
6.764605522155762 
5.067495346069336 
4.918407440185547 
4.957961082458496 
5.257786273956299 
5.056152820587158 
5.449163913726807 
5.2302045822143555 
4.799831390380859 
5.332843780517578 
4.949409008026123 
5.359555244445801 
5.302377223968506 
5.05600118637085 
4.924258232116699 
6.001286029815674 
4.958869934082031 
5.127472400665283 
5.008053779602051 
7.21358585357666 
5.021819114685059 
5.025871276855469 
4.954905986785889 
6.854624271392822 
4.944734573364258 
5.05131196975708 
4.905767917633057 
6.450657844543457 
5.0347490310668945 
4.9570512771606445 
7.151723861694336 
5.777765274047852 
8.387486457824707 
4.998948574066162 
6.230550765991211 
4.938494682312012 
5.098766326904297 
5.0012922286987305 
4.9949774742126465 
5.013734817504883 
6.125934600830078 
6.439669132232666 
4.972042083740234 
7.056123733520508 
5.649526119232178 
7.7213544845581055 
4.962359428405762 
4.8912482261657715 
4.99939489364624 
5.4038920402526855 
6.292670249938965 
6.344966888427734 
7.02346134185791 
6.927365303039551 
6.69382381439209 
9.87167739868164 
5.008946895599365 
6.393571376800537 
6.483782768249512 
4.981330871582031 
5.0637006759643555 
6.464146614074707 
7.015200138092041 
5.045436859130859 
4.911619186401367 
5.017828464508057 
4.9315595626831055 
5.641450881958008 
5.783641815185547 
5.514676094055176 
5.643380165100098 
10.196578979492188 
5.378018379211426 
6.4553632736206055 
4.994593620300293 
5.1887030601501465 
5.315380573272705 
6.146664142608643 
5.12608528137207 
5.63182258605957 
4.901950836181641 
5.1982011795043945 
5.088947296142578 
6.4234490394592285 
6.883133888244629 
5.2187676429748535 
4.968204498291016 
5.503374099731445 
4.979650497436523 
6.079589366912842 
5.1808342933654785 
5.1320061683654785 
4.886480331420898 
4.996923446655273 
7.551667213439941 
5.134695053100586 
5.141768455505371 
7.478261947631836 
4.90932559967041 
4.97242546081543 
7.126255035400391 
8.13718318939209 
5.124848365783691 
5.137885093688965 
5.00521183013916 
5.697658061981201 
5.299270153045654 
4.924798011779785 
7.980478286743164 
5.2954888343811035 
5.158594131469727 
4.945944786071777 
5.031088829040527 
5.881542682647705 
6.20356559753418 
4.957039833068848 
5.033664703369141 
5.020173072814941 
5.052607536315918 
5.039722919464111 
5.181978225708008 
5.096293926239014 
5.048544406890869 
4.860032081604004 
4.983071327209473 
4.97911262512207 
4.975653648376465 
8.082661628723145 
5.066657066345215 
5.537876129150391 
4.977753639221191 
6.203900337219238 
5.261752605438232 
5.028623104095459 
6.749287128448486 
5.627120018005371 
5.259300231933594 
7.277453899383545 
5.729194641113281 
4.959458351135254 
6.079623222351074 
5.625795841217041 
6.395928382873535 
4.8850250244140625 
8.789615631103516 
5.009505748748779 
4.980788230895996 
6.267162799835205 
5.0168352127075195 
5.072469711303711 
4.916022300720215 
4.852977752685547 
4.922532558441162 
5.045884132385254 
4.949135780334473 
7.121591091156006 
5.046231746673584 
4.846188545227051 
5.450160980224609 
4.939578533172607 
5.7553253173828125 
5.48565673828125 
5.138587474822998 
5.13536262512207 
4.867671489715576 
4.915548324584961 
4.9201226234436035 
5.080479621887207 
5.797280788421631 
4.9088945388793945 
5.004829406738281 
8.471945762634277 
4.855932235717773 
5.355925559997559 
4.859275817871094 
5.654709815979004 
5.1124138832092285 
4.932927131652832 
5.044177055358887 
5.200339317321777 
5.671286582946777 
4.974656105041504 
4.986486434936523 
5.004746437072754 
4.954593658447266 
5.012629508972168 
6.091550827026367 
5.0255022048950195 
5.025498390197754 
4.979536533355713 
5.137446880340576 
8.131879806518555 
6.715601921081543 
5.400698184967041 
4.904991149902344 
7.973500728607178 
5.021903991699219 
6.091021537780762 
5.1425862312316895 
5.038285255432129 
5.073511600494385 
5.0629167556762695 
4.911376953125 
5.16301155090332 
4.951669692993164 
5.07719087600708 
5.260200500488281 
4.942309856414795 
5.018046855926514 
4.965329170227051 
5.0533928871154785 
6.0470380783081055 
5.188850402832031 
5.023953914642334 
5.009462356567383 
4.977217197418213 
8.18319320678711 
4.933530330657959 
5.064113616943359 
5.054762840270996 
4.95744514465332 
5.0193634033203125 
7.2884674072265625 
4.937891483306885 
5.81029748916626 
6.764192581176758 
4.757053852081299 
5.002131462097168 
5.018421173095703 
4.880273818969727 
4.972046852111816 
5.242410659790039 
4.909204483032227 
4.869291305541992 
4.911352157592773 
4.890134334564209 
5.835623264312744 
6.161686897277832 
7.521755218505859 
5.500191688537598 
6.183190822601318 
5.475728511810303 
4.954458236694336 
5.935436725616455 
5.106143951416016 
9.097219467163086 
5.040750503540039 
5.2509589195251465 
4.956052303314209 
5.032871246337891 
4.998806953430176 
5.0674052238464355 
7.551485061645508 
5.011045932769775 
4.980359077453613 
4.932806015014648 
5.204834938049316 
4.904034614562988 
4.931188106536865 
5.258735179901123 
4.974213123321533 
6.456955909729004 
6.507881164550781 
5.790450096130371 
5.015316009521484 
4.92531681060791 
5.0165863037109375 
4.990102767944336 
4.976498603820801 
4.970430850982666 
4.951239585876465 
5.30942964553833 
5.541495323181152 
5.2602105140686035 
6.250520706176758 
10.02578353881836 
4.951793670654297 
5.728700637817383 
5.773181438446045 
5.693233489990234 
4.945131301879883 
4.985065460205078 
4.890674114227295 
5.426211357116699 
5.378403663635254 
4.8824357986450195 
5.232303142547607 
6.439411163330078 
6.44527530670166 
5.001187324523926 
5.006421089172363 
5.014191627502441 
7.835106372833252 
4.8686370849609375 
5.194282054901123 
5.185111045837402 
4.93366813659668 
5.016662120819092 
5.301159381866455 
5.052258014678955 
5.070932388305664 
4.894283294677734 
5.403707027435303 
5.0961198806762695 
4.939825057983398 
5.060088634490967 
4.873576641082764 
4.928524971008301 
5.042441368103027 
5.473354816436768 
5.918365955352783 
4.921485900878906 
5.090277671813965 
5.016276836395264 
5.249817848205566 
4.92854118347168 
5.065392971038818 
5.016423225402832 
7.354434490203857 
4.909084796905518 
5.164281845092773 
5.589237213134766 
5.006400108337402 
4.884713649749756 
5.321105480194092 
5.015683650970459 
5.578195095062256 
7.014726638793945 
4.914577960968018 
5.155002593994141 
4.967939376831055 
4.965689182281494 
5.806777000427246 
5.476817607879639 
4.911809921264648 
5.058156967163086 
4.967471122741699 
4.911312103271484 
4.886096954345703 
7.279260635375977 
5.985753059387207 
4.988480091094971 
4.924407958984375 
5.2504119873046875 
5.811642646789551 
4.95928955078125 
5.139920711517334 
5.215263843536377 
4.954913139343262 
4.913637161254883 
5.073459148406982 
4.885968208312988 
5.38971471786499 
5.093540191650391 
8.104036331176758 
7.758487701416016 
5.065020561218262 
5.026975631713867 
8.572500228881836 
4.905782699584961 
5.170694828033447 
5.008517265319824 
5.064943313598633 
5.070073127746582 
5.1673903465271 
4.941479206085205 
5.3480095863342285 
4.9740753173828125 
4.948485374450684 
6.41349983215332 
5.248508453369141 
5.074442386627197 
5.023521423339844 
4.960161209106445 
5.240595817565918 
5.049829483032227 
4.960927486419678 
5.656002044677734 
4.822282791137695 
7.887460708618164 
5.854243278503418 
7.119513988494873 
7.33937931060791 
5.1179728507995605 
6.342700004577637 
4.990192413330078 
6.19631290435791 
5.041180610656738 
7.281191825866699 
5.0274434089660645 
4.969717979431152 
5.011884689331055 
4.8641228675842285 
6.383640289306641 
4.808563232421875 
4.9845757484436035 
5.03572940826416 
5.634205341339111 
5.411973476409912 
4.99275016784668 
5.470493793487549 
5.275761604309082 
5.090537071228027 
5.33057975769043 
5.122155666351318 
4.994953632354736 
9.120383262634277 
4.950010299682617 
5.105675220489502 
4.9964470863342285 
5.128551483154297 
4.916022300720215 
5.256529331207275 
5.705495834350586 
4.826382637023926 
5.025229454040527 
5.103774547576904 
5.1176066398620605 
6.285547256469727 
4.849906921386719 
4.990039825439453 
5.258822441101074 
5.0533447265625 
5.042870044708252 
5.544526100158691 
5.0633440017700195 
4.989480018615723 
4.872812747955322 
4.913821697235107 
4.89638614654541 
4.947773456573486 
5.294557571411133 
7.646490097045898 
4.888602256774902 
4.914459228515625 
4.911956310272217 
5.041446685791016 
6.794217109680176 
6.468148708343506 
4.9459123611450195 
5.030115127563477 
5.0035014152526855 
4.949563026428223 
5.0311479568481445 
8.330978393554688 
4.955739974975586 
4.923800945281982 
5.088898181915283 
4.9429426193237305 
5.101898193359375 
5.5174031257629395 
4.8951096534729 
4.87387752532959 
5.002042770385742 
4.938737869262695 
6.780759811401367 
8.029629707336426 
4.913926601409912 
6.875478267669678 
5.385303497314453 
4.950676441192627 
7.304628372192383 
5.321734428405762 
5.046688079833984 
5.124083518981934 
5.303376197814941 
4.930364608764648 
5.119680404663086 
5.274651527404785 
8.736515045166016 
4.959841728210449 
5.177182674407959 
5.03191614151001 
4.982078552246094 
4.9728288650512695 
6.722874641418457 
4.870209693908691 
5.186228275299072 
6.8129377365112305 
4.90602970123291 
4.981112003326416 
4.878688812255859 
4.909302711486816 
4.9024834632873535 
4.985023498535156 
5.037934303283691 
5.0552825927734375 
4.894824981689453 
7.047894477844238 
5.164241790771484 
4.875846862792969 
4.987234592437744 
5.098853588104248 
5.051800727844238 
5.236435890197754 
7.263195514678955 
4.992639064788818 
4.898184299468994 
4.920650482177734 
6.808679103851318 
4.8792195320129395 
4.854483127593994 
4.798786163330078 
5.026360034942627 
4.9036865234375 
6.060298919677734 
5.089167594909668 
4.991376876831055 
5.720593452453613 
5.039508819580078 
4.994146823883057 
5.074407577514648 
4.941237449645996 
4.995238780975342 
5.096811294555664 
5.049644947052002 
4.868500709533691 
4.997745990753174 
4.936789512634277 
4.861017227172852 
4.862756729125977 
5.2307305335998535 
8.50815200805664 
5.068174362182617 
6.118740081787109 
4.989156246185303 
4.934536933898926 
4.9714508056640625 
8.157509803771973 
5.425815582275391 
5.247004508972168 
5.008519172668457 
6.329823970794678 
5.225833415985107 
5.120080947875977 
4.930685043334961 
5.064391613006592 
5.041051864624023 
5.577549934387207 
5.227350234985352 
5.591285705566406 
4.918239593505859 
5.037299156188965 
4.859993934631348 
5.284787178039551 
5.254134654998779 
7.202332019805908 
6.124947547912598 
5.07780647277832 
4.976352691650391 
6.303539276123047 
4.950323104858398 
4.949821472167969 
4.936896324157715 
4.947487831115723 
5.117613315582275 
5.244065284729004 
5.069241523742676 
4.9645490646362305 
5.008272171020508 
6.074590682983398 
5.695924758911133 
4.928156852722168 
5.419666290283203 
5.568287372589111 
4.993351936340332 
7.503603935241699 
4.994833946228027 
5.125410079956055 
7.514276504516602 
4.992423057556152 
4.926805019378662 
4.944199562072754 
5.007711887359619 
5.83645486831665 
5.261855125427246 
5.018152236938477 
5.2538957595825195 
5.104213237762451 
4.979054927825928 
4.96951961517334 
6.274263858795166 
4.873559951782227 
5.057482719421387 
7.229697227478027 
7.608314037322998 
5.0053863525390625 
5.9343743324279785 
5.3872504234313965 
6.728783130645752 
5.9203338623046875 
5.0464043617248535 
4.851934432983398 
5.026136875152588 
6.720858573913574 
5.085440158843994 
4.93491268157959 
5.028627395629883 
5.030117511749268 
4.938234329223633 
6.329263687133789 
5.5722198486328125 
4.986467361450195 
5.120976448059082 
5.087184906005859 
4.965842247009277 
7.843264579772949 
5.01357364654541 
4.946922302246094 
5.0380859375 
4.952184677124023 
5.305708885192871 
6.95638370513916 
5.439531326293945 
4.869895935058594 
5.250208854675293 
5.218227863311768 
9.987451553344727 
5.0447540283203125 
5.083774089813232 
5.543233871459961 
4.982337474822998 
4.896232604980469 
5.033282279968262 
4.8986687660217285 
5.070951461791992 
5.001299858093262 
5.593169212341309 
4.906925201416016 
5.1134843826293945 
5.000922203063965 
4.904029846191406 
5.005003929138184 
5.104208946228027 
5.008856296539307 
5.534126281738281 
5.117812156677246 
5.4835734367370605 
7.2726240158081055 
4.955771446228027 
6.474888801574707 
4.954801559448242 
4.99685001373291 
4.981209754943848 
5.111891746520996 
4.96919059753418 
4.9864606857299805 
5.1356964111328125 
5.233756065368652 
5.009753227233887 
5.304690361022949 
4.954496383666992 
4.976657867431641 
5.038302421569824 
4.810759544372559 
4.936851501464844 
5.927822113037109 
5.17664098739624 
5.020286560058594 
5.801131248474121 
6.344762802124023 
4.905265808105469 
4.957340240478516 
4.991711139678955 
