5.726954460144043 
6.544746398925781 
5.895508289337158 
5.129476547241211 
6.292366981506348 
4.956747055053711 
6.606612205505371 
6.290475368499756 
5.74848747253418 
6.099781513214111 
5.302186965942383 
5.463696479797363 
5.908313751220703 
5.604739189147949 
7.66065788269043 
6.607407569885254 
6.942200660705566 
5.9226884841918945 
5.2640228271484375 
4.88051176071167 
6.244573593139648 
6.527647018432617 
6.396188259124756 
5.841956615447998 
5.2827653884887695 
5.958471298217773 
6.935928821563721 
5.430137634277344 
6.195801258087158 
6.352782249450684 
5.915743827819824 
5.201964855194092 
7.345849990844727 
6.329188346862793 
6.413384914398193 
5.491710662841797 
7.8324503898620605 
5.470219612121582 
5.223494529724121 
6.175608158111572 
6.862351417541504 
6.738882064819336 
7.897019386291504 
5.410327434539795 
6.630192756652832 
4.773985862731934 
7.009775638580322 
7.2430009841918945 
9.463605880737305 
5.930667400360107 
5.435796737670898 
6.628750801086426 
5.219720363616943 
7.03509521484375 
6.135077476501465 
5.28212833404541 
6.374388217926025 
7.230286598205566 
6.017825603485107 
5.807981491088867 
6.509605407714844 
8.396623611450195 
6.30863094329834 
7.6135759353637695 
6.51511287689209 
5.015998363494873 
4.2324724197387695 
6.852544784545898 
6.865089416503906 
7.744663238525391 
10.458751678466797 
6.092049598693848 
5.68451452255249 
7.9329633712768555 
8.17192268371582 
6.855525970458984 
5.12844181060791 
6.769728183746338 
5.506653308868408 
5.569030284881592 
5.923222541809082 
7.026963233947754 
7.005849838256836 
6.0069661140441895 
5.0925750732421875 
9.170372009277344 
8.516759872436523 
5.507370471954346 
6.166295051574707 
7.665595054626465 
5.8193359375 
4.572690486907959 
7.043376922607422 
5.356667518615723 
6.5667338371276855 
6.135439872741699 
5.7249250411987305 
5.881866455078125 
5.085374355316162 
6.887035369873047 
6.1361494064331055 
5.278192043304443 
5.636401176452637 
4.646995544433594 
6.055949687957764 
6.848944664001465 
7.297817707061768 
6.091250896453857 
7.9191155433654785 
6.638005256652832 
5.860409259796143 
6.620240211486816 
5.473937511444092 
7.692020416259766 
6.587836265563965 
6.5869951248168945 
9.477764129638672 
6.670290470123291 
6.760767936706543 
6.266720294952393 
9.431291580200195 
8.550357818603516 
5.781261444091797 
5.378017425537109 
6.422065258026123 
6.730607032775879 
5.676797866821289 
7.277443885803223 
5.808590888977051 
5.156227111816406 
5.366008758544922 
5.959118843078613 
7.050363540649414 
6.429614067077637 
8.364034652709961 
5.74489688873291 
6.057849884033203 
6.232121467590332 
10.113445281982422 
7.431487083435059 
5.172817230224609 
6.837948799133301 
6.340735912322998 
6.229367256164551 
5.139727592468262 
8.272533416748047 
6.342340469360352 
4.730775833129883 
8.611526489257812 
5.265389442443848 
5.996624946594238 
4.964962482452393 
7.2369489669799805 
4.754065990447998 
5.4394025802612305 
4.496431827545166 
5.050419330596924 
6.899869918823242 
5.838341236114502 
5.274404048919678 
8.246150970458984 
8.293010711669922 
8.159025192260742 
5.979676246643066 
5.937702655792236 
6.705549240112305 
6.726040840148926 
8.05898666381836 
5.573390007019043 
5.866283893585205 
6.2764081954956055 
6.88657808303833 
7.59815788269043 
5.92008113861084 
5.46439266204834 
6.233016014099121 
5.073460102081299 
8.124262809753418 
6.770791053771973 
7.727653503417969 
5.29612398147583 
6.561670303344727 
6.418900489807129 
6.550286293029785 
6.484103202819824 
6.42258358001709 
5.590462684631348 
6.138261795043945 
7.021138668060303 
8.766679763793945 
6.398618698120117 
6.612267971038818 
6.503057479858398 
8.361592292785645 
5.6418352127075195 
5.090755939483643 
6.548332214355469 
6.099089622497559 
5.781367301940918 
6.376067161560059 
6.429337501525879 
5.120359897613525 
5.371409893035889 
5.39465856552124 
6.303744316101074 
7.426200866699219 
5.600531101226807 
6.29385232925415 
8.880080223083496 
5.160438537597656 
6.06371545791626 
6.785184383392334 
6.140866279602051 
7.713675022125244 
5.84808349609375 
5.673658847808838 
6.23435115814209 
5.274621486663818 
8.014296531677246 
7.045387268066406 
4.795760154724121 
6.189599990844727 
6.048301696777344 
7.748805046081543 
8.467950820922852 
5.810189247131348 
5.622068881988525 
6.734223365783691 
5.969086647033691 
6.503429889678955 
6.403892993927002 
7.969424724578857 
6.811573505401611 
5.740025520324707 
5.867280006408691 
6.811426162719727 
7.137075424194336 
5.794800281524658 
6.072115898132324 
5.668979644775391 
7.61477518081665 
6.21964168548584 
5.3109540939331055 
8.225362777709961 
5.0924177169799805 
5.7210187911987305 
6.073725700378418 
10.70751953125 
6.0851287841796875 
7.514087200164795 
5.2380218505859375 
5.161173343658447 
8.592113494873047 
6.237118721008301 
5.70931339263916 
6.291687965393066 
6.246539115905762 
7.007079124450684 
7.3105692863464355 
5.785523414611816 
5.654982566833496 
7.069899559020996 
7.676680564880371 
8.088852882385254 
5.317378520965576 
7.627578258514404 
4.991049766540527 
5.862478256225586 
7.575412750244141 
5.155818939208984 
5.363278388977051 
5.468794822692871 
9.851750373840332 
6.159495830535889 
5.966320991516113 
5.732034683227539 
5.1773786544799805 
5.248006820678711 
6.2423176765441895 
5.194589138031006 
5.887825965881348 
4.662785530090332 
5.390149116516113 
7.743978977203369 
6.291567802429199 
7.692777633666992 
7.277599334716797 
5.531798839569092 
4.895786285400391 
6.210356712341309 
6.712623596191406 
6.254667282104492 
8.418037414550781 
5.772548675537109 
7.710845947265625 
5.733514785766602 
5.504996299743652 
8.639124870300293 
6.257568359375 
5.803356647491455 
8.093155860900879 
6.885022163391113 
7.012324333190918 
6.233373641967773 
6.51174783706665 
6.1711578369140625 
6.462527275085449 
5.6865034103393555 
6.5471625328063965 
6.357183456420898 
5.947427272796631 
6.63576602935791 
5.924997329711914 
7.140789031982422 
4.948163032531738 
5.046802997589111 
7.4936909675598145 
7.237656593322754 
6.913589000701904 
5.642470359802246 
6.086490631103516 
6.2380218505859375 
5.38765811920166 
6.091283798217773 
5.9409871101379395 
6.103873252868652 
6.903382301330566 
7.877783298492432 
5.573237895965576 
5.172369480133057 
8.9967041015625 
7.605687618255615 
7.532131195068359 
7.448379993438721 
7.216962814331055 
7.2112016677856445 
7.226898670196533 
6.026009559631348 
7.635472297668457 
6.357761383056641 
8.524076461791992 
6.368744850158691 
5.570643424987793 
6.52526330947876 
6.083364486694336 
5.586955547332764 
6.5596723556518555 
8.353208541870117 
5.094729423522949 
6.54693078994751 
6.298344135284424 
7.357746124267578 
5.77897834777832 
6.027924537658691 
8.124726295471191 
6.299971103668213 
5.881072998046875 
8.593527793884277 
6.358495712280273 
6.8717122077941895 
6.490960597991943 
4.606606483459473 
7.655616760253906 
7.688907623291016 
6.475177764892578 
5.5836029052734375 
7.576766014099121 
7.553659915924072 
5.673571586608887 
9.212410926818848 
5.345854759216309 
5.932645797729492 
7.645787239074707 
6.134365081787109 
6.607667446136475 
6.884779930114746 
5.610466957092285 
6.453492641448975 
6.697524070739746 
5.744133472442627 
7.483430862426758 
5.792227745056152 
5.8491597175598145 
5.789067268371582 
5.321892738342285 
5.959014892578125 
6.257321834564209 
4.967138290405273 
5.327630043029785 
6.316736221313477 
6.345302581787109 
6.135260581970215 
6.265806674957275 
9.21597957611084 
5.5664567947387695 
6.456550121307373 
7.438120365142822 
4.9302978515625 
4.819761276245117 
8.06025218963623 
6.3990302085876465 
4.975164890289307 
6.330595970153809 
7.49692964553833 
5.5554304122924805 
5.216462135314941 
6.095995903015137 
7.099428653717041 
6.832796096801758 
4.910209655761719 
7.072416305541992 
5.899169921875 
7.317661285400391 
6.592284202575684 
5.064485549926758 
8.633493423461914 
5.801149368286133 
6.006514549255371 
4.910144329071045 
7.3443708419799805 
7.043747901916504 
5.104101181030273 
7.39658260345459 
7.211594581604004 
6.6553192138671875 
7.549923896789551 
4.551120758056641 
5.364553451538086 
7.699319362640381 
5.675500869750977 
6.06754207611084 
5.973649978637695 
5.257270812988281 
6.526015281677246 
6.940665245056152 
6.947147369384766 
5.462191581726074 
5.693169593811035 
9.231817245483398 
6.796390056610107 
5.416208744049072 
6.021270275115967 
6.971401691436768 
6.568897247314453 
8.94687271118164 
8.41519546508789 
7.4225544929504395 
6.563736915588379 
4.9297285079956055 
7.817526340484619 
5.8862810134887695 
6.028510093688965 
6.415178298950195 
6.054322719573975 
6.273431777954102 
5.088741302490234 
6.187802314758301 
5.698973655700684 
4.817119598388672 
6.079133033752441 
5.928779125213623 
7.503523826599121 
6.453897476196289 
6.005524635314941 
5.4881367683410645 
5.613244533538818 
6.9913787841796875 
5.4326701164245605 
5.348168849945068 
6.60913610458374 
9.446356773376465 
5.914987564086914 
4.959928512573242 
5.793496131896973 
6.128255844116211 
5.873661041259766 
6.181387901306152 
5.627835750579834 
6.079587936401367 
6.9626617431640625 
5.3861236572265625 
5.702983856201172 
5.934995651245117 
7.635653018951416 
5.209914207458496 
8.08197021484375 
5.630123138427734 
7.2625956535339355 
6.010175704956055 
5.845500946044922 
7.26945686340332 
5.4603118896484375 
6.2417120933532715 
9.439704895019531 
8.150063514709473 
5.238886833190918 
6.106179714202881 
4.494631290435791 
6.380340576171875 
8.114670753479004 
6.157653331756592 
5.469766139984131 
6.133983612060547 
7.9858503341674805 
5.6924543380737305 
6.0745134353637695 
5.519695281982422 
6.90669059753418 
6.709505081176758 
7.004798889160156 
7.316466331481934 
8.427467346191406 
4.873392105102539 
6.533103942871094 
6.748490810394287 
5.957942008972168 
5.074213981628418 
5.452370643615723 
7.174025535583496 
9.350200653076172 
6.550812721252441 
6.547187328338623 
5.322414875030518 
6.338841438293457 
5.592828750610352 
5.670203685760498 
5.3026933670043945 
5.417587757110596 
8.495535850524902 
6.039912700653076 
7.362774848937988 
5.769317626953125 
7.546140670776367 
7.378760814666748 
7.04717493057251 
6.998282432556152 
6.24017333984375 
6.736507415771484 
5.450915336608887 
8.543733596801758 
4.998461723327637 
6.367796897888184 
5.946389198303223 
5.992785453796387 
5.144975662231445 
6.379218101501465 
5.7184648513793945 
7.167245388031006 
5.194470405578613 
6.5527777671813965 
6.383358955383301 
5.2970662117004395 
5.554696083068848 
8.36905288696289 
6.338842868804932 
6.716156959533691 
5.46456241607666 
8.547545433044434 
6.458590030670166 
5.187935829162598 
7.1228928565979 
5.816099166870117 
6.807401657104492 
5.271419525146484 
5.042970180511475 
5.545191764831543 
6.547482490539551 
5.492069721221924 
8.136507034301758 
6.477651596069336 
6.993416786193848 
5.405810356140137 
8.043296813964844 
5.342947006225586 
6.342857837677002 
6.533976078033447 
6.016918182373047 
5.876562118530273 
5.824985504150391 
7.914321422576904 
8.439226150512695 
7.285100936889648 
7.183451175689697 
7.012520790100098 
6.83168888092041 
5.318746566772461 
5.937238693237305 
6.202140808105469 
5.807320594787598 
6.121689796447754 
4.995251178741455 
7.9077067375183105 
5.458833694458008 
7.952901363372803 
8.760835647583008 
6.976057052612305 
7.388672828674316 
7.133610725402832 
5.751375675201416 
5.678014755249023 
5.878175735473633 
6.193995475769043 
5.82663631439209 
6.881250381469727 
5.19332218170166 
4.726501941680908 
5.30335807800293 
5.038374900817871 
6.022401332855225 
7.147573471069336 
6.835548400878906 
8.663284301757812 
6.524336338043213 
6.701668739318848 
8.55678653717041 
6.505402565002441 
6.945725917816162 
5.276716232299805 
8.499382019042969 
6.278804779052734 
5.905220031738281 
6.8634748458862305 
6.416763782501221 
7.32826042175293 
5.818278789520264 
7.843291282653809 
5.154932022094727 
5.518293380737305 
6.412573337554932 
5.834693908691406 
7.456501007080078 
5.805599689483643 
7.102608680725098 
5.669589996337891 
5.923641204833984 
8.824350357055664 
5.440556526184082 
7.356524467468262 
8.295307159423828 
5.757628440856934 
6.368703842163086 
5.408130645751953 
5.073186874389648 
6.0687255859375 
8.277932167053223 
5.775325775146484 
5.395966529846191 
6.574906349182129 
5.864599704742432 
5.21030855178833 
7.580031394958496 
5.554675579071045 
9.141164779663086 
7.007096767425537 
5.7877984046936035 
5.842848777770996 
5.3180084228515625 
6.761717796325684 
6.808229446411133 
5.78590202331543 
4.947109222412109 
5.198189735412598 
6.044319152832031 
7.2367353439331055 
6.162377834320068 
5.735772609710693 
10.413434982299805 
5.777556419372559 
6.783960342407227 
7.012295246124268 
7.67820930480957 
5.308503150939941 
6.381804466247559 
6.749277591705322 
5.473875999450684 
7.373163223266602 
5.32600212097168 
5.722078323364258 
5.341716766357422 
5.272923469543457 
9.290104866027832 
5.341721057891846 
5.919047832489014 
7.014001846313477 
6.7562994956970215 
5.767632007598877 
6.45723819732666 
4.968964576721191 
7.910011291503906 
6.58180046081543 
5.55543327331543 
5.504029750823975 
6.0186262130737305 
5.450496673583984 
7.038793563842773 
7.16097354888916 
7.033940315246582 
6.233211517333984 
5.755725860595703 
5.402710437774658 
6.055171966552734 
4.999258518218994 
5.6801862716674805 
5.479265213012695 
5.778425693511963 
6.469692230224609 
5.556238174438477 
7.007776260375977 
5.1231231689453125 
6.254269599914551 
8.558982849121094 
6.8809099197387695 
6.835799217224121 
5.785704612731934 
4.965521812438965 
6.634347915649414 
5.6278228759765625 
7.795747756958008 
7.886101245880127 
5.911760330200195 
5.7309980392456055 
6.632695198059082 
7.022387981414795 
6.707952499389648 
6.319217681884766 
8.218533515930176 
6.705775260925293 
6.112432479858398 
7.047199249267578 
7.3638811111450195 
6.33349084854126 
7.346127510070801 
5.772216796875 
6.297762870788574 
5.602154731750488 
5.525604724884033 
5.9475483894348145 
5.626428127288818 
8.517908096313477 
5.475058555603027 
4.907116413116455 
5.126848220825195 
4.800172328948975 
7.972872734069824 
6.397107124328613 
7.199952602386475 
7.207923412322998 
8.63127613067627 
5.584505558013916 
6.858787536621094 
6.912149429321289 
7.045923233032227 
5.098062992095947 
5.522611618041992 
7.526677131652832 
7.601618766784668 
7.366236686706543 
7.014047622680664 
6.209401607513428 
8.319252014160156 
6.367255210876465 
7.405341625213623 
6.213072776794434 
6.994318962097168 
5.113889694213867 
8.43120002746582 
5.568849086761475 
6.380278587341309 
8.573824882507324 
9.446565628051758 
6.475742340087891 
7.677874565124512 
6.155797958374023 
5.997031211853027 
5.940690040588379 
8.09914779663086 
5.57551383972168 
6.020594596862793 
6.084321022033691 
7.664601802825928 
5.543407440185547 
5.454278945922852 
6.046445369720459 
6.525350570678711 
6.334380149841309 
5.763337135314941 
6.483055114746094 
6.946536064147949 
6.949601650238037 
6.347927570343018 
6.279353141784668 
5.517977714538574 
5.851218223571777 
6.065964698791504 
6.495913505554199 
7.289702415466309 
5.123010158538818 
6.753252983093262 
6.11414909362793 
6.786773681640625 
5.840602874755859 
5.538619041442871 
5.413935661315918 
8.577554702758789 
5.39063835144043 
10.676324844360352 
8.24163818359375 
6.184136390686035 
7.114635944366455 
7.938192367553711 
5.122436046600342 
7.791555881500244 
5.139596939086914 
6.95451545715332 
5.532299995422363 
5.95543909072876 
5.2907257080078125 
5.893027305603027 
5.75837516784668 
7.806667327880859 
4.658023834228516 
7.520487308502197 
6.810128211975098 
5.946666240692139 
5.57716178894043 
7.212080478668213 
6.025320529937744 
5.803982734680176 
5.192706108093262 
5.730033874511719 
5.868226051330566 
9.047426223754883 
7.792084693908691 
5.427073001861572 
5.094435691833496 
5.787773609161377 
5.052890777587891 
6.2163543701171875 
5.651259422302246 
6.1342692375183105 
6.915488243103027 
6.732907772064209 
6.557964324951172 
6.289636135101318 
5.199592590332031 
4.902422904968262 
6.678468227386475 
5.0604753494262695 
9.443236351013184 
5.866280555725098 
6.775379180908203 
5.414698123931885 
6.236815452575684 
5.07852840423584 
6.793939590454102 
6.215943336486816 
7.39811897277832 
6.510092258453369 
9.399385452270508 
6.014782905578613 
5.575896263122559 
5.922332286834717 
10.328502655029297 
6.1797075271606445 
5.551984786987305 
5.744638919830322 
5.854515075683594 
5.424415111541748 
6.8819193840026855 
6.182024955749512 
5.884810447692871 
8.771696090698242 
5.446356773376465 
5.7941694259643555 
5.676401138305664 
7.11400032043457 
8.994705200195312 
8.543830871582031 
8.46530818939209 
6.336280822753906 
6.510102272033691 
7.050027847290039 
6.4229936599731445 
5.062061309814453 
8.671136856079102 
5.543219566345215 
5.569798469543457 
5.31795597076416 
6.760957717895508 
5.169732093811035 
6.221037864685059 
6.437657833099365 
5.989810466766357 
6.272158145904541 
6.85036563873291 
5.808769226074219 
5.868162155151367 
5.642333030700684 
5.801188945770264 
5.9839935302734375 
4.92213249206543 
5.017470359802246 
6.636826515197754 
7.172122955322266 
5.293437480926514 
7.578913688659668 
8.053253173828125 
7.198187351226807 
6.813338279724121 
6.980442047119141 
5.221260070800781 
5.645815372467041 
8.249082565307617 
8.051961898803711 
5.904457092285156 
7.096314430236816 
6.165389060974121 
8.327070236206055 
5.429068565368652 
5.093807220458984 
5.746618270874023 
8.254334449768066 
4.728759765625 
5.371635437011719 
7.602261543273926 
6.991973400115967 
7.056195259094238 
6.1705827713012695 
6.390169143676758 
7.816226959228516 
4.641373634338379 
5.955778121948242 
5.39220666885376 
6.048789024353027 
6.901569366455078 
7.37656307220459 
6.256258010864258 
5.653496742248535 
6.0978803634643555 
5.118191719055176 
6.5872087478637695 
7.0700788497924805 
6.585977554321289 
7.111396312713623 
4.959902763366699 
8.35143756866455 
5.603489875793457 
5.671375751495361 
8.208512306213379 
7.981151580810547 
6.555034637451172 
5.269162178039551 
7.468297958374023 
6.217082977294922 
5.970983505249023 
7.809828758239746 
6.1530256271362305 
7.509535789489746 
5.895323753356934 
8.52737045288086 
5.22238826751709 
6.612184047698975 
6.543525218963623 
6.5106096267700195 
6.219849586486816 
5.448387622833252 
5.437618255615234 
5.16675329208374 
5.922328948974609 
6.981870651245117 
6.597472667694092 
6.059080123901367 
5.860780715942383 
7.24434757232666 
7.4517011642456055 
5.319759368896484 
6.162003040313721 
6.068300247192383 
5.249271392822266 
8.245789527893066 
7.084081649780273 
6.285089492797852 
6.456845760345459 
6.148162841796875 
5.510796070098877 
6.062863349914551 
5.817903518676758 
5.686834335327148 
5.981810569763184 
8.907303810119629 
5.54655647277832 
6.795889377593994 
6.686851501464844 
5.300193786621094 
6.146304130554199 
7.112806797027588 
7.131264686584473 
4.918963432312012 
5.878274440765381 
5.743411064147949 
6.194944858551025 
9.033123016357422 
5.960451602935791 
6.936581134796143 
5.729092597961426 
5.4518723487854 
5.935778617858887 
6.770264625549316 
5.848450660705566 
5.743474960327148 
7.738137722015381 
6.168898582458496 
5.197100639343262 
5.053027153015137 
6.570765972137451 
6.254771709442139 
5.900173664093018 
6.820206642150879 
7.569892406463623 
4.990982532501221 
8.302129745483398 
7.429847240447998 
6.114200115203857 
5.418732643127441 
5.808239936828613 
5.928956031799316 
6.6406474113464355 
7.290258407592773 
6.591848373413086 
5.786317348480225 
6.555574417114258 
7.815187931060791 
8.7047119140625 
5.793794631958008 
5.678536415100098 
5.5973801612854 
5.533334732055664 
8.484270095825195 
5.814107894897461 
5.667709827423096 
7.14420223236084 
5.873038291931152 
5.291780471801758 
6.136562347412109 
7.5064802169799805 
6.512063503265381 
6.650609970092773 
5.5783867835998535 
5.536701202392578 
6.541790962219238 
6.125377655029297 
5.967538356781006 
4.609593868255615 
6.500577449798584 
6.431396484375 
6.764776706695557 
7.501327991485596 
8.042522430419922 
6.413073539733887 
5.504799842834473 
4.28117561340332 
5.566373825073242 
7.082198143005371 
5.857285499572754 
7.9052276611328125 
7.198602199554443 
5.278872013092041 
6.771671295166016 
7.683821678161621 
6.26561164855957 
9.28563404083252 
4.8898420333862305 
4.835498809814453 
6.008286476135254 
7.829474449157715 
9.004115104675293 
4.6298828125 
6.160190582275391 
6.768511772155762 
5.230888366699219 
6.873723030090332 
6.153820991516113 
6.498610496520996 
7.086737155914307 
7.399285316467285 
8.64330768585205 
6.214775085449219 
6.161223411560059 
5.626422882080078 
6.69586706161499 
7.323568344116211 
5.307541847229004 
6.8250017166137695 
5.631349563598633 
6.80242395401001 
6.107234001159668 
6.226521015167236 
9.180768966674805 
8.881986618041992 
6.69254732131958 
6.424137115478516 
5.264566421508789 
4.866590976715088 
5.388675689697266 
5.654914379119873 
6.390278339385986 
8.183528900146484 
7.552796840667725 
5.1745219230651855 
5.581583023071289 
5.481383800506592 
6.960875034332275 
5.566933631896973 
6.553790092468262 
7.087528228759766 
6.891179084777832 
4.957493782043457 
5.298669815063477 
7.176627159118652 
4.617772102355957 
5.775330543518066 
5.749198913574219 
7.137345314025879 
7.023007392883301 
9.928221702575684 
9.648947715759277 
5.714442729949951 
4.433099269866943 
4.969798564910889 
7.294735908508301 
5.622872352600098 
8.334758758544922 
7.440423011779785 
6.320303916931152 
7.811471939086914 
6.478390216827393 
5.750568389892578 
5.773852348327637 
6.616802215576172 
7.493569374084473 
7.002320289611816 
7.107822418212891 
5.762814521789551 
5.729333877563477 
5.940992832183838 
5.375004291534424 
5.540365219116211 
6.195445537567139 
5.450248718261719 
8.130455017089844 
5.629642486572266 
6.132323741912842 
7.029038906097412 
6.138552188873291 
7.5380401611328125 
5.950295448303223 
6.609402656555176 
8.580190658569336 
6.6395111083984375 
7.875802993774414 
7.33308744430542 
9.081110000610352 
4.505043983459473 
5.899889945983887 
5.732553005218506 
7.643407821655273 
5.5027875900268555 
5.784637451171875 
5.4625349044799805 
5.610598564147949 
4.797077178955078 
7.979833126068115 
6.773496150970459 
6.01787805557251 
4.961217880249023 
6.372339248657227 
6.009892463684082 
7.985373497009277 
5.419723033905029 
5.261651039123535 
6.193192005157471 
6.428678512573242 
6.084814548492432 
6.9139323234558105 
5.8944220542907715 
5.954281806945801 
6.604500770568848 
6.04931640625 
7.411587238311768 
7.509059429168701 
4.413253307342529 
6.389484405517578 
6.495156288146973 
5.79171895980835 
7.69747257232666 
5.161409378051758 
6.3153839111328125 
7.602450847625732 
6.508304595947266 
8.557827949523926 
5.406756401062012 
5.788667678833008 
6.486932754516602 
6.644322872161865 
5.956106662750244 
4.702237606048584 
5.155932903289795 
7.124347686767578 
6.867140769958496 
5.530547142028809 
5.2359843254089355 
6.1905622482299805 
5.083226680755615 
6.417656421661377 
5.7222418785095215 
6.889896392822266 
5.618849754333496 
4.546601295471191 
6.327404499053955 
8.426959991455078 
6.586803436279297 
6.823870658874512 
6.21298885345459 
5.7412261962890625 
5.7466278076171875 
5.969768524169922 
7.158939838409424 
5.65262508392334 
7.038173675537109 
5.530344009399414 
6.77068567276001 
7.400491714477539 
6.372499465942383 
6.948694229125977 
6.354784965515137 
6.044166564941406 
7.127012252807617 
5.82295036315918 
4.927083492279053 
5.292362689971924 
4.996511936187744 
6.471358299255371 
7.13922119140625 
7.096688270568848 
5.767085075378418 
11.317187309265137 
8.388842582702637 
5.2194671630859375 
6.341956615447998 
5.7713727951049805 
4.965360164642334 
7.730547904968262 
6.637073040008545 
7.716257572174072 
5.740276336669922 
7.6923723220825195 
5.948975086212158 
5.300576210021973 
5.704435348510742 
5.935806751251221 
7.195881366729736 
5.25070858001709 
6.0909295082092285 
5.035174369812012 
6.606103420257568 
6.964315891265869 
6.210426330566406 
5.776219367980957 
8.383207321166992 
4.578507423400879 
6.814627170562744 
7.4012250900268555 
7.502584457397461 
7.09063720703125 
6.5608744621276855 
5.829909801483154 
7.311331272125244 
6.007623195648193 
6.252574920654297 
6.412498474121094 
7.299801826477051 
6.4955854415893555 
7.492232322692871 
6.312685012817383 
4.462894916534424 
5.9082841873168945 
6.039772033691406 
6.756658554077148 
6.853702545166016 
7.363779067993164 
4.635255813598633 
4.078011512756348 
5.978875637054443 
5.526147842407227 
5.8186187744140625 
6.538999080657959 
5.3022613525390625 
6.9235334396362305 
5.463318824768066 
5.617691993713379 
5.47212553024292 
6.010298728942871 
7.700523376464844 
6.029935836791992 
6.4034833908081055 
8.02692699432373 
5.971770286560059 
6.200790882110596 
5.925017356872559 
6.6737470626831055 
7.85438871383667 
6.838751792907715 
5.816041946411133 
7.0708842277526855 
8.354450225830078 
7.034491062164307 
7.605456352233887 
7.5114359855651855 
6.425824165344238 
7.748056411743164 
6.790119171142578 
7.290807247161865 
6.5544819831848145 
7.357304096221924 
7.022994041442871 
6.443666934967041 
6.154844284057617 
5.919985771179199 
8.131001472473145 
6.536396503448486 
7.812524795532227 
5.775013446807861 
7.462468147277832 
4.371557235717773 
6.998032569885254 
6.670426845550537 
6.089641571044922 
7.846593856811523 
9.13205337524414 
6.319996356964111 
4.847196578979492 
6.302099227905273 
6.716096878051758 
6.914504051208496 
8.111433029174805 
7.168183326721191 
5.366623878479004 
5.988397598266602 
5.657007694244385 
6.15981388092041 
5.751624584197998 
5.3664045333862305 
6.20819091796875 
5.041187763214111 
5.906702995300293 
8.364849090576172 
5.831757545471191 
5.606544494628906 
8.746550559997559 
5.697299003601074 
5.14410400390625 
6.1411356925964355 
6.699860572814941 
5.250400066375732 
6.85391902923584 
6.429044723510742 
5.742859840393066 
5.925750732421875 
6.093722343444824 
6.273085594177246 
6.796584129333496 
5.263002872467041 
7.353896141052246 
9.795377731323242 
5.474549293518066 
6.833775520324707 
7.038656711578369 
5.913825988769531 
7.349099159240723 
6.029699325561523 
5.273738384246826 
6.087960720062256 
5.312417030334473 
7.740903854370117 
5.9702301025390625 
7.356873989105225 
4.808246612548828 
5.769315719604492 
6.409564018249512 
8.062629699707031 
5.960211753845215 
7.511235237121582 
5.815323829650879 
5.164568901062012 
6.116631031036377 
5.624447822570801 
6.429117202758789 
5.005624771118164 
7.640515327453613 
8.228391647338867 
8.575172424316406 
6.570165634155273 
7.991258144378662 
4.930669784545898 
6.0152587890625 
6.21000862121582 
6.547918796539307 
7.436960697174072 
5.79637336730957 
7.584784984588623 
7.018450736999512 
6.425876617431641 
5.355050086975098 
5.650732517242432 
5.710620403289795 
6.905899524688721 
5.457824230194092 
5.892470359802246 
7.963405132293701 
5.453675270080566 
5.903146743774414 
7.101864814758301 
6.439889907836914 
6.334254741668701 
6.1617536544799805 
5.582564830780029 
5.173389911651611 
7.949090957641602 
5.9305572509765625 
7.761062145233154 
7.421792030334473 
5.730803489685059 
7.552494525909424 
5.800244331359863 
6.237147331237793 
6.488678932189941 
5.396272659301758 
5.235495567321777 
6.211544513702393 
6.168626308441162 
7.117549896240234 
5.846245288848877 
7.059380531311035 
6.165781021118164 
5.29991340637207 
5.890700340270996 
7.0487565994262695 
6.638368606567383 
8.072586059570312 
6.4253692626953125 
6.943509101867676 
5.552216053009033 
9.058205604553223 
6.17420768737793 
6.603609085083008 
7.150370121002197 
5.86043643951416 
6.017020225524902 
6.400259017944336 
6.518852710723877 
7.4475417137146 
8.207198143005371 
6.477522850036621 
8.045268058776855 
9.548561096191406 
6.755876541137695 
5.235099792480469 
5.793153285980225 
7.42022705078125 
5.376987457275391 
6.532057762145996 
5.583752632141113 
7.326930522918701 
5.961276054382324 
5.756085395812988 
6.425863742828369 
5.4700164794921875 
6.195167541503906 
5.490501880645752 
8.023090362548828 
6.716352462768555 
6.113475799560547 
7.075784206390381 
5.554945945739746 
8.843229293823242 
5.113588333129883 
4.997340202331543 
5.992138862609863 
4.818669319152832 
8.209464073181152 
7.354689598083496 
6.130321979522705 
6.381563186645508 
5.221333980560303 
6.368316650390625 
5.838386535644531 
4.987003326416016 
5.608434677124023 
6.133829116821289 
5.4668474197387695 
4.796621322631836 
6.398908615112305 
6.937259197235107 
7.155722618103027 
6.4239349365234375 
5.243793487548828 
8.423847198486328 
8.82949161529541 
5.174834251403809 
7.424978733062744 
7.684957027435303 
8.802566528320312 
7.046945571899414 
5.53670597076416 
7.611367225646973 
5.402718544006348 
5.91473388671875 
7.659397125244141 
7.565886974334717 
7.007311820983887 
5.344951152801514 
7.067076683044434 
6.467960357666016 
6.866194725036621 
5.87265682220459 
6.528568267822266 
6.647130966186523 
5.97579288482666 
5.11467170715332 
5.498807907104492 
5.207165718078613 
7.854273319244385 
7.636654853820801 
5.048192977905273 
6.296533584594727 
4.986635208129883 
6.488361358642578 
5.868625640869141 
5.538937568664551 
5.4711594581604 
7.38054084777832 
7.807940483093262 
6.088193893432617 
4.311194896697998 
6.288837432861328 
5.379045009613037 
5.747321128845215 
6.039949417114258 
5.789806365966797 
5.822648048400879 
5.277493476867676 
4.857807636260986 
7.0278167724609375 
7.8605756759643555 
6.975710391998291 
6.192743301391602 
7.543643951416016 
5.638204097747803 
4.907865524291992 
5.499640941619873 
7.677332878112793 
8.51506233215332 
5.967016696929932 
8.060251235961914 
6.287909984588623 
5.658482074737549 
6.810794353485107 
5.441519260406494 
5.6487321853637695 
6.3103108406066895 
7.2643585205078125 
5.015836238861084 
6.3525004386901855 
6.902374267578125 
5.797635555267334 
7.1071672439575195 
5.824799060821533 
6.265232086181641 
5.575190544128418 
6.203676223754883 
6.790438175201416 
6.995521545410156 
6.942237854003906 
6.975755214691162 
5.654331684112549 
7.404187202453613 
5.714811325073242 
5.533848285675049 
4.975278377532959 
4.970888137817383 
5.742940902709961 
7.145437717437744 
6.212062835693359 
6.583080768585205 
5.146267890930176 
6.269744396209717 
5.908082485198975 
5.953488349914551 
6.380002975463867 
7.643152236938477 
5.894991397857666 
7.555445194244385 
5.955612659454346 
7.516468048095703 
5.599989414215088 
6.293766021728516 
6.8214111328125 
6.495654106140137 
6.417710304260254 
5.830564498901367 
7.815515518188477 
5.948721885681152 
7.069650650024414 
5.442757606506348 
6.585356712341309 
8.17167854309082 
7.511347770690918 
6.28085994720459 
7.085583686828613 
5.822380065917969 
5.183905601501465 
9.860335350036621 
5.713249206542969 
5.240890979766846 
8.237663269042969 
5.628069877624512 
6.561405181884766 
4.469174385070801 
6.201112747192383 
6.797440052032471 
5.7827043533325195 
8.752630233764648 
6.559328079223633 
6.997533321380615 
8.941366195678711 
5.821503639221191 
7.241565704345703 
7.435069561004639 
5.055806636810303 
9.44926929473877 
6.079394340515137 
5.730090618133545 
5.461148262023926 
6.063462257385254 
5.770835876464844 
5.289739608764648 
7.457729339599609 
9.105484008789062 
6.2834320068359375 
6.029036998748779 
7.0916032791137695 
4.929614067077637 
4.699352741241455 
6.837396621704102 
7.284595966339111 
7.336625099182129 
6.384044170379639 
7.906001091003418 
5.790178298950195 
6.051342010498047 
5.339682579040527 
8.418220520019531 
8.812301635742188 
8.50891399383545 
5.77967643737793 
4.741520881652832 
7.3131937980651855 
6.784037113189697 
7.682436466217041 
5.765151023864746 
8.499988555908203 
5.213799476623535 
6.4122796058654785 
7.338616371154785 
6.74529504776001 
7.272733688354492 
6.42811393737793 
6.414486885070801 
7.698226451873779 
8.057937622070312 
6.8736090660095215 
5.997121334075928 
6.735106945037842 
5.4097394943237305 
6.674407482147217 
6.3339691162109375 
6.212674140930176 
6.310911178588867 
6.372913360595703 
5.915958404541016 
7.621891975402832 
7.85030460357666 
5.251219272613525 
10.036096572875977 
6.800261497497559 
7.666052341461182 
9.345170021057129 
8.869775772094727 
5.599549293518066 
7.5912580490112305 
5.990382194519043 
6.509137153625488 
4.9886603355407715 
6.745271682739258 
6.5212578773498535 
5.574953556060791 
6.79918098449707 
5.940642833709717 
5.389120101928711 
7.301719665527344 
7.119569301605225 
4.935719013214111 
5.607397079467773 
9.653108596801758 
5.122676372528076 
8.008877754211426 
7.134255409240723 
5.88563346862793 
7.58624792098999 
6.201836585998535 
4.978391170501709 
6.26573371887207 
6.496599197387695 
5.945344924926758 
6.736367702484131 
7.3629961013793945 
6.44540548324585 
6.4553961753845215 
5.648684024810791 
6.719234466552734 
7.505805492401123 
5.3276214599609375 
5.668876647949219 
6.56981086730957 
5.973441123962402 
5.770618438720703 
5.59962272644043 
5.747465133666992 
5.4397172927856445 
5.744797229766846 
5.784204483032227 
6.110777378082275 
7.130854606628418 
5.027841567993164 
6.023859977722168 
6.86400032043457 
8.196676254272461 
6.315252304077148 
8.182511329650879 
6.881343841552734 
6.109544277191162 
5.399199962615967 
5.512723445892334 
6.6694746017456055 
5.93340539932251 
6.056358814239502 
7.504460334777832 
6.970484256744385 
6.557984352111816 
6.056090354919434 
5.647084712982178 
8.048337936401367 
5.033968925476074 
6.977599620819092 
8.228724479675293 
6.398252487182617 
6.025021076202393 
6.5019025802612305 
6.036825180053711 
5.6954755783081055 
5.581358432769775 
6.277713775634766 
7.356189727783203 
6.720310211181641 
5.103530406951904 
5.93621826171875 
6.192727088928223 
5.033707141876221 
6.179012298583984 
5.128345489501953 
5.0619378089904785 
6.2645111083984375 
6.119884967803955 
7.105362415313721 
5.056101322174072 
5.83046817779541 
6.27439022064209 
6.430103778839111 
5.025463104248047 
5.683676719665527 
8.391180038452148 
6.897067070007324 
5.815798759460449 
5.641509056091309 
7.154306888580322 
7.1651763916015625 
6.924159526824951 
6.380006790161133 
5.479496479034424 
6.140179634094238 
5.889949798583984 
7.19736385345459 
7.144136905670166 
5.082132816314697 
4.872339248657227 
5.536836624145508 
6.556451797485352 
5.4261474609375 
5.558599948883057 
5.4838972091674805 
5.13793420791626 
6.575265884399414 
8.636590957641602 
5.097085952758789 
4.895247459411621 
6.629010200500488 
8.499649047851562 
5.635468482971191 
4.944962501525879 
5.449040412902832 
6.1333723068237305 
6.549408912658691 
5.557794570922852 
7.689231872558594 
7.544225692749023 
7.0738067626953125 
6.251643180847168 
6.309848308563232 
6.070888519287109 
6.128166198730469 
5.885305404663086 
5.565500736236572 
6.999181747436523 
6.974973201751709 
6.366128921508789 
8.996366500854492 
6.318037033081055 
7.212124824523926 
7.431356430053711 
5.1020331382751465 
7.90693998336792 
8.351874351501465 
5.6754231452941895 
6.290421009063721 
5.953261375427246 
6.520340919494629 
6.272873878479004 
5.537225246429443 
4.933660507202148 
7.194253921508789 
6.194049835205078 
5.778295040130615 
6.531839370727539 
8.19700813293457 
5.72289514541626 
6.083165168762207 
5.476471900939941 
6.454969882965088 
8.597626686096191 
5.239916801452637 
5.184922218322754 
8.273133277893066 
7.572868824005127 
5.282634735107422 
5.281486988067627 
9.128559112548828 
5.991300582885742 
8.618143081665039 
6.436233043670654 
7.4380903244018555 
6.283670425415039 
6.039669990539551 
5.92323112487793 
6.357367515563965 
5.4847869873046875 
7.856136798858643 
5.978064060211182 
6.139245510101318 
8.43425464630127 
7.178023338317871 
6.726537227630615 
6.111462593078613 
7.034885883331299 
7.678265571594238 
6.983126163482666 
5.278297424316406 
5.745905876159668 
5.5990495681762695 
6.002206802368164 
6.516891002655029 
6.91016960144043 
5.441036224365234 
5.838224411010742 
8.228219985961914 
5.494874000549316 
5.7151336669921875 
5.487791538238525 
5.530712127685547 
5.809016227722168 
7.704675674438477 
6.3798346519470215 
5.698488235473633 
8.43848991394043 
8.467649459838867 
6.023883819580078 
6.0717644691467285 
5.67364501953125 
8.176462173461914 
5.228346824645996 
7.820307731628418 
6.609560489654541 
5.153911590576172 
5.727558135986328 
8.312570571899414 
7.139249801635742 
4.834477424621582 
5.572104454040527 
8.77226448059082 
5.168041706085205 
5.997722625732422 
6.719333171844482 
7.999135971069336 
5.163743019104004 
6.2227559089660645 
6.298839569091797 
5.690760135650635 
5.2876386642456055 
7.327855110168457 
6.124970436096191 
7.8649115562438965 
5.54326057434082 
4.320067882537842 
6.081229209899902 
5.681756019592285 
5.709924697875977 
8.53600788116455 
5.379673004150391 
6.475537300109863 
7.5682878494262695 
5.722254753112793 
6.191527843475342 
5.088017463684082 
7.354865074157715 
5.670985221862793 
7.203852653503418 
8.39572525024414 
6.163830757141113 
7.715305328369141 
6.639586448669434 
8.40335464477539 
6.143667221069336 
7.475498199462891 
9.428653717041016 
5.118105411529541 
6.156702518463135 
5.671098709106445 
5.384794235229492 
7.3086652755737305 
6.924653053283691 
5.184853553771973 
7.867704391479492 
5.904372215270996 
6.173890113830566 
5.713595867156982 
6.470247745513916 
6.315619468688965 
6.590007781982422 
5.434058666229248 
5.482960224151611 
5.208042144775391 
7.960544586181641 
8.311787605285645 
7.843623638153076 
6.202919960021973 
5.804202079772949 
6.2018232345581055 
5.548094749450684 
5.109769821166992 
5.533812522888184 
7.13775634765625 
7.3887410163879395 
5.145410537719727 
5.305257797241211 
7.413881301879883 
5.652091979980469 
6.030991554260254 
7.124658584594727 
7.816795349121094 
5.449909210205078 
5.677224159240723 
7.342770576477051 
7.401459693908691 
4.868622779846191 
5.596953392028809 
6.213018417358398 
5.323481559753418 
7.120750427246094 
5.069938659667969 
7.24445915222168 
7.530900955200195 
6.667684078216553 
5.584718704223633 
7.889040946960449 
6.1759490966796875 
6.5806450843811035 
6.198300361633301 
5.269801616668701 
6.298897743225098 
5.9308247566223145 
5.352198600769043 
8.194784164428711 
6.6087775230407715 
6.0155792236328125 
5.918057918548584 
6.133894443511963 
4.903992652893066 
7.3885369300842285 
6.584186553955078 
5.475813865661621 
5.28767204284668 
6.920642852783203 
8.140035629272461 
6.52078914642334 
6.689942359924316 
5.500668525695801 
5.226602554321289 
4.882162570953369 
5.892701625823975 
5.357155799865723 
8.561116218566895 
6.767714977264404 
6.3729987144470215 
6.50347900390625 
8.186586380004883 
8.62463665008545 
6.193863868713379 
5.9951581954956055 
7.540234565734863 
5.946470260620117 
6.376915454864502 
7.554249286651611 
5.384268760681152 
6.520556449890137 
5.2223920822143555 
5.945066452026367 
5.251931667327881 
5.547709941864014 
7.035731315612793 
6.281394004821777 
5.924929618835449 
6.670865058898926 
4.73304557800293 
6.085695266723633 
7.545307636260986 
6.970510959625244 
9.324307441711426 
5.7080793380737305 
7.191755771636963 
6.607175827026367 
7.004362106323242 
7.871674537658691 
5.798890113830566 
5.692022323608398 
6.145496368408203 
5.656487464904785 
6.502047538757324 
8.033303260803223 
6.712764263153076 
7.287870407104492 
6.150701522827148 
5.945487976074219 
5.745002746582031 
7.321826934814453 
6.446810245513916 
5.358541488647461 
5.808168411254883 
6.296419620513916 
5.672847270965576 
6.469768524169922 
5.986004829406738 
5.356217384338379 
6.178826808929443 
5.632484436035156 
5.256982326507568 
7.3859052658081055 
6.061615943908691 
5.557297229766846 
8.905964851379395 
5.335330486297607 
8.314756393432617 
10.165481567382812 
6.648337364196777 
5.223491191864014 
4.925734519958496 
6.43187141418457 
5.19986629486084 
6.454743385314941 
6.081649303436279 
6.281836986541748 
5.101701736450195 
6.086779594421387 
8.233906745910645 
8.155338287353516 
6.494089603424072 
7.754249572753906 
6.235576629638672 
5.235435962677002 
8.060674667358398 
5.937276363372803 
5.883258819580078 
6.803892612457275 
7.229282379150391 
7.138388156890869 
6.4339094161987305 
6.707666397094727 
6.159038543701172 
6.981884956359863 
7.777565956115723 
5.69643497467041 
7.550022125244141 
7.661708831787109 
6.072203159332275 
5.411420822143555 
6.9788713455200195 
6.690141677856445 
6.004441261291504 
7.953082084655762 
5.506371021270752 
7.5767316818237305 
8.040648460388184 
5.575911521911621 
5.791780471801758 
5.651914119720459 
7.986658096313477 
5.856163024902344 
5.571926116943359 
6.305422306060791 
6.06751823425293 
7.817889213562012 
6.221510887145996 
6.143280506134033 
7.50554895401001 
5.6907572746276855 
6.097079753875732 
5.7301836013793945 
5.879827976226807 
6.148367404937744 
5.292900562286377 
6.921843528747559 
6.5289154052734375 
7.236928939819336 
5.835727691650391 
5.259936332702637 
7.839873790740967 
7.07198429107666 
5.329163551330566 
5.148925304412842 
5.822097301483154 
6.462429046630859 
8.181281089782715 
6.531494140625 
5.2972307205200195 
6.335885047912598 
7.774832725524902 
5.659536838531494 
7.608719825744629 
4.512083053588867 
6.1863694190979 
6.145631790161133 
5.385206699371338 
7.397524833679199 
5.921283721923828 
6.71123743057251 
5.7258620262146 
6.6137518882751465 
6.453425407409668 
5.128854751586914 
6.372857093811035 
9.004005432128906 
6.415555000305176 
5.890841484069824 
8.000226020812988 
5.835199356079102 
4.704567909240723 
5.795522689819336 
6.524286270141602 
5.01533317565918 
6.7428975105285645 
5.998676300048828 
7.869174957275391 
5.475172996520996 
5.756479740142822 
6.232194900512695 
6.228900909423828 
8.414743423461914 
4.589896202087402 
6.662380218505859 
8.879969596862793 
7.283803939819336 
6.0966362953186035 
7.721438407897949 
7.450602054595947 
5.532649993896484 
4.929436683654785 
5.356735706329346 
5.5018696784973145 
6.399801731109619 
6.834447860717773 
7.55781364440918 
8.166289329528809 
6.818259239196777 
5.500001430511475 
5.809076309204102 
6.485292434692383 
6.572254180908203 
5.172686576843262 
6.241887092590332 
5.858202934265137 
6.5206098556518555 
5.864130973815918 
5.40383243560791 
5.541421890258789 
8.48101806640625 
6.0554656982421875 
7.5094146728515625 
5.610080242156982 
5.936285972595215 
6.538908958435059 
5.751861572265625 
7.909486770629883 
5.984394550323486 
5.191118240356445 
7.116428375244141 
4.858842372894287 
5.965719223022461 
7.830913543701172 
7.99810791015625 
5.695199966430664 
4.853458404541016 
5.966127872467041 
5.9080891609191895 
7.5923614501953125 
7.738068580627441 
7.952223300933838 
5.654069423675537 
6.369174480438232 
7.0428032875061035 
7.740588665008545 
7.217616081237793 
6.85270881652832 
6.318028450012207 
6.063033580780029 
6.183694839477539 
6.1476240158081055 
6.116589069366455 
6.784106254577637 
5.720393657684326 
6.276538848876953 
8.884090423583984 
5.499849319458008 
5.737573146820068 
5.158257961273193 
5.469649314880371 
5.475793838500977 
9.285059928894043 
6.267514228820801 
6.612691879272461 
6.271944999694824 
6.2700300216674805 
6.726827621459961 
6.285524845123291 
6.798369407653809 
5.084926605224609 
7.612052917480469 
6.0013837814331055 
5.863533973693848 
7.280217170715332 
7.267546653747559 
5.803279876708984 
5.870459079742432 
5.860116004943848 
7.7653398513793945 
5.173900604248047 
7.05501651763916 
5.717054843902588 
5.356727600097656 
6.242558479309082 
7.286534786224365 
7.523523330688477 
6.132839679718018 
5.518226623535156 
8.347437858581543 
7.361509323120117 
4.980338096618652 
9.22634220123291 
7.600270748138428 
5.0442914962768555 
5.799261093139648 
6.707528591156006 
6.944491863250732 
6.487966537475586 
7.007916450500488 
5.406111717224121 
5.111100196838379 
5.203584671020508 
6.234455108642578 
7.201478958129883 
5.726621627807617 
5.005617141723633 
5.666526794433594 
8.01272201538086 
5.644116401672363 
6.301959037780762 
7.006583213806152 
6.6312055587768555 
7.701797962188721 
6.216917991638184 
6.077879428863525 
5.48469352722168 
6.525774002075195 
5.5451459884643555 
6.665762424468994 
5.9542155265808105 
10.514049530029297 
7.061122894287109 
5.777620792388916 
6.018751621246338 
6.255208969116211 
6.222895622253418 
5.202812194824219 
8.00894546508789 
6.505156517028809 
6.621003150939941 
5.326948642730713 
6.570377826690674 
5.682567596435547 
5.415205955505371 
7.833319187164307 
6.5751447677612305 
5.775936126708984 
5.673879623413086 
5.0891523361206055 
5.939589500427246 
6.268223285675049 
6.953513145446777 
5.732488632202148 
6.627917289733887 
7.240626335144043 
4.752232074737549 
5.977094650268555 
5.278055667877197 
5.588611602783203 
5.506218433380127 
6.7680463790893555 
5.290180206298828 
8.11984920501709 
5.962541580200195 
5.4560394287109375 
6.566440105438232 
5.85667610168457 
7.132213592529297 
6.000810623168945 
7.243371963500977 
5.075368881225586 
6.342685699462891 
5.795578479766846 
7.155677795410156 
5.10023307800293 
5.259063720703125 
7.783748626708984 
6.919451713562012 
8.143890380859375 
5.670621871948242 
4.973537445068359 
5.444129943847656 
5.788076400756836 
5.60382604598999 
6.68861198425293 
7.591952323913574 
6.779592990875244 
5.613184452056885 
7.347775459289551 
7.980947494506836 
8.781862258911133 
6.651092052459717 
5.777132034301758 
5.999568939208984 
6.124500751495361 
6.435601234436035 
6.454926490783691 
5.715804100036621 
5.815989971160889 
5.076213836669922 
6.0476202964782715 
5.632806777954102 
5.681163311004639 
7.258403778076172 
5.455092430114746 
6.095348358154297 
5.538276672363281 
7.423698902130127 
9.604968070983887 
9.13125991821289 
5.5615057945251465 
5.137228012084961 
6.431678771972656 
6.460855484008789 
5.639163494110107 
6.094613075256348 
6.4118757247924805 
9.665029525756836 
6.1061859130859375 
4.901978492736816 
5.11285400390625 
5.990293502807617 
5.953816890716553 
6.386907577514648 
5.586309432983398 
6.879115104675293 
5.975511074066162 
7.000666618347168 
7.051967620849609 
6.82011604309082 
5.657859802246094 
5.92951774597168 
6.302651882171631 
6.813129901885986 
6.675358772277832 
6.548043727874756 
5.331453323364258 
6.351828575134277 
6.159244537353516 
7.0353803634643555 
6.4718499183654785 
7.533757209777832 
6.5465497970581055 
7.1467742919921875 
7.600698471069336 
6.455854415893555 
5.750855922698975 
8.165112495422363 
5.531174182891846 
8.882275581359863 
7.006897449493408 
6.066897392272949 
6.4547119140625 
5.508140563964844 
6.330710411071777 
6.028977870941162 
8.053654670715332 
9.436019897460938 
7.759475231170654 
5.017407417297363 
9.102709770202637 
9.928662300109863 
5.619730472564697 
5.5361857414245605 
5.589437484741211 
5.094752311706543 
6.664673805236816 
5.875886917114258 
5.442474365234375 
5.276354789733887 
6.670177936553955 
6.674648284912109 
6.249537944793701 
6.242881774902344 
6.1365156173706055 
6.557157039642334 
5.810256004333496 
8.283309936523438 
6.151914596557617 
6.7641448974609375 
4.9773030281066895 
5.175355434417725 
8.251771926879883 
9.328786849975586 
5.189886569976807 
5.809944152832031 
7.86585807800293 
4.650804042816162 
5.336178779602051 
9.100709915161133 
7.408623695373535 
5.893438816070557 
6.4612627029418945 
5.548892974853516 
5.366717338562012 
6.453681945800781 
6.701577663421631 
8.594146728515625 
5.967829704284668 
6.290709495544434 
6.033128261566162 
5.920060157775879 
9.28536319732666 
6.529590606689453 
9.130383491516113 
7.500654220581055 
5.563622951507568 
5.120305061340332 
5.015452861785889 
5.434018135070801 
5.516378879547119 
8.432536125183105 
5.853810787200928 
6.090014457702637 
6.0293755531311035 
7.030160903930664 
5.945289611816406 
6.805066108703613 
6.0382843017578125 
7.727648735046387 
5.0856146812438965 
5.910165309906006 
6.586142539978027 
5.8979644775390625 
7.242804527282715 
5.821138381958008 
8.309540748596191 
7.911534786224365 
6.410345554351807 
5.538015365600586 
5.459460258483887 
7.736538887023926 
7.961236953735352 
5.940643310546875 
5.535256385803223 
5.312149524688721 
6.666690349578857 
5.904061317443848 
7.193375587463379 
6.218751907348633 
6.559652805328369 
5.796381950378418 
6.828246116638184 
5.777404308319092 
6.33554744720459 
7.790280818939209 
7.258659362792969 
7.0601806640625 
6.803893566131592 
5.324276447296143 
6.149863243103027 
7.145331382751465 
8.936676025390625 
6.362308502197266 
6.499239921569824 
5.647440433502197 
6.350445747375488 
5.570574760437012 
4.793997287750244 
6.206165313720703 
4.951303482055664 
6.619597434997559 
7.318599700927734 
9.289839744567871 
6.0494465827941895 
6.215184688568115 
8.22794246673584 
4.959468841552734 
9.232110977172852 
5.357812881469727 
6.637136459350586 
6.273972511291504 
6.266507148742676 
5.069401741027832 
5.745639801025391 
7.5011372566223145 
8.026117324829102 
5.435127258300781 
6.328307151794434 
7.581707954406738 
6.138372898101807 
6.561542987823486 
4.971601486206055 
7.862576961517334 
4.92850923538208 
6.815549850463867 
5.448340892791748 
5.547110557556152 
6.078590393066406 
7.197023391723633 
6.623447418212891 
8.416373252868652 
4.786516189575195 
6.877754211425781 
5.019011497497559 
6.044128894805908 
5.9107866287231445 
6.352499008178711 
6.475564002990723 
6.441293716430664 
6.737287998199463 
6.996382713317871 
6.26923942565918 
7.0608344078063965 
6.14752197265625 
8.222646713256836 
6.335599899291992 
5.652448654174805 
6.57326078414917 
9.207274436950684 
5.553068161010742 
7.876364707946777 
7.846171855926514 
5.97872257232666 
6.713200569152832 
6.2800774574279785 
6.501657962799072 
7.269449234008789 
7.411890506744385 
5.388388633728027 
7.091701030731201 
5.709885120391846 
5.479533672332764 
5.934734344482422 
6.265604019165039 
7.7657036781311035 
6.0181756019592285 
10.6738920211792 
7.329870700836182 
5.950008392333984 
5.556713104248047 
7.468489646911621 
5.543023109436035 
6.066483497619629 
5.823444366455078 
7.28231143951416 
6.955218315124512 
7.054864883422852 
9.441298484802246 
6.892613887786865 
5.547956943511963 
8.965787887573242 
6.1782026290893555 
5.965215682983398 
5.913119792938232 
7.296835422515869 
5.6045122146606445 
4.760822296142578 
5.939424514770508 
6.054008483886719 
7.457139015197754 
8.41781997680664 
5.63596248626709 
8.106608390808105 
7.470653057098389 
5.509476184844971 
5.538386821746826 
8.131782531738281 
6.398190498352051 
5.234992027282715 
8.42765998840332 
5.655301570892334 
7.037107467651367 
4.884142875671387 
7.194120407104492 
5.450338363647461 
4.833230018615723 
5.65902042388916 
7.49894380569458 
5.632664680480957 
6.250397682189941 
5.217584133148193 
5.1957902908325195 
6.580409526824951 
6.084492206573486 
5.559277057647705 
5.660460472106934 
6.128443717956543 
7.405364990234375 
6.1177778244018555 
8.424680709838867 
5.291649341583252 
4.6511945724487305 
7.094913005828857 
7.256853103637695 
7.7248382568359375 
8.2391357421875 
7.182885646820068 
5.993251800537109 
5.57839298248291 
7.839442253112793 
5.594794273376465 
5.952573776245117 
5.8011474609375 
6.570986747741699 
6.631996154785156 
6.069395065307617 
7.830073356628418 
7.137469291687012 
5.857098579406738 
6.125090599060059 
5.557799339294434 
6.59028434753418 
7.511080265045166 
5.600788116455078 
5.390756607055664 
9.25118637084961 
7.737397193908691 
4.6863322257995605 
6.026573181152344 
7.628623008728027 
6.529254913330078 
6.426929473876953 
5.816165924072266 
7.232581615447998 
7.5549516677856445 
5.734532356262207 
5.624957084655762 
6.683403015136719 
6.981673717498779 
5.9054856300354 
8.705718994140625 
5.701946258544922 
4.761024475097656 
7.083668231964111 
5.602086067199707 
9.277962684631348 
7.624317169189453 
6.495822906494141 
7.787677764892578 
7.393226623535156 
7.529601097106934 
8.638603210449219 
7.084090232849121 
5.524407386779785 
5.161456108093262 
5.6388444900512695 
7.26715087890625 
6.015571594238281 
5.107666969299316 
5.40793514251709 
5.686514377593994 
5.666440963745117 
7.332412242889404 
5.432602882385254 
5.906067371368408 
7.468265533447266 
6.983392238616943 
6.832578659057617 
5.590333938598633 
6.759922504425049 
6.821813583374023 
5.7151994705200195 
9.203594207763672 
6.522607803344727 
5.503256320953369 
5.593018054962158 
6.2045111656188965 
5.845877170562744 
6.98945426940918 
6.568762302398682 
6.011219024658203 
5.78514289855957 
6.39434814453125 
7.144399642944336 
7.596851348876953 
5.248988151550293 
7.856828689575195 
8.896282196044922 
5.324139595031738 
7.9703264236450195 
5.7150983810424805 
7.715758323669434 
7.4875288009643555 
6.150135517120361 
6.979240417480469 
5.594444274902344 
6.4425153732299805 
5.9937543869018555 
5.810284614562988 
6.879265785217285 
5.48918342590332 
7.1608171463012695 
5.412832260131836 
9.605579376220703 
5.009791374206543 
4.90325927734375 
5.581651210784912 
5.8513617515563965 
5.818746566772461 
5.334299087524414 
7.872825622558594 
6.802916049957275 
4.866916656494141 
6.183563709259033 
6.576898574829102 
7.06637716293335 
8.09994888305664 
6.54404878616333 
5.792447090148926 
5.911770343780518 
6.586632251739502 
5.6146392822265625 
8.862106323242188 
4.8191938400268555 
8.832721710205078 
5.236830711364746 
5.967160701751709 
6.17439079284668 
6.9960527420043945 
6.819049835205078 
7.175057888031006 
5.080953121185303 
5.223372936248779 
5.423873424530029 
6.66590690612793 
8.274148941040039 
7.405984401702881 
9.439239501953125 
6.122874736785889 
5.158456325531006 
7.816795349121094 
9.192890167236328 
6.287466526031494 
6.234535217285156 
8.792654991149902 
5.34593391418457 
6.930585861206055 
6.788182258605957 
6.733759880065918 
7.073339939117432 
8.493385314941406 
7.155182838439941 
6.984147548675537 
7.141111373901367 
6.663771629333496 
