6.587822914123535 
6.373420715332031 
7.231732368469238 
4.711881160736084 
6.208798885345459 
5.576324939727783 
6.125246047973633 
5.709517955780029 
7.594949245452881 
6.228956699371338 
6.77167272567749 
5.919150352478027 
7.407272815704346 
5.772499084472656 
8.399361610412598 
5.622375965118408 
6.778999328613281 
7.172549247741699 
6.084714412689209 
5.8736891746521 
5.666377544403076 
5.73842191696167 
7.539717197418213 
5.84454870223999 
7.155095100402832 
5.321445941925049 
5.026500225067139 
8.388908386230469 
5.688006401062012 
4.6939849853515625 
5.340638637542725 
7.990748882293701 
6.335281848907471 
5.918820381164551 
6.874203681945801 
6.247549057006836 
5.601169586181641 
5.372755527496338 
6.983692646026611 
5.362990379333496 
7.259522914886475 
5.912829875946045 
7.417436599731445 
5.087181568145752 
5.951592445373535 
7.204389572143555 
6.42649507522583 
6.2395429611206055 
6.422982215881348 
6.1590800285339355 
6.949027061462402 
5.524373531341553 
5.277209758758545 
5.773131847381592 
9.950540542602539 
6.0971360206604 
5.528772354125977 
5.172383785247803 
5.484903812408447 
5.78809928894043 
4.942944049835205 
5.9023871421813965 
5.814357280731201 
5.900320529937744 
5.447854995727539 
6.738821506500244 
6.39307975769043 
6.816659927368164 
6.7349700927734375 
6.37594747543335 
6.029903411865234 
7.890273571014404 
7.886284828186035 
4.943549633026123 
6.195347785949707 
5.664822578430176 
7.3416748046875 
5.688626766204834 
5.911116123199463 
9.386359214782715 
5.184990882873535 
7.430202960968018 
5.747779369354248 
5.90271520614624 
5.107810020446777 
5.611511707305908 
6.8256916999816895 
5.668403625488281 
6.859325408935547 
8.607904434204102 
6.18526029586792 
4.754236698150635 
5.975497722625732 
6.147228717803955 
5.750327110290527 
5.958319664001465 
5.696056365966797 
6.458978176116943 
5.192446231842041 
5.477938652038574 
5.787258148193359 
5.785916328430176 
6.0197529792785645 
5.362390995025635 
5.434145927429199 
9.218291282653809 
7.539657115936279 
5.528810024261475 
5.543605804443359 
6.267022132873535 
5.753873825073242 
7.481337547302246 
6.536859512329102 
6.402825832366943 
7.899858474731445 
5.681197643280029 
5.038602828979492 
5.798933506011963 
6.328310012817383 
6.45379638671875 
5.954665184020996 
5.058161735534668 
6.694219589233398 
6.422761917114258 
7.378560543060303 
5.133578300476074 
6.0635833740234375 
7.350999355316162 
6.15717077255249 
5.783304691314697 
4.866293430328369 
5.08020544052124 
6.894843578338623 
7.026891708374023 
5.282292366027832 
5.966306686401367 
5.28461217880249 
7.234372615814209 
6.845914363861084 
5.7315497398376465 
6.342843532562256 
5.001675128936768 
5.10980749130249 
5.825594902038574 
6.389858245849609 
5.206648349761963 
5.613940715789795 
6.311756610870361 
6.4425740242004395 
4.629154205322266 
6.431646347045898 
5.568669319152832 
4.345814228057861 
5.838134765625 
5.990850925445557 
4.630808353424072 
5.837648391723633 
4.901707649230957 
5.879140377044678 
4.080135822296143 
6.402110576629639 
6.294410228729248 
6.5689377784729 
5.123709201812744 
7.150522708892822 
7.394872665405273 
6.513923645019531 
6.870893478393555 
6.119878768920898 
8.361522674560547 
6.644110679626465 
7.084672451019287 
6.414676189422607 
7.0739922523498535 
5.483229160308838 
5.486711025238037 
6.436700344085693 
6.3308258056640625 
7.083503723144531 
6.129179954528809 
5.205043315887451 
5.296214580535889 
5.607576370239258 
6.129384994506836 
6.233726501464844 
5.80731201171875 
6.5835466384887695 
6.87047815322876 
5.469514846801758 
5.146975040435791 
8.339778900146484 
5.104859352111816 
5.797852993011475 
6.6922287940979 
6.11754035949707 
5.796335220336914 
6.3186564445495605 
6.234468460083008 
7.751796722412109 
7.3369526863098145 
6.046652317047119 
6.567542552947998 
4.891382217407227 
6.456411361694336 
6.349322319030762 
5.388507843017578 
4.864737033843994 
6.867909908294678 
5.545665740966797 
6.834017276763916 
5.87464714050293 
5.578524112701416 
7.958924293518066 
6.083071231842041 
6.424915313720703 
5.946739673614502 
5.708772659301758 
7.255589485168457 
4.743319511413574 
5.396235942840576 
6.27213716506958 
5.382638454437256 
6.079097747802734 
5.728397846221924 
5.128625392913818 
5.099208354949951 
5.895191669464111 
4.873443126678467 
5.218975067138672 
6.807730197906494 
5.479489803314209 
4.889604568481445 
5.7647576332092285 
6.4593682289123535 
6.017594814300537 
7.315977096557617 
6.632741928100586 
6.409440517425537 
6.597294807434082 
6.198966979980469 
5.4051008224487305 
6.990150451660156 
8.696447372436523 
6.636599063873291 
5.856163024902344 
7.101724147796631 
6.0042877197265625 
5.437587738037109 
6.094081401824951 
6.888060092926025 
6.352727890014648 
8.820751190185547 
5.753708362579346 
6.433866500854492 
6.721492767333984 
7.337483882904053 
7.388261318206787 
7.209051609039307 
5.982565879821777 
5.5614013671875 
6.411153316497803 
6.5704345703125 
8.208806991577148 
6.114293575286865 
4.859797477722168 
4.737972736358643 
5.817013263702393 
5.766645431518555 
6.270487308502197 
5.246617794036865 
6.496862888336182 
6.290461540222168 
6.156364917755127 
5.974007606506348 
9.239493370056152 
5.587886333465576 
6.093105316162109 
7.67933464050293 
5.260617733001709 
6.506028652191162 
5.655647277832031 
4.654319763183594 
6.44709587097168 
6.684946060180664 
5.250227928161621 
6.549041748046875 
5.659579277038574 
6.426601409912109 
4.610652446746826 
6.29195499420166 
6.336126327514648 
8.4313325881958 
6.118931770324707 
6.411154747009277 
4.7874040603637695 
7.530953884124756 
6.022496700286865 
8.129443168640137 
6.395962715148926 
6.603220462799072 
4.696293830871582 
6.358974933624268 
7.860688209533691 
4.366726875305176 
4.952099323272705 
7.471960544586182 
5.4960832595825195 
6.526432037353516 
5.991095066070557 
6.848888874053955 
5.881736755371094 
5.902940273284912 
6.543889999389648 
6.230949878692627 
6.063364028930664 
6.557826042175293 
6.3978400230407715 
5.4134674072265625 
6.867947101593018 
6.039924621582031 
9.505854606628418 
4.579514503479004 
7.388545036315918 
6.251532077789307 
4.736515045166016 
6.95880651473999 
6.298880100250244 
6.720118999481201 
6.210078716278076 
5.580530643463135 
5.747673511505127 
6.160404682159424 
6.981481552124023 
6.414135932922363 
5.557585716247559 
6.45050573348999 
6.447840690612793 
7.498721122741699 
5.871445178985596 
9.572763442993164 
5.485204219818115 
5.356711387634277 
6.103623390197754 
6.3302812576293945 
6.480692386627197 
6.342175483703613 
6.040433883666992 
5.34177303314209 
5.297574996948242 
6.08791446685791 
6.759112358093262 
9.066720962524414 
5.617850303649902 
7.085431098937988 
5.944878578186035 
6.224874973297119 
6.034217834472656 
5.921540260314941 
5.809074878692627 
5.213382244110107 
4.76115608215332 
6.450530529022217 
6.380792617797852 
6.352660655975342 
6.125131607055664 
6.450501918792725 
6.190627574920654 
6.941895961761475 
5.343800067901611 
4.666466236114502 
7.371811389923096 
5.253685474395752 
6.950174331665039 
6.586043357849121 
7.2360944747924805 
6.712041854858398 
5.870401382446289 
6.508275032043457 
5.950421333312988 
5.869542121887207 
7.071950912475586 
6.607311248779297 
4.75998592376709 
5.782657146453857 
5.858290672302246 
6.422754764556885 
5.615180969238281 
9.297807693481445 
6.786959171295166 
6.688639163970947 
6.143086910247803 
7.402514457702637 
5.880796432495117 
6.500728607177734 
4.510026454925537 
6.840938568115234 
6.246105670928955 
8.182417869567871 
7.064377784729004 
5.391303539276123 
4.975833892822266 
6.699990272521973 
4.804226398468018 
5.4341535568237305 
6.201423168182373 
7.24828577041626 
6.751075744628906 
5.56209135055542 
6.594202041625977 
6.173264026641846 
7.063697338104248 
5.657515048980713 
6.9687724113464355 
5.953561782836914 
6.152488708496094 
6.071142196655273 
6.899604320526123 
4.6432366371154785 
6.089177131652832 
7.866308212280273 
6.572988986968994 
5.840301990509033 
5.113647937774658 
6.124829292297363 
6.512247562408447 
6.36983060836792 
7.4629387855529785 
4.678767204284668 
8.178936004638672 
6.159643173217773 
7.294619083404541 
4.888712406158447 
5.746760845184326 
6.522036075592041 
4.661035060882568 
5.856822967529297 
5.9160943031311035 
5.940622329711914 
5.798842906951904 
7.231481552124023 
8.3375244140625 
7.640793323516846 
6.643957138061523 
6.412700653076172 
6.983916759490967 
5.564398288726807 
7.567099094390869 
7.005043983459473 
5.492585182189941 
6.492691993713379 
5.295821666717529 
5.5052924156188965 
6.584718704223633 
6.267569541931152 
5.908965110778809 
6.011066913604736 
5.792479515075684 
5.816772937774658 
6.43502140045166 
5.390669345855713 
6.462033271789551 
8.740089416503906 
6.032397747039795 
5.940256595611572 
7.610013008117676 
9.209770202636719 
6.263310432434082 
5.118957996368408 
5.740541934967041 
6.141251087188721 
5.401020526885986 
6.248803615570068 
5.965077877044678 
6.032040596008301 
6.287460803985596 
7.15561056137085 
4.894817352294922 
4.6297149658203125 
5.456823348999023 
6.554045677185059 
5.698009014129639 
8.608786582946777 
5.944805145263672 
6.9005818367004395 
5.745682239532471 
6.489655494689941 
6.336649417877197 
6.351348400115967 
7.419448375701904 
6.1805949211120605 
7.389033317565918 
7.408952236175537 
6.56176233291626 
4.827561855316162 
7.245180130004883 
5.451433181762695 
9.14908504486084 
5.622188091278076 
7.246171474456787 
5.6190505027771 
9.12536334991455 
5.819692134857178 
6.938473224639893 
5.644412040710449 
6.224599361419678 
7.855961322784424 
4.719586372375488 
5.614656925201416 
7.147017002105713 
5.226016521453857 
4.247861862182617 
4.446329593658447 
5.733231544494629 
8.111969947814941 
6.832082271575928 
6.407115936279297 
5.443582057952881 
6.330039024353027 
6.601663112640381 
7.682620048522949 
6.037988662719727 
5.76112174987793 
7.416521072387695 
5.647060871124268 
6.091733932495117 
5.683697700500488 
6.0436248779296875 
6.723474025726318 
6.694084644317627 
5.862786293029785 
5.9154767990112305 
5.612460136413574 
7.646668910980225 
5.445023059844971 
5.210570335388184 
5.989513397216797 
5.9669294357299805 
6.290686130523682 
6.307213306427002 
7.108211517333984 
5.514101028442383 
5.552581787109375 
5.460849285125732 
6.076749801635742 
5.789368629455566 
5.789565563201904 
7.819005489349365 
5.71730899810791 
5.8963117599487305 
5.778688430786133 
5.8348870277404785 
6.618966102600098 
5.245793342590332 
6.905837535858154 
7.916873931884766 
6.129502296447754 
5.816220283508301 
6.035852909088135 
5.687960147857666 
5.957799911499023 
5.145319938659668 
6.42883825302124 
5.7640604972839355 
7.064083576202393 
7.736060619354248 
6.894067764282227 
7.764611721038818 
6.52310037612915 
5.869814395904541 
5.791731357574463 
6.488857269287109 
5.497957229614258 
5.170283794403076 
6.114416122436523 
5.956431865692139 
5.485400676727295 
5.645572185516357 
5.97381067276001 
5.474719047546387 
7.447565078735352 
7.625044345855713 
8.116539001464844 
7.266441345214844 
5.819367408752441 
6.781670093536377 
5.790966510772705 
5.701080799102783 
8.575855255126953 
5.936740875244141 
5.133983612060547 
6.052781581878662 
8.336491584777832 
6.612746238708496 
5.6599225997924805 
5.9441423416137695 
4.920629501342773 
5.824068069458008 
5.590384006500244 
5.9955549240112305 
5.582046031951904 
6.175342082977295 
5.718356609344482 
6.554311752319336 
6.540052890777588 
5.98571252822876 
6.949576377868652 
5.019793510437012 
7.171149730682373 
5.661055088043213 
4.668786525726318 
5.505340576171875 
4.924640655517578 
7.0463175773620605 
5.420773029327393 
4.954345703125 
5.103419303894043 
7.9574971199035645 
5.438465118408203 
5.533719062805176 
7.258209228515625 
6.380259990692139 
6.177002429962158 
5.658396244049072 
5.127679824829102 
6.258673191070557 
5.4685444831848145 
6.021902561187744 
5.007091999053955 
5.430385112762451 
6.179713249206543 
5.3271074295043945 
8.347439765930176 
5.6773529052734375 
5.718903541564941 
5.598883628845215 
6.940157890319824 
7.170651912689209 
5.2349853515625 
5.606781482696533 
8.594358444213867 
6.503876686096191 
5.384697437286377 
6.001558303833008 
5.454038619995117 
5.798277854919434 
5.901098251342773 
8.46690559387207 
7.049626350402832 
5.987307548522949 
5.843499183654785 
6.226417064666748 
7.097290992736816 
8.562554359436035 
8.587571144104004 
4.723548889160156 
7.638938903808594 
5.802613735198975 
7.703000068664551 
5.961350440979004 
5.321063995361328 
5.794256210327148 
6.7124738693237305 
7.074143886566162 
4.20510196685791 
5.75351619720459 
6.712682247161865 
7.237496376037598 
7.689138412475586 
5.37529182434082 
5.5062575340271 
6.287271499633789 
5.321059703826904 
6.955652236938477 
8.351652145385742 
6.8148112297058105 
6.380189418792725 
5.3834757804870605 
8.286189079284668 
7.460447311401367 
6.8815484046936035 
6.651776313781738 
4.286038398742676 
5.489651679992676 
5.23396110534668 
4.918720722198486 
6.203853130340576 
6.432544231414795 
5.453420639038086 
5.618256568908691 
5.608448505401611 
6.7477498054504395 
5.786220073699951 
6.143200874328613 
7.380544662475586 
7.6793951988220215 
6.552561283111572 
6.092189311981201 
6.404114723205566 
6.081610202789307 
6.073694705963135 
6.487741947174072 
7.814257621765137 
8.565147399902344 
6.388138771057129 
5.693175792694092 
6.2760162353515625 
6.100266933441162 
5.495067119598389 
5.57523775100708 
6.378244876861572 
6.775088310241699 
6.296550273895264 
6.556603908538818 
8.84992504119873 
6.564361572265625 
5.514091968536377 
5.075508117675781 
5.608218669891357 
5.446706771850586 
5.216037273406982 
7.542064666748047 
5.260610103607178 
5.118068695068359 
7.653797149658203 
5.089946746826172 
6.300336837768555 
5.54450798034668 
6.962622165679932 
5.596647262573242 
5.90086555480957 
5.586635112762451 
8.537795066833496 
6.670854091644287 
7.002816677093506 
7.673594951629639 
7.352334022521973 
6.428094863891602 
4.548155307769775 
6.617759704589844 
5.045926094055176 
6.267366886138916 
5.751219749450684 
6.105313301086426 
5.906182289123535 
5.607573986053467 
7.52006196975708 
5.366244316101074 
6.782575607299805 
8.183937072753906 
6.1501312255859375 
6.384817600250244 
6.13300085067749 
6.187066078186035 
8.64641284942627 
5.1870527267456055 
5.643662452697754 
6.0759663581848145 
7.439019203186035 
4.953619003295898 
6.665344715118408 
7.162378787994385 
6.33314847946167 
7.054688930511475 
6.356530666351318 
6.7703537940979 
5.598455429077148 
5.323854923248291 
4.76774787902832 
5.749721527099609 
5.990285396575928 
8.476165771484375 
6.107180118560791 
5.5298614501953125 
6.112639904022217 
6.066567897796631 
8.2432222366333 
5.569375991821289 
8.444634437561035 
5.1882243156433105 
7.350429534912109 
5.054026126861572 
7.628839492797852 
6.223142623901367 
5.399840831756592 
5.077940940856934 
6.8550333976745605 
6.89705753326416 
8.108500480651855 
6.496262550354004 
6.408116340637207 
5.664081573486328 
6.6172709465026855 
5.211760520935059 
5.781659126281738 
5.70648193359375 
5.054710865020752 
5.80656623840332 
5.698122501373291 
5.620372295379639 
7.896350383758545 
5.835171699523926 
6.069524765014648 
5.681087493896484 
5.86220645904541 
5.526890754699707 
5.878362655639648 
6.692558765411377 
4.627103328704834 
5.54142951965332 
5.20974588394165 
4.619163990020752 
6.398200511932373 
7.384629249572754 
5.580341815948486 
5.439975738525391 
5.515745162963867 
5.46128511428833 
5.955652236938477 
5.885780334472656 
5.787977695465088 
5.942556381225586 
6.143022537231445 
6.7088236808776855 
5.20560884475708 
6.219457626342773 
5.876916408538818 
8.097258567810059 
6.65010404586792 
5.011366367340088 
7.0673394203186035 
5.230258464813232 
5.7782063484191895 
6.278314590454102 
6.369728088378906 
6.480557441711426 
8.57682991027832 
6.5845112800598145 
5.762463569641113 
5.954474925994873 
6.674220085144043 
6.94328498840332 
5.848859786987305 
7.355485916137695 
6.925616264343262 
7.515369415283203 
4.656364440917969 
6.549840450286865 
6.1210036277771 
6.987443923950195 
5.884424686431885 
6.164951801300049 
5.693092346191406 
7.0225372314453125 
6.303066253662109 
6.591155052185059 
6.054036617279053 
6.871999263763428 
5.809268474578857 
5.657083988189697 
7.805422306060791 
7.124534606933594 
6.608187675476074 
6.609847068786621 
5.356757164001465 
6.712164878845215 
5.254161357879639 
6.040399074554443 
6.104844093322754 
5.730395793914795 
7.109780311584473 
6.763004779815674 
7.0483832359313965 
5.899115562438965 
7.2426228523254395 
5.979578495025635 
6.989696025848389 
4.816495895385742 
5.382040500640869 
5.706127643585205 
5.352665424346924 
8.564475059509277 
6.7597880363464355 
5.855377674102783 
7.232400894165039 
6.560036659240723 
6.045566558837891 
6.281710147857666 
4.701332092285156 
6.613848686218262 
6.605879306793213 
5.630881309509277 
6.50136661529541 
6.336513996124268 
5.934182167053223 
5.735893249511719 
6.161931037902832 
6.094407081604004 
6.193455219268799 
5.232451438903809 
6.89110803604126 
5.891612529754639 
5.084912300109863 
8.784242630004883 
5.48953914642334 
6.647668361663818 
6.09286642074585 
6.004039764404297 
6.711567401885986 
7.4293317794799805 
5.590939521789551 
7.135068416595459 
6.225003242492676 
6.326409339904785 
5.871434211730957 
6.038665771484375 
6.960020065307617 
6.990202903747559 
6.3460917472839355 
6.033072471618652 
5.282953262329102 
8.53983211517334 
9.143404960632324 
6.7168707847595215 
6.142710208892822 
6.196804046630859 
5.595307350158691 
6.718521595001221 
5.609263896942139 
6.299461841583252 
6.102302551269531 
7.030551433563232 
6.790840148925781 
5.950610637664795 
6.303685665130615 
5.100824356079102 
6.1253767013549805 
5.233363628387451 
5.20919132232666 
9.161462783813477 
7.084568977355957 
7.599897384643555 
5.21518087387085 
6.506064414978027 
7.155640602111816 
5.645566463470459 
6.9374237060546875 
4.82598876953125 
5.3788161277771 
6.719932556152344 
4.784547328948975 
4.590354919433594 
6.474669456481934 
5.736538410186768 
5.01259708404541 
7.144453048706055 
5.533206939697266 
5.840237140655518 
5.78164529800415 
4.738314628601074 
5.940558910369873 
7.450904369354248 
5.9327239990234375 
6.122917175292969 
6.335529327392578 
5.471831798553467 
5.526769638061523 
6.966638565063477 
5.283271312713623 
6.8320722579956055 
7.384035110473633 
6.4269514083862305 
5.585800647735596 
6.488476753234863 
7.13844633102417 
5.138473033905029 
5.839109420776367 
5.0766801834106445 
7.317245960235596 
7.236669063568115 
7.265796184539795 
7.458090782165527 
6.3239359855651855 
7.28015661239624 
6.958904266357422 
8.065011978149414 
6.397226333618164 
7.186996936798096 
6.1846442222595215 
5.876052379608154 
6.405998229980469 
7.616716384887695 
7.83840799331665 
7.994749546051025 
6.567812442779541 
5.434016227722168 
7.143626689910889 
6.413944244384766 
6.530917644500732 
8.604582786560059 
8.8213529586792 
6.9961838722229 
5.1165337562561035 
6.819503307342529 
6.567509174346924 
6.017895221710205 
6.873605728149414 
7.632115364074707 
4.583579063415527 
6.224583625793457 
5.790743827819824 
5.879115581512451 
5.398062229156494 
5.812277317047119 
5.673530101776123 
5.3451995849609375 
5.854221820831299 
6.844589710235596 
5.953610420227051 
6.035077095031738 
6.09783935546875 
5.462716102600098 
6.347360134124756 
5.72432804107666 
5.456906795501709 
6.499425411224365 
5.923682689666748 
7.618767738342285 
5.9588117599487305 
6.311233997344971 
5.735721111297607 
5.772395133972168 
6.840618133544922 
6.416496276855469 
5.2260613441467285 
6.244536399841309 
5.457407474517822 
5.50249719619751 
5.9504241943359375 
4.912166118621826 
6.033712387084961 
5.499395370483398 
6.329041957855225 
7.243188858032227 
6.73263692855835 
6.15334415435791 
5.632643222808838 
5.741418361663818 
6.046876907348633 
6.82526159286499 
4.775760650634766 
8.289976119995117 
6.657260417938232 
6.547804832458496 
7.303065299987793 
5.572725772857666 
5.067728042602539 
4.916158676147461 
7.248523235321045 
5.855129241943359 
6.899341106414795 
6.878093719482422 
6.316348075866699 
5.708495140075684 
5.5346269607543945 
6.938101768493652 
7.6331257820129395 
5.723065376281738 
6.055810928344727 
5.497767448425293 
6.468441486358643 
7.91625452041626 
7.33975076675415 
4.935427665710449 
5.275801658630371 
8.590436935424805 
8.132437705993652 
5.439500331878662 
6.989867210388184 
5.7549357414245605 
5.713345527648926 
5.0871758460998535 
6.299179553985596 
5.554172992706299 
6.220019817352295 
7.4915571212768555 
4.563116073608398 
5.732153415679932 
6.753645420074463 
6.604947566986084 
6.602774143218994 
5.302088260650635 
5.535025119781494 
6.2395453453063965 
6.113161087036133 
6.999311923980713 
6.082246780395508 
5.414472579956055 
5.706498622894287 
6.851274013519287 
5.765979766845703 
6.336634635925293 
6.876373291015625 
6.983638286590576 
8.259611129760742 
7.348740577697754 
5.673621654510498 
5.178323268890381 
5.883002758026123 
7.549134731292725 
6.632071018218994 
5.719245433807373 
5.094304084777832 
6.1033935546875 
6.0350422859191895 
7.079437255859375 
6.496712684631348 
6.269603252410889 
5.545466423034668 
6.054930210113525 
6.392857551574707 
5.790024280548096 
6.372827529907227 
8.252363204956055 
7.0175275802612305 
5.583324909210205 
6.040895462036133 
6.196553707122803 
7.218292236328125 
6.237715244293213 
5.550376892089844 
7.314362049102783 
4.906369209289551 
6.542523384094238 
7.4595947265625 
5.153342247009277 
6.065983772277832 
5.680399417877197 
8.015582084655762 
5.130074501037598 
6.5164361000061035 
5.979025840759277 
6.139926910400391 
5.541362762451172 
7.021681308746338 
6.286934852600098 
6.9461588859558105 
5.943082809448242 
6.556760311126709 
5.849804401397705 
5.872246265411377 
6.330885887145996 
7.290679931640625 
6.297801971435547 
5.9972357749938965 
5.615627765655518 
5.02360725402832 
5.566596031188965 
5.963866710662842 
6.491094589233398 
5.083953380584717 
5.420299053192139 
6.476995468139648 
5.4136247634887695 
6.271474361419678 
6.116849422454834 
5.352269172668457 
6.268583297729492 
5.235975742340088 
6.4200544357299805 
4.979457378387451 
5.410397529602051 
7.851377010345459 
6.373485088348389 
6.602153301239014 
6.85530948638916 
6.45882511138916 
5.648136615753174 
5.9403395652771 
6.098567962646484 
4.595154762268066 
6.688211917877197 
5.952576160430908 
7.7402262687683105 
5.378658294677734 
8.81055736541748 
5.674389362335205 
7.098129749298096 
6.968406677246094 
5.870924472808838 
5.624527454376221 
4.956151008605957 
5.689639091491699 
5.329220294952393 
7.564671516418457 
6.940823078155518 
6.33076286315918 
5.876541614532471 
4.765821933746338 
6.089869976043701 
8.147494316101074 
7.405543804168701 
6.036709785461426 
7.066516876220703 
7.812439918518066 
6.329805850982666 
6.389807224273682 
5.790268421173096 
6.408252716064453 
6.50314474105835 
6.163525581359863 
5.044993877410889 
6.476282596588135 
6.207695960998535 
6.137752532958984 
7.30890417098999 
5.01002836227417 
6.176075458526611 
7.734590530395508 
5.768172264099121 
7.014750957489014 
5.8404107093811035 
6.344513893127441 
6.105893135070801 
5.2532572746276855 
6.12161111831665 
8.533713340759277 
6.736386299133301 
5.50602912902832 
8.591752052307129 
5.957908630371094 
6.865170001983643 
6.267932415008545 
6.251772880554199 
5.692915916442871 
5.152682304382324 
6.1384758949279785 
7.119120121002197 
5.947187423706055 
7.695346832275391 
8.02200984954834 
5.420871257781982 
6.031521320343018 
7.490132808685303 
6.765005111694336 
7.147149085998535 
7.123847484588623 
5.976043224334717 
6.768613338470459 
7.794000625610352 
5.083189487457275 
5.180318832397461 
5.761090278625488 
6.300060272216797 
7.0562520027160645 
6.0238566398620605 
8.498920440673828 
4.373349189758301 
6.3147759437561035 
6.4109673500061035 
5.405879020690918 
6.206193923950195 
6.184022903442383 
6.97748327255249 
5.93633508682251 
6.350345611572266 
7.734067440032959 
9.170424461364746 
5.862257480621338 
5.379071235656738 
8.323236465454102 
6.960626602172852 
6.298158168792725 
7.41788911819458 
6.177532196044922 
6.101014614105225 
6.1713337898254395 
6.290747165679932 
6.717996597290039 
5.188925743103027 
6.011085510253906 
6.282960891723633 
7.0428361892700195 
5.717747688293457 
7.278563022613525 
6.815102577209473 
6.148988723754883 
5.05748176574707 
5.283596515655518 
6.20269775390625 
6.691103935241699 
7.124484062194824 
5.58091926574707 
6.636204719543457 
4.238576889038086 
7.803545951843262 
5.728031158447266 
7.435882568359375 
5.341621398925781 
7.0400390625 
5.6196112632751465 
5.173768997192383 
7.204863548278809 
6.3568315505981445 
4.7899699211120605 
6.28717565536499 
6.211635589599609 
4.557845592498779 
6.462833404541016 
5.324730396270752 
6.137820243835449 
6.01143741607666 
6.525819301605225 
6.4857635498046875 
5.316374778747559 
5.832214832305908 
5.881813049316406 
6.736690521240234 
6.217950820922852 
6.5083465576171875 
6.142088890075684 
5.131870746612549 
6.627499103546143 
5.1024394035339355 
5.761697769165039 
5.175235748291016 
6.6684889793396 
8.23066234588623 
7.52408504486084 
7.238118648529053 
6.404193878173828 
6.721340179443359 
8.113885879516602 
5.819565296173096 
5.668564319610596 
6.2242536544799805 
6.2081451416015625 
5.72467041015625 
5.914486885070801 
9.859743118286133 
8.797518730163574 
5.595996856689453 
6.2398152351379395 
5.774394512176514 
5.534737586975098 
6.323124408721924 
6.105415344238281 
5.408302307128906 
5.088687896728516 
5.665984630584717 
5.797244548797607 
4.824530124664307 
7.646084785461426 
5.121154308319092 
5.922276020050049 
6.471020221710205 
7.739432334899902 
5.841994285583496 
7.266373634338379 
5.96644401550293 
5.573199272155762 
5.231384754180908 
6.078927040100098 
7.739901542663574 
6.43706750869751 
7.299079418182373 
5.889918327331543 
5.746438503265381 
5.66902494430542 
6.888998031616211 
5.371220588684082 
5.435376167297363 
5.966750144958496 
6.543231964111328 
6.459951400756836 
5.482120037078857 
5.897716045379639 
6.420873165130615 
5.768348693847656 
6.024497985839844 
6.406352996826172 
7.497704982757568 
5.547754287719727 
7.597092628479004 
7.130365371704102 
5.80066442489624 
5.817611217498779 
6.1121368408203125 
5.48427677154541 
6.581965923309326 
6.0052490234375 
6.809001445770264 
4.950336933135986 
6.657735347747803 
7.440293788909912 
5.903318405151367 
6.122676372528076 
8.461298942565918 
6.029341220855713 
4.999831199645996 
6.76832914352417 
5.746747970581055 
5.596399784088135 
6.111691474914551 
7.297746658325195 
6.1411614418029785 
6.437748432159424 
6.176670551300049 
8.266242027282715 
4.8009419441223145 
6.211482524871826 
7.772177219390869 
5.795069694519043 
7.192227840423584 
7.940586566925049 
8.840910911560059 
6.166525363922119 
6.613555908203125 
5.65115213394165 
6.378549098968506 
5.2056684494018555 
6.018192768096924 
4.815765857696533 
6.313482284545898 
5.76322078704834 
5.802661418914795 
8.52326774597168 
5.738667011260986 
5.6008806228637695 
5.166435718536377 
4.615716457366943 
5.45202112197876 
7.43426513671875 
6.161064147949219 
5.205113887786865 
6.370113849639893 
5.069585800170898 
7.686124324798584 
7.010486602783203 
5.70341157913208 
6.096491813659668 
6.189667701721191 
5.83003568649292 
5.317993640899658 
6.269486427307129 
5.384261131286621 
7.224109649658203 
6.18632698059082 
6.381246089935303 
8.938813209533691 
5.2877116203308105 
5.767428398132324 
5.503366947174072 
6.184629440307617 
6.818690776824951 
5.952590465545654 
7.044506072998047 
6.052236557006836 
5.805179595947266 
6.225410461425781 
7.582000732421875 
5.510977745056152 
6.367595672607422 
7.820448875427246 
5.0548529624938965 
5.552216529846191 
6.273913383483887 
5.301747798919678 
5.802120208740234 
6.148168087005615 
5.500907897949219 
9.499176025390625 
5.029955863952637 
6.837797164916992 
6.980156421661377 
8.989508628845215 
6.096698760986328 
6.566798210144043 
6.580999851226807 
5.323413848876953 
6.007996559143066 
5.6970906257629395 
6.956136226654053 
6.29011869430542 
5.930658340454102 
5.195075035095215 
7.043181419372559 
5.291585445404053 
5.922241687774658 
6.443361282348633 
6.69112491607666 
5.829068660736084 
7.215139865875244 
6.027782917022705 
6.528626441955566 
5.665811538696289 
5.9362640380859375 
7.123185157775879 
8.260885238647461 
5.694155216217041 
9.61798095703125 
6.404743671417236 
5.242733955383301 
8.98883056640625 
6.697265625 
6.1109700202941895 
5.6615118980407715 
8.755355834960938 
5.492038726806641 
7.50182580947876 
5.963184833526611 
7.35219144821167 
6.097070217132568 
7.428007125854492 
6.028463363647461 
7.255204200744629 
6.147237777709961 
6.9916205406188965 
5.259232521057129 
5.606122970581055 
7.432195663452148 
6.344693183898926 
6.644372463226318 
5.737547397613525 
4.8317365646362305 
6.086266994476318 
6.496191024780273 
5.451775550842285 
5.06742525100708 
6.410876274108887 
5.576406955718994 
7.244088172912598 
6.17425537109375 
8.197935104370117 
8.260486602783203 
6.73347806930542 
6.853987693786621 
6.657440662384033 
5.926898002624512 
6.075052261352539 
4.920844554901123 
6.467000961303711 
5.727233409881592 
6.661369323730469 
9.658392906188965 
7.438857555389404 
6.471573829650879 
5.968258380889893 
6.030577182769775 
6.027064800262451 
6.500855922698975 
7.303709506988525 
5.798867225646973 
5.123523712158203 
4.804983615875244 
6.167215347290039 
6.123744964599609 
5.704697608947754 
7.016424179077148 
6.841622352600098 
5.948225021362305 
7.262983322143555 
6.282284736633301 
5.983232021331787 
6.202920913696289 
5.6007609367370605 
5.864251136779785 
8.207365989685059 
5.308103084564209 
5.601687908172607 
5.333794593811035 
5.696578502655029 
5.353567600250244 
8.401272773742676 
6.21256685256958 
5.242824077606201 
6.486202716827393 
5.711267948150635 
5.331275939941406 
4.299684047698975 
5.862431049346924 
7.242276191711426 
9.180548667907715 
4.7653117179870605 
7.203500270843506 
6.51775598526001 
5.795859336853027 
5.577584743499756 
7.5583343505859375 
5.815196990966797 
5.130283355712891 
5.497982501983643 
5.843169212341309 
6.373325824737549 
6.957218647003174 
5.210747718811035 
5.772700309753418 
5.313595294952393 
8.220372200012207 
4.801824569702148 
5.703413009643555 
6.310417652130127 
5.260831356048584 
7.021700859069824 
5.789538860321045 
5.158933162689209 
5.573209285736084 
5.523849964141846 
4.997650623321533 
7.657513618469238 
10.031329154968262 
6.439920902252197 
6.238886833190918 
6.561851978302002 
6.254390239715576 
8.51117992401123 
8.187419891357422 
6.371420860290527 
7.228449821472168 
8.005658149719238 
4.235058307647705 
5.658344268798828 
6.232767105102539 
7.498658180236816 
6.338031768798828 
5.393287181854248 
6.093171119689941 
5.529984474182129 
5.485577583312988 
8.231104850769043 
6.478181838989258 
6.1193132400512695 
7.792588233947754 
8.420459747314453 
5.898110866546631 
5.609752178192139 
8.574162483215332 
7.6275177001953125 
7.805263519287109 
6.223838806152344 
5.9969162940979 
5.785903453826904 
5.646258354187012 
5.980703830718994 
5.5244460105896 
6.586732864379883 
6.9272685050964355 
4.720273494720459 
5.857275485992432 
6.295587062835693 
7.8190460205078125 
8.56273078918457 
5.320432186126709 
6.080075740814209 
6.269477367401123 
5.590428829193115 
6.53934383392334 
7.593454837799072 
5.978097438812256 
4.771513938903809 
5.939558982849121 
5.2989044189453125 
6.115265846252441 
5.987518787384033 
6.516935348510742 
7.743476390838623 
5.879724979400635 
7.6203179359436035 
7.119724273681641 
8.26742172241211 
5.869556903839111 
6.904730796813965 
5.700628280639648 
8.830798149108887 
5.835969924926758 
4.67624044418335 
7.30746603012085 
5.3505096435546875 
5.609041213989258 
7.499788284301758 
7.057724952697754 
5.829558849334717 
5.688246726989746 
5.79481315612793 
5.6591410636901855 
6.1547698974609375 
6.163742542266846 
5.891114711761475 
5.888514518737793 
5.306580066680908 
5.918613910675049 
6.681845664978027 
6.644864559173584 
5.883388996124268 
7.366011142730713 
6.001162528991699 
7.040128231048584 
9.013457298278809 
7.671680450439453 
6.213253021240234 
6.677181720733643 
8.865537643432617 
6.193882942199707 
7.120511054992676 
5.49709415435791 
7.091021537780762 
5.805440425872803 
7.249444007873535 
4.834960460662842 
7.866990089416504 
6.437091827392578 
6.035764217376709 
5.97890567779541 
4.389064788818359 
6.7777485847473145 
5.814535617828369 
4.556585311889648 
5.283194065093994 
4.9539875984191895 
5.887845993041992 
6.445983409881592 
6.160398006439209 
4.898190975189209 
7.603462219238281 
5.254561901092529 
6.01501989364624 
6.439698219299316 
5.669792652130127 
5.243757724761963 
6.548528671264648 
6.7447052001953125 
6.190127849578857 
6.241182804107666 
6.2294816970825195 
7.036738872528076 
5.495768070220947 
5.292124271392822 
6.61987829208374 
4.4620537757873535 
5.38215970993042 
5.985923767089844 
6.554778575897217 
7.114010334014893 
5.678504467010498 
6.009267330169678 
6.1832380294799805 
7.177773475646973 
6.015566349029541 
5.967576026916504 
5.874636650085449 
5.301900386810303 
5.959709167480469 
5.544039249420166 
4.891698360443115 
5.720763683319092 
6.597920894622803 
5.478521823883057 
5.5856499671936035 
6.280533313751221 
6.859549522399902 
7.213200092315674 
5.978597164154053 
6.327628135681152 
6.420244216918945 
6.777831554412842 
4.942564010620117 
6.026835918426514 
5.218982696533203 
7.222202777862549 
6.001480579376221 
4.957303524017334 
4.889033794403076 
6.950358867645264 
7.348290920257568 
7.756387233734131 
5.312428951263428 
5.779850959777832 
9.350056648254395 
5.998556613922119 
6.311391353607178 
7.070575714111328 
7.652185916900635 
5.7586493492126465 
5.799417018890381 
4.898380756378174 
6.862428665161133 
5.914754390716553 
7.8822340965271 
6.75142240524292 
7.292928218841553 
4.948204517364502 
6.307939052581787 
6.055480003356934 
4.727872371673584 
6.79057502746582 
5.958608627319336 
6.378227710723877 
7.01105260848999 
5.340463638305664 
6.087245941162109 
6.83915901184082 
6.450613021850586 
5.189350128173828 
6.125424861907959 
6.13067102432251 
6.3625593185424805 
5.929353713989258 
10.33910846710205 
9.143197059631348 
5.931423187255859 
4.152646064758301 
5.129027366638184 
7.836391448974609 
5.187391757965088 
4.255299091339111 
5.515598297119141 
5.815866947174072 
5.5379838943481445 
6.264561653137207 
7.196480751037598 
6.550248146057129 
5.1195454597473145 
5.773431301116943 
5.472616195678711 
5.886966228485107 
6.030567169189453 
6.560475826263428 
7.1881632804870605 
6.859968662261963 
7.106442451477051 
6.718719482421875 
7.348682880401611 
4.843780994415283 
5.114950180053711 
6.028232574462891 
6.085736274719238 
6.73861837387085 
6.124377250671387 
5.153747081756592 
4.983752727508545 
6.756988525390625 
6.106998920440674 
6.0160956382751465 
6.013279438018799 
5.919505596160889 
7.296698093414307 
7.236904621124268 
4.883708477020264 
4.796881198883057 
5.382256984710693 
7.042383670806885 
5.576993942260742 
6.392416000366211 
6.090318202972412 
6.169363498687744 
5.8723368644714355 
6.598431587219238 
6.521823883056641 
5.275932312011719 
7.333101272583008 
6.4421257972717285 
5.399240016937256 
6.071913719177246 
7.207676410675049 
5.561990261077881 
7.1734490394592285 
6.681081295013428 
6.699916839599609 
5.162350177764893 
6.51380729675293 
6.42111349105835 
5.220205783843994 
8.023962020874023 
7.088496208190918 
4.396411418914795 
5.930444240570068 
6.042714595794678 
7.47109842300415 
5.677150726318359 
6.684484958648682 
6.072206974029541 
6.412883758544922 
6.27385139465332 
5.831319332122803 
6.633416652679443 
5.92877721786499 
5.581154823303223 
5.878414630889893 
5.358587741851807 
5.964951992034912 
6.623623847961426 
6.5562591552734375 
7.4752960205078125 
6.196624279022217 
6.848785877227783 
5.1217217445373535 
6.412307262420654 
5.11808967590332 
5.550745010375977 
7.570769309997559 
7.052987575531006 
5.134559154510498 
6.5120930671691895 
7.2309980392456055 
5.164263725280762 
7.0070271492004395 
6.6289520263671875 
6.466706275939941 
6.466395378112793 
5.3959174156188965 
5.846377372741699 
8.875246047973633 
7.334951400756836 
7.0241618156433105 
5.579577922821045 
7.066429615020752 
4.98447322845459 
7.809825420379639 
6.788149833679199 
6.385250568389893 
5.802602291107178 
5.784785270690918 
6.397367477416992 
6.2242231369018555 
7.7401018142700195 
5.041855812072754 
5.680675983428955 
6.242745399475098 
6.1600422859191895 
6.438673496246338 
7.6966657638549805 
8.782842636108398 
6.2476396560668945 
5.358687877655029 
5.580948352813721 
7.5334272384643555 
5.7175726890563965 
6.35732889175415 
5.667356014251709 
4.937605381011963 
6.2385149002075195 
5.686177730560303 
5.322211265563965 
6.534754276275635 
5.493770599365234 
5.682653903961182 
6.624813079833984 
5.69225549697876 
4.981860160827637 
5.7759480476379395 
4.43882417678833 
6.173211574554443 
5.6755499839782715 
6.692747592926025 
5.993931770324707 
6.780951499938965 
5.827518463134766 
6.685756206512451 
5.834572792053223 
8.836891174316406 
5.919797897338867 
5.798819065093994 
5.791522979736328 
5.93471622467041 
5.983517646789551 
6.546572208404541 
7.825091361999512 
6.193187713623047 
5.614046096801758 
6.0078630447387695 
6.707276344299316 
7.200631618499756 
6.343925952911377 
6.217941761016846 
5.3227338790893555 
5.521091461181641 
4.9467973709106445 
6.758817672729492 
5.717712879180908 
7.863505840301514 
6.4160284996032715 
5.595505237579346 
6.91283655166626 
4.837417125701904 
6.4146575927734375 
6.931083679199219 
10.083572387695312 
6.165477752685547 
6.842586517333984 
8.943405151367188 
6.41318416595459 
5.8732171058654785 
6.346704483032227 
9.031187057495117 
7.681074619293213 
7.357906341552734 
6.5069708824157715 
5.980690956115723 
5.956770420074463 
6.311977386474609 
7.3864665031433105 
4.933449745178223 
6.155172348022461 
5.990478038787842 
7.0706305503845215 
6.3193159103393555 
5.428247451782227 
6.38287353515625 
6.3344902992248535 
5.857365608215332 
5.562244415283203 
7.590968608856201 
6.686914920806885 
7.857436656951904 
4.672093391418457 
5.550113201141357 
5.711319923400879 
5.959571838378906 
6.416590690612793 
7.039231777191162 
6.026856899261475 
7.191081523895264 
5.1936163902282715 
6.8568267822265625 
5.21320104598999 
8.003628730773926 
5.583017826080322 
6.050028324127197 
7.814378261566162 
6.393124580383301 
7.1967854499816895 
5.230921745300293 
8.95607852935791 
7.923524856567383 
6.297674179077148 
5.213540554046631 
6.1556901931762695 
6.125911712646484 
9.217720985412598 
7.1029744148254395 
5.046281814575195 
6.048788070678711 
5.223726749420166 
8.794961929321289 
6.788427352905273 
6.0548601150512695 
5.561309337615967 
6.0238752365112305 
6.032826900482178 
5.32987117767334 
5.795142650604248 
6.310441970825195 
6.0564775466918945 
5.779256343841553 
6.328366279602051 
6.529263496398926 
7.353034496307373 
6.911283016204834 
6.620693683624268 
7.008118152618408 
5.674144744873047 
5.317807674407959 
6.217929363250732 
5.968714237213135 
5.519684791564941 
6.067175388336182 
5.155300617218018 
6.364316463470459 
6.570491790771484 
6.12142276763916 
5.6085524559021 
6.885100841522217 
6.533030033111572 
5.93427848815918 
5.209770679473877 
6.1336798667907715 
5.891494274139404 
7.541729927062988 
5.7006611824035645 
7.585621356964111 
5.8040080070495605 
7.600480079650879 
7.025649070739746 
6.1164960861206055 
6.043632507324219 
5.913584232330322 
7.789457321166992 
6.295803546905518 
6.867374897003174 
5.477946758270264 
6.117978572845459 
4.868058204650879 
4.8581390380859375 
7.092678070068359 
6.277403354644775 
5.955947399139404 
7.909305572509766 
7.658143520355225 
5.751173973083496 
6.627712726593018 
6.762526988983154 
8.519146919250488 
6.237671852111816 
8.314207077026367 
8.22689437866211 
5.928926944732666 
5.004145622253418 
6.8230085372924805 
6.325549602508545 
6.502207279205322 
5.557039737701416 
6.076480865478516 
7.141391754150391 
5.166042327880859 
5.612812042236328 
5.382138252258301 
6.854823112487793 
5.574121952056885 
7.323048114776611 
5.483180046081543 
5.977802753448486 
5.076787948608398 
8.78460693359375 
5.829960346221924 
6.590146541595459 
6.815040588378906 
5.950675010681152 
5.454500675201416 
5.6911187171936035 
5.436633110046387 
6.632571697235107 
7.764411926269531 
5.454878330230713 
6.003358840942383 
5.925512790679932 
7.2668633460998535 
6.119776248931885 
5.093291282653809 
5.578130722045898 
6.012345314025879 
6.720139980316162 
5.401307582855225 
6.059887886047363 
6.779979228973389 
5.9344305992126465 
7.889830589294434 
6.319455623626709 
5.258060932159424 
6.052414894104004 
5.2645649909973145 
8.96016788482666 
8.531355857849121 
6.866023540496826 
7.463336944580078 
7.768585681915283 
5.619871139526367 
6.074223041534424 
8.91561222076416 
5.4787139892578125 
5.79160737991333 
6.1024017333984375 
6.51068639755249 
8.012150764465332 
5.325026988983154 
5.432325839996338 
5.877753257751465 
6.79856014251709 
4.999115943908691 
8.452247619628906 
6.799750328063965 
8.272713661193848 
5.790061950683594 
7.434670925140381 
7.020129680633545 
5.749992370605469 
7.441393852233887 
6.21715784072876 
7.075540542602539 
6.289299011230469 
6.783690452575684 
5.387539386749268 
8.356091499328613 
5.48417329788208 
5.859401226043701 
5.078193187713623 
7.226959705352783 
7.269014835357666 
6.241557598114014 
6.430141925811768 
6.122174263000488 
6.093837738037109 
7.398867130279541 
6.055455684661865 
7.394457817077637 
7.426570415496826 
6.684498310089111 
6.014649868011475 
6.441717147827148 
7.435397624969482 
8.10905933380127 
5.03776741027832 
4.530668258666992 
5.6918158531188965 
6.913516521453857 
6.885732650756836 
4.566364765167236 
5.475215435028076 
5.746269702911377 
5.093562602996826 
5.7132248878479 
4.995648384094238 
6.487943172454834 
5.9761505126953125 
6.077956676483154 
5.5127434730529785 
5.7204179763793945 
7.90191650390625 
5.878839015960693 
5.215916156768799 
6.518298149108887 
8.110596656799316 
7.592557907104492 
6.661606788635254 
6.116976261138916 
6.429612636566162 
8.188369750976562 
9.12746810913086 
8.409139633178711 
5.644176006317139 
6.852577209472656 
5.93827486038208 
7.650446891784668 
5.579659938812256 
5.851161479949951 
7.066575050354004 
5.922467231750488 
6.143730640411377 
7.04231595993042 
6.299960613250732 
6.361027240753174 
5.901278972625732 
5.63212251663208 
6.292899131774902 
6.341736793518066 
6.643051624298096 
6.5337910652160645 
5.616076469421387 
6.530722618103027 
9.442852973937988 
8.681023597717285 
6.759298801422119 
5.733068466186523 
6.491644382476807 
7.180629730224609 
6.235580921173096 
6.593997001647949 
5.888161659240723 
6.116690158843994 
5.2490034103393555 
5.612697124481201 
6.908143520355225 
7.737026691436768 
5.683901309967041 
6.119726181030273 
7.056960582733154 
6.806722640991211 
5.6590399742126465 
8.941606521606445 
4.408710479736328 
6.32887077331543 
5.073853969573975 
6.976195335388184 
5.6041059494018555 
5.547739505767822 
5.342857837677002 
6.6749420166015625 
7.107107639312744 
6.73565149307251 
5.100709915161133 
6.9679107666015625 
8.531494140625 
5.2918291091918945 
5.247930526733398 
8.356706619262695 
6.301739692687988 
5.994661808013916 
6.147297382354736 
8.816737174987793 
6.053516387939453 
7.164157390594482 
6.231107234954834 
4.9596171379089355 
6.008965492248535 
5.2696990966796875 
5.231175899505615 
5.575643062591553 
6.355754375457764 
5.1302289962768555 
4.581254959106445 
5.666133403778076 
6.421557903289795 
8.341639518737793 
7.881970405578613 
5.204110145568848 
8.125102996826172 
6.730151176452637 
5.209860324859619 
4.912036895751953 
5.481366157531738 
5.361141681671143 
6.119078159332275 
6.321842670440674 
6.412910461425781 
6.088827610015869 
6.863082408905029 
6.247466564178467 
5.363047122955322 
6.816658020019531 
6.870631694793701 
5.761716365814209 
6.5897440910339355 
6.498791217803955 
5.626121520996094 
7.617742538452148 
7.270467281341553 
5.3956122398376465 
8.282124519348145 
6.156786918640137 
6.981509208679199 
5.521665573120117 
5.354520320892334 
7.047023773193359 
5.744933605194092 
5.851181507110596 
6.775583744049072 
5.831032752990723 
5.240265369415283 
5.872550964355469 
6.376004219055176 
6.51695442199707 
5.583920478820801 
7.663501262664795 
6.642063140869141 
5.215787887573242 
5.9241461753845215 
5.776259899139404 
7.575530529022217 
6.290109634399414 
6.240665435791016 
6.374591827392578 
5.075867652893066 
6.0679612159729 
5.99424409866333 
6.269861698150635 
5.069855690002441 
6.852786064147949 
6.352156639099121 
5.634369373321533 
6.285094261169434 
6.707913398742676 
5.701115131378174 
5.976836204528809 
5.6810126304626465 
6.3020124435424805 
8.505130767822266 
7.358163833618164 
5.324316024780273 
5.841330051422119 
6.36858606338501 
8.281725883483887 
5.529863357543945 
6.604712963104248 
6.714651584625244 
5.951409339904785 
5.897896766662598 
7.949377059936523 
6.230474948883057 
6.047967433929443 
5.990719795227051 
5.431738376617432 
7.424956321716309 
6.3748393058776855 
5.605210781097412 
8.333333969116211 
6.338179588317871 
7.628039836883545 
5.850010395050049 
5.945690631866455 
5.739078998565674 
5.690061092376709 
6.1341552734375 
6.549414157867432 
5.234785079956055 
5.983899116516113 
6.405736923217773 
6.365246772766113 
5.094797134399414 
5.806131839752197 
6.208845615386963 
5.780712127685547 
8.84269905090332 
6.2325215339660645 
5.74511194229126 
6.986301422119141 
6.13624382019043 
7.486208915710449 
6.529629707336426 
6.802061557769775 
7.1399030685424805 
6.0901923179626465 
6.456216812133789 
6.429116249084473 
7.5175700187683105 
6.6042256355285645 
7.588572025299072 
5.868168354034424 
7.28052282333374 
6.893192768096924 
6.358613014221191 
5.064853668212891 
6.584985256195068 
5.459158420562744 
6.551623344421387 
7.319796085357666 
5.402720928192139 
7.288875102996826 
7.034567832946777 
6.294901371002197 
5.565627574920654 
7.061564922332764 
5.498253345489502 
6.2469987869262695 
6.627721309661865 
7.044105529785156 
6.203081130981445 
5.401944637298584 
6.219043731689453 
6.027514934539795 
8.094545364379883 
4.855279445648193 
5.805506229400635 
6.1438117027282715 
6.3456711769104 
5.779252052307129 
5.919286727905273 
5.728178024291992 
8.17347240447998 
6.383877754211426 
5.845064163208008 
6.726775169372559 
5.287459373474121 
6.841550350189209 
7.13132905960083 
6.743924140930176 
5.595691204071045 
5.994001865386963 
5.284440040588379 
5.807793140411377 
5.81397819519043 
5.548973560333252 
5.316938877105713 
8.301838874816895 
6.419886589050293 
6.116518497467041 
6.551017761230469 
5.661285400390625 
7.336654186248779 
4.472766399383545 
6.748738765716553 
5.316041946411133 
6.798685073852539 
6.095082759857178 
6.095679759979248 
5.957131385803223 
6.582244396209717 
5.409456253051758 
6.149591445922852 
7.214774131774902 
6.190966606140137 
5.495577335357666 
8.524554252624512 
6.16563081741333 
4.91449499130249 
6.003342151641846 
5.9119367599487305 
6.590269088745117 
6.5040998458862305 
5.881167888641357 
5.70419979095459 
5.896320819854736 
6.571290493011475 
5.147160053253174 
5.215607643127441 
5.685783386230469 
5.060790538787842 
6.387110233306885 
7.123828411102295 
5.724831581115723 
6.553255081176758 
5.778154373168945 
7.186254024505615 
5.316433429718018 
6.1805243492126465 
5.605380058288574 
7.6798601150512695 
6.449324131011963 
8.915992736816406 
5.421392917633057 
4.598652362823486 
5.750718116760254 
8.162487983703613 
5.980102062225342 
8.161421775817871 
6.115295886993408 
6.541308403015137 
6.215016841888428 
6.24315071105957 
6.21068811416626 
5.632460117340088 
6.68540620803833 
6.142955780029297 
4.990100383758545 
9.220617294311523 
5.157221794128418 
6.375020980834961 
5.133711814880371 
6.112667560577393 
6.7271728515625 
7.341829299926758 
6.335655212402344 
7.585028171539307 
5.723749160766602 
5.804075717926025 
6.589026927947998 
5.350224018096924 
6.035043239593506 
5.826434135437012 
7.8960490226745605 
5.397045135498047 
6.511964797973633 
5.873016357421875 
6.56132173538208 
8.594320297241211 
6.549773693084717 
6.371767997741699 
5.604180812835693 
6.150400638580322 
6.511497497558594 
5.6210150718688965 
6.881185531616211 
5.537233352661133 
8.522459983825684 
9.227792739868164 
7.009352207183838 
6.794317722320557 
6.761397361755371 
6.537628650665283 
5.470526695251465 
5.679998874664307 
8.315629959106445 
6.886442184448242 
6.591268539428711 
5.04253625869751 
6.3416666984558105 
6.750864028930664 
5.811723709106445 
5.118913650512695 
6.366822719573975 
7.609637260437012 
6.366552352905273 
5.112019062042236 
8.372379302978516 
8.362776756286621 
6.583752632141113 
5.560513973236084 
6.186563491821289 
7.2736711502075195 
6.655506610870361 
7.3115410804748535 
4.81205415725708 
8.145256996154785 
6.5333571434021 
6.692893981933594 
6.66465950012207 
5.230198860168457 
5.722840309143066 
7.098115921020508 
5.5108747482299805 
6.806512355804443 
6.423044204711914 
6.786977291107178 
6.331986427307129 
5.977926731109619 
6.789496898651123 
6.8387322425842285 
5.769506454467773 
8.297821044921875 
5.127570629119873 
4.856905937194824 
6.637868404388428 
5.131969928741455 
8.444884300231934 
5.134906768798828 
6.8280487060546875 
8.260727882385254 
7.001716136932373 
6.803758144378662 
6.976655960083008 
6.531210899353027 
7.535125732421875 
6.339476585388184 
8.638050079345703 
8.122625350952148 
6.351841926574707 
