5.758235931396484 
7.414361476898193 
5.209109306335449 
8.323694229125977 
8.104312896728516 
5.364534378051758 
4.971298694610596 
5.302652359008789 
5.643927097320557 
4.873898029327393 
5.46830940246582 
7.9785943031311035 
6.376795768737793 
5.671585559844971 
5.19317102432251 
7.419045448303223 
5.034709930419922 
6.399904727935791 
7.066895484924316 
5.432645797729492 
7.715338230133057 
5.848158836364746 
8.096287727355957 
6.460935592651367 
8.343015670776367 
6.395137786865234 
5.671575546264648 
5.506425857543945 
5.171175956726074 
7.068519592285156 
5.584405899047852 
5.009515285491943 
5.851781845092773 
5.876513957977295 
5.480441570281982 
6.076519012451172 
6.611754417419434 
6.73500919342041 
5.495438098907471 
6.249717712402344 
6.457883358001709 
6.112563610076904 
5.183598518371582 
7.2625579833984375 
6.520224094390869 
7.528666973114014 
6.0140790939331055 
11.047264099121094 
8.509434700012207 
6.223688125610352 
7.417726516723633 
5.215473651885986 
5.313722133636475 
4.6610002517700195 
5.4619574546813965 
6.07760763168335 
5.615058422088623 
5.4864501953125 
4.804286956787109 
6.122425556182861 
5.7024078369140625 
8.302910804748535 
5.587926387786865 
5.000479698181152 
4.778921604156494 
5.583191871643066 
5.734297275543213 
5.465723514556885 
7.6152825355529785 
6.5663347244262695 
5.037795066833496 
5.152523517608643 
5.253420829772949 
5.246425151824951 
5.816233158111572 
7.545204162597656 
5.751664161682129 
5.1551008224487305 
5.41975736618042 
5.558321952819824 
6.1012043952941895 
5.1737871170043945 
7.146947383880615 
5.42487907409668 
5.616211891174316 
5.915454864501953 
5.885929107666016 
5.324483871459961 
5.540298938751221 
5.392549514770508 
5.979458808898926 
5.0645647048950195 
6.921322822570801 
9.630231857299805 
6.209311485290527 
6.0486955642700195 
8.519787788391113 
6.11943244934082 
5.460569858551025 
5.7615065574646 
5.738497734069824 
7.3577728271484375 
4.987067699432373 
5.9096856117248535 
6.223447322845459 
7.86771297454834 
5.183603763580322 
4.644505500793457 
5.484222888946533 
6.236527442932129 
6.304399490356445 
5.770799160003662 
5.084292888641357 
7.679489612579346 
6.19826602935791 
6.206671714782715 
8.324941635131836 
6.373166561126709 
5.781060218811035 
5.613224506378174 
5.201569557189941 
6.750330448150635 
8.494775772094727 
5.0746941566467285 
6.254085540771484 
5.851175785064697 
5.612983226776123 
5.393101692199707 
5.038881778717041 
5.316925525665283 
5.865803241729736 
7.663379669189453 
5.85607385635376 
6.607515335083008 
5.847542762756348 
7.350613594055176 
6.496816635131836 
5.92795991897583 
6.858159065246582 
6.413411617279053 
8.660004615783691 
5.935551166534424 
5.278310298919678 
5.383065223693848 
6.513104438781738 
5.863440990447998 
5.419301509857178 
5.93766450881958 
6.508208751678467 
6.295926094055176 
5.166881084442139 
5.217136859893799 
5.585460186004639 
5.124760627746582 
8.171040534973145 
5.836245059967041 
5.490633010864258 
6.006015300750732 
5.51951789855957 
5.306621551513672 
6.606320858001709 
6.602811813354492 
5.289328098297119 
5.850551605224609 
5.764962196350098 
6.535767078399658 
4.398478031158447 
6.590311527252197 
6.8046979904174805 
5.214498996734619 
5.661317348480225 
5.4252166748046875 
6.817617416381836 
6.446335315704346 
5.176236152648926 
5.017887592315674 
5.273624897003174 
5.664395809173584 
10.410354614257812 
5.774623870849609 
5.51414155960083 
6.554290771484375 
7.777383804321289 
6.074858665466309 
6.1902546882629395 
5.6991190910339355 
5.731085777282715 
7.606050491333008 
5.033809661865234 
5.0449113845825195 
7.759690284729004 
5.383487224578857 
5.247873783111572 
10.822386741638184 
7.526556015014648 
5.471814155578613 
10.174781799316406 
4.9803667068481445 
5.077163219451904 
5.9390740394592285 
5.69276762008667 
5.7062482833862305 
5.472893714904785 
5.742529392242432 
7.875979423522949 
5.372756481170654 
10.040011405944824 
5.3388142585754395 
6.9637579917907715 
6.092283725738525 
5.5491132736206055 
7.828985691070557 
5.212296009063721 
5.991216659545898 
6.778632164001465 
6.726941108703613 
5.630944728851318 
5.40342378616333 
5.673586845397949 
5.671769142150879 
7.019962787628174 
5.30855655670166 
5.551382541656494 
5.488448143005371 
5.421871185302734 
7.284909725189209 
6.038446426391602 
5.728880405426025 
5.714497089385986 
5.457205295562744 
4.886636734008789 
7.404788017272949 
4.71146821975708 
5.352453708648682 
7.43768310546875 
5.422752380371094 
5.47481632232666 
6.2865142822265625 
6.0884881019592285 
5.4303975105285645 
9.024601936340332 
5.494983673095703 
6.839617729187012 
6.092278003692627 
5.90069055557251 
5.487649917602539 
5.278402805328369 
5.222140312194824 
5.123831748962402 
5.8410139083862305 
5.252337455749512 
5.742049694061279 
5.317134380340576 
5.120563983917236 
4.393292427062988 
6.252490520477295 
6.665931701660156 
7.317058086395264 
6.137962818145752 
4.867293834686279 
5.833911418914795 
5.250935077667236 
5.524128437042236 
5.289412975311279 
4.879985332489014 
6.363671779632568 
8.857072830200195 
6.463436126708984 
5.720256805419922 
5.164880752563477 
5.904446125030518 
5.633579730987549 
7.655080795288086 
5.426753520965576 
6.6902995109558105 
5.787287712097168 
5.197264194488525 
5.26804780960083 
5.485738754272461 
5.902437686920166 
6.643093109130859 
6.376086235046387 
9.734771728515625 
5.230917930603027 
5.711795806884766 
6.524661540985107 
6.497451305389404 
4.904149055480957 
8.608756065368652 
5.349365234375 
5.536285400390625 
6.405384063720703 
5.322907447814941 
6.215742111206055 
6.73015022277832 
6.232987880706787 
7.59462833404541 
5.593512535095215 
6.994744777679443 
5.314408302307129 
6.748931407928467 
5.461322784423828 
6.564701080322266 
9.097661972045898 
7.738066673278809 
6.343301773071289 
5.4578142166137695 
4.00438117980957 
6.1791558265686035 
8.67514705657959 
4.957635879516602 
10.268329620361328 
5.487461090087891 
7.35605525970459 
5.464932918548584 
6.632711410522461 
7.626521110534668 
5.5564141273498535 
6.298377990722656 
5.3950514793396 
5.780185222625732 
6.592500686645508 
5.288702011108398 
6.717335224151611 
5.771621227264404 
5.250255584716797 
5.283370494842529 
6.920562267303467 
5.831302642822266 
5.3791913986206055 
5.9723286628723145 
5.6336541175842285 
8.971165657043457 
7.596677303314209 
6.0767951011657715 
5.3217620849609375 
5.2087602615356445 
5.482467174530029 
5.41984224319458 
5.605758190155029 
5.609517574310303 
5.827820301055908 
6.968422889709473 
4.825629711151123 
4.9929656982421875 
5.881412982940674 
5.308073043823242 
5.348572254180908 
5.661373615264893 
6.524815082550049 
5.504183769226074 
5.167306423187256 
5.9173359870910645 
5.6029582023620605 
4.7898664474487305 
5.536126613616943 
8.05268383026123 
7.657436370849609 
5.473573207855225 
5.560112476348877 
7.596053123474121 
6.217523574829102 
7.26423454284668 
4.7811689376831055 
5.4380059242248535 
5.154787540435791 
8.57092571258545 
5.1839118003845215 
5.251591682434082 
5.177037239074707 
5.856931686401367 
5.189573287963867 
6.214855670928955 
6.4721598625183105 
6.4829301834106445 
5.524106979370117 
4.9519782066345215 
5.538070201873779 
6.749830722808838 
6.519777774810791 
6.355413436889648 
5.403308391571045 
8.928256034851074 
6.10529088973999 
5.219428062438965 
5.297043800354004 
5.706502437591553 
5.8165717124938965 
5.479650020599365 
5.716437339782715 
5.592838287353516 
5.8786516189575195 
6.674047946929932 
5.291835308074951 
5.3532843589782715 
7.6230926513671875 
6.0217204093933105 
5.405190944671631 
5.760669231414795 
8.247122764587402 
5.687387943267822 
5.480401992797852 
6.693850040435791 
5.840803146362305 
6.216813564300537 
5.503015518188477 
5.344358921051025 
4.934771537780762 
7.986827373504639 
7.002191543579102 
6.9853010177612305 
4.728845119476318 
5.862194061279297 
6.000431537628174 
6.770596981048584 
7.929821968078613 
7.237942695617676 
5.306396961212158 
5.216068267822266 
5.112697601318359 
5.271373748779297 
5.915443420410156 
5.327611923217773 
6.626607418060303 
5.386520862579346 
7.562619686126709 
5.192320823669434 
7.343173980712891 
5.6370463371276855 
7.6514811515808105 
8.275310516357422 
5.85731840133667 
5.497429370880127 
5.164610385894775 
6.1838836669921875 
5.399338722229004 
5.519130229949951 
4.382596492767334 
10.091777801513672 
5.345442295074463 
5.386180400848389 
5.357349395751953 
9.474922180175781 
5.236741065979004 
5.585153102874756 
6.16102409362793 
5.120816707611084 
5.092165946960449 
8.971579551696777 
5.578479290008545 
5.295079231262207 
8.493437767028809 
4.821116924285889 
5.608115196228027 
5.544579029083252 
5.769357204437256 
5.485042095184326 
5.5013227462768555 
4.92922306060791 
5.478614330291748 
5.791207313537598 
6.695654392242432 
6.463727951049805 
5.622479438781738 
6.075148105621338 
5.4897260665893555 
6.242100238800049 
5.373791694641113 
5.5408196449279785 
5.5491623878479 
6.951221942901611 
5.066669940948486 
6.184560298919678 
5.466002941131592 
5.269765853881836 
6.32230281829834 
5.663578510284424 
10.302834510803223 
7.033935070037842 
5.617413520812988 
7.226568698883057 
5.986510753631592 
5.129710674285889 
6.024620056152344 
5.090155124664307 
7.165041923522949 
5.6852803230285645 
5.3187456130981445 
5.122492790222168 
6.035693168640137 
5.720721244812012 
5.097764015197754 
5.992559909820557 
7.374133586883545 
4.905292510986328 
4.788642406463623 
6.033227443695068 
7.493099212646484 
5.732443809509277 
5.270824432373047 
6.718902587890625 
7.13631534576416 
6.631271839141846 
5.598256587982178 
5.0951409339904785 
4.101737022399902 
5.75109338760376 
5.651320934295654 
6.041430950164795 
5.649130344390869 
5.584702968597412 
5.399357795715332 
5.8063740730285645 
6.507713317871094 
6.800161361694336 
6.857516765594482 
7.243038654327393 
8.2702054977417 
6.892097473144531 
9.943318367004395 
5.97813081741333 
5.005791187286377 
10.876182556152344 
5.187425136566162 
6.065309524536133 
7.288015842437744 
5.201987266540527 
8.416309356689453 
6.9640045166015625 
6.121084690093994 
5.418872356414795 
5.002021312713623 
5.924362659454346 
5.437481880187988 
6.469392776489258 
6.0710248947143555 
5.692528247833252 
5.669252872467041 
5.019891738891602 
5.035473823547363 
5.9355573654174805 
5.715342998504639 
6.207001209259033 
4.985231876373291 
5.821569919586182 
5.293453693389893 
5.405290126800537 
5.448467254638672 
8.204879760742188 
5.681213855743408 
6.040559768676758 
5.20311164855957 
6.1129374504089355 
6.732689380645752 
5.992502212524414 
7.0030951499938965 
6.835077285766602 
5.437969207763672 
4.933882236480713 
5.153095722198486 
5.065317153930664 
5.1614556312561035 
5.809370994567871 
5.427265167236328 
7.0072808265686035 
5.295271396636963 
5.212258815765381 
5.131180763244629 
6.164841175079346 
6.028669357299805 
5.137057781219482 
5.318820953369141 
7.0696492195129395 
6.154239654541016 
5.456833362579346 
5.265279769897461 
5.330643653869629 
6.28708028793335 
5.126449108123779 
4.736065864562988 
5.148589134216309 
5.316618919372559 
7.188530921936035 
7.92723274230957 
5.787228584289551 
5.275373935699463 
4.8270463943481445 
5.17489767074585 
5.29186487197876 
5.628565311431885 
9.471385955810547 
5.376784324645996 
6.748697757720947 
6.8030266761779785 
5.505661487579346 
5.805828094482422 
8.238428115844727 
5.4551682472229 
6.050181865692139 
6.201237201690674 
5.462762832641602 
7.781888008117676 
5.636497974395752 
5.758513450622559 
7.283147811889648 
9.565131187438965 
6.415206432342529 
