4.917909145355225 
5.096495151519775 
5.539612293243408 
5.328856468200684 
4.937005043029785 
5.461851119995117 
6.639572620391846 
5.230854034423828 
5.520020008087158 
5.462121963500977 
5.254027843475342 
5.546628475189209 
5.2970356941223145 
5.717001438140869 
5.47996187210083 
5.513782501220703 
6.073452949523926 
5.2737603187561035 
5.311670780181885 
6.454834461212158 
5.640340328216553 
6.005960464477539 
5.556370258331299 
6.335348129272461 
5.14782190322876 
5.982089519500732 
6.677679538726807 
6.15756368637085 
6.245612621307373 
5.66414213180542 
5.277404308319092 
5.067677974700928 
6.302029132843018 
5.015623569488525 
5.021331787109375 
5.136864185333252 
5.819878101348877 
5.48789644241333 
5.264308452606201 
5.632500171661377 
5.424313068389893 
6.257226943969727 
5.190030097961426 
5.105859756469727 
6.444175720214844 
5.219155788421631 
6.78834867477417 
5.713770389556885 
5.839931011199951 
5.104712963104248 
5.443280220031738 
5.5743818283081055 
5.234567165374756 
5.068408489227295 
5.357772350311279 
5.209752559661865 
5.46405553817749 
6.416466236114502 
5.643609523773193 
6.247786998748779 
6.0291361808776855 
4.776637077331543 
5.073728561401367 
6.810730457305908 
5.52316427230835 
6.126668453216553 
5.487598419189453 
4.713748931884766 
5.0992255210876465 
5.332692623138428 
5.511618137359619 
5.314687728881836 
5.032034397125244 
5.296792030334473 
5.112626075744629 
5.916374206542969 
5.613580703735352 
5.2356390953063965 
6.6282525062561035 
6.509124279022217 
8.849294662475586 
6.284588813781738 
4.767755031585693 
5.372035503387451 
5.324746131896973 
5.071643352508545 
6.388275146484375 
6.296298980712891 
5.190062999725342 
5.348328590393066 
5.637067794799805 
5.569652557373047 
5.2831501960754395 
5.148853778839111 
7.529419898986816 
5.176682949066162 
6.2648606300354 
5.784266948699951 
5.18730354309082 
6.346752643585205 
6.081237316131592 
5.7595696449279785 
5.597494602203369 
6.579627513885498 
5.278523921966553 
5.352515697479248 
5.025237083435059 
5.467787742614746 
6.374142169952393 
5.29242467880249 
5.162869453430176 
5.065269947052002 
5.235002040863037 
5.304211139678955 
5.189542293548584 
5.615296840667725 
5.6934590339660645 
6.8044753074646 
4.866940021514893 
4.94773530960083 
5.602414608001709 
5.4362874031066895 
5.272696495056152 
5.106081008911133 
8.056938171386719 
5.268111705780029 
6.648118495941162 
5.404634952545166 
5.048654079437256 
5.289866924285889 
5.215048313140869 
5.449574947357178 
5.427239894866943 
5.50543737411499 
6.312188148498535 
5.237312316894531 
8.26835823059082 
5.851594924926758 
5.779600620269775 
7.30910062789917 
5.086868762969971 
5.155343532562256 
5.3542866706848145 
5.4379706382751465 
5.044379711151123 
4.972851276397705 
5.19207239151001 
5.057309627532959 
5.64104700088501 
5.239468097686768 
5.116055011749268 
5.372237682342529 
6.761511325836182 
7.909298419952393 
6.470388889312744 
6.188354969024658 
8.447423934936523 
5.105677604675293 
6.343338489532471 
7.4563188552856445 
6.10888147354126 
5.320724010467529 
5.911853313446045 
5.363386631011963 
6.270226001739502 
5.034778118133545 
5.580441951751709 
5.618104457855225 
9.954513549804688 
5.54496431350708 
5.169517517089844 
5.098252773284912 
5.461873531341553 
5.527218341827393 
5.584803104400635 
5.585306644439697 
5.055843830108643 
6.012114524841309 
5.088428020477295 
5.030621528625488 
5.241910457611084 
5.094684600830078 
5.076349258422852 
5.366971015930176 
5.269655704498291 
4.9115986824035645 
4.935243606567383 
6.954226016998291 
5.171809673309326 
5.513948917388916 
7.511934757232666 
5.6772260665893555 
5.426220417022705 
4.996978282928467 
5.256576061248779 
5.0620551109313965 
5.505187034606934 
5.14088773727417 
8.04342269897461 
8.775957107543945 
7.4321980476379395 
5.873816013336182 
5.74448823928833 
5.38332986831665 
5.728782653808594 
8.810997009277344 
5.060172080993652 
5.21773099899292 
6.773687839508057 
4.959160327911377 
8.608505249023438 
7.575372695922852 
5.7284088134765625 
6.231051921844482 
5.914326190948486 
5.576138019561768 
5.764372825622559 
5.760727405548096 
5.161105155944824 
6.017455577850342 
5.214915752410889 
5.727213382720947 
5.52277135848999 
6.085561752319336 
5.276007175445557 
5.196026802062988 
5.178134441375732 
5.316342830657959 
5.383854389190674 
5.196631908416748 
5.43907356262207 
5.329249858856201 
5.550922393798828 
5.92080020904541 
5.371775150299072 
5.020659923553467 
6.596976280212402 
5.169532775878906 
8.01421070098877 
4.999934673309326 
5.665619373321533 
5.768329620361328 
5.086169719696045 
5.464472770690918 
5.140413761138916 
5.421989440917969 
5.452151775360107 
5.206539630889893 
5.452308177947998 
5.4352288246154785 
4.858761310577393 
5.393503665924072 
5.445738792419434 
6.322906017303467 
5.913467884063721 
5.587466239929199 
5.477428913116455 
7.853024959564209 
5.800717830657959 
8.045028686523438 
7.071622371673584 
5.149710655212402 
5.94913911819458 
5.734532833099365 
5.7402424812316895 
5.137455463409424 
5.193391799926758 
6.698894023895264 
6.318884372711182 
8.307205200195312 
5.259383201599121 
5.0628275871276855 
6.195004940032959 
5.499775409698486 
5.245154857635498 
5.13838005065918 
5.130796909332275 
6.175360679626465 
5.261153697967529 
5.823208808898926 
5.565890312194824 
5.238454341888428 
5.961843967437744 
5.337242603302002 
5.30911111831665 
5.462969779968262 
5.21814489364624 
5.233177661895752 
6.233221530914307 
7.715501308441162 
5.3662333488464355 
5.244574069976807 
7.877424716949463 
8.74970531463623 
5.204151630401611 
5.496258735656738 
5.836289882659912 
5.288004398345947 
5.2816948890686035 
5.994520664215088 
5.4363226890563965 
6.297911167144775 
5.245776176452637 
5.5423407554626465 
5.370312213897705 
5.039012432098389 
5.13385534286499 
5.974817276000977 
5.414135456085205 
5.45815896987915 
4.906627655029297 
5.1912102699279785 
5.5026116371154785 
8.811470031738281 
5.088058948516846 
6.07424783706665 
5.265155792236328 
5.438640117645264 
5.775913715362549 
5.278626918792725 
5.36585807800293 
5.36775541305542 
4.851364612579346 
5.222427845001221 
6.122967720031738 
5.516098499298096 
5.178197383880615 
5.630566120147705 
5.559646129608154 
5.4070258140563965 
5.633607864379883 
5.390701770782471 
5.179296970367432 
5.446412563323975 
5.098846912384033 
5.268565654754639 
5.117090702056885 
5.235650539398193 
5.41116189956665 
4.875735759735107 
5.006312370300293 
6.755194187164307 
5.532371997833252 
5.193291664123535 
5.438632488250732 
5.143051624298096 
4.826259613037109 
5.369358539581299 
5.331141471862793 
5.644296169281006 
5.303886890411377 
4.999006271362305 
5.216280937194824 
5.350712299346924 
5.452712059020996 
5.513081073760986 
5.405603885650635 
4.988674640655518 
6.349780559539795 
6.874263286590576 
5.434378623962402 
5.397493362426758 
5.128785610198975 
5.857189655303955 
8.520455360412598 
5.104477405548096 
5.181734085083008 
7.004971027374268 
5.385707378387451 
6.818395137786865 
5.0353169441223145 
5.779191017150879 
5.46415376663208 
6.82592248916626 
5.263772010803223 
5.231032371520996 
5.260072231292725 
5.190916061401367 
5.399749279022217 
5.016972064971924 
5.016355037689209 
5.1654558181762695 
5.47900915145874 
5.357692241668701 
5.326534748077393 
5.750086307525635 
5.999317646026611 
5.227499485015869 
7.107732772827148 
5.115477085113525 
5.071463584899902 
5.768273830413818 
7.235187530517578 
5.509415149688721 
5.204432010650635 
5.6529364585876465 
5.087632656097412 
5.183218479156494 
5.137672424316406 
5.482961177825928 
5.322948932647705 
5.242339611053467 
5.2036638259887695 
5.448349952697754 
8.216629981994629 
5.549696445465088 
5.527736186981201 
5.667148113250732 
5.2749409675598145 
7.033292770385742 
5.078552722930908 
5.055635929107666 
5.667074680328369 
5.426643371582031 
6.360702037811279 
6.0221266746521 
5.242848873138428 
5.9561285972595215 
5.496224880218506 
5.274178981781006 
8.216531753540039 
5.793059825897217 
5.209181785583496 
5.1563262939453125 
5.2672038078308105 
5.290368556976318 
5.109712600708008 
5.128088474273682 
5.381595134735107 
5.601386547088623 
5.266592502593994 
5.224536418914795 
5.142397880554199 
6.874997615814209 
7.235769271850586 
5.5720601081848145 
6.829019069671631 
5.326532363891602 
6.123347759246826 
5.855083465576172 
5.301044464111328 
5.164972305297852 
5.66597318649292 
5.281187534332275 
5.497086048126221 
5.598119735717773 
5.647369861602783 
5.1401753425598145 
5.535160541534424 
5.049494743347168 
4.810360431671143 
6.079089164733887 
5.618157863616943 
6.007192134857178 
5.538687229156494 
5.774356365203857 
5.132787704467773 
5.343725681304932 
5.5286736488342285 
5.224167823791504 
5.653108596801758 
5.244272708892822 
6.171739101409912 
6.309455394744873 
5.910892963409424 
5.520369529724121 
5.9230875968933105 
5.044548511505127 
5.590102672576904 
5.337880611419678 
5.440731525421143 
5.079128742218018 
5.561978340148926 
5.260004043579102 
6.752048015594482 
5.60284423828125 
5.19820499420166 
5.126617431640625 
5.539402008056641 
5.480958938598633 
6.994027137756348 
5.450161457061768 
5.270740985870361 
5.2654314041137695 
5.231455326080322 
5.754334449768066 
5.1556782722473145 
7.282435894012451 
5.464176654815674 
5.772424221038818 
5.294599533081055 
5.469770908355713 
5.280555248260498 
4.997931480407715 
5.639591217041016 
5.263669013977051 
5.160725116729736 
5.72620964050293 
5.382140636444092 
5.0142822265625 
5.2719316482543945 
4.937782287597656 
5.487356662750244 
5.3988938331604 
5.164648532867432 
5.2571797370910645 
5.236958980560303 
5.331264495849609 
5.612717151641846 
5.15356969833374 
7.059189319610596 
7.041410446166992 
5.796959400177002 
5.334804058074951 
5.62108850479126 
6.0518479347229 
5.0904765129089355 
5.27174186706543 
5.16209077835083 
5.3029866218566895 
5.307547092437744 
5.218522071838379 
5.277481555938721 
5.271688461303711 
5.06883430480957 
5.4204607009887695 
5.252684116363525 
5.347747802734375 
7.752195835113525 
5.854298114776611 
4.90413236618042 
6.096009731292725 
5.878918170928955 
5.048351764678955 
6.519186496734619 
6.123413562774658 
5.461245059967041 
5.364980697631836 
5.347272872924805 
5.262863636016846 
5.741597652435303 
5.230654239654541 
5.26324462890625 
5.362432956695557 
5.521199703216553 
5.934689521789551 
5.284032821655273 
5.344051837921143 
5.577490329742432 
5.131899356842041 
8.188422203063965 
5.591203212738037 
5.250264644622803 
7.72758150100708 
5.156460762023926 
5.285812854766846 
5.099696636199951 
5.123257637023926 
5.226747989654541 
6.806405544281006 
5.2861151695251465 
6.3043365478515625 
5.52018404006958 
5.335155487060547 
5.154533386230469 
5.554413318634033 
5.4027485847473145 
7.021646022796631 
5.170387268066406 
5.55531644821167 
5.405190467834473 
4.975804805755615 
8.253708839416504 
5.37081241607666 
5.369095325469971 
5.342666149139404 
7.254708290100098 
9.458410263061523 
5.290294170379639 
5.962652683258057 
6.442214488983154 
5.420741558074951 
5.197596549987793 
5.277197360992432 
5.273697853088379 
5.159092903137207 
5.174513816833496 
5.77262544631958 
5.496119022369385 
5.353766918182373 
5.6100687980651855 
5.745023250579834 
4.956992149353027 
5.919809818267822 
5.658240795135498 
5.1971306800842285 
5.395265102386475 
5.320492267608643 
5.887368679046631 
5.217075824737549 
5.408034324645996 
6.274618625640869 
5.140974521636963 
6.652719020843506 
5.404559135437012 
7.780828952789307 
5.283348560333252 
5.196964263916016 
5.599748134613037 
5.7616658210754395 
5.637039661407471 
5.210036277770996 
5.305131435394287 
5.458544731140137 
5.403576374053955 
5.357861042022705 
5.139198303222656 
5.702338695526123 
5.423414707183838 
5.388930320739746 
5.592767238616943 
5.840255260467529 
4.971352577209473 
5.627265930175781 
5.1586737632751465 
5.380672931671143 
5.713879108428955 
5.249171733856201 
5.556748867034912 
5.814971923828125 
5.887160778045654 
4.953359127044678 
6.68619441986084 
5.521812915802002 
7.653356552124023 
5.1670002937316895 
5.295090198516846 
5.535491466522217 
5.8976216316223145 
5.493340492248535 
5.313722133636475 
5.314124584197998 
5.137367248535156 
5.206821918487549 
5.706014156341553 
5.618961334228516 
5.7835469245910645 
6.496920585632324 
5.311661243438721 
5.827829360961914 
6.975128650665283 
5.379021644592285 
5.227574825286865 
5.185413360595703 
5.707085132598877 
5.474061489105225 
5.780299186706543 
5.511889934539795 
5.465718746185303 
5.241410732269287 
4.933764934539795 
4.930403232574463 
5.6258463859558105 
4.8578972816467285 
6.692384243011475 
4.947416305541992 
5.605649471282959 
5.087968826293945 
5.408108711242676 
7.144834995269775 
6.143452167510986 
5.993801116943359 
5.301610469818115 
5.281391620635986 
5.207292079925537 
5.707035064697266 
6.511024475097656 
5.248190402984619 
5.493314266204834 
5.389614582061768 
5.605974197387695 
5.223048686981201 
5.446141242980957 
5.071613311767578 
6.399845123291016 
5.379395961761475 
5.390230655670166 
5.1377363204956055 
5.260344982147217 
5.743196487426758 
5.243371963500977 
5.42341423034668 
5.894176959991455 
5.186288356781006 
7.579293251037598 
5.577910900115967 
5.022755146026611 
5.011656284332275 
6.407638072967529 
5.282301425933838 
5.209153652191162 
8.03166389465332 
5.422851085662842 
5.409707069396973 
4.9592061042785645 
5.413773536682129 
5.425500392913818 
6.482776165008545 
5.195830821990967 
5.184046268463135 
6.313476085662842 
5.365926265716553 
5.123478889465332 
5.023355007171631 
5.245965480804443 
5.50640869140625 
5.520344257354736 
5.365087032318115 
6.306497097015381 
4.447076320648193 
5.063459873199463 
5.155307292938232 
6.260874271392822 
5.696720600128174 
5.174628734588623 
5.028268814086914 
6.158808708190918 
7.355868816375732 
5.130931854248047 
8.264758110046387 
6.247734546661377 
5.155515193939209 
5.752925872802734 
5.272439479827881 
7.982224941253662 
5.579808235168457 
6.1592841148376465 
7.9960856437683105 
7.564233303070068 
4.993157863616943 
6.083029270172119 
5.5016398429870605 
5.310673713684082 
4.965906620025635 
5.195664882659912 
5.650410175323486 
5.829470157623291 
6.281569957733154 
5.27946138381958 
5.32333517074585 
5.438426494598389 
5.24358606338501 
5.773694038391113 
5.249565124511719 
6.268454551696777 
5.039323329925537 
5.185130596160889 
5.849544048309326 
6.1515374183654785 
5.832224369049072 
5.063283920288086 
5.334471225738525 
5.061440944671631 
5.203900337219238 
6.467679977416992 
5.524698734283447 
6.491824626922607 
5.086828231811523 
5.190856456756592 
6.417831897735596 
8.340693473815918 
7.502976417541504 
5.698370456695557 
7.884914875030518 
5.0857367515563965 
5.3336591720581055 
5.280476093292236 
5.133363723754883 
5.5046916007995605 
6.054378986358643 
4.930294513702393 
5.217010021209717 
5.284692287445068 
5.135671615600586 
5.221884250640869 
5.291660308837891 
5.588983058929443 
5.920058727264404 
6.233914852142334 
5.289229393005371 
8.215689659118652 
5.129878044128418 
5.375634670257568 
8.009482383728027 
5.706100940704346 
5.432532787322998 
5.800556182861328 
5.398873805999756 
5.3912434577941895 
5.789310932159424 
4.860148906707764 
5.738620281219482 
5.694004535675049 
5.30256986618042 
5.224334239959717 
5.366285800933838 
5.139527797698975 
5.872382164001465 
5.520910739898682 
5.634585857391357 
5.114736080169678 
5.097627639770508 
5.859714031219482 
5.270287036895752 
5.17200231552124 
5.1842169761657715 
7.650437831878662 
5.580708980560303 
5.139533519744873 
5.4589433670043945 
5.290765285491943 
5.714637756347656 
7.953896999359131 
5.813347339630127 
6.853002548217773 
5.075361728668213 
5.382991790771484 
6.30627965927124 
5.382681846618652 
5.484802722930908 
5.488333702087402 
4.800211429595947 
5.233202934265137 
6.052931308746338 
5.934023380279541 
5.213077068328857 
5.3001909255981445 
5.227389812469482 
5.365890026092529 
7.874821662902832 
5.65347957611084 
7.471916675567627 
5.230539798736572 
5.615090847015381 
5.255276203155518 
5.410348415374756 
5.7118048667907715 
5.126059055328369 
5.4171881675720215 
5.782016754150391 
5.2480692863464355 
6.206545352935791 
8.140837669372559 
5.611485958099365 
5.3590264320373535 
5.07283353805542 
6.914315700531006 
5.0750532150268555 
5.30584716796875 
5.508298397064209 
5.664917945861816 
6.143256664276123 
6.135097503662109 
6.392898082733154 
6.847322940826416 
6.02327299118042 
5.0620436668396 
5.446815013885498 
5.239299297332764 
6.125670909881592 
6.439141750335693 
4.84943151473999 
5.298348903656006 
5.271450996398926 
5.1329026222229 
5.514495372772217 
5.267184257507324 
5.642686367034912 
5.48927640914917 
5.610593318939209 
9.381689071655273 
5.163264751434326 
5.300598621368408 
5.240467548370361 
5.6185688972473145 
5.405850410461426 
7.295506000518799 
5.4006781578063965 
5.233435153961182 
5.56720495223999 
5.1068620681762695 
5.009275436401367 
4.870497226715088 
5.0102081298828125 
5.163762092590332 
5.10974645614624 
5.086451053619385 
5.630190372467041 
5.814393043518066 
5.4159932136535645 
5.751916408538818 
5.586689472198486 
5.441112041473389 
5.542806148529053 
5.143077850341797 
5.279569149017334 
5.950901508331299 
5.097272872924805 
5.317965984344482 
4.996626853942871 
6.140611171722412 
7.6191277503967285 
5.024077892303467 
5.40402364730835 
5.223438739776611 
5.363305568695068 
5.145823001861572 
5.421545505523682 
6.0420145988464355 
5.421597003936768 
5.575726509094238 
6.240257740020752 
5.384047031402588 
5.176229953765869 
5.375854015350342 
5.307425022125244 
5.060207366943359 
5.161683559417725 
5.479563236236572 
6.195888042449951 
5.88795280456543 
5.14916467666626 
6.206989765167236 
5.6017374992370605 
5.378518581390381 
5.080247402191162 
5.561509609222412 
5.238837242126465 
6.341604709625244 
7.694690704345703 
4.950745582580566 
5.377591133117676 
5.0232672691345215 
5.7686543464660645 
5.039636611938477 
6.468594074249268 
5.42990255355835 
5.1563615798950195 
7.240503787994385 
5.579105854034424 
5.296548366546631 
5.248134613037109 
5.686378002166748 
5.703674793243408 
5.455214977264404 
5.736144065856934 
5.766523838043213 
5.341066360473633 
5.800504207611084 
6.56489896774292 
5.204314231872559 
7.916895389556885 
4.8645920753479 
5.273416519165039 
7.331989765167236 
5.451493740081787 
6.309150695800781 
5.3871870040893555 
6.510880470275879 
6.099254608154297 
5.403558254241943 
4.982140064239502 
5.549967288970947 
5.186039447784424 
5.399484634399414 
7.260083198547363 
8.370004653930664 
5.818431377410889 
5.66682767868042 
5.457190036773682 
6.224833011627197 
6.056501865386963 
5.354716777801514 
5.281944751739502 
5.592814922332764 
5.468348026275635 
5.587026119232178 
5.39459753036499 
5.166409015655518 
5.336205959320068 
5.036132335662842 
5.262456893920898 
5.25516414642334 
5.518657207489014 
5.175524711608887 
7.372342586517334 
5.494230270385742 
5.526181697845459 
5.449500560760498 
5.620574474334717 
5.4406819343566895 
5.174595355987549 
4.947292327880859 
6.024594783782959 
5.8565850257873535 
5.614933013916016 
5.574448585510254 
5.146106243133545 
5.958777904510498 
5.304400444030762 
5.967881679534912 
6.174392223358154 
6.663547992706299 
5.352612018585205 
6.253630638122559 
5.266182899475098 
5.416052341461182 
5.200319766998291 
5.913933277130127 
5.4538655281066895 
5.091804027557373 
5.357215881347656 
5.075399875640869 
5.6359124183654785 
5.3835530281066895 
5.228532791137695 
5.3262410163879395 
5.133819580078125 
5.220231533050537 
5.039848804473877 
5.047755718231201 
5.055479049682617 
5.918079376220703 
7.566146373748779 
5.757317066192627 
4.996590614318848 
7.196497917175293 
5.411904335021973 
6.05609130859375 
6.332030296325684 
5.226468563079834 
5.604191303253174 
5.129883766174316 
6.2620625495910645 
5.125644207000732 
5.225636005401611 
5.952636241912842 
5.421117305755615 
5.416386127471924 
5.619059085845947 
5.298415660858154 
5.489427089691162 
7.081271648406982 
5.522293567657471 
5.7111430168151855 
5.844258785247803 
5.505032062530518 
7.524623394012451 
5.669212341308594 
5.819887638092041 
5.398728847503662 
5.9373040199279785 
5.053040981292725 
6.18254280090332 
5.195284366607666 
5.562756061553955 
5.38021993637085 
5.229985237121582 
5.156594753265381 
5.443382740020752 
5.343506813049316 
5.34157133102417 
5.7563157081604 
5.142085552215576 
5.5163187980651855 
5.774083614349365 
5.278892993927002 
5.138485431671143 
5.457276344299316 
5.023600101470947 
5.932322978973389 
6.006494045257568 
5.54238748550415 
5.329537868499756 
5.380120277404785 
5.196592807769775 
6.549825191497803 
5.082186698913574 
5.70602560043335 
5.230259418487549 
5.291841983795166 
5.099396705627441 
6.308276653289795 
5.455474376678467 
6.592172145843506 
7.228514194488525 
5.593029975891113 
6.3516106605529785 
5.459590435028076 
7.429922580718994 
5.492188453674316 
7.140379428863525 
5.403944492340088 
4.901134014129639 
5.33735466003418 
6.949907302856445 
5.121197700500488 
7.860259532928467 
5.479043006896973 
5.23622465133667 
5.720240116119385 
5.277835845947266 
5.04688024520874 
5.355030536651611 
5.297168254852295 
6.2459001541137695 
5.318073749542236 
5.26499080657959 
5.852696895599365 
6.465692043304443 
5.221999645233154 
5.710170269012451 
5.180141925811768 
5.786825656890869 
5.171191215515137 
5.530542373657227 
7.061110019683838 
5.314564228057861 
5.618943214416504 
5.574855327606201 
5.790982723236084 
7.386746883392334 
6.602015972137451 
7.763362407684326 
5.36016845703125 
5.111141681671143 
5.369939804077148 
5.10323429107666 
5.733496189117432 
5.136909008026123 
5.465185642242432 
5.2808451652526855 
5.257811069488525 
5.6113200187683105 
5.48534631729126 
5.493971347808838 
5.845393657684326 
5.591161251068115 
5.189476490020752 
5.382254123687744 
5.303523540496826 
5.2052903175354 
5.314281940460205 
4.886544704437256 
5.380072116851807 
6.905179977416992 
8.135384559631348 
5.279980182647705 
5.106651782989502 
5.32374906539917 
6.028499126434326 
5.169764995574951 
5.458685398101807 
5.14951753616333 
5.573971271514893 
7.72405481338501 
5.7471842765808105 
5.2924628257751465 
5.733273983001709 
5.461796283721924 
6.855225086212158 
5.9412384033203125 
6.083728313446045 
5.102011680603027 
5.571138381958008 
5.4089531898498535 
5.866288185119629 
7.711374759674072 
5.014959335327148 
5.257454872131348 
5.473403453826904 
5.243863582611084 
5.30960750579834 
5.8774003982543945 
5.527634143829346 
5.994810581207275 
5.098935604095459 
6.178762912750244 
6.224557399749756 
5.045603275299072 
5.382665157318115 
5.2126851081848145 
5.567010402679443 
6.9749674797058105 
5.1503448486328125 
5.330685138702393 
7.149838924407959 
5.605785846710205 
4.945725440979004 
5.86723518371582 
5.4873576164245605 
7.359306812286377 
5.631485939025879 
5.582367420196533 
5.130129337310791 
4.876355171203613 
5.310561656951904 
4.849662780761719 
5.106915473937988 
5.52937650680542 
6.496921062469482 
6.422665596008301 
5.189248085021973 
5.316995143890381 
5.336707592010498 
5.468521595001221 
5.061064720153809 
5.195614337921143 
5.255446434020996 
5.799078464508057 
5.158858776092529 
5.017988204956055 
5.375030994415283 
5.245049953460693 
5.3680806159973145 
5.829709529876709 
5.583778381347656 
6.105274677276611 
6.03549337387085 
5.207049369812012 
5.39163875579834 
5.316662311553955 
5.169015884399414 
9.01974868774414 
5.358456611633301 
5.37767219543457 
6.439084529876709 
5.35144567489624 
5.239709377288818 
5.238331317901611 
5.6880202293396 
5.617861747741699 
5.602942943572998 
5.721208095550537 
5.297366142272949 
5.0239057540893555 
5.405071258544922 
5.288126468658447 
5.822546005249023 
5.240349292755127 
5.472170352935791 
5.80729341506958 
5.220109462738037 
5.349603176116943 
4.91155481338501 
5.275527477264404 
6.323563098907471 
5.594665050506592 
6.013513565063477 
5.64285135269165 
8.329460144042969 
5.28672981262207 
5.605241298675537 
5.283849239349365 
7.628811359405518 
6.778392791748047 
6.0831804275512695 
5.547378063201904 
5.187742710113525 
5.213599681854248 
5.938009738922119 
5.4718241691589355 
6.418599605560303 
5.052385330200195 
5.74978494644165 
5.3450927734375 
6.546519756317139 
5.060014247894287 
6.3172831535339355 
5.370991230010986 
6.673335552215576 
5.511478900909424 
5.708667278289795 
5.782960414886475 
5.2145843505859375 
5.5248236656188965 
5.353470325469971 
5.271260738372803 
5.884218215942383 
5.7886481285095215 
5.179811000823975 
5.42194128036499 
5.020977020263672 
5.473419189453125 
5.091521739959717 
5.701613903045654 
5.156548976898193 
5.1505045890808105 
7.726094722747803 
5.669814109802246 
5.413748264312744 
7.904200553894043 
7.016122817993164 
5.512991428375244 
5.33826208114624 
5.297654628753662 
5.173074245452881 
5.160238265991211 
5.2482686042785645 
5.105301380157471 
4.9841084480285645 
5.283359050750732 
5.198853969573975 
5.152223110198975 
6.621738910675049 
4.98256254196167 
6.6414923667907715 
5.90185022354126 
5.098393440246582 
5.307628154754639 
5.735666751861572 
6.126341342926025 
4.989814281463623 
5.515442371368408 
5.85947847366333 
5.641293048858643 
5.8818278312683105 
5.020111083984375 
6.168851375579834 
5.165571689605713 
5.049261569976807 
5.4142165184021 
5.687103748321533 
5.24397611618042 
5.19471549987793 
5.3797125816345215 
5.280890464782715 
6.021812915802002 
5.587118625640869 
5.2037787437438965 
5.56667423248291 
5.497786998748779 
5.029930591583252 
5.822900772094727 
5.191490650177002 
6.14668607711792 
6.406152248382568 
5.9438090324401855 
5.083606243133545 
5.259772777557373 
5.38670015335083 
5.7554755210876465 
5.530827045440674 
5.2631659507751465 
6.685622692108154 
5.608349323272705 
5.352789402008057 
5.484280109405518 
5.428981304168701 
5.405555248260498 
5.2274346351623535 
5.4221625328063965 
5.493775367736816 
5.380760669708252 
5.183749198913574 
6.087203502655029 
5.296380519866943 
7.87880277633667 
5.864317417144775 
5.123532295227051 
5.206697940826416 
5.403470516204834 
5.5515875816345215 
5.072833061218262 
6.727388858795166 
5.360157489776611 
5.430767059326172 
7.610669136047363 
5.20733118057251 
5.4070048332214355 
5.887441158294678 
5.450097560882568 
5.324748992919922 
5.775582790374756 
5.2343831062316895 
5.048992156982422 
5.2033915519714355 
5.167982578277588 
5.390352725982666 
7.546529293060303 
6.941107273101807 
6.739999294281006 
5.267168045043945 
5.39316987991333 
5.202956199645996 
5.205477237701416 
5.279716968536377 
7.086635112762451 
5.304424285888672 
4.891903400421143 
5.04793119430542 
5.523106098175049 
5.244807720184326 
9.546890258789062 
5.010653018951416 
5.467250823974609 
5.439100742340088 
5.1482367515563965 
5.724031925201416 
5.197877407073975 
5.613404750823975 
5.328915119171143 
5.253494739532471 
5.135484218597412 
5.469022750854492 
5.406602382659912 
6.510283946990967 
4.805759906768799 
5.574303150177002 
5.96168327331543 
5.575467109680176 
5.1618123054504395 
5.460748195648193 
5.424129009246826 
5.081636905670166 
5.29160737991333 
5.566491603851318 
5.312680244445801 
5.2423224449157715 
5.477917671203613 
5.309263229370117 
5.194045543670654 
5.208494663238525 
6.106897830963135 
5.607855319976807 
5.5984320640563965 
4.918415546417236 
6.349847316741943 
5.123058795928955 
8.055755615234375 
8.15993881225586 
5.142200946807861 
4.868107318878174 
5.646033763885498 
6.059391498565674 
5.7927985191345215 
5.474853038787842 
5.885782241821289 
5.467250823974609 
5.2829413414001465 
7.667880535125732 
5.490927219390869 
5.11359977722168 
4.977212429046631 
5.624695301055908 
5.321726322174072 
5.383960247039795 
5.0231451988220215 
5.26220703125 
5.660655498504639 
5.482671737670898 
5.283571720123291 
5.364994525909424 
5.168019771575928 
5.053062438964844 
6.193920612335205 
6.451215744018555 
5.393455505371094 
5.331883907318115 
5.347313404083252 
5.852480888366699 
5.596604824066162 
5.084714889526367 
5.3326544761657715 
5.197243690490723 
5.87920618057251 
6.37737512588501 
5.3235554695129395 
5.2430644035339355 
5.787034034729004 
5.11455774307251 
5.554410457611084 
6.10159969329834 
5.7656569480896 
5.534169673919678 
5.236997127532959 
5.585559368133545 
6.935874938964844 
6.3498148918151855 
5.274476528167725 
5.0395002365112305 
7.123134613037109 
6.128854274749756 
5.8091959953308105 
5.430197238922119 
5.499450206756592 
6.150062561035156 
5.2632269859313965 
5.598929405212402 
5.581346035003662 
5.039098262786865 
5.179647445678711 
6.23305082321167 
5.278537273406982 
6.357696533203125 
6.53264856338501 
6.992498397827148 
7.337156772613525 
6.265151023864746 
5.398390293121338 
5.6285529136657715 
5.378096103668213 
4.871330738067627 
5.982452869415283 
5.826411724090576 
5.433204174041748 
5.430222034454346 
5.315646648406982 
5.199244976043701 
5.566837787628174 
5.168972492218018 
5.388544082641602 
5.5465312004089355 
6.481852054595947 
5.031076431274414 
5.968348979949951 
5.297565937042236 
9.52682876586914 
5.959272861480713 
5.286679744720459 
5.385920524597168 
5.755592346191406 
5.441627502441406 
5.941905498504639 
5.3956217765808105 
5.260110378265381 
6.680274486541748 
6.144354343414307 
5.2854132652282715 
8.597397804260254 
5.259775638580322 
5.483669757843018 
5.059804439544678 
5.524662494659424 
6.066467761993408 
5.1724019050598145 
5.131091117858887 
6.4667649269104 
4.9407734870910645 
5.469112873077393 
5.625908374786377 
5.24108362197876 
5.5559515953063965 
5.320658206939697 
5.429460048675537 
5.166992664337158 
7.306868076324463 
4.981020450592041 
5.351933002471924 
5.07226037979126 
5.435745716094971 
6.0219340324401855 
5.589945316314697 
5.440666675567627 
5.073147773742676 
5.84381628036499 
6.284095764160156 
5.257076740264893 
5.277299404144287 
5.089864730834961 
5.738539695739746 
5.808938503265381 
6.879415035247803 
5.29661750793457 
5.294783115386963 
5.324909687042236 
5.336144924163818 
5.099790573120117 
5.109964847564697 
5.418843746185303 
5.363078594207764 
5.145712852478027 
6.068574905395508 
5.343779563903809 
4.860008716583252 
5.6924872398376465 
5.635762691497803 
5.54703950881958 
5.2088799476623535 
5.340219974517822 
5.562964916229248 
5.150539875030518 
4.8932390213012695 
5.341085910797119 
5.860200881958008 
4.992285251617432 
5.33263635635376 
5.567951679229736 
5.871556758880615 
7.61500358581543 
5.328586578369141 
5.993175983428955 
5.223727703094482 
5.325570106506348 
5.480140209197998 
5.26616907119751 
4.95573091506958 
7.399258136749268 
6.340757369995117 
5.371498107910156 
5.373417854309082 
6.720077037811279 
5.325843334197998 
6.006491184234619 
5.3139448165893555 
6.706526279449463 
5.536151885986328 
5.8099799156188965 
5.761501789093018 
5.323487281799316 
5.06996488571167 
5.2761759757995605 
5.335186958312988 
7.096426486968994 
5.343340873718262 
6.222303867340088 
5.2217230796813965 
5.402255535125732 
5.901129245758057 
5.220892429351807 
5.4032745361328125 
6.925821304321289 
6.154411315917969 
5.315263271331787 
5.924604892730713 
6.118169784545898 
5.268641948699951 
5.345491886138916 
5.322144985198975 
5.196470737457275 
5.232176303863525 
6.133334636688232 
5.7246222496032715 
5.347792148590088 
5.5082221031188965 
5.867773532867432 
6.9392218589782715 
5.122788906097412 
5.916811943054199 
5.454521656036377 
5.086673736572266 
5.096226692199707 
5.47774600982666 
9.249286651611328 
5.283143043518066 
5.529190540313721 
5.110260486602783 
5.577956199645996 
5.392588138580322 
5.661047458648682 
5.555476665496826 
5.255572319030762 
7.692002773284912 
5.481642723083496 
5.801053524017334 
5.932075023651123 
5.0783820152282715 
5.186830520629883 
5.234333515167236 
5.393951416015625 
5.769811153411865 
4.815512180328369 
6.685008525848389 
8.075321197509766 
6.274927616119385 
5.204559803009033 
5.260463237762451 
5.119872093200684 
5.163429260253906 
8.178268432617188 
5.4866623878479 
5.238953113555908 
5.056859493255615 
6.288547992706299 
5.319101810455322 
5.207443714141846 
5.619050025939941 
4.977535247802734 
5.22449254989624 
5.309372425079346 
5.252137660980225 
5.628960132598877 
5.4295654296875 
5.3322038650512695 
4.927241802215576 
5.17455530166626 
5.066161632537842 
6.05173921585083 
5.446518421173096 
4.865654468536377 
5.576882362365723 
4.751220703125 
5.198646068572998 
6.66594934463501 
5.549353122711182 
6.381669521331787 
5.737584590911865 
5.126708984375 
5.5570197105407715 
6.418269634246826 
5.266239643096924 
5.242353916168213 
5.55557107925415 
5.447741985321045 
5.396448135375977 
6.224450588226318 
5.364639759063721 
5.165185451507568 
5.321900844573975 
5.2010297775268555 
5.628937244415283 
5.611180782318115 
4.9884419441223145 
5.764854431152344 
5.3227620124816895 
5.444704532623291 
5.20839262008667 
5.516316890716553 
5.408766269683838 
5.314635753631592 
5.983745098114014 
5.162725925445557 
6.612785816192627 
5.101449966430664 
5.734009265899658 
4.98253059387207 
5.238565921783447 
5.248020648956299 
6.583263874053955 
5.340019226074219 
5.401513576507568 
4.949965953826904 
4.957603931427002 
5.245258808135986 
5.304959774017334 
5.321958065032959 
6.095925807952881 
5.165600299835205 
6.267751216888428 
5.064672946929932 
6.231389999389648 
5.591039657592773 
5.160099983215332 
5.450033664703369 
5.729233264923096 
5.9966912269592285 
5.483201503753662 
5.125912189483643 
5.654072284698486 
5.308568954467773 
5.552713871002197 
5.70425271987915 
5.169891834259033 
6.0870585441589355 
5.26334810256958 
5.239314556121826 
5.113990783691406 
5.039799213409424 
5.296045780181885 
5.83350133895874 
5.291011810302734 
5.77687406539917 
5.248035430908203 
5.112400531768799 
5.053029537200928 
5.3924641609191895 
6.280365943908691 
5.909661769866943 
5.174953937530518 
5.121190547943115 
5.749037265777588 
5.210655212402344 
6.248721599578857 
5.505670070648193 
9.54710578918457 
5.240859508514404 
5.779458522796631 
6.437302112579346 
5.8751702308654785 
5.600151062011719 
5.24694299697876 
6.045095920562744 
5.140145301818848 
5.236220836639404 
5.676589488983154 
5.397866725921631 
5.226400852203369 
4.816661834716797 
5.149135112762451 
5.62350606918335 
5.154495716094971 
5.850109577178955 
5.892148494720459 
5.289527416229248 
5.319689750671387 
5.611940860748291 
5.258991718292236 
5.078429698944092 
5.144632816314697 
5.180257797241211 
5.258249759674072 
5.820199489593506 
5.292313098907471 
5.755753040313721 
5.4401984214782715 
5.561222553253174 
6.122888088226318 
5.244096755981445 
5.11082124710083 
5.313013553619385 
5.346897125244141 
4.870731830596924 
5.501340389251709 
5.354428768157959 
5.7038373947143555 
5.2521138191223145 
5.494314193725586 
5.315639019012451 
5.628514289855957 
5.078533172607422 
5.344499111175537 
5.508846759796143 
5.538038730621338 
5.721465587615967 
6.2910637855529785 
5.730749607086182 
5.617717266082764 
5.431411266326904 
5.154398441314697 
5.3601861000061035 
6.150755405426025 
6.294981479644775 
5.264368057250977 
5.605441570281982 
6.276228427886963 
5.364573955535889 
5.451114177703857 
5.322350978851318 
4.923094749450684 
5.041666507720947 
6.421592712402344 
5.772820949554443 
5.7066826820373535 
5.473848819732666 
5.312345504760742 
5.462712287902832 
5.483983516693115 
5.564336776733398 
5.183424472808838 
6.126111030578613 
5.110523223876953 
4.7032575607299805 
5.1954522132873535 
5.419203758239746 
6.1574602127075195 
5.092968463897705 
5.031897068023682 
5.2434868812561035 
5.9942240715026855 
5.264969825744629 
5.566476345062256 
6.670358180999756 
5.496079921722412 
5.78272819519043 
5.291171550750732 
5.631957530975342 
5.216976165771484 
8.77966022491455 
4.966716289520264 
5.35380220413208 
4.963882923126221 
5.942111492156982 
5.295464515686035 
4.839136600494385 
6.217030048370361 
5.416711807250977 
5.798468112945557 
4.886786937713623 
5.2844157218933105 
7.092477321624756 
4.5794501304626465 
5.889990329742432 
6.666812419891357 
5.351912021636963 
5.5017828941345215 
5.210606098175049 
5.108997821807861 
5.065581798553467 
7.007105350494385 
6.075191020965576 
5.839413642883301 
5.677035808563232 
5.136754512786865 
5.081887722015381 
6.37214994430542 
5.2288336753845215 
6.387073040008545 
5.378650188446045 
5.2287445068359375 
5.076745986938477 
5.989080905914307 
5.992093086242676 
5.378025054931641 
5.985816478729248 
5.522093772888184 
5.113714694976807 
5.260436534881592 
5.336765766143799 
5.3089423179626465 
5.637742042541504 
6.769670486450195 
5.232208251953125 
5.132348537445068 
5.545461177825928 
5.348324298858643 
5.478701114654541 
5.121225833892822 
4.960566520690918 
5.975449562072754 
6.06649923324585 
5.094608783721924 
5.512706279754639 
5.178489685058594 
5.818877696990967 
5.6328654289245605 
5.227949619293213 
5.59476900100708 
6.458767890930176 
5.983382701873779 
5.945133686065674 
5.219894886016846 
5.348220348358154 
5.64893102645874 
5.729757785797119 
5.29452657699585 
5.371494293212891 
5.333927154541016 
6.812910079956055 
5.704195499420166 
5.184191703796387 
5.4032464027404785 
5.770623207092285 
5.3056745529174805 
5.460350513458252 
5.406015872955322 
5.5010600090026855 
5.559803485870361 
5.5154242515563965 
5.193204402923584 
5.406942367553711 
5.3419108390808105 
5.193258762359619 
5.687218189239502 
5.226338863372803 
5.626109600067139 
5.374322891235352 
8.320229530334473 
4.9812774658203125 
5.510875225067139 
6.2402777671813965 
6.110374927520752 
5.823898792266846 
5.033953666687012 
5.470065116882324 
5.422300815582275 
5.415456295013428 
5.5246968269348145 
5.427352428436279 
5.388274669647217 
5.0141777992248535 
7.921569347381592 
5.237952709197998 
5.182000637054443 
4.8929667472839355 
5.509265422821045 
5.484969615936279 
5.206017971038818 
5.2121100425720215 
5.520832538604736 
7.4593682289123535 
5.700624942779541 
5.400885105133057 
6.61022424697876 
5.0659050941467285 
5.679686069488525 
5.6437153816223145 
5.901906490325928 
5.119152545928955 
5.245065212249756 
5.143751621246338 
6.412552356719971 
6.5605058670043945 
5.678829669952393 
5.689709186553955 
5.258465766906738 
5.297644138336182 
5.5512614250183105 
5.099498271942139 
5.348823547363281 
5.05280876159668 
5.193527698516846 
5.7246317863464355 
5.070443630218506 
4.941007137298584 
5.335318088531494 
5.116905212402344 
5.372096538543701 
5.262130260467529 
5.368262767791748 
7.053538799285889 
5.2863030433654785 
5.2935943603515625 
5.19940710067749 
5.500674247741699 
7.0811285972595215 
5.270626068115234 
5.032944202423096 
5.49557638168335 
6.881205081939697 
5.927357196807861 
5.618720531463623 
6.43887996673584 
5.769285678863525 
4.956106185913086 
5.826487064361572 
5.216815948486328 
5.309722423553467 
5.45815896987915 
6.2541279792785645 
5.194253444671631 
7.756340026855469 
5.092038631439209 
6.898213863372803 
5.620156288146973 
5.638134479522705 
5.8158183097839355 
6.440186977386475 
5.25688362121582 
5.238580226898193 
5.198511600494385 
5.233256816864014 
5.679152965545654 
6.2174973487854 
6.061178684234619 
5.750889301300049 
5.251567363739014 
5.330925464630127 
5.400403022766113 
4.934207439422607 
5.300785541534424 
5.408726692199707 
5.332372188568115 
6.820089817047119 
6.5561041831970215 
5.2662553787231445 
5.174147605895996 
5.376582622528076 
5.178112506866455 
6.08928918838501 
5.201486110687256 
5.689869403839111 
6.54181432723999 
5.38533353805542 
7.302608013153076 
5.260019779205322 
5.181728839874268 
5.216969013214111 
5.376546382904053 
5.371344089508057 
5.002144813537598 
5.688170909881592 
5.458714962005615 
5.528547763824463 
5.183970928192139 
7.0413923263549805 
5.228675365447998 
5.090315818786621 
4.97149133682251 
6.840206623077393 
6.313115119934082 
6.271599292755127 
5.664238929748535 
5.4779372215271 
5.108615398406982 
5.409057140350342 
6.422423839569092 
5.1186747550964355 
5.154052257537842 
5.480747699737549 
6.319900989532471 
6.2128825187683105 
5.87844705581665 
6.070158958435059 
5.274927139282227 
5.224319934844971 
5.356883525848389 
5.325913906097412 
6.267602920532227 
5.246947288513184 
5.114963531494141 
5.274130344390869 
5.231529235839844 
5.260834217071533 
5.901627063751221 
5.87510347366333 
5.233434677124023 
5.59679651260376 
5.3347039222717285 
5.5544610023498535 
6.633077621459961 
5.14723539352417 
5.531248569488525 
5.444222927093506 
5.216763496398926 
7.411849498748779 
5.360510349273682 
5.15248966217041 
5.5774455070495605 
5.348723888397217 
5.304550647735596 
5.14489221572876 
5.5364155769348145 
5.444649696350098 
5.5751729011535645 
5.158470630645752 
5.15260124206543 
6.793118000030518 
5.272197246551514 
5.4795122146606445 
5.468945026397705 
5.295538902282715 
5.561495304107666 
5.309839248657227 
6.2983784675598145 
5.551447868347168 
6.038199424743652 
5.167027950286865 
5.442054748535156 
5.931925296783447 
7.000499248504639 
5.146355628967285 
5.110067367553711 
5.529114246368408 
4.908486366271973 
5.61877965927124 
4.980622291564941 
5.615293025970459 
6.470359802246094 
5.397263526916504 
5.14073371887207 
5.512329578399658 
5.4350786209106445 
5.486608028411865 
5.220543384552002 
6.843451023101807 
5.71275520324707 
5.133530139923096 
5.2772603034973145 
5.417555332183838 
5.761138439178467 
5.186502456665039 
5.136562824249268 
6.199069499969482 
5.645047664642334 
5.503695011138916 
7.682467937469482 
5.161587238311768 
4.963150501251221 
4.974027156829834 
5.163873672485352 
4.970153331756592 
5.955957412719727 
5.157003879547119 
6.010185241699219 
5.128389835357666 
7.37329626083374 
5.374592304229736 
5.476011753082275 
5.621883392333984 
5.7057929039001465 
5.292469501495361 
5.429173946380615 
6.483242511749268 
5.217223644256592 
5.4063239097595215 
4.957193374633789 
5.388796329498291 
5.316896915435791 
5.6011433601379395 
5.305793285369873 
5.309092998504639 
5.43349027633667 
5.305596828460693 
6.3832550048828125 
6.9041924476623535 
5.127392292022705 
5.565150260925293 
5.538153171539307 
5.730856418609619 
5.332840919494629 
5.510518550872803 
5.2758708000183105 
5.246711730957031 
4.969975471496582 
5.069860935211182 
5.562907695770264 
4.982344150543213 
5.565337657928467 
5.617608547210693 
6.029519557952881 
5.79892110824585 
5.310813903808594 
6.634075164794922 
5.389979839324951 
5.270625591278076 
5.692251682281494 
5.21438455581665 
5.307558536529541 
5.2833943367004395 
5.373702049255371 
5.035740375518799 
5.39363431930542 
5.233254909515381 
5.4469499588012695 
5.041362285614014 
5.292112350463867 
5.052632808685303 
5.861821174621582 
5.445718288421631 
5.1898112297058105 
5.481046199798584 
5.283100128173828 
6.682669639587402 
5.080173492431641 
5.064014434814453 
5.426074504852295 
5.616067886352539 
6.133047103881836 
6.405937194824219 
6.083345890045166 
5.085218906402588 
5.79628324508667 
5.715141773223877 
5.497618198394775 
5.212923526763916 
7.6521477699279785 
5.035557270050049 
5.229610919952393 
5.427159786224365 
5.369760036468506 
5.24413537979126 
5.610098361968994 
8.135478973388672 
5.350082874298096 
5.628843784332275 
5.0394721031188965 
5.875016212463379 
8.528107643127441 
5.4436750411987305 
5.278536796569824 
6.160908222198486 
6.515989303588867 
5.29037618637085 
5.323760032653809 
7.043764591217041 
5.027967929840088 
6.336730480194092 
6.044230937957764 
5.277587890625 
5.200477123260498 
5.1410231590271 
5.157044887542725 
5.526335716247559 
5.390197277069092 
5.49080228805542 
5.27816915512085 
5.315687656402588 
5.854019641876221 
5.433172702789307 
5.863287448883057 
5.388879299163818 
5.751577854156494 
7.552770137786865 
5.341905117034912 
5.509388446807861 
5.105954170227051 
5.3093414306640625 
5.271116733551025 
5.356314659118652 
5.072545528411865 
5.21018123626709 
5.3583455085754395 
5.213846683502197 
6.537129878997803 
5.406417369842529 
5.368945598602295 
6.54014253616333 
5.616354465484619 
5.463848114013672 
5.2829508781433105 
6.604820251464844 
5.498654842376709 
5.273160457611084 
5.122000694274902 
5.438119888305664 
6.280239105224609 
5.020963191986084 
7.086543560028076 
5.5654520988464355 
5.904202461242676 
5.369810581207275 
5.3267951011657715 
5.287100315093994 
6.263600826263428 
5.352304935455322 
5.387207508087158 
5.513144016265869 
8.194055557250977 
5.085133075714111 
5.500656604766846 
5.37258243560791 
5.727662563323975 
6.198578357696533 
5.134281158447266 
5.193683624267578 
5.075570583343506 
4.91165018081665 
4.990903377532959 
5.583562850952148 
5.016690731048584 
5.648773670196533 
5.163411617279053 
5.045553207397461 
5.498907566070557 
5.63300085067749 
6.977777004241943 
5.495152950286865 
4.871192932128906 
5.476021766662598 
5.107051372528076 
5.05146598815918 
5.817007541656494 
5.653924465179443 
5.179622173309326 
5.385806560516357 
5.7844038009643555 
5.215860843658447 
5.477382659912109 
5.220694065093994 
5.65910530090332 
5.925412654876709 
5.384689807891846 
5.7494401931762695 
5.236398220062256 
5.117957592010498 
5.417943000793457 
5.121112823486328 
5.370723247528076 
4.979844093322754 
6.123236179351807 
5.068342685699463 
5.50748348236084 
5.303979396820068 
8.107808113098145 
5.7957234382629395 
5.47160005569458 
7.8528313636779785 
5.494109153747559 
6.228946208953857 
5.507305145263672 
5.417849540710449 
5.054355144500732 
5.412444591522217 
5.667374134063721 
6.216053485870361 
5.40631103515625 
5.54612922668457 
4.964088439941406 
5.572075366973877 
5.326545238494873 
5.651298999786377 
4.885486602783203 
6.78441047668457 
5.738466739654541 
5.382380485534668 
4.725879192352295 
5.373318195343018 
6.158383846282959 
5.495837688446045 
8.48064136505127 
5.428069591522217 
5.610457897186279 
5.276713848114014 
5.314189434051514 
5.159627437591553 
5.202975749969482 
5.6721272468566895 
5.36099100112915 
5.7191314697265625 
5.072032451629639 
5.359996318817139 
5.20621395111084 
5.21889591217041 
4.8428053855896 
6.116969585418701 
5.868479251861572 
5.015006065368652 
5.291346549987793 
5.266220569610596 
5.343016624450684 
5.057295799255371 
5.512537479400635 
5.492709159851074 
6.030000686645508 
4.996397495269775 
6.008338928222656 
6.17695951461792 
5.493680953979492 
5.5959343910217285 
5.043193817138672 
5.513444423675537 
5.298666954040527 
5.020442485809326 
6.372832775115967 
5.127761363983154 
5.3652262687683105 
5.244144916534424 
5.816465854644775 
6.544882297515869 
5.491195201873779 
5.088616371154785 
5.233953475952148 
5.418136119842529 
5.144097328186035 
5.1326680183410645 
5.286547660827637 
5.438327312469482 
7.5160088539123535 
5.014378547668457 
5.6099019050598145 
5.423722743988037 
5.245693206787109 
5.60308313369751 
5.4200568199157715 
8.513893127441406 
5.180848598480225 
5.049267292022705 
5.648523330688477 
5.63465690612793 
5.16876745223999 
5.783287525177002 
5.132034778594971 
5.30707311630249 
5.344037055969238 
5.611757278442383 
5.347741603851318 
6.241291522979736 
6.4173808097839355 
5.853298664093018 
5.452651500701904 
5.184065818786621 
6.176522731781006 
5.15881872177124 
5.204806804656982 
5.279745578765869 
5.215775966644287 
5.37257194519043 
5.864491939544678 
5.386923789978027 
5.121158123016357 
5.109344005584717 
5.270455360412598 
8.734825134277344 
5.385206699371338 
5.060062408447266 
5.693186283111572 
7.246475696563721 
4.954107761383057 
5.177466869354248 
6.525153636932373 
4.872303009033203 
5.643850803375244 
6.457106113433838 
6.24264669418335 
6.178067684173584 
5.3371262550354 
5.220846652984619 
5.5015482902526855 
5.408658504486084 
5.748630046844482 
6.035739421844482 
5.353509902954102 
5.025818347930908 
4.868877410888672 
5.475295543670654 
6.021762371063232 
5.638434886932373 
6.272709369659424 
7.576350688934326 
5.157710552215576 
6.273921966552734 
5.648739337921143 
6.173266410827637 
5.429028034210205 
5.274096488952637 
5.423960208892822 
6.001897811889648 
5.74647855758667 
5.281097412109375 
5.279782772064209 
5.287376880645752 
5.781869411468506 
6.29927396774292 
5.436371326446533 
5.296611309051514 
4.990340232849121 
5.316883563995361 
4.826044082641602 
5.197190284729004 
5.286056995391846 
7.060520648956299 
5.4958062171936035 
5.104922771453857 
6.318851947784424 
4.996208667755127 
5.429107666015625 
5.285093784332275 
5.211731910705566 
6.029434680938721 
5.348632335662842 
5.135212421417236 
5.648941516876221 
5.404029369354248 
5.275960445404053 
5.202963352203369 
5.548100471496582 
5.912814140319824 
5.6112060546875 
5.2038254737854 
5.2195892333984375 
5.835483074188232 
5.474842548370361 
5.602743625640869 
5.787796497344971 
5.5994486808776855 
5.1920905113220215 
5.41611909866333 
5.053318977355957 
7.667329788208008 
7.319727897644043 
6.028565406799316 
6.682931423187256 
5.232288837432861 
5.829554557800293 
7.75048303604126 
5.310445308685303 
5.321484565734863 
5.194622039794922 
5.996627330780029 
5.47395658493042 
5.07672643661499 
5.5155229568481445 
5.77822208404541 
8.97439956665039 
8.500201225280762 
9.433919906616211 
5.431728363037109 
5.451210021972656 
5.328951358795166 
5.130134105682373 
5.362646102905273 
5.221508502960205 
5.203627586364746 
5.505390167236328 
5.155979633331299 
4.957840442657471 
5.255067348480225 
6.650844573974609 
5.673650741577148 
5.149735450744629 
5.4311652183532715 
5.447086811065674 
5.4459099769592285 
5.450667858123779 
5.574769496917725 
5.04699182510376 
5.3603081703186035 
6.074667453765869 
6.3068037033081055 
5.091325283050537 
5.4915032386779785 
5.3770246505737305 
6.234742641448975 
5.1821393966674805 
5.926223278045654 
5.613255023956299 
5.711187839508057 
5.3329033851623535 
7.793822765350342 
5.574489116668701 
5.466714382171631 
8.101834297180176 
6.027238368988037 
5.3957295417785645 
5.216635227203369 
5.2151780128479 
6.864711284637451 
5.148824214935303 
5.288365364074707 
5.262252330780029 
5.325076103210449 
5.221357822418213 
5.515689373016357 
5.041489601135254 
5.49243688583374 
5.274008274078369 
5.3583526611328125 
5.762728214263916 
5.381760597229004 
7.586086750030518 
5.036245346069336 
5.288609981536865 
4.997486591339111 
5.743866443634033 
5.7149882316589355 
5.272374629974365 
5.524937152862549 
5.477939128875732 
5.303746223449707 
5.1399922370910645 
6.4321112632751465 
5.376396179199219 
5.487887859344482 
5.728535175323486 
5.588504314422607 
5.452746868133545 
5.222879886627197 
6.414927005767822 
5.302048683166504 
5.595086574554443 
5.521490573883057 
5.29179048538208 
6.10045051574707 
5.8676652908325195 
6.973928928375244 
5.614023208618164 
5.116899490356445 
5.173604965209961 
5.723066329956055 
6.582777976989746 
6.006679534912109 
5.273451328277588 
5.433835983276367 
6.562269687652588 
5.272161960601807 
6.106320858001709 
5.1445631980896 
5.152517318725586 
6.631610870361328 
5.289654731750488 
5.125892162322998 
5.35966157913208 
6.5303730964660645 
5.441684246063232 
5.252833843231201 
5.424807071685791 
5.528043270111084 
6.533935070037842 
5.116100311279297 
5.1815571784973145 
5.372467517852783 
6.444930076599121 
5.949609756469727 
5.613469123840332 
5.480189800262451 
5.317657947540283 
9.23660945892334 
6.855034828186035 
5.1391191482543945 
5.377929210662842 
5.178964138031006 
6.186555862426758 
5.9315505027771 
5.187618732452393 
5.075925827026367 
5.235161304473877 
5.315255641937256 
5.532536506652832 
6.0670552253723145 
5.05854606628418 
5.141524791717529 
5.215120792388916 
5.329570293426514 
5.809114933013916 
5.330195903778076 
5.39480447769165 
4.983642101287842 
7.911020278930664 
7.282408237457275 
6.077086448669434 
5.2470173835754395 
6.074645519256592 
5.269277095794678 
5.068288803100586 
5.158636569976807 
5.636667728424072 
5.122753620147705 
5.35471248626709 
5.095732688903809 
6.637071132659912 
5.071385860443115 
4.8846964836120605 
5.325949192047119 
5.370416164398193 
5.256635665893555 
5.762949466705322 
5.020792007446289 
5.173141002655029 
6.385062217712402 
5.214813232421875 
5.672601222991943 
5.286247730255127 
5.384300708770752 
5.124177932739258 
7.383162021636963 
5.547341346740723 
4.828659534454346 
5.547097682952881 
5.153137683868408 
5.3004536628723145 
5.061352252960205 
5.531675338745117 
5.326368808746338 
5.300638675689697 
5.39357328414917 
6.032394886016846 
5.453054904937744 
5.31312370300293 
5.664525032043457 
5.332020282745361 
5.387611389160156 
6.262683868408203 
5.791744709014893 
5.854671955108643 
5.248293399810791 
5.219179630279541 
5.376484394073486 
9.229230880737305 
6.424347400665283 
5.556661128997803 
5.7201409339904785 
5.9430155754089355 
7.6520490646362305 
4.93510627746582 
5.229454517364502 
4.962367534637451 
6.668736934661865 
5.522986888885498 
5.090281009674072 
5.29669713973999 
5.336551666259766 
5.277402877807617 
5.218575954437256 
6.008883953094482 
5.319820880889893 
5.238214015960693 
6.300759792327881 
5.511595726013184 
5.580629825592041 
4.6260199546813965 
5.270736217498779 
5.2540411949157715 
5.479921817779541 
6.405629634857178 
5.776631832122803 
5.373422622680664 
5.465247631072998 
5.836122512817383 
6.6189069747924805 
5.498494625091553 
5.184666156768799 
5.205881118774414 
5.887049198150635 
5.450170040130615 
5.3219194412231445 
5.784588813781738 
6.176151275634766 
5.159866809844971 
5.397231578826904 
5.174880504608154 
6.305191993713379 
5.497694492340088 
5.390280246734619 
7.224304676055908 
5.146636486053467 
5.127244472503662 
5.989901065826416 
5.525516033172607 
5.140470027923584 
6.471378803253174 
5.969974040985107 
5.378756046295166 
5.084599018096924 
6.066710948944092 
5.875301837921143 
5.5804266929626465 
5.576740741729736 
6.162282466888428 
5.334290027618408 
5.595564365386963 
5.034824371337891 
5.624858379364014 
7.971032619476318 
5.170555591583252 
5.424091815948486 
5.053123474121094 
4.900569915771484 
5.9262566566467285 
6.806684494018555 
5.374388217926025 
5.525522708892822 
5.103792667388916 
5.27545690536499 
5.221158504486084 
5.720705986022949 
6.841871738433838 
5.160360813140869 
6.535985469818115 
5.216373920440674 
5.12837553024292 
7.526272773742676 
5.320812225341797 
5.545191287994385 
5.397984027862549 
4.962411403656006 
5.173080921173096 
5.281269550323486 
5.134619235992432 
7.982462406158447 
5.355659008026123 
5.287275314331055 
5.226496696472168 
9.269250869750977 
5.102827072143555 
5.0774455070495605 
6.113898754119873 
5.160014629364014 
5.084253787994385 
6.359678745269775 
7.444054126739502 
5.209725856781006 
5.520458698272705 
5.9394659996032715 
5.213522434234619 
5.238213539123535 
5.2754082679748535 
5.723447322845459 
5.282312393188477 
6.96707010269165 
5.426624298095703 
6.120482444763184 
6.202987194061279 
5.05553674697876 
5.119534015655518 
6.643579959869385 
5.807074069976807 
5.390124797821045 
5.0040788650512695 
5.58425760269165 
5.1002583503723145 
5.11916971206665 
5.620182514190674 
5.50899076461792 
6.674697399139404 
5.359150409698486 
5.70104455947876 
5.666687965393066 
5.279324054718018 
6.268045902252197 
5.199002742767334 
5.341361045837402 
5.242815017700195 
5.310189247131348 
4.798050403594971 
5.443521499633789 
5.444214820861816 
5.524584770202637 
7.695244312286377 
5.410732746124268 
5.45831298828125 
5.2026495933532715 
5.6619553565979 
5.660281658172607 
6.09164571762085 
5.16670560836792 
6.549088478088379 
5.314575672149658 
5.1460862159729 
5.20698881149292 
6.278554439544678 
5.3821892738342285 
5.824759006500244 
5.017879009246826 
5.356698513031006 
5.290222644805908 
6.062930107116699 
5.708886623382568 
5.445058345794678 
5.438268184661865 
5.2946391105651855 
6.174887180328369 
5.302862644195557 
5.576730251312256 
5.270767688751221 
6.512336730957031 
5.251394271850586 
5.0861735343933105 
5.509929180145264 
5.150716304779053 
4.958746910095215 
7.142848968505859 
5.3296637535095215 
5.7549519538879395 
7.21098518371582 
5.507679462432861 
5.090775012969971 
5.017983913421631 
5.167586326599121 
5.205434322357178 
5.716615200042725 
5.263560771942139 
6.161762714385986 
6.026767253875732 
5.467159271240234 
5.541734218597412 
5.4552321434021 
6.175777912139893 
6.535712242126465 
5.099987983703613 
5.490148067474365 
5.3328375816345215 
5.925261974334717 
5.0547590255737305 
5.561655044555664 
5.359469890594482 
5.235996723175049 
4.979958534240723 
5.467609882354736 
5.0567803382873535 
5.631410121917725 
5.295241832733154 
5.238490581512451 
4.932497501373291 
8.715118408203125 
5.1335978507995605 
5.232226848602295 
5.152448654174805 
5.196163177490234 
6.8135762214660645 
6.2954230308532715 
5.362332820892334 
5.159944534301758 
5.165804862976074 
5.331335544586182 
6.363741397857666 
5.014317512512207 
5.3825907707214355 
5.140946388244629 
5.821822166442871 
5.784036159515381 
5.158512592315674 
5.425591945648193 
5.016551971435547 
5.185389041900635 
4.990403652191162 
6.8143463134765625 
5.450337886810303 
6.845113277435303 
4.867147445678711 
5.10333776473999 
6.144932270050049 
5.258934497833252 
5.411102294921875 
5.630138874053955 
5.485419750213623 
5.823132038116455 
5.488775730133057 
6.774027347564697 
5.176548957824707 
5.085328578948975 
5.35482931137085 
5.051856994628906 
5.2098517417907715 
5.794069766998291 
5.666626930236816 
5.3507819175720215 
5.629219055175781 
5.275451183319092 
6.092775821685791 
5.599406719207764 
7.693614482879639 
6.084572792053223 
5.399782657623291 
4.934457302093506 
5.520714282989502 
8.208781242370605 
5.350599765777588 
5.28196382522583 
6.812168598175049 
9.362467765808105 
5.809378147125244 
6.960598468780518 
5.846900939941406 
5.908623695373535 
5.330297946929932 
5.825395107269287 
5.348271369934082 
6.054802417755127 
7.7543206214904785 
5.156209945678711 
5.288492679595947 
5.4238176345825195 
5.234017372131348 
5.144580364227295 
5.123966693878174 
6.256702899932861 
5.4527974128723145 
5.90199089050293 
4.870468616485596 
5.702758312225342 
5.214200496673584 
5.002075672149658 
5.86561918258667 
9.632061004638672 
5.070641040802002 
5.305328845977783 
5.581166744232178 
5.526010513305664 
7.678784370422363 
5.330877780914307 
5.211207866668701 
5.617208480834961 
6.476137638092041 
8.482216835021973 
5.766434192657471 
5.4972710609436035 
5.349391460418701 
5.427257061004639 
4.935859203338623 
5.3332133293151855 
5.470256328582764 
6.212820053100586 
5.4875969886779785 
5.157917499542236 
5.145329475402832 
5.105347633361816 
6.52305269241333 
5.319594860076904 
5.807745456695557 
8.770066261291504 
5.443615913391113 
5.419912815093994 
5.510056972503662 
5.3367743492126465 
5.473607540130615 
6.124906063079834 
5.268432140350342 
5.108390808105469 
5.678802967071533 
5.436830043792725 
5.759125232696533 
5.180109977722168 
5.247250080108643 
5.230251312255859 
7.593765735626221 
7.28405237197876 
5.293834686279297 
5.393991947174072 
5.663034915924072 
4.984969615936279 
5.1931304931640625 
5.735752582550049 
8.16511344909668 
5.814647197723389 
5.260360240936279 
4.902931213378906 
5.431887626647949 
5.611000061035156 
5.4283623695373535 
5.651891231536865 
5.137490749359131 
5.346848487854004 
5.167145252227783 
5.288978099822998 
5.22974157333374 
5.1098127365112305 
5.064731121063232 
7.570181369781494 
5.398807525634766 
5.2755022048950195 
6.015031337738037 
6.084701061248779 
5.596527099609375 
5.043888568878174 
8.472528457641602 
5.862888813018799 
5.147772312164307 
5.448293209075928 
5.476006984710693 
5.3796186447143555 
5.465494632720947 
5.229167938232422 
5.171695232391357 
5.5424113273620605 
5.261629581451416 
5.678677082061768 
5.253763198852539 
5.646450042724609 
5.307498931884766 
5.009233474731445 
6.417222499847412 
5.407894611358643 
5.422806262969971 
5.079807758331299 
4.986001014709473 
7.164400577545166 
5.412269115447998 
5.48708963394165 
5.312880039215088 
5.817335605621338 
6.187714099884033 
5.7175092697143555 
5.21002721786499 
5.352792263031006 
5.710504055023193 
5.147216796875 
5.7251811027526855 
6.113758563995361 
6.394957065582275 
5.166842937469482 
5.202520370483398 
5.831804275512695 
5.3967814445495605 
6.602072715759277 
7.553065776824951 
5.386329174041748 
5.407962322235107 
5.280272006988525 
5.86714506149292 
5.5115532875061035 
5.889918804168701 
5.487124919891357 
5.795015811920166 
5.889854907989502 
5.599038600921631 
5.562249660491943 
5.198476314544678 
5.44865083694458 
5.308992862701416 
5.694357395172119 
5.224513530731201 
5.112329959869385 
5.361751079559326 
5.305484294891357 
5.614635467529297 
5.285994052886963 
5.030792236328125 
6.53340482711792 
5.282143592834473 
8.327375411987305 
5.532260417938232 
5.239309787750244 
5.471015453338623 
6.1773834228515625 
6.06854772567749 
5.235997676849365 
5.985920429229736 
5.985598564147949 
5.138846397399902 
5.529388904571533 
5.272108554840088 
8.930682182312012 
7.297100067138672 
5.130954265594482 
5.4105048179626465 
5.968865394592285 
5.308384895324707 
5.196608066558838 
5.314785957336426 
5.418035984039307 
5.383764743804932 
5.253001689910889 
4.996664524078369 
5.209539890289307 
5.402501583099365 
5.897891044616699 
5.749776363372803 
5.1508965492248535 
5.279305934906006 
8.695815086364746 
5.498216152191162 
5.266279220581055 
5.096920490264893 
5.207640171051025 
5.471151828765869 
5.128725528717041 
5.415891170501709 
5.342100620269775 
5.208291530609131 
5.093340873718262 
5.204274654388428 
5.245645999908447 
6.936758041381836 
6.069747447967529 
5.294623851776123 
6.34074068069458 
5.602714538574219 
5.315362930297852 
5.108251571655273 
5.196148872375488 
5.6297807693481445 
6.719086170196533 
5.359337329864502 
5.339844226837158 
6.459988117218018 
5.884322643280029 
5.367180347442627 
5.374743938446045 
5.408520221710205 
6.08650541305542 
5.220038890838623 
5.41679048538208 
5.472741603851318 
6.417196750640869 
5.16799259185791 
4.907485008239746 
5.406708240509033 
5.257075786590576 
5.088375568389893 
5.280541896820068 
5.120179653167725 
6.4067912101745605 
5.3559346199035645 
5.077545642852783 
5.484447002410889 
5.912520885467529 
4.83975076675415 
5.672922134399414 
5.6564621925354 
5.233633518218994 
4.94271183013916 
5.103935241699219 
5.5688395500183105 
5.23827600479126 
5.118549823760986 
5.225214958190918 
5.699096202850342 
6.010070323944092 
5.91063928604126 
5.180271625518799 
5.186647415161133 
5.248554706573486 
5.6688666343688965 
7.237733840942383 
4.845280647277832 
8.090020179748535 
5.3289875984191895 
5.408828258514404 
5.3880486488342285 
5.329001426696777 
5.117881774902344 
5.2141337394714355 
5.200769901275635 
5.0648016929626465 
5.235814571380615 
5.886061191558838 
5.367245197296143 
5.17581033706665 
5.450178623199463 
6.461474895477295 
5.164462089538574 
5.317490100860596 
5.381564140319824 
5.146780490875244 
6.337613105773926 
5.47107458114624 
5.29092264175415 
5.322296619415283 
5.326045513153076 
5.363010406494141 
4.954833507537842 
5.228825569152832 
5.801696300506592 
5.876590251922607 
5.193991184234619 
7.938419818878174 
5.145782470703125 
5.462569713592529 
5.31293249130249 
5.868226051330566 
5.793325424194336 
6.89776086807251 
4.931755542755127 
5.22277307510376 
7.781970500946045 
5.8422627449035645 
5.458065986633301 
5.9376325607299805 
5.714796543121338 
5.266824245452881 
6.016520023345947 
5.563377857208252 
5.083609580993652 
5.5728230476379395 
5.5777153968811035 
5.522672176361084 
5.144287586212158 
5.333090305328369 
5.539012432098389 
6.739343166351318 
5.612185955047607 
5.5508131980896 
5.408679008483887 
5.36144495010376 
5.265610218048096 
5.446434497833252 
5.47143030166626 
5.197409152984619 
5.190299987792969 
5.26932954788208 
6.889225482940674 
7.594371318817139 
5.5714192390441895 
5.5704779624938965 
8.96432876586914 
8.322784423828125 
5.4273295402526855 
5.1700897216796875 
5.563973903656006 
5.846325397491455 
5.393564701080322 
5.339483737945557 
6.169749736785889 
5.365849018096924 
5.319895267486572 
6.092897891998291 
5.859066009521484 
5.6663289070129395 
5.372862815856934 
5.003218650817871 
5.694664478302002 
5.231568813323975 
5.437158107757568 
5.628770351409912 
5.890316486358643 
5.270946025848389 
5.588480472564697 
5.398096561431885 
5.637518405914307 
5.364668369293213 
5.456658840179443 
5.653235912322998 
5.713377475738525 
5.167713642120361 
5.123200416564941 
5.12177038192749 
5.687224864959717 
4.820181846618652 
5.659322261810303 
5.116260051727295 
5.187607288360596 
6.1470723152160645 
8.558672904968262 
5.096382141113281 
5.694925308227539 
5.675863742828369 
5.153377056121826 
5.476641654968262 
5.354065895080566 
5.467030048370361 
5.201097011566162 
5.083756446838379 
5.2847161293029785 
5.454577445983887 
5.056455612182617 
5.165547847747803 
5.365081310272217 
5.611649990081787 
5.592822551727295 
5.444028854370117 
5.227686405181885 
5.178572654724121 
5.583212375640869 
6.246131420135498 
5.378100872039795 
5.848050594329834 
6.409919261932373 
5.406036376953125 
5.199868679046631 
5.512939929962158 
5.495107173919678 
4.993990898132324 
5.338534832000732 
5.070750713348389 
4.991470813751221 
5.6503376960754395 
5.311677932739258 
5.0099968910217285 
5.3539605140686035 
5.815196514129639 
5.872642993927002 
7.496033668518066 
5.189805507659912 
5.540047645568848 
6.531745433807373 
5.471484661102295 
6.084326267242432 
5.151217937469482 
5.586231708526611 
5.383626461029053 
5.010914325714111 
5.3754963874816895 
5.231753349304199 
5.278067588806152 
6.273022651672363 
5.734356880187988 
5.2437615394592285 
5.721124172210693 
5.455294132232666 
5.060787677764893 
6.565457820892334 
5.5006914138793945 
6.189883708953857 
7.759278297424316 
5.34530782699585 
5.244697093963623 
6.293721675872803 
5.216041564941406 
5.358932971954346 
5.803581714630127 
5.080226898193359 
5.368006229400635 
5.753733158111572 
5.371018409729004 
5.426329135894775 
5.553647518157959 
5.417835235595703 
6.932745456695557 
5.163360595703125 
4.9934844970703125 
5.424360752105713 
5.261225700378418 
5.679840564727783 
5.560776710510254 
5.295028209686279 
5.52825403213501 
5.92509126663208 
6.971930980682373 
5.788463115692139 
5.608725070953369 
6.551112174987793 
5.140254974365234 
6.831289768218994 
5.430578708648682 
5.238848686218262 
6.243739604949951 
5.227309703826904 
5.135807037353516 
5.31312894821167 
5.943060398101807 
5.309597492218018 
5.64414644241333 
10.09865951538086 
5.130356311798096 
7.509276866912842 
5.351707935333252 
5.460088729858398 
5.238144397735596 
6.706151485443115 
5.116195201873779 
5.161012172698975 
5.310449123382568 
5.165937423706055 
5.224259376525879 
5.132008075714111 
6.3301310539245605 
5.214566707611084 
4.923386096954346 
5.3755292892456055 
5.350439548492432 
5.868774890899658 
5.942773342132568 
6.605692386627197 
5.340919494628906 
6.008544921875 
5.3989410400390625 
5.082537651062012 
5.146773338317871 
5.297932147979736 
6.91627836227417 
6.444032192230225 
5.347819805145264 
4.972187519073486 
5.518368244171143 
5.056089401245117 
5.2012152671813965 
5.736303329467773 
5.592075824737549 
6.040798187255859 
5.5192131996154785 
5.953811168670654 
5.241117477416992 
5.173324108123779 
5.1890950202941895 
5.445044994354248 
6.8474507331848145 
5.413022041320801 
4.903153896331787 
5.702584743499756 
5.4113240242004395 
5.17686128616333 
6.590602397918701 
5.592949390411377 
5.462072849273682 
8.546170234680176 
5.26737117767334 
5.247808933258057 
5.090534210205078 
5.546211242675781 
6.510889053344727 
5.634965896606445 
6.69907808303833 
4.969550609588623 
5.638340473175049 
5.33359956741333 
5.079598426818848 
5.695345878601074 
4.961309432983398 
5.267165184020996 
5.0889716148376465 
5.48093843460083 
5.13494348526001 
5.163868427276611 
5.355573654174805 
5.295048236846924 
5.624258041381836 
4.833688259124756 
6.107123374938965 
6.221146106719971 
5.190960884094238 
5.93718957901001 
8.10482120513916 
5.098286151885986 
5.283755779266357 
6.450597286224365 
5.2098612785339355 
8.01544189453125 
5.40585470199585 
5.4792256355285645 
5.104102611541748 
5.211288928985596 
5.321829319000244 
7.052178859710693 
5.382088661193848 
6.187418460845947 
4.990025043487549 
5.081879615783691 
5.351564407348633 
6.696979999542236 
5.851222515106201 
7.945091724395752 
7.661988735198975 
5.859774112701416 
6.209457874298096 
5.370739936828613 
7.9457573890686035 
5.509823799133301 
6.583383083343506 
7.547181129455566 
6.884339809417725 
5.5529913902282715 
5.333160877227783 
5.069242000579834 
5.289072513580322 
5.525540828704834 
5.185218811035156 
4.835055828094482 
5.033658027648926 
5.009723663330078 
5.3747334480285645 
5.427520275115967 
4.919117450714111 
6.062801361083984 
5.175570011138916 
5.412815570831299 
5.2835869789123535 
5.368880748748779 
6.558583736419678 
4.901001930236816 
6.789574146270752 
5.063922882080078 
5.0016069412231445 
5.253048419952393 
5.934569835662842 
5.274536609649658 
5.91898250579834 
5.451449394226074 
5.196558475494385 
5.073734760284424 
5.363250255584717 
5.372215747833252 
6.337156772613525 
5.630725383758545 
6.394230365753174 
5.1193318367004395 
5.284321308135986 
4.961636543273926 
7.194206714630127 
5.576594352722168 
5.291459560394287 
7.371891021728516 
5.673557758331299 
6.468604564666748 
5.369232177734375 
5.232384204864502 
5.185150623321533 
5.387913227081299 
7.925058364868164 
5.465871810913086 
5.189007759094238 
5.99957799911499 
5.465957164764404 
5.496017932891846 
6.604122638702393 
5.976615905761719 
5.399995803833008 
5.439676761627197 
5.200765609741211 
5.1711626052856445 
5.805248737335205 
5.270954608917236 
5.500045299530029 
5.1410322189331055 
5.5888495445251465 
5.1866679191589355 
5.797775745391846 
5.602506160736084 
5.387960910797119 
6.335098743438721 
5.471121311187744 
5.427118301391602 
5.443949222564697 
5.194380760192871 
6.768381595611572 
6.207648754119873 
5.952941417694092 
5.046086311340332 
5.1475749015808105 
6.73944091796875 
5.7174601554870605 
5.462653636932373 
5.508809566497803 
5.008031368255615 
5.507754802703857 
5.877747058868408 
5.502109050750732 
5.133001804351807 
6.865778923034668 
5.292055606842041 
5.415791034698486 
6.874755382537842 
5.5926432609558105 
5.063704490661621 
6.331237316131592 
5.358487606048584 
5.256766319274902 
5.978094100952148 
5.836386203765869 
5.219019889831543 
5.83454704284668 
5.68683385848999 
6.368992328643799 
5.541719436645508 
5.179260730743408 
5.310230731964111 
5.667144298553467 
6.2795090675354 
5.340525150299072 
5.1763153076171875 
5.203194618225098 
5.845602035522461 
5.078843593597412 
6.0989298820495605 
5.960945129394531 
5.230916500091553 
5.38264799118042 
5.276716709136963 
5.613000392913818 
5.204683303833008 
5.355952739715576 
5.232738018035889 
8.359688758850098 
5.543060779571533 
9.09564208984375 
5.790592670440674 
6.0745344161987305 
5.492651462554932 
8.966338157653809 
5.087433815002441 
5.412736415863037 
5.387625217437744 
6.763979911804199 
5.35316801071167 
5.346379280090332 
5.541714191436768 
5.356832981109619 
5.257736682891846 
5.630555152893066 
5.9289679527282715 
5.974608898162842 
5.093637466430664 
5.519679069519043 
5.446765422821045 
9.734702110290527 
5.344141960144043 
5.450745105743408 
5.500977993011475 
4.822625637054443 
5.0746660232543945 
5.330698490142822 
5.540316104888916 
5.145268440246582 
5.284078598022461 
5.457031726837158 
5.864078044891357 
5.283026218414307 
5.609843730926514 
5.716897487640381 
5.239810943603516 
5.20446252822876 
5.537922382354736 
5.621134281158447 
5.27632999420166 
7.169404983520508 
5.868177890777588 
4.814173221588135 
8.695711135864258 
5.684197425842285 
5.688050746917725 
5.467294216156006 
5.490179538726807 
5.360284328460693 
5.263704299926758 
5.803253650665283 
5.501171588897705 
5.473175048828125 
5.532010555267334 
4.978156089782715 
6.846491813659668 
5.5799126625061035 
5.291075229644775 
5.485781192779541 
6.37914514541626 
5.290075302124023 
5.502274036407471 
5.133927822113037 
5.086430072784424 
5.344320774078369 
5.352860927581787 
5.535907745361328 
5.106385707855225 
5.503454685211182 
5.194996356964111 
5.8783416748046875 
5.205774784088135 
6.8042778968811035 
5.848637580871582 
5.34501314163208 
5.7357001304626465 
5.612033843994141 
5.493659496307373 
5.7247395515441895 
5.270828723907471 
6.282565116882324 
4.906800746917725 
5.058516979217529 
5.258788585662842 
8.006263732910156 
5.0487141609191895 
5.116994380950928 
5.457051753997803 
6.27879524230957 
5.156321048736572 
5.379182815551758 
6.508752346038818 
6.179221153259277 
8.460356712341309 
5.689504146575928 
5.6581854820251465 
5.291782379150391 
5.110807418823242 
5.268101215362549 
5.0682477951049805 
5.176389217376709 
7.222417831420898 
5.448770046234131 
5.182419300079346 
7.653112888336182 
5.84304666519165 
7.88875150680542 
6.435405731201172 
5.131086349487305 
5.205731391906738 
6.04257345199585 
6.233214855194092 
6.1909098625183105 
5.403200626373291 
7.572796821594238 
6.142276287078857 
5.528360843658447 
5.0883588790893555 
5.64802885055542 
7.15277624130249 
5.827949047088623 
5.546397686004639 
6.003522872924805 
6.767876148223877 
5.12312650680542 
5.1147379875183105 
5.310886859893799 
5.2283549308776855 
5.260152339935303 
5.848822116851807 
5.634007930755615 
5.629793643951416 
5.704793930053711 
5.444691181182861 
5.900905132293701 
5.232860088348389 
5.694478511810303 
5.814190864562988 
6.583523273468018 
5.450154781341553 
5.211313724517822 
5.387812614440918 
5.875092029571533 
5.22941255569458 
6.169993877410889 
7.082186222076416 
5.479082107543945 
5.58402681350708 
5.203286170959473 
5.070170879364014 
5.982082843780518 
5.508605003356934 
6.1532464027404785 
5.385262966156006 
5.255396366119385 
7.146790981292725 
5.253349304199219 
5.290156841278076 
6.823634624481201 
5.363561153411865 
5.2060041427612305 
6.937238693237305 
5.490555286407471 
5.710671901702881 
5.133875370025635 
5.19058084487915 
6.119497776031494 
6.276800632476807 
5.248328685760498 
8.437402725219727 
5.0429463386535645 
5.2657623291015625 
5.041262149810791 
4.987189769744873 
6.87291955947876 
7.135233402252197 
5.2460618019104 
5.241703987121582 
5.25497579574585 
5.506113529205322 
5.878828048706055 
6.262094020843506 
5.4325079917907715 
5.0374040603637695 
5.293713092803955 
5.292754650115967 
5.5581746101379395 
5.081751823425293 
9.489018440246582 
5.356756687164307 
5.037810802459717 
5.240009784698486 
7.455465793609619 
5.577831745147705 
5.182147979736328 
6.204670429229736 
5.109480381011963 
5.4453043937683105 
5.6869282722473145 
6.6772074699401855 
5.598546981811523 
5.529576778411865 
6.052740573883057 
8.226140022277832 
5.0271077156066895 
7.283193111419678 
5.188632488250732 
5.399749279022217 
5.804924964904785 
5.356665134429932 
5.354523658752441 
5.006042957305908 
5.137369155883789 
6.011407375335693 
5.314366340637207 
5.4484076499938965 
8.135430335998535 
5.37946081161499 
5.77660608291626 
5.82608699798584 
5.28916597366333 
6.856925010681152 
6.058656692504883 
5.259903430938721 
6.63598108291626 
5.125191688537598 
4.726485729217529 
5.251295566558838 
5.122708797454834 
6.6649861335754395 
5.586508750915527 
5.484431743621826 
5.854467868804932 
5.058903694152832 
5.211415767669678 
5.329569339752197 
5.901220798492432 
5.049755096435547 
5.17891263961792 
5.320242404937744 
5.430373668670654 
5.638887882232666 
5.375511169433594 
5.220945835113525 
5.455819606781006 
5.341850757598877 
5.500167369842529 
6.809631824493408 
5.1656413078308105 
5.284610271453857 
5.374776363372803 
5.406297206878662 
8.53573989868164 
5.827164173126221 
5.454916954040527 
5.584916591644287 
5.6176276206970215 
5.43487024307251 
5.747252941131592 
5.17139196395874 
4.906530857086182 
5.214049816131592 
5.443080425262451 
5.308547496795654 
5.579701900482178 
5.664843559265137 
5.547192096710205 
5.470885753631592 
5.072049617767334 
4.929163455963135 
5.30615758895874 
5.043060779571533 
6.261754512786865 
5.718997001647949 
5.0979228019714355 
5.503047466278076 
5.178393363952637 
6.865060329437256 
5.767898082733154 
5.755174160003662 
5.401021480560303 
5.168464183807373 
5.236069202423096 
5.299510478973389 
4.880832672119141 
6.503612995147705 
4.999527454376221 
5.208550453186035 
5.106626033782959 
5.121883869171143 
5.343994617462158 
5.464193344116211 
5.5060858726501465 
5.49619722366333 
5.430450439453125 
5.565120220184326 
5.415696620941162 
5.708458423614502 
5.122847557067871 
6.416239261627197 
5.845361232757568 
5.650280475616455 
5.701029300689697 
5.36314058303833 
5.450047492980957 
5.2844319343566895 
8.402228355407715 
5.1758246421813965 
5.321712970733643 
5.536754131317139 
5.517829418182373 
5.3526291847229 
5.542413711547852 
6.171901702880859 
5.157188892364502 
5.3003249168396 
5.276390552520752 
5.396024227142334 
5.316824436187744 
5.425722122192383 
5.616318702697754 
5.3746418952941895 
7.483574390411377 
7.374168872833252 
5.13631534576416 
5.0859575271606445 
5.374297142028809 
5.175552845001221 
5.466721534729004 
5.132102966308594 
5.017736434936523 
5.2991461753845215 
5.032171726226807 
5.593348979949951 
5.423318386077881 
6.235958576202393 
9.153366088867188 
5.304966449737549 
5.950079441070557 
6.118937969207764 
6.85442590713501 
4.865284442901611 
5.2762837409973145 
5.326676845550537 
5.26438045501709 
5.268578052520752 
5.286825656890869 
5.7925848960876465 
5.35782527923584 
8.968124389648438 
5.177587985992432 
5.202085971832275 
5.166066646575928 
8.365706443786621 
5.031464099884033 
5.296759128570557 
5.251729488372803 
5.318453311920166 
5.6026482582092285 
5.698938846588135 
5.285928249359131 
5.228336811065674 
5.492197513580322 
5.732347011566162 
5.322701454162598 
5.2126240730285645 
5.129857540130615 
5.395463466644287 
5.639207363128662 
5.437157154083252 
5.213256359100342 
5.54419469833374 
4.855611801147461 
5.603906154632568 
5.565802097320557 
5.432422161102295 
5.372813701629639 
5.319055080413818 
5.108760356903076 
8.212041854858398 
5.17454195022583 
6.186809062957764 
5.697236061096191 
5.3068108558654785 
4.858234882354736 
4.952331066131592 
5.360213279724121 
5.6131463050842285 
6.481757640838623 
5.33193826675415 
5.07837438583374 
5.373861789703369 
5.4994401931762695 
6.347331523895264 
5.586959362030029 
4.715517044067383 
5.086502552032471 
5.289865016937256 
5.211825370788574 
5.057590007781982 
7.932739734649658 
6.0910797119140625 
5.436496734619141 
5.412830352783203 
5.2996344566345215 
5.413324356079102 
4.844920635223389 
5.3001885414123535 
5.599160671234131 
5.3821492195129395 
5.4461140632629395 
5.703468322753906 
5.081874370574951 
5.1573638916015625 
5.379683494567871 
7.220209121704102 
8.578730583190918 
5.876936912536621 
5.13547945022583 
6.393747806549072 
5.434728145599365 
5.743244647979736 
5.262693881988525 
5.007968425750732 
5.338947296142578 
5.866116523742676 
5.845444202423096 
5.018778324127197 
5.166898250579834 
4.888918876647949 
7.969882488250732 
6.426053524017334 
5.514123439788818 
5.39009428024292 
5.303487300872803 
5.8366265296936035 
5.8257060050964355 
5.059158802032471 
5.453772068023682 
5.132809162139893 
8.171941757202148 
5.076110363006592 
6.258152484893799 
8.176801681518555 
5.136260986328125 
7.180400371551514 
5.0901875495910645 
5.923354148864746 
5.308501243591309 
8.247754096984863 
5.551760196685791 
5.382710933685303 
5.979274272918701 
5.134139537811279 
8.095769882202148 
5.255031108856201 
5.443730354309082 
5.395384311676025 
6.974982738494873 
5.096034526824951 
5.128242015838623 
5.366064548492432 
5.424435138702393 
5.402130603790283 
5.361816883087158 
5.135373592376709 
5.634976863861084 
9.260706901550293 
5.439194202423096 
5.558294773101807 
5.502173900604248 
5.703718662261963 
5.283497333526611 
5.549125671386719 
7.118205547332764 
5.327428340911865 
5.427279949188232 
6.261666774749756 
5.774319171905518 
6.295898914337158 
5.019198894500732 
5.285280704498291 
5.145925045013428 
5.274363994598389 
5.724545955657959 
5.670170307159424 
5.902981281280518 
5.187028884887695 
5.699854850769043 
6.4451518058776855 
5.584012508392334 
5.271823406219482 
5.664298057556152 
8.78321647644043 
4.945883274078369 
6.027535915374756 
5.209227085113525 
5.023890495300293 
6.723191738128662 
6.365123271942139 
5.185225009918213 
5.367920398712158 
5.458065509796143 
4.944596767425537 
5.408405780792236 
7.668783664703369 
5.166074275970459 
5.603710651397705 
5.22631311416626 
5.315520763397217 
5.334129810333252 
5.691859722137451 
5.514997482299805 
5.377048015594482 
5.419765949249268 
5.287984371185303 
7.167853832244873 
6.222607612609863 
5.066747665405273 
5.991239070892334 
5.660949230194092 
5.307465553283691 
7.3820037841796875 
5.17074728012085 
5.399131774902344 
5.221365451812744 
5.595119953155518 
5.079392433166504 
5.360228538513184 
5.290463924407959 
8.060724258422852 
5.941071510314941 
5.391222953796387 
5.228973865509033 
5.151010990142822 
5.215029239654541 
7.081821918487549 
5.13641881942749 
5.233967304229736 
8.277121543884277 
5.321689128875732 
5.231813907623291 
5.514520645141602 
4.9339423179626465 
5.269211292266846 
5.386664867401123 
5.298918724060059 
5.962796688079834 
5.298649311065674 
6.6105546951293945 
5.146176815032959 
5.404850482940674 
5.316080570220947 
5.334534168243408 
5.132713317871094 
5.250311374664307 
7.296273708343506 
5.1757588386535645 
5.261672496795654 
5.895569801330566 
6.9274773597717285 
5.198460578918457 
5.357022762298584 
6.7033820152282715 
5.3041815757751465 
5.7209014892578125 
6.717497825622559 
7.866915702819824 
5.288862705230713 
5.526767253875732 
5.74898624420166 
5.38397741317749 
5.480285167694092 
5.503981590270996 
5.274075031280518 
5.196747303009033 
6.376963138580322 
5.138435363769531 
5.44353723526001 
5.267215251922607 
5.571493625640869 
5.7962517738342285 
5.637541770935059 
7.839178562164307 
5.410326957702637 
5.561979293823242 
4.9412689208984375 
5.530572414398193 
5.061122894287109 
6.312592029571533 
5.826919078826904 
5.660933971405029 
5.093593120574951 
6.436201572418213 
5.672248363494873 
4.983270645141602 
5.565669536590576 
5.1559038162231445 
5.160393714904785 
5.136234283447266 
5.100953102111816 
5.759164810180664 
5.599090576171875 
5.643976211547852 
4.87611198425293 
5.475400447845459 
5.811873912811279 
5.95997953414917 
6.224175930023193 
5.461137294769287 
5.73425817489624 
6.125157833099365 
5.556286334991455 
4.986800670623779 
5.040243625640869 
4.8797125816345215 
5.562491416931152 
5.835690021514893 
4.980199337005615 
5.357761859893799 
6.3671464920043945 
6.091174602508545 
5.561373710632324 
5.283339977264404 
5.652704238891602 
6.537251949310303 
5.136125087738037 
5.969735622406006 
5.184415340423584 
5.012503623962402 
6.237009525299072 
5.601029872894287 
5.427936553955078 
5.095329761505127 
5.136656761169434 
5.411740779876709 
5.2654948234558105 
5.037276268005371 
6.194759368896484 
5.547495365142822 
4.876139163970947 
5.9773030281066895 
7.457250595092773 
5.20039701461792 
5.660704135894775 
6.283315181732178 
6.957942008972168 
5.214915752410889 
5.934672832489014 
5.610053539276123 
6.977842807769775 
6.2325968742370605 
4.891507148742676 
5.087777137756348 
5.3250508308410645 
5.559545040130615 
5.096620082855225 
5.357259273529053 
5.185393810272217 
5.534442901611328 
5.535995960235596 
5.655165195465088 
5.3192667961120605 
5.11678409576416 
5.454907417297363 
4.930036544799805 
5.1944990158081055 
7.564575672149658 
5.9217424392700195 
5.301486015319824 
5.417717456817627 
5.628987789154053 
5.050175189971924 
6.5553297996521 
5.3031134605407715 
5.345688343048096 
5.722286701202393 
5.260190486907959 
5.637706279754639 
5.13682222366333 
5.740362644195557 
5.261020183563232 
5.069396495819092 
5.3995890617370605 
4.906750202178955 
5.342637062072754 
4.9879889488220215 
5.5858635902404785 
5.19787073135376 
5.505857944488525 
5.136557102203369 
5.372204303741455 
5.259253025054932 
4.99726676940918 
4.990174770355225 
5.197037220001221 
6.678748607635498 
5.838979721069336 
5.7306389808654785 
7.65497350692749 
5.104888916015625 
7.900058269500732 
5.454941749572754 
5.297929286956787 
5.384518623352051 
5.1960015296936035 
5.303836345672607 
5.48475980758667 
5.324418544769287 
6.279557704925537 
5.199764728546143 
5.774579048156738 
6.002817153930664 
5.982719898223877 
5.3100361824035645 
5.422740459442139 
5.097198963165283 
5.26606559753418 
4.879969120025635 
5.421627521514893 
5.397331237792969 
5.722499370574951 
5.166085720062256 
5.538296222686768 
5.105583190917969 
