5.493861675262451 
5.090304851531982 
5.484011173248291 
5.493861675262451 
5.0313825607299805 
5.171772003173828 
5.156510353088379 
4.928030490875244 
5.036900997161865 
5.048429012298584 
5.172633171081543 
5.340400218963623 
5.028037071228027 
5.493861675262451 
5.081801891326904 
6.088243007659912 
5.244375228881836 
4.970005035400391 
5.02046537399292 
6.229973793029785 
4.766485691070557 
5.302398681640625 
5.481019496917725 
6.7332305908203125 
5.094386100769043 
7.131781578063965 
5.092177391052246 
5.262484073638916 
5.420119285583496 
5.493861675262451 
4.989599704742432 
4.958921432495117 
6.28938102722168 
5.06395149230957 
5.001898765563965 
5.154820919036865 
4.950280666351318 
5.327050685882568 
8.824655532836914 
5.444494247436523 
5.159060478210449 
6.4060163497924805 
5.036952018737793 
4.922844886779785 
6.086740016937256 
5.057982444763184 
5.172635078430176 
4.906682014465332 
5.001547813415527 
5.1046552658081055 
5.0944437980651855 
5.007492542266846 
5.078258514404297 
4.937086582183838 
5.084672451019287 
4.9575300216674805 
5.448118209838867 
5.493861675262451 
5.065401077270508 
5.3334126472473145 
5.546968936920166 
5.088017463684082 
5.125467777252197 
5.868968963623047 
6.104138374328613 
6.6634521484375 
5.197163105010986 
5.094888210296631 
4.8905839920043945 
4.985928058624268 
5.063095569610596 
5.014605522155762 
4.987246513366699 
5.03403902053833 
4.899677276611328 
8.053323745727539 
5.258421421051025 
4.929672718048096 
6.831203937530518 
8.231610298156738 
7.462800025939941 
5.664793968200684 
5.067854881286621 
5.360377788543701 
5.08389139175415 
4.85299015045166 
5.892318248748779 
5.761134147644043 
5.262556076049805 
4.937379837036133 
5.298668384552002 
4.997119426727295 
5.170932292938232 
4.970000267028809 
8.559696197509766 
4.99231481552124 
6.921592712402344 
5.158594608306885 
5.010280609130859 
5.122581481933594 
5.196226596832275 
5.03016471862793 
5.334817886352539 
5.652934551239014 
5.643527984619141 
5.320366382598877 
5.008126735687256 
6.102866172790527 
6.38909387588501 
4.980998516082764 
5.0803303718566895 
5.1148152351379395 
4.939458847045898 
4.975240707397461 
5.023961544036865 
5.001566410064697 
6.268342018127441 
8.162735939025879 
5.108509063720703 
4.982720851898193 
4.963777542114258 
5.362415313720703 
5.095851421356201 
5.0404181480407715 
8.161799430847168 
7.304149627685547 
6.284663677215576 
5.089974403381348 
4.9871673583984375 
4.979877471923828 
5.155275344848633 
5.1152262687683105 
5.229086875915527 
4.997923851013184 
5.011031150817871 
5.047690391540527 
8.121526718139648 
4.957324504852295 
4.912959098815918 
8.617328643798828 
5.092169284820557 
5.0024943351745605 
5.0432610511779785 
5.080905437469482 
5.76524543762207 
4.982011318206787 
4.9974565505981445 
5.079049110412598 
7.454169273376465 
4.928219318389893 
5.001475811004639 
5.130660533905029 
6.958933353424072 
5.814222812652588 
7.101306438446045 
5.420412063598633 
7.535782814025879 
5.039517879486084 
5.9493088722229 
7.219226360321045 
5.493861675262451 
5.1571044921875 
5.320107936859131 
5.030590057373047 
6.221881866455078 
5.079050064086914 
4.981856346130371 
5.194514751434326 
7.500927925109863 
4.90579891204834 
5.0147576332092285 
4.966142177581787 
5.085066318511963 
5.759320259094238 
4.963361740112305 
6.3601298332214355 
4.875759124755859 
5.883449554443359 
4.9738078117370605 
4.997705459594727 
5.013810157775879 
5.104959011077881 
5.017651081085205 
5.090026378631592 
6.296584606170654 
5.046616554260254 
5.028201103210449 
5.169376373291016 
5.070443630218506 
5.113947868347168 
6.785808563232422 
5.101357460021973 
5.089366912841797 
4.874265670776367 
5.162900924682617 
5.018228530883789 
5.049980640411377 
5.017832279205322 
6.611594200134277 
8.57283878326416 
6.05081844329834 
6.229528903961182 
5.153873920440674 
5.002696990966797 
5.316267967224121 
7.410004615783691 
5.173219203948975 
5.08170747756958 
8.09299373626709 
5.041464328765869 
8.410999298095703 
8.199382781982422 
5.182159423828125 
5.5701165199279785 
5.187875747680664 
5.084728240966797 
5.6375250816345215 
5.428208351135254 
5.1157941818237305 
5.2191996574401855 
5.036210536956787 
5.096041679382324 
5.736697673797607 
5.346846580505371 
5.0638508796691895 
5.0692620277404785 
5.050655364990234 
5.057334899902344 
4.945382595062256 
4.989158630371094 
5.298973083496094 
5.493861675262451 
5.006119728088379 
5.493861675262451 
4.98373556137085 
5.256951332092285 
5.3952765464782715 
4.944295406341553 
6.910932540893555 
5.098223686218262 
5.0536322593688965 
5.099363327026367 
5.043869972229004 
5.929645538330078 
5.155238151550293 
5.397716999053955 
4.85177755355835 
5.104340553283691 
5.010921001434326 
4.964343070983887 
5.437145233154297 
5.134424686431885 
5.569874286651611 
5.625373363494873 
5.493861675262451 
5.1631293296813965 
5.023608207702637 
7.797199249267578 
5.110968112945557 
7.242125511169434 
7.182655334472656 
5.015561580657959 
5.066330432891846 
5.595515251159668 
5.041667461395264 
5.041720867156982 
4.972917556762695 
5.017498970031738 
4.902764320373535 
9.256515502929688 
5.13425874710083 
5.005162715911865 
6.833608150482178 
5.12359094619751 
5.061992645263672 
5.029356956481934 
5.033397674560547 
5.3607611656188965 
5.10468053817749 
6.091607093811035 
4.9767231941223145 
4.9489312171936035 
5.750382423400879 
4.9386982917785645 
5.557419300079346 
5.054879188537598 
4.9572272300720215 
4.997441291809082 
5.674464225769043 
8.133766174316406 
5.231374263763428 
5.028192043304443 
7.564339637756348 
7.775264739990234 
5.9580979347229 
5.0110673904418945 
5.060542106628418 
5.078812122344971 
4.9149274826049805 
5.959497928619385 
5.029934883117676 
5.827117443084717 
5.005682945251465 
6.015688896179199 
4.996059894561768 
5.048396587371826 
5.027594089508057 
5.739319801330566 
5.17121696472168 
5.255307674407959 
5.113938331604004 
4.988924980163574 
5.04746675491333 
6.7774763107299805 
5.0108184814453125 
6.049015045166016 
5.033835411071777 
5.007490634918213 
5.643771648406982 
5.100330352783203 
5.16102409362793 
5.019719123840332 
5.0254950523376465 
5.0426554679870605 
6.422599792480469 
4.981342792510986 
5.021885871887207 
5.677545547485352 
4.9384026527404785 
5.0572309494018555 
5.151180267333984 
5.036898136138916 
5.116986274719238 
5.268725872039795 
5.479814529418945 
5.163482189178467 
5.076509952545166 
4.955039978027344 
4.899134159088135 
4.98770809173584 
5.010899066925049 
7.260137557983398 
5.1806135177612305 
4.981612682342529 
4.934222221374512 
5.056414604187012 
5.018662452697754 
5.078034400939941 
4.934787750244141 
5.614464282989502 
5.038923740386963 
5.032647132873535 
5.004273414611816 
5.107693672180176 
5.446170806884766 
4.954047679901123 
5.039304733276367 
5.026103496551514 
6.736747741699219 
5.718425750732422 
4.818957328796387 
5.239229679107666 
4.981822967529297 
5.2889404296875 
6.993444919586182 
5.0762248039245605 
5.055346965789795 
5.761187553405762 
5.108702659606934 
6.219773292541504 
5.028949737548828 
5.002233505249023 
5.05462121963501 
6.4058427810668945 
4.97393274307251 
5.012043476104736 
5.0282721519470215 
5.137624263763428 
5.075125694274902 
4.900455951690674 
5.023270606994629 
5.265829086303711 
4.9954938888549805 
5.098165035247803 
4.925405502319336 
5.493861675262451 
5.1427531242370605 
5.077157497406006 
7.512999534606934 
4.980110168457031 
5.083957672119141 
4.9481329917907715 
7.427824020385742 
5.148584365844727 
5.058165550231934 
5.0975823402404785 
5.092626571655273 
4.966231822967529 
5.0024638175964355 
5.020779132843018 
5.007072448730469 
5.031874656677246 
4.972332954406738 
4.937246799468994 
7.950789451599121 
5.121760368347168 
5.184604644775391 
5.740548610687256 
4.996192932128906 
6.226066589355469 
5.091662883758545 
5.190528392791748 
4.937157154083252 
4.999095439910889 
7.004401206970215 
5.406581401824951 
5.230892658233643 
5.904703140258789 
4.925240516662598 
5.6380133628845215 
8.824217796325684 
5.88023567199707 
4.963212966918945 
5.018547058105469 
4.910633563995361 
5.01036262512207 
5.030599117279053 
5.036894798278809 
4.943380832672119 
5.038007736206055 
4.950021266937256 
5.337677955627441 
5.105010032653809 
5.493861675262451 
7.866973876953125 
4.968384265899658 
5.303217887878418 
5.004157543182373 
5.114130020141602 
5.071444034576416 
5.03700590133667 
5.002601623535156 
5.251933574676514 
5.036964416503906 
6.03128719329834 
5.038360595703125 
5.487579345703125 
4.990583896636963 
5.155795097351074 
4.951868057250977 
5.092947483062744 
5.7857489585876465 
5.493861675262451 
5.493861675262451 
5.150522232055664 
5.203849792480469 
5.152745723724365 
5.019694805145264 
5.568084239959717 
5.082609176635742 
5.707093715667725 
5.001355171203613 
5.493861675262451 
6.189966201782227 
5.061230659484863 
5.013648986816406 
5.002762794494629 
4.817786693572998 
5.071317195892334 
5.0945515632629395 
5.031440734863281 
5.0068278312683105 
5.078424453735352 
6.231850624084473 
6.073951244354248 
5.405455112457275 
5.099981307983398 
4.981940746307373 
5.17356014251709 
5.198137283325195 
6.799776077270508 
6.157526016235352 
4.964744567871094 
4.934938430786133 
5.059615612030029 
5.557097911834717 
5.103987216949463 
5.996585845947266 
5.172943115234375 
4.996751308441162 
5.29762077331543 
5.028329849243164 
4.9022417068481445 
4.988186836242676 
5.127179145812988 
4.9623236656188965 
5.050062656402588 
4.987345218658447 
4.959383010864258 
4.965476989746094 
5.226819038391113 
5.216681957244873 
5.140954971313477 
5.029175281524658 
4.982635498046875 
4.902098655700684 
5.159534454345703 
5.008139133453369 
5.121140480041504 
5.021517753601074 
6.166967391967773 
7.71981143951416 
5.417128562927246 
5.142207622528076 
5.136416435241699 
4.991669178009033 
4.907989025115967 
5.4751877784729 
4.7904486656188965 
5.280226707458496 
5.045709133148193 
5.043939113616943 
4.900904178619385 
4.967909812927246 
5.12073278427124 
4.954709529876709 
5.81102180480957 
5.000663757324219 
7.133642673492432 
4.843278884887695 
5.053042888641357 
5.1353678703308105 
5.493861675262451 
4.881568431854248 
6.459755897521973 
5.162031173706055 
5.1077446937561035 
5.305408477783203 
4.985503673553467 
5.221875190734863 
5.083889007568359 
5.0448384284973145 
5.052829742431641 
5.458072185516357 
5.232995986938477 
5.20913553237915 
4.943935871124268 
5.071438789367676 
4.990298271179199 
4.992623805999756 
7.315401554107666 
5.092487812042236 
5.090266704559326 
6.051370143890381 
5.09750509262085 
5.426361083984375 
4.984628677368164 
5.044578552246094 
5.04380464553833 
5.122243881225586 
5.046978950500488 
6.205357551574707 
5.409296035766602 
5.114448547363281 
5.504910469055176 
5.169965744018555 
5.074716567993164 
5.493861675262451 
5.0774993896484375 
5.072211265563965 
5.016651153564453 
5.118554592132568 
8.260740280151367 
5.493861675262451 
5.422022819519043 
4.969686508178711 
7.420286655426025 
8.341754913330078 
5.132900238037109 
5.029400825500488 
5.0946269035339355 
4.98154878616333 
5.011765480041504 
5.057217121124268 
5.005498886108398 
7.273613452911377 
5.309963226318359 
5.482757568359375 
4.951642036437988 
4.963817119598389 
4.950974464416504 
5.636067867279053 
5.024847507476807 
5.380630970001221 
5.649412155151367 
5.035120487213135 
5.011877059936523 
5.092341423034668 
5.704098701477051 
5.1055707931518555 
5.064853191375732 
5.074429512023926 
5.05560827255249 
6.1075592041015625 
5.286822319030762 
7.480548858642578 
5.851432800292969 
5.028329849243164 
5.08191442489624 
5.177862644195557 
5.237184524536133 
5.0800652503967285 
6.024125576019287 
5.493861675262451 
5.123515605926514 
5.055603981018066 
4.959255695343018 
6.2207183837890625 
4.989038944244385 
5.493861675262451 
5.469779968261719 
4.948556900024414 
5.119235992431641 
4.9572038650512695 
4.963861465454102 
5.317625999450684 
5.464410781860352 
5.006793022155762 
5.230051517486572 
5.275805473327637 
6.227956295013428 
5.002536773681641 
4.974538326263428 
4.987898826599121 
6.705583095550537 
5.044268608093262 
4.927001476287842 
5.907989025115967 
5.9845662117004395 
5.023858547210693 
4.878126621246338 
5.13109827041626 
4.9917449951171875 
5.737508296966553 
5.012652397155762 
5.34214448928833 
5.957955360412598 
5.9407548904418945 
5.134359359741211 
5.032800197601318 
6.211103916168213 
5.09848690032959 
4.9872050285339355 
5.041974067687988 
5.074767112731934 
5.105114459991455 
7.385664939880371 
5.198324203491211 
9.408149719238281 
6.823131084442139 
4.9596147537231445 
4.9683732986450195 
5.950443267822266 
5.0193400382995605 
6.784453392028809 
5.058401107788086 
5.009833812713623 
5.083138465881348 
5.409796237945557 
7.363714218139648 
5.179680347442627 
5.840068817138672 
4.880507469177246 
5.216687202453613 
5.019523620605469 
5.4214606285095215 
4.881690979003906 
5.177996635437012 
5.074538707733154 
5.205328941345215 
5.124558925628662 
5.08553409576416 
5.0338873863220215 
5.230208396911621 
5.566315174102783 
4.983527183532715 
5.006196975708008 
4.939405918121338 
5.325084209442139 
5.650630950927734 
5.069589614868164 
5.493861675262451 
6.304808139801025 
5.0525922775268555 
7.564815044403076 
5.06227445602417 
5.000875473022461 
4.949136734008789 
5.219064235687256 
4.959290504455566 
5.099676609039307 
6.6884846687316895 
5.126601219177246 
5.456819534301758 
4.964271068572998 
4.9891839027404785 
5.223329544067383 
5.454018592834473 
4.964306831359863 
5.085564136505127 
5.049023151397705 
4.9751362800598145 
5.050570964813232 
4.893770694732666 
5.029073238372803 
5.625647068023682 
5.127784729003906 
5.01347541809082 
4.899621963500977 
5.196047306060791 
4.969820022583008 
5.869682312011719 
6.785860538482666 
4.949375629425049 
4.948288917541504 
4.957400798797607 
5.070850372314453 
6.7459588050842285 
4.936199188232422 
6.975554466247559 
6.570465564727783 
5.122503280639648 
5.237248420715332 
5.108662128448486 
6.6826395988464355 
5.038076877593994 
4.934452533721924 
7.103268623352051 
7.179124355316162 
4.957353115081787 
5.790041923522949 
5.242745399475098 
5.22579288482666 
5.046448707580566 
4.854012489318848 
5.120209693908691 
5.002715110778809 
5.941577434539795 
5.001678466796875 
5.493861675262451 
5.142355442047119 
5.506172180175781 
6.6328125 
5.070401668548584 
5.703428745269775 
5.048996448516846 
5.141660690307617 
6.355321884155273 
9.965583801269531 
5.312180519104004 
5.006454944610596 
5.017866134643555 
5.0181379318237305 
5.048129558563232 
6.051965236663818 
5.002340316772461 
5.738094806671143 
5.119614601135254 
4.898502349853516 
6.5755696296691895 
7.628969192504883 
7.1481218338012695 
5.113828182220459 
5.493861675262451 
5.1550140380859375 
4.994073390960693 
5.14345121383667 
4.9707512855529785 
5.189477443695068 
6.011181354522705 
4.980336666107178 
5.099517822265625 
5.003079414367676 
4.971194744110107 
5.025130271911621 
5.037191390991211 
5.163624286651611 
5.036768913269043 
5.393955230712891 
5.101276397705078 
7.828166961669922 
4.928042888641357 
5.054643630981445 
8.176850318908691 
6.00627326965332 
5.080389022827148 
6.5958452224731445 
4.925213813781738 
5.077971458435059 
5.124265193939209 
5.0943708419799805 
5.019762992858887 
4.779215335845947 
5.059927940368652 
5.522500038146973 
5.167293071746826 
5.015995025634766 
5.226815223693848 
5.493861675262451 
5.061950206756592 
5.033859729766846 
4.97568941116333 
5.493861675262451 
5.130029678344727 
5.024075508117676 
5.062677383422852 
8.359189987182617 
5.109647750854492 
4.947202205657959 
5.143803596496582 
4.928640365600586 
5.5909600257873535 
7.7346720695495605 
5.208889007568359 
5.194611072540283 
5.011782169342041 
5.225447654724121 
8.189642906188965 
5.093783378601074 
5.066151142120361 
5.581129550933838 
4.969339370727539 
5.044864654541016 
5.572026252746582 
5.931742191314697 
5.0577392578125 
4.952259540557861 
5.206485271453857 
4.92071533203125 
5.708924770355225 
5.084898471832275 
7.040933609008789 
5.069060802459717 
4.895477294921875 
4.950253963470459 
5.201535224914551 
5.179062366485596 
5.036667346954346 
4.936629772186279 
5.1779093742370605 
5.07790470123291 
5.135748386383057 
7.4007391929626465 
6.079504489898682 
5.008260250091553 
5.004549503326416 
5.353376388549805 
5.1352949142456055 
5.007758617401123 
5.074272632598877 
6.135585308074951 
5.062611103057861 
5.42195987701416 
4.965781211853027 
5.493861675262451 
5.328497409820557 
4.986985683441162 
4.972740650177002 
5.559728622436523 
5.095574855804443 
6.317714691162109 
5.079158782958984 
5.264865875244141 
5.132120132446289 
5.427940368652344 
5.139391899108887 
5.128039836883545 
5.07564640045166 
5.0787858963012695 
4.99191951751709 
8.125664710998535 
5.108193397521973 
4.948319435119629 
5.046480178833008 
5.418595790863037 
5.075091361999512 
5.506458282470703 
4.970187664031982 
5.197253227233887 
5.878820896148682 
5.6344709396362305 
4.971158504486084 
5.057549476623535 
4.966009616851807 
5.002748966217041 
4.955979824066162 
5.071140766143799 
6.1787238121032715 
6.699613571166992 
5.113491535186768 
6.875607013702393 
5.493861675262451 
5.493861675262451 
5.096735954284668 
5.06215763092041 
5.11407470703125 
6.143065452575684 
5.142110347747803 
5.452119827270508 
5.493861675262451 
6.378605842590332 
7.802522659301758 
5.104774475097656 
5.0082478523254395 
5.043781757354736 
5.0007710456848145 
5.0511794090271 
5.197070598602295 
5.917873859405518 
5.147377014160156 
5.003070831298828 
5.493861675262451 
4.9539713859558105 
5.0679216384887695 
5.191301345825195 
5.226766109466553 
5.103997707366943 
5.002562999725342 
5.699649810791016 
5.313678741455078 
5.140400409698486 
5.057712554931641 
6.064939022064209 
5.173720836639404 
5.040339946746826 
4.99650239944458 
5.1792893409729 
4.962809085845947 
6.637102127075195 
8.059446334838867 
5.055542945861816 
5.116593837738037 
4.965040683746338 
5.175355434417725 
4.997994899749756 
5.196957588195801 
5.000221252441406 
5.122352600097656 
8.467690467834473 
5.396884441375732 
5.456423282623291 
5.392639636993408 
8.053227424621582 
5.777518272399902 
8.109983444213867 
4.966134071350098 
5.4167866706848145 
5.021490573883057 
5.010073661804199 
7.18824577331543 
4.9756975173950195 
7.628964424133301 
4.9566779136657715 
5.1107096672058105 
7.110959529876709 
4.938180923461914 
5.710892677307129 
5.250421524047852 
5.493861675262451 
4.939847946166992 
5.152164459228516 
5.01939058303833 
5.150330543518066 
5.102175235748291 
5.682723045349121 
5.317873001098633 
7.630868911743164 
5.189364910125732 
5.098358154296875 
5.030661582946777 
5.470752239227295 
6.358481407165527 
4.980308532714844 
4.978785037994385 
4.973446369171143 
5.0892653465271 
5.493861675262451 
5.099688529968262 
5.076540470123291 
5.109116077423096 
5.0453572273254395 
5.157022953033447 
5.160991191864014 
5.053049087524414 
5.146098613739014 
4.976739406585693 
5.026130676269531 
5.212489128112793 
5.0430588722229 
5.278371334075928 
5.936145305633545 
5.06483793258667 
5.049821853637695 
5.1170806884765625 
5.001325607299805 
5.304961204528809 
5.2083330154418945 
5.010402202606201 
6.220015525817871 
5.079902648925781 
5.143062591552734 
6.817155361175537 
6.2972259521484375 
5.045273780822754 
6.828084468841553 
5.058529853820801 
5.028380870819092 
5.088521957397461 
6.352794170379639 
4.9423370361328125 
4.996163368225098 
5.461111068725586 
4.996669292449951 
4.96492862701416 
5.472413539886475 
6.3409743309021 
5.028064727783203 
5.005262851715088 
5.083641052246094 
4.822605609893799 
5.025495529174805 
4.982810974121094 
5.231304168701172 
6.359644889831543 
5.047438144683838 
5.002931594848633 
6.756102085113525 
4.975845813751221 
6.8598737716674805 
5.092496871948242 
5.056896686553955 
4.972426414489746 
5.1197357177734375 
5.3696393966674805 
5.00278377532959 
5.018625259399414 
6.103654861450195 
4.872435092926025 
5.2624993324279785 
5.188421726226807 
4.996932506561279 
5.085025787353516 
5.82117223739624 
5.252132415771484 
5.704556941986084 
5.280179500579834 
5.537730693817139 
6.565662860870361 
5.038999080657959 
5.215210437774658 
5.028663635253906 
5.9527692794799805 
4.980301856994629 
6.242624759674072 
5.300558090209961 
4.999088287353516 
5.021494388580322 
5.109691143035889 
5.0714497566223145 
5.073392868041992 
5.084875583648682 
5.302218437194824 
5.015181064605713 
5.173768043518066 
5.143431186676025 
5.27922248840332 
4.937842845916748 
5.067890167236328 
5.288584232330322 
4.987641334533691 
5.046796798706055 
5.493861675262451 
4.972837448120117 
5.0022969245910645 
5.118039131164551 
5.136621952056885 
6.262670516967773 
5.065180778503418 
5.871443271636963 
5.036732196807861 
4.991892337799072 
5.08358907699585 
5.151370048522949 
5.851955890655518 
5.766992092132568 
8.551390647888184 
4.98637580871582 
6.630166530609131 
5.030510425567627 
5.4678497314453125 
5.2002787590026855 
8.534482955932617 
5.279110908508301 
5.059690475463867 
5.09014368057251 
5.296862602233887 
4.924415588378906 
5.887228012084961 
4.991579532623291 
5.042114734649658 
6.316214561462402 
5.493861675262451 
4.993457317352295 
5.09075927734375 
5.034877777099609 
5.1167826652526855 
5.0188822746276855 
4.968133449554443 
7.166213035583496 
5.995192050933838 
4.980380535125732 
5.473175525665283 
5.108208656311035 
5.493861675262451 
4.840041637420654 
5.1973066329956055 
8.326828002929688 
5.329146862030029 
5.493861675262451 
5.086254119873047 
5.050776958465576 
7.374043941497803 
5.497088432312012 
6.766165733337402 
4.984989643096924 
5.013665676116943 
5.470347881317139 
4.827069282531738 
5.323253631591797 
5.306149959564209 
5.191734313964844 
4.904620170593262 
4.963364124298096 
5.005852222442627 
5.208476543426514 
4.992602825164795 
8.41150951385498 
5.067384719848633 
5.009020805358887 
5.071318626403809 
5.041489601135254 
4.97684907913208 
5.041831970214844 
4.921694278717041 
5.6889801025390625 
5.938723564147949 
5.829299449920654 
5.220531940460205 
5.012162685394287 
5.076717376708984 
5.297486305236816 
5.017447471618652 
5.007474899291992 
5.0496931076049805 
5.025806427001953 
5.493861675262451 
5.130845546722412 
5.030472755432129 
5.687835216522217 
5.029336929321289 
7.976648330688477 
8.218016624450684 
4.9074273109436035 
5.024959087371826 
4.904362201690674 
5.067633628845215 
5.23261022567749 
6.469429016113281 
5.0985798835754395 
4.9764404296875 
5.139504432678223 
4.9987640380859375 
5.110848426818848 
5.093164443969727 
5.101502418518066 
5.0768022537231445 
5.1375579833984375 
5.957818508148193 
6.406047821044922 
5.072391986846924 
5.025748252868652 
4.950533390045166 
6.254756450653076 
7.549346446990967 
5.001578330993652 
5.035195350646973 
6.851799488067627 
5.117771625518799 
4.954111099243164 
5.744112491607666 
5.123433589935303 
6.337442398071289 
5.432522773742676 
4.950955390930176 
5.01491117477417 
5.200481414794922 
5.017856121063232 
5.011275768280029 
5.132582664489746 
5.916951656341553 
6.4248785972595215 
5.769127368927002 
4.968587398529053 
5.022032737731934 
5.0694355964660645 
5.0919623374938965 
5.493861675262451 
5.048274993896484 
5.066402912139893 
5.041182994842529 
4.870352745056152 
5.022261619567871 
5.022792816162109 
5.228216171264648 
5.009018421173096 
5.138548851013184 
5.684082508087158 
5.240957260131836 
5.335741996765137 
4.979000091552734 
5.062973976135254 
4.930047035217285 
5.047423839569092 
7.127011775970459 
4.964202880859375 
5.230245113372803 
5.019091606140137 
5.829092502593994 
4.9520978927612305 
4.981110572814941 
6.589890480041504 
5.031001567840576 
6.317498683929443 
5.19987154006958 
5.003714084625244 
5.002514362335205 
4.922860622406006 
5.325415134429932 
6.019983291625977 
5.928469657897949 
5.165642738342285 
5.057380199432373 
5.113827705383301 
5.010594844818115 
5.04309606552124 
4.948955059051514 
5.160910606384277 
6.461310386657715 
5.016908168792725 
4.971228122711182 
9.055041313171387 
5.120222568511963 
4.958131790161133 
5.117649078369141 
6.593109607696533 
6.6110992431640625 
6.744101524353027 
4.959461212158203 
5.046917915344238 
5.104387283325195 
7.017053127288818 
4.933140754699707 
7.353748798370361 
5.151275634765625 
5.0379180908203125 
5.009397506713867 
4.929683208465576 
5.342763900756836 
5.800173759460449 
5.001596450805664 
5.913420677185059 
5.278322219848633 
5.869863033294678 
5.153496265411377 
4.996697902679443 
5.02419900894165 
5.296578884124756 
4.975860118865967 
6.269722938537598 
5.950510025024414 
5.212138652801514 
5.041180610656738 
5.021409511566162 
5.039641380310059 
5.102962970733643 
5.799428939819336 
5.046236991882324 
5.107377052307129 
8.67207145690918 
5.3412251472473145 
4.987917423248291 
7.697533130645752 
7.0780029296875 
5.493861675262451 
5.96056604385376 
5.010503768920898 
5.049883842468262 
5.0298027992248535 
5.119226455688477 
5.01304292678833 
5.02363920211792 
5.005032539367676 
5.228282928466797 
5.08008337020874 
6.273996829986572 
5.0659308433532715 
7.938236236572266 
5.058669567108154 
5.102441787719727 
5.087611198425293 
4.853653907775879 
6.332882881164551 
5.106588363647461 
6.380120754241943 
5.8180060386657715 
5.047352313995361 
5.192447662353516 
4.9819865226745605 
6.513568878173828 
5.014410018920898 
5.092439651489258 
5.045782089233398 
4.9904937744140625 
5.025600910186768 
4.996060848236084 
6.236586093902588 
4.98926305770874 
5.144753932952881 
4.9515461921691895 
4.997211933135986 
5.040987968444824 
4.952695369720459 
4.953335762023926 
6.3498687744140625 
5.0226006507873535 
8.236700057983398 
5.493861675262451 
6.407142162322998 
5.070738315582275 
4.948932647705078 
4.957441806793213 
4.971510887145996 
5.126344680786133 
4.986701965332031 
6.61271858215332 
5.641196250915527 
5.334228992462158 
5.047256946563721 
5.047155857086182 
5.395403861999512 
5.095766544342041 
5.039613246917725 
5.112056732177734 
5.062379837036133 
4.880918025970459 
6.294215679168701 
5.041396141052246 
7.1133222579956055 
7.45619010925293 
5.106843948364258 
5.087761402130127 
5.080838203430176 
4.984326362609863 
4.971070766448975 
6.1462721824646 
4.924979209899902 
5.091879844665527 
5.727848529815674 
5.124640464782715 
5.1137471199035645 
5.289062023162842 
6.881806373596191 
5.1541523933410645 
5.493861675262451 
5.037104606628418 
4.992833614349365 
5.253575801849365 
5.2291059494018555 
5.111721038818359 
7.1629719734191895 
7.049001216888428 
6.333810329437256 
6.464059829711914 
5.175811767578125 
5.194133758544922 
5.4397735595703125 
4.997675895690918 
6.3078508377075195 
4.992150783538818 
5.227646350860596 
5.063747882843018 
5.533215045928955 
5.04549503326416 
8.422518730163574 
4.934592247009277 
5.493861675262451 
5.3109002113342285 
4.9847588539123535 
5.095318794250488 
5.039068222045898 
5.109917163848877 
5.1065192222595215 
4.97763204574585 
5.100574016571045 
5.0907087326049805 
6.1797075271606445 
7.262246608734131 
5.232092380523682 
5.377511501312256 
5.493861675262451 
6.5008463859558105 
5.032010078430176 
5.038348197937012 
5.038101673126221 
5.185369491577148 
5.14675760269165 
5.25914192199707 
4.986957550048828 
4.973752498626709 
5.040989398956299 
5.104773998260498 
5.064266681671143 
5.042307376861572 
7.220821380615234 
5.068227291107178 
4.9412407875061035 
5.145931720733643 
6.459136962890625 
5.183173179626465 
7.248632431030273 
6.875268936157227 
5.004289627075195 
4.990242004394531 
5.346959114074707 
6.1689372062683105 
5.0358710289001465 
5.114315986633301 
5.493861675262451 
4.833057880401611 
5.19696569442749 
6.557987213134766 
5.493861675262451 
5.041252613067627 
4.984829902648926 
5.110659599304199 
4.9730048179626465 
5.148245811462402 
4.892837047576904 
4.975347518920898 
5.090208053588867 
5.2481584548950195 
5.009619235992432 
5.037360191345215 
5.020043849945068 
5.105978488922119 
5.4469099044799805 
6.161522388458252 
5.003663539886475 
5.700852394104004 
5.1034440994262695 
4.987552642822266 
5.484705924987793 
5.003535747528076 
5.059220790863037 
5.380191326141357 
7.1590800285339355 
5.168204307556152 
5.0663275718688965 
5.216243267059326 
4.9552154541015625 
4.988677501678467 
5.043893814086914 
6.57701301574707 
5.300717830657959 
5.02901029586792 
5.022794246673584 
6.667616844177246 
8.088112831115723 
5.205631732940674 
5.335453510284424 
4.99569034576416 
7.066959381103516 
6.898066520690918 
5.190393447875977 
4.964323997497559 
5.050299644470215 
5.769077301025391 
5.142356872558594 
5.096471309661865 
5.1605448722839355 
4.897953510284424 
4.963308334350586 
5.39605188369751 
7.185220718383789 
5.796657562255859 
7.905010223388672 
7.878094673156738 
7.108375549316406 
5.091081142425537 
5.055263996124268 
5.616471290588379 
5.289204120635986 
4.975247383117676 
5.056054592132568 
5.289043426513672 
5.129218578338623 
5.0693464279174805 
5.044929504394531 
5.028159141540527 
5.161995887756348 
5.1003336906433105 
6.23704719543457 
5.397060394287109 
4.9180779457092285 
5.031954288482666 
5.506268501281738 
5.121715068817139 
8.134664535522461 
4.965959548950195 
5.0139851570129395 
5.096396446228027 
4.884844779968262 
5.493861675262451 
6.0574259757995605 
4.797677993774414 
5.03989315032959 
7.016692638397217 
5.963322162628174 
5.115569114685059 
6.991565704345703 
5.098268508911133 
5.851143836975098 
5.0450615882873535 
5.890061378479004 
5.127991676330566 
5.034372806549072 
5.109968662261963 
6.477204322814941 
5.034206390380859 
5.09385871887207 
4.937531471252441 
5.0578107833862305 
5.251540184020996 
4.939242839813232 
5.070263862609863 
6.3793439865112305 
7.085437297821045 
4.871367454528809 
4.992764949798584 
5.019789695739746 
4.999788284301758 
5.598534107208252 
5.153053283691406 
4.93610954284668 
4.987643718719482 
5.73905086517334 
5.782866477966309 
4.946944713592529 
5.005795478820801 
4.9219560623168945 
5.055459499359131 
5.124954700469971 
6.990678310394287 
5.085809707641602 
4.939024448394775 
5.006750583648682 
5.054814338684082 
5.0368194580078125 
5.199728965759277 
5.043924331665039 
4.944488525390625 
4.9849042892456055 
5.1300153732299805 
5.031432628631592 
5.493861675262451 
5.1088128089904785 
5.148491859436035 
5.966763973236084 
5.75433349609375 
4.976926803588867 
4.886646747589111 
5.14562463760376 
5.0052900314331055 
5.025989532470703 
7.20515251159668 
5.050840854644775 
5.0150041580200195 
5.083122730255127 
4.946495056152344 
6.907998085021973 
5.0888519287109375 
5.342113971710205 
5.542272567749023 
5.072546482086182 
5.005982875823975 
5.139728546142578 
5.089771747589111 
7.6621809005737305 
5.317783355712891 
5.061251163482666 
5.017620086669922 
7.3818206787109375 
6.966535568237305 
5.214561462402344 
5.199574947357178 
8.41613483428955 
5.101614475250244 
4.917469501495361 
5.709547519683838 
4.938745498657227 
4.979367733001709 
4.951545715332031 
5.108542442321777 
5.880282878875732 
4.976837635040283 
5.493861675262451 
4.996057033538818 
5.315033912658691 
6.244069576263428 
5.493861675262451 
4.823122978210449 
6.1730475425720215 
5.390939235687256 
5.493861675262451 
6.134014129638672 
5.113687992095947 
4.973118782043457 
5.12953519821167 
5.003267765045166 
5.112760543823242 
6.0114240646362305 
5.775816440582275 
5.493861675262451 
4.866326808929443 
5.011234760284424 
6.915037631988525 
5.79585075378418 
5.038173675537109 
5.143655776977539 
5.243353843688965 
4.907196521759033 
5.0957865715026855 
5.117802143096924 
8.306896209716797 
5.290907859802246 
5.071276664733887 
4.969367980957031 
5.301946640014648 
5.104391098022461 
5.163784980773926 
8.319671630859375 
5.048603534698486 
7.99123477935791 
5.0713701248168945 
5.003091335296631 
6.690814971923828 
5.016908645629883 
4.995753288269043 
5.042532444000244 
5.083041191101074 
5.14000129699707 
4.93416690826416 
5.956197738647461 
7.443757057189941 
6.073118686676025 
5.502232551574707 
5.217939376831055 
5.175724983215332 
5.493861675262451 
7.814507484436035 
5.36073637008667 
5.056300163269043 
4.987271308898926 
5.9129743576049805 
5.007729530334473 
5.136254787445068 
5.082955837249756 
5.041809558868408 
4.915800094604492 
4.946561813354492 
5.017897129058838 
4.9612531661987305 
4.974814414978027 
5.164078235626221 
5.108417510986328 
5.067498683929443 
5.113224029541016 
6.255279541015625 
5.072983741760254 
5.176637649536133 
5.1149773597717285 
4.9782185554504395 
4.963937759399414 
6.447462558746338 
5.034145355224609 
5.546276092529297 
5.1453399658203125 
5.206099033355713 
5.266376972198486 
5.50508451461792 
4.852539539337158 
5.124844551086426 
5.043427467346191 
5.077813148498535 
5.4289631843566895 
4.917550086975098 
5.065642833709717 
5.019175052642822 
4.9998955726623535 
5.037076950073242 
5.077175140380859 
5.030632495880127 
5.268275737762451 
5.261253833770752 
5.103020668029785 
5.253998756408691 
5.064294338226318 
4.989428520202637 
5.8872480392456055 
5.221240520477295 
6.518404960632324 
5.246423244476318 
5.916645050048828 
4.920680522918701 
5.1629638671875 
5.052929401397705 
5.013922214508057 
4.9685869216918945 
7.779487609863281 
5.018702507019043 
5.275806903839111 
5.001257419586182 
4.98433780670166 
5.091822147369385 
5.0071306228637695 
5.1274566650390625 
5.847565174102783 
5.057465076446533 
6.000861167907715 
5.142207145690918 
5.115983009338379 
5.001593589782715 
5.185274600982666 
5.014460563659668 
5.085634231567383 
6.269162654876709 
5.221776962280273 
5.016658782958984 
5.3057427406311035 
5.1610589027404785 
5.044802188873291 
5.238281726837158 
5.094811916351318 
6.872430324554443 
5.102101802825928 
4.963090896606445 
5.037303447723389 
5.135359764099121 
4.799203872680664 
5.267578601837158 
4.975277900695801 
8.201319694519043 
5.149238586425781 
5.018195629119873 
4.876249313354492 
4.954577445983887 
6.4191813468933105 
5.469423770904541 
4.991717338562012 
5.033389568328857 
5.013465404510498 
5.715182781219482 
5.010616779327393 
5.070860862731934 
9.49577522277832 
5.037505149841309 
4.937060356140137 
5.210683345794678 
5.070069789886475 
4.94653844833374 
5.591982841491699 
5.336496829986572 
6.087443828582764 
5.139821529388428 
5.995556354522705 
5.13145112991333 
5.182156562805176 
4.991901397705078 
5.016382694244385 
5.9798173904418945 
5.052500247955322 
5.987245559692383 
5.4738450050354 
5.493861675262451 
5.395607948303223 
5.4861297607421875 
5.040114402770996 
5.112468719482422 
4.979425430297852 
5.1243062019348145 
5.16811990737915 
8.54249382019043 
5.492910861968994 
5.276757717132568 
5.012874603271484 
5.095028400421143 
4.983752250671387 
5.076445579528809 
5.022645473480225 
5.019917011260986 
5.048975944519043 
5.213632106781006 
5.103713512420654 
5.217565059661865 
6.6470723152160645 
5.067562580108643 
5.020145416259766 
5.066400527954102 
5.712176322937012 
5.037617206573486 
5.30772066116333 
5.029592514038086 
5.607034206390381 
5.988141059875488 
7.066777229309082 
4.936550617218018 
5.018624782562256 
5.075555801391602 
6.014645576477051 
5.031242847442627 
5.493861675262451 
5.593301296234131 
5.02420711517334 
5.252462863922119 
6.243527412414551 
5.0245041847229 
5.241440296173096 
5.183784008026123 
5.493861675262451 
5.184231281280518 
6.322556018829346 
5.405762672424316 
5.642984390258789 
6.47096586227417 
5.119204521179199 
5.271720886230469 
5.046586036682129 
4.972153186798096 
5.092324256896973 
5.506155967712402 
5.252264022827148 
5.163904190063477 
5.009548664093018 
5.252737045288086 
5.319224834442139 
4.989965438842773 
5.105722904205322 
5.085203170776367 
5.076625823974609 
4.975711345672607 
6.231412887573242 
7.435318946838379 
4.973637580871582 
5.1911516189575195 
6.083475112915039 
5.15204381942749 
5.447731971740723 
8.367378234863281 
5.31099271774292 
5.038615703582764 
4.891912460327148 
5.143958568572998 
5.316140174865723 
4.9675517082214355 
6.564675331115723 
5.062335968017578 
5.059073448181152 
5.837094306945801 
5.059963226318359 
6.2224626541137695 
5.0430779457092285 
5.057697296142578 
5.055590629577637 
5.048436641693115 
4.97316837310791 
5.485965728759766 
4.965062618255615 
4.917529106140137 
6.367636680603027 
5.074202060699463 
6.359309673309326 
5.018661022186279 
5.0713114738464355 
5.094899654388428 
6.890045166015625 
5.016008377075195 
5.104323863983154 
5.090038776397705 
5.039788722991943 
5.168731689453125 
5.961352825164795 
5.492964267730713 
4.963408470153809 
6.757938385009766 
4.941717147827148 
5.033810615539551 
5.013702392578125 
5.107644081115723 
5.078337669372559 
6.350213050842285 
7.380101680755615 
5.086418628692627 
5.057100296020508 
5.106926918029785 
5.364951133728027 
4.994861125946045 
4.822818279266357 
5.014249324798584 
6.996809959411621 
5.164987087249756 
5.181880950927734 
5.590166091918945 
5.011782646179199 
5.094081401824951 
5.308590888977051 
5.239833354949951 
5.804152011871338 
6.8209075927734375 
5.138921737670898 
5.070987224578857 
4.990867614746094 
4.970021724700928 
5.189095973968506 
4.836124897003174 
4.936798095703125 
5.069815635681152 
4.887368202209473 
6.65903377532959 
5.24246072769165 
4.95697021484375 
5.757286548614502 
5.223206996917725 
4.986727237701416 
4.994324684143066 
6.362851619720459 
5.108961582183838 
5.20700740814209 
5.011812210083008 
4.9978766441345215 
5.039168357849121 
7.405157089233398 
5.027613162994385 
4.988794803619385 
5.3227715492248535 
5.216907501220703 
4.981684684753418 
8.9655179977417 
5.006170272827148 
6.5118842124938965 
9.443389892578125 
5.5050249099731445 
5.535123825073242 
4.991910457611084 
5.052115440368652 
5.009193420410156 
4.942587852478027 
5.004593849182129 
4.932305812835693 
5.086113929748535 
5.285325527191162 
7.6116132736206055 
5.0900421142578125 
5.053528785705566 
5.0797014236450195 
5.093601703643799 
4.977023124694824 
5.050902843475342 
5.118294715881348 
5.044703006744385 
7.01066255569458 
5.055043697357178 
5.045536994934082 
4.989469528198242 
4.964908599853516 
5.584463119506836 
4.967159271240234 
5.024509906768799 
5.0230278968811035 
5.024734020233154 
4.9751715660095215 
6.377137660980225 
7.336279392242432 
5.267327308654785 
5.078646659851074 
5.039839267730713 
4.923611640930176 
5.1670966148376465 
5.256328582763672 
5.0772786140441895 
5.321908950805664 
5.001948356628418 
8.472545623779297 
5.286088943481445 
4.997603893280029 
5.510049819946289 
5.019745826721191 
5.011506080627441 
5.128822326660156 
5.105828762054443 
4.9868927001953125 
6.332451343536377 
5.067351818084717 
5.10787296295166 
5.080875396728516 
6.718415260314941 
5.803842067718506 
5.024211406707764 
5.095081806182861 
6.948752403259277 
4.911937236785889 
6.171978950500488 
7.21227502822876 
7.359495162963867 
4.946624755859375 
5.474043846130371 
4.866349697113037 
4.956056594848633 
5.055006980895996 
5.706613063812256 
5.095114231109619 
6.7979607582092285 
5.088659286499023 
5.623406887054443 
5.131041526794434 
5.862331867218018 
6.326729774475098 
6.71287202835083 
5.018209457397461 
5.009260654449463 
5.004673957824707 
4.963630676269531 
5.086262226104736 
5.183838844299316 
5.272581100463867 
6.804399490356445 
5.030574798583984 
5.12936544418335 
5.391592502593994 
5.0248799324035645 
4.995509624481201 
5.086053848266602 
4.957782745361328 
6.295375823974609 
6.749786376953125 
4.931435585021973 
5.076436996459961 
5.036725997924805 
4.970546245574951 
6.179644584655762 
5.016514301300049 
6.279176235198975 
6.375790596008301 
5.087230205535889 
7.257377624511719 
4.854005336761475 
5.191388130187988 
4.862112998962402 
5.493861675262451 
4.9990434646606445 
5.168490409851074 
5.5808634757995605 
5.187992572784424 
5.468835353851318 
5.180032730102539 
6.600735187530518 
4.958296775817871 
5.035521507263184 
4.960649013519287 
6.876897811889648 
5.305210113525391 
8.04537582397461 
5.212632656097412 
5.065608024597168 
5.062476634979248 
5.004280090332031 
6.802128314971924 
5.05951452255249 
5.136929512023926 
5.123626708984375 
4.978214740753174 
7.178278923034668 
5.0322585105896 
5.324969291687012 
5.038670539855957 
5.020472049713135 
5.039921760559082 
5.493861675262451 
6.37810754776001 
5.083402633666992 
4.996636867523193 
5.211840629577637 
5.0974202156066895 
5.089691162109375 
5.877477169036865 
5.122900485992432 
5.01903772354126 
5.325209140777588 
5.085890293121338 
5.2526726722717285 
7.14830207824707 
5.391422271728516 
5.217039108276367 
5.04477596282959 
5.246048927307129 
6.890219211578369 
5.107059001922607 
5.009118556976318 
5.131322860717773 
5.007030010223389 
5.12251091003418 
5.060466766357422 
5.192671775817871 
5.055174350738525 
5.031630039215088 
5.014832973480225 
5.265680313110352 
7.972685813903809 
4.995652198791504 
5.059023857116699 
5.025740623474121 
5.5701117515563965 
5.357088088989258 
5.038874626159668 
6.536561012268066 
4.914882183074951 
7.851405143737793 
5.015379428863525 
4.923277854919434 
5.175141334533691 
6.781722545623779 
4.999052047729492 
5.214474678039551 
5.432582378387451 
4.958134174346924 
5.353144645690918 
5.101809501647949 
5.179112434387207 
5.831507205963135 
5.408633708953857 
5.00322151184082 
5.236874103546143 
5.016298770904541 
5.258627891540527 
5.179507732391357 
5.727686882019043 
5.0661420822143555 
4.985640048980713 
5.00229024887085 
5.105443000793457 
5.061812877655029 
5.123016357421875 
5.055939197540283 
5.032678604125977 
6.713904857635498 
4.905409812927246 
4.986013412475586 
5.047199249267578 
5.032369613647461 
5.102380752563477 
5.080325126647949 
5.090322494506836 
7.403088569641113 
5.270100116729736 
6.439554214477539 
4.977708339691162 
6.652622222900391 
4.924446105957031 
5.091424465179443 
5.129246234893799 
5.3987040519714355 
6.940065383911133 
5.087028503417969 
5.8867058753967285 
5.114077091217041 
4.939884185791016 
5.288903713226318 
5.161990165710449 
5.1028056144714355 
5.0477776527404785 
5.126204013824463 
4.898265838623047 
4.945624351501465 
5.086431980133057 
6.708705425262451 
4.950396537780762 
4.917331218719482 
5.454749584197998 
5.706735134124756 
6.010405540466309 
5.028754234313965 
5.11765718460083 
5.141987323760986 
4.958982944488525 
4.983466148376465 
5.059115886688232 
5.098258972167969 
5.046414375305176 
5.739324569702148 
5.263736248016357 
6.043605804443359 
4.993861198425293 
5.148110389709473 
6.598766326904297 
5.014197826385498 
5.000795364379883 
6.79027795791626 
5.060876846313477 
5.1000261306762695 
4.962955951690674 
5.020084857940674 
5.019948482513428 
5.048399448394775 
5.129714012145996 
5.092260360717773 
5.087296485900879 
5.112555980682373 
5.160964012145996 
5.4796223640441895 
5.09682559967041 
4.996241092681885 
4.994551658630371 
5.011923313140869 
6.352275848388672 
5.07306432723999 
5.040042877197266 
6.417195796966553 
5.0909271240234375 
5.173111915588379 
7.3651909828186035 
5.829073905944824 
5.07256555557251 
5.135179042816162 
5.108025074005127 
6.143869400024414 
4.901770114898682 
8.143230438232422 
5.111055850982666 
5.1685333251953125 
4.993352890014648 
5.09220552444458 
9.250570297241211 
5.745151519775391 
6.9557037353515625 
5.060186862945557 
4.9265851974487305 
5.111988067626953 
5.308359146118164 
8.741437911987305 
5.374509334564209 
5.028350353240967 
5.913375377655029 
6.519590377807617 
4.9716339111328125 
5.017571926116943 
5.100584030151367 
4.963622570037842 
6.007363796234131 
6.134191513061523 
5.11845588684082 
4.992694854736328 
5.114020347595215 
4.928241729736328 
6.267548561096191 
4.974493980407715 
4.938200950622559 
5.080732345581055 
5.030127048492432 
5.109966278076172 
5.173946380615234 
5.038509845733643 
5.013240814208984 
5.615180969238281 
6.774126052856445 
6.117009162902832 
5.029027462005615 
5.010348320007324 
4.976366996765137 
5.26859712600708 
5.368082046508789 
5.075327396392822 
5.021903038024902 
5.355914115905762 
5.030869483947754 
6.616498947143555 
5.102486610412598 
5.493861675262451 
5.2180376052856445 
5.0825934410095215 
4.982450008392334 
5.1014604568481445 
5.509461879730225 
4.970860004425049 
5.082574367523193 
5.040868282318115 
5.736963748931885 
5.725028038024902 
4.956812381744385 
8.194376945495605 
5.162711143493652 
5.076416015625 
5.278153419494629 
5.05631685256958 
4.992521286010742 
4.81584358215332 
5.001716136932373 
5.144730091094971 
5.916920185089111 
6.652937412261963 
5.146562576293945 
4.956350326538086 
4.947423934936523 
6.196296691894531 
5.493861675262451 
5.225317478179932 
5.392925262451172 
5.045942306518555 
5.047749996185303 
5.0517802238464355 
5.107467174530029 
5.10477876663208 
5.1291117668151855 
4.981392860412598 
5.092987060546875 
5.0112385749816895 
5.239167213439941 
5.493861675262451 
5.069723606109619 
4.980058670043945 
5.131206035614014 
5.009927272796631 
5.090969562530518 
5.952735900878906 
5.80454158782959 
5.061733722686768 
5.082640171051025 
5.043933868408203 
5.9586992263793945 
5.04334020614624 
5.056326866149902 
5.252142429351807 
6.101089000701904 
5.71360445022583 
5.409135818481445 
4.86631965637207 
4.962480068206787 
5.122069835662842 
5.011011123657227 
5.894195079803467 
5.013881683349609 
5.826953411102295 
5.036372184753418 
5.321869373321533 
5.201902866363525 
5.493861675262451 
5.090191841125488 
5.297530651092529 
7.438363075256348 
5.241109848022461 
6.439754486083984 
5.066582202911377 
5.031290054321289 
5.493861675262451 
5.18159294128418 
5.1447577476501465 
5.140598297119141 
5.269768714904785 
5.693739414215088 
4.97883939743042 
5.493861675262451 
4.975653171539307 
5.755661487579346 
5.015237331390381 
6.7602691650390625 
5.21575927734375 
5.004623889923096 
5.0315728187561035 
4.928443431854248 
7.048311710357666 
5.018774032592773 
8.720233917236328 
5.100050449371338 
5.170018196105957 
4.978649139404297 
5.028589248657227 
4.996707439422607 
5.073208332061768 
6.223024845123291 
5.021450042724609 
5.009801387786865 
5.016958713531494 
5.424404621124268 
5.013247489929199 
5.131281852722168 
5.046872615814209 
5.493861675262451 
6.136950492858887 
5.152998924255371 
5.240444183349609 
5.082902908325195 
5.0755720138549805 
5.100392818450928 
5.086387634277344 
6.746999263763428 
4.9446187019348145 
5.010786533355713 
5.1911139488220215 
6.603061676025391 
5.117336750030518 
5.0826005935668945 
5.01228141784668 
5.176570415496826 
5.0546088218688965 
5.027530670166016 
5.7131428718566895 
5.002555847167969 
5.168642997741699 
5.299614429473877 
6.416278839111328 
5.493861675262451 
5.064847946166992 
5.130223274230957 
5.155993461608887 
4.877429008483887 
5.041836261749268 
5.138419151306152 
5.022136211395264 
5.026533126831055 
7.994110584259033 
5.100400924682617 
4.993777275085449 
5.0206403732299805 
5.063880920410156 
5.8711748123168945 
5.30702018737793 
6.016711711883545 
5.248857498168945 
5.039018630981445 
5.554436683654785 
5.124549388885498 
5.0881147384643555 
5.1317949295043945 
5.163991928100586 
4.998708248138428 
5.1793694496154785 
5.226154804229736 
5.330382823944092 
7.77320671081543 
6.209452152252197 
9.01026439666748 
5.013693809509277 
5.017241954803467 
6.074650764465332 
4.988681316375732 
5.12330436706543 
6.304131507873535 
5.047807693481445 
5.421770095825195 
5.493861675262451 
5.184018135070801 
5.060747146606445 
4.959497451782227 
5.001771926879883 
7.220810413360596 
5.065293788909912 
5.053913116455078 
5.286009311676025 
7.165269374847412 
4.993206024169922 
4.995885848999023 
5.181520938873291 
5.076422214508057 
5.863909721374512 
5.200995445251465 
7.30074405670166 
4.9648051261901855 
4.97630500793457 
5.101929664611816 
5.043159484863281 
5.113492488861084 
5.1613078117370605 
5.137387752532959 
4.9463677406311035 
5.256698131561279 
5.052509784698486 
5.493861675262451 
5.022359848022461 
4.9829583168029785 
5.697094917297363 
6.408481597900391 
4.932867527008057 
6.20515775680542 
5.208217620849609 
5.772884368896484 
5.036921501159668 
5.096916675567627 
5.18558406829834 
5.058786869049072 
5.35198974609375 
4.926358222961426 
5.313823223114014 
5.859585762023926 
4.863152027130127 
5.5752177238464355 
5.037786483764648 
5.011242389678955 
5.3062005043029785 
5.493861675262451 
5.016483306884766 
5.045877933502197 
5.002953052520752 
6.59325647354126 
5.156747817993164 
5.091396808624268 
5.705498695373535 
4.967450141906738 
5.02480411529541 
4.961127758026123 
4.9609785079956055 
5.236462116241455 
5.137106418609619 
5.071284294128418 
5.0386176109313965 
5.084407329559326 
5.5579304695129395 
5.066688060760498 
5.010641098022461 
6.692789077758789 
5.951752662658691 
5.2148051261901855 
5.076342582702637 
5.982943534851074 
5.108386993408203 
5.36065673828125 
6.436553001403809 
5.493861675262451 
5.261638164520264 
5.093003273010254 
5.17721700668335 
8.387917518615723 
6.7550506591796875 
5.135838985443115 
6.868590354919434 
5.08415412902832 
5.999722957611084 
6.64154577255249 
4.979034900665283 
5.449594020843506 
5.06259822845459 
5.921721935272217 
5.016257286071777 
5.261252403259277 
5.147082805633545 
4.970347881317139 
8.83272647857666 
8.219751358032227 
7.708247184753418 
5.0862579345703125 
5.013271808624268 
5.003561496734619 
4.96199369430542 
5.1000542640686035 
5.02017068862915 
5.156090259552002 
5.226024150848389 
5.07473087310791 
5.024703025817871 
7.235037326812744 
6.572713851928711 
5.664541244506836 
5.051865577697754 
5.0076141357421875 
5.24593448638916 
5.557098388671875 
5.539963722229004 
5.933044910430908 
4.910925388336182 
4.9795145988464355 
6.502514362335205 
6.9638824462890625 
5.028205871582031 
4.966453552246094 
5.030196666717529 
5.198249340057373 
5.493861675262451 
6.899778366088867 
5.87606954574585 
6.512989044189453 
5.26480770111084 
7.800390243530273 
5.087368965148926 
5.168403625488281 
7.630034446716309 
6.320357799530029 
5.000168323516846 
5.041977405548096 
5.105337142944336 
5.583279132843018 
4.938030242919922 
5.03785514831543 
5.00294303894043 
4.974871635437012 
6.699854373931885 
5.385950088500977 
4.998863697052002 
5.1737380027771 
5.016531944274902 
5.375264644622803 
5.206307411193848 
5.493861675262451 
6.44572639465332 
5.1043782234191895 
4.924747467041016 
5.070999622344971 
4.981688022613525 
5.0701117515563965 
4.9679412841796875 
6.522883415222168 
5.049996852874756 
5.211898326873779 
5.180173873901367 
7.254778861999512 
5.10570764541626 
5.057312965393066 
5.052177429199219 
6.311570644378662 
5.580804824829102 
4.984466552734375 
5.164671897888184 
4.9767303466796875 
5.115090847015381 
5.130266189575195 
5.061416149139404 
6.181998252868652 
5.223834037780762 
7.372479438781738 
5.302203178405762 
4.9887871742248535 
4.923511028289795 
5.1710381507873535 
5.721136569976807 
5.892645835876465 
5.06675910949707 
4.985691547393799 
7.060611248016357 
5.129758358001709 
5.526741981506348 
5.035142421722412 
5.2343597412109375 
5.151605606079102 
4.97347354888916 
5.045263767242432 
4.979925632476807 
7.228817939758301 
5.014074802398682 
6.437417030334473 
5.429650783538818 
5.889122486114502 
7.7441534996032715 
4.936341762542725 
4.974769592285156 
5.190153121948242 
5.664925575256348 
5.386229515075684 
5.224032402038574 
5.042160987854004 
5.153202533721924 
9.087059020996094 
5.685207366943359 
5.082443714141846 
4.925430774688721 
4.9647321701049805 
7.811221122741699 
5.241724014282227 
5.055448055267334 
5.007166862487793 
5.1179118156433105 
5.005314350128174 
4.958069324493408 
5.493861675262451 
4.941452503204346 
5.493861675262451 
5.044295310974121 
5.00754976272583 
5.228237152099609 
5.050503730773926 
5.2004475593566895 
5.088821887969971 
6.835467338562012 
5.92173957824707 
5.493861675262451 
5.249996185302734 
5.011150360107422 
5.134756088256836 
5.237691402435303 
5.15803861618042 
5.813172817230225 
4.937669277191162 
5.9775543212890625 
5.3343048095703125 
9.383740425109863 
5.135683536529541 
4.914352893829346 
5.090939044952393 
5.115005970001221 
5.077250957489014 
5.136159896850586 
5.099602222442627 
4.991135597229004 
6.467099189758301 
5.493861675262451 
8.407719612121582 
5.145200252532959 
5.297050476074219 
5.050893306732178 
7.497218132019043 
5.597384929656982 
5.030538558959961 
4.9088311195373535 
5.09600305557251 
4.9547271728515625 
4.897949695587158 
4.897216796875 
5.167062759399414 
5.0165019035339355 
5.076460838317871 
5.252885341644287 
5.171088695526123 
5.0493950843811035 
5.493861675262451 
5.277483940124512 
5.100052833557129 
5.198483943939209 
4.999861240386963 
5.230632305145264 
5.1241607666015625 
4.983730316162109 
5.152134418487549 
8.464380264282227 
6.939763069152832 
5.157952308654785 
5.3666768074035645 
5.036745071411133 
6.965680122375488 
4.962400436401367 
5.493861675262451 
5.066061973571777 
7.404757976531982 
5.084162712097168 
5.179559230804443 
5.165249347686768 
4.989343643188477 
4.940431594848633 
5.183109760284424 
7.091831684112549 
5.511435031890869 
5.0975470542907715 
5.740024089813232 
5.14960241317749 
5.128807067871094 
5.043023586273193 
5.1157307624816895 
5.117713928222656 
5.149789810180664 
6.684663772583008 
5.405255317687988 
5.097667694091797 
5.097398281097412 
5.433999538421631 
6.493321418762207 
5.024264812469482 
4.980128288269043 
5.082708835601807 
5.2746500968933105 
5.095271110534668 
5.424688816070557 
5.428078651428223 
6.168018341064453 
5.090548038482666 
6.1183905601501465 
4.99460506439209 
5.493861675262451 
5.091787338256836 
5.881606101989746 
7.176489353179932 
5.190615653991699 
4.980586051940918 
5.3168182373046875 
4.981770992279053 
5.146397590637207 
5.9841461181640625 
6.63779878616333 
5.493861675262451 
5.018860816955566 
7.436116695404053 
5.170780658721924 
5.406429767608643 
5.0824875831604 
5.635101795196533 
7.779481887817383 
5.07539176940918 
5.013805866241455 
5.321070194244385 
7.953681945800781 
4.951948642730713 
6.839540481567383 
4.96274471282959 
4.991288185119629 
5.05586051940918 
7.823688507080078 
5.063391208648682 
5.979683876037598 
5.063049793243408 
4.99702262878418 
5.101190090179443 
5.106005668640137 
5.888661861419678 
5.0601348876953125 
5.3129353523254395 
5.183282375335693 
6.556686878204346 
7.749920845031738 
5.011051177978516 
5.005090713500977 
5.2140607833862305 
5.0662384033203125 
4.92235803604126 
4.97901725769043 
4.943845272064209 
7.033462047576904 
5.049395561218262 
5.169497013092041 
4.981588840484619 
7.7002363204956055 
5.215035915374756 
4.930752277374268 
5.176310062408447 
5.486663818359375 
4.98291540145874 
6.57395076751709 
6.166464328765869 
5.001399040222168 
5.2279582023620605 
5.223489284515381 
4.927917003631592 
4.92596960067749 
5.081181526184082 
5.100053310394287 
5.112661838531494 
8.001033782958984 
4.981782913208008 
5.013088226318359 
5.2914042472839355 
8.110061645507812 
4.971477031707764 
5.17435359954834 
5.493861675262451 
5.126126766204834 
5.550586223602295 
4.974425792694092 
5.14033317565918 
4.925575256347656 
5.106954574584961 
5.2431745529174805 
7.902231216430664 
5.007891654968262 
5.068907260894775 
5.263619899749756 
5.572576522827148 
6.582749843597412 
5.155925273895264 
5.023825168609619 
4.987552165985107 
4.884799480438232 
5.120945930480957 
5.078633785247803 
5.265174865722656 
5.158850193023682 
5.910353660583496 
5.112977981567383 
4.883882522583008 
4.927814483642578 
5.092348098754883 
5.178832054138184 
5.172033786773682 
5.126684188842773 
8.276477813720703 
5.0690836906433105 
5.727210998535156 
5.015802383422852 
5.0578413009643555 
5.015423774719238 
5.040863037109375 
5.2863383293151855 
4.957411766052246 
5.161642074584961 
5.493861675262451 
5.069370746612549 
5.170895576477051 
5.168202877044678 
5.934859752655029 
6.004476547241211 
5.154927730560303 
5.377708435058594 
4.983302593231201 
8.21364974975586 
5.864157676696777 
5.030179977416992 
5.165751934051514 
5.058483600616455 
5.493861675262451 
6.762931823730469 
4.980504512786865 
5.791411876678467 
6.980419158935547 
5.38762903213501 
5.142520427703857 
5.0296735763549805 
5.061359405517578 
5.015628814697266 
5.360118389129639 
4.929812908172607 
6.716503143310547 
6.008253574371338 
5.491549968719482 
5.493861675262451 
4.936038494110107 
7.004786491394043 
6.828834533691406 
5.0404863357543945 
5.848646640777588 
5.374091625213623 
6.433952331542969 
5.040553569793701 
5.312950134277344 
4.959479331970215 
5.03303861618042 
5.01015043258667 
5.736119270324707 
5.033645153045654 
4.965643405914307 
5.062921524047852 
5.217171669006348 
4.982646465301514 
8.670316696166992 
4.898418426513672 
5.029451370239258 
5.002915859222412 
5.034628391265869 
6.724178314208984 
5.8049211502075195 
5.256564617156982 
5.020658016204834 
4.890740394592285 
5.01947546005249 
5.106421947479248 
5.011388778686523 
4.979362487792969 
4.897964000701904 
5.270091533660889 
7.4229230880737305 
5.354549407958984 
6.682307243347168 
5.085293769836426 
4.949995517730713 
5.044572830200195 
6.454861640930176 
5.0719499588012695 
5.80398416519165 
5.085605144500732 
5.140293121337891 
5.707193851470947 
5.131108283996582 
5.060444355010986 
5.130680084228516 
4.9003190994262695 
5.8644232749938965 
5.203958988189697 
4.978408336639404 
5.119935989379883 
4.974864482879639 
5.237981796264648 
5.00958776473999 
5.0339274406433105 
5.618513107299805 
5.275938987731934 
4.865610599517822 
5.453794479370117 
5.075864791870117 
5.1276750564575195 
5.212731838226318 
6.812960624694824 
6.0870361328125 
5.163050174713135 
4.908813953399658 
5.665173053741455 
8.225168228149414 
5.001399993896484 
5.0427727699279785 
7.456267356872559 
8.619893074035645 
6.3860626220703125 
6.828219890594482 
5.493861675262451 
6.2175750732421875 
5.198495864868164 
5.493861675262451 
5.136676788330078 
6.436520576477051 
8.969366073608398 
4.965798377990723 
5.170707702636719 
5.0225830078125 
4.962228775024414 
5.014636039733887 
4.955300807952881 
6.856836318969727 
5.236754894256592 
5.317440032958984 
4.984826564788818 
5.611313343048096 
5.088862895965576 
5.268365859985352 
5.522399425506592 
8.916271209716797 
4.998006820678711 
5.120326995849609 
5.052778244018555 
5.11379861831665 
6.863777160644531 
5.14713716506958 
5.163996696472168 
4.945309638977051 
5.28961181640625 
7.889467716217041 
8.134166717529297 
5.033494472503662 
5.268964767456055 
5.667633056640625 
5.10770320892334 
5.0063323974609375 
5.20013427734375 
7.446357727050781 
5.116169452667236 
5.163597106933594 
5.303889274597168 
5.4949445724487305 
5.201253414154053 
5.107730865478516 
6.710247993469238 
7.317844867706299 
5.013997554779053 
4.992495536804199 
5.90051794052124 
5.945202350616455 
5.086973667144775 
8.400548934936523 
5.06931209564209 
5.0308837890625 
5.089298248291016 
4.985558986663818 
4.9601287841796875 
5.067321300506592 
5.085040092468262 
5.067061424255371 
6.678437232971191 
6.1719889640808105 
5.242824077606201 
5.172077178955078 
5.148684978485107 
5.044933319091797 
5.180837154388428 
5.463615417480469 
8.659582138061523 
9.10951042175293 
5.094580173492432 
5.092841148376465 
5.054078578948975 
5.13875675201416 
4.999706268310547 
4.855729103088379 
5.051767349243164 
4.996504306793213 
4.939223766326904 
5.055299758911133 
5.011260986328125 
5.12591028213501 
4.940141201019287 
7.728361129760742 
5.175363540649414 
5.0386576652526855 
5.493861675262451 
5.493861675262451 
5.0353474617004395 
5.826397895812988 
8.96401596069336 
5.246504306793213 
4.9774489402771 
6.919027805328369 
5.409153461456299 
5.229389190673828 
5.160562992095947 
5.366446018218994 
5.149716854095459 
5.079730033874512 
5.207097053527832 
5.883017539978027 
5.047168731689453 
5.0874810218811035 
5.192822456359863 
5.1529622077941895 
6.529312610626221 
5.167360782623291 
5.033843517303467 
5.146452903747559 
5.08938455581665 
7.031224250793457 
4.929731369018555 
5.0938286781311035 
5.122838497161865 
5.047427654266357 
5.083966255187988 
5.78395938873291 
5.027438640594482 
5.107333183288574 
7.140947341918945 
5.1194634437561035 
5.553415298461914 
7.669103622436523 
6.911015510559082 
5.493861675262451 
5.0346574783325195 
5.639626979827881 
5.126251220703125 
7.7292070388793945 
6.891985893249512 
5.091447830200195 
5.005187511444092 
5.007865905761719 
4.997872829437256 
5.80430269241333 
5.26064395904541 
5.493861675262451 
5.3169965744018555 
5.096706390380859 
5.493861675262451 
5.147702217102051 
5.231586456298828 
5.284960746765137 
4.984386444091797 
5.341416358947754 
4.951529026031494 
4.852684020996094 
5.328914165496826 
5.179758071899414 
5.277977466583252 
4.841390609741211 
4.993126392364502 
6.247425556182861 
4.884854793548584 
9.033487319946289 
5.034946918487549 
5.0546183586120605 
5.081293106079102 
5.254631042480469 
5.61173152923584 
4.891820430755615 
7.575554370880127 
5.872809886932373 
5.1573076248168945 
5.301095962524414 
5.040957927703857 
8.614859580993652 
6.412151336669922 
5.742593288421631 
5.0306010246276855 
6.3496832847595215 
5.012936115264893 
4.9886884689331055 
5.0345354080200195 
5.103298664093018 
5.043302059173584 
5.017751693725586 
5.031567096710205 
5.116541862487793 
5.032280921936035 
5.184882164001465 
6.193889617919922 
4.988659858703613 
5.131108283996582 
9.225774765014648 
4.980035781860352 
5.153601169586182 
4.978511810302734 
5.138164520263672 
5.121439456939697 
6.1753621101379395 
5.14256477355957 
5.136415004730225 
5.301565170288086 
5.133107662200928 
4.945192813873291 
5.011716842651367 
6.966371536254883 
6.330976963043213 
4.907806873321533 
6.6031036376953125 
5.168372631072998 
5.472503662109375 
5.017871379852295 
5.01244592666626 
5.140830039978027 
6.297411918640137 
4.975379943847656 
5.034445285797119 
5.730892658233643 
5.295029640197754 
4.9916582107543945 
5.13494873046875 
5.093703746795654 
5.334251403808594 
5.066484451293945 
4.874366760253906 
5.007442951202393 
6.378589153289795 
5.2840962409973145 
4.977553367614746 
5.055976867675781 
5.31198263168335 
5.011364936828613 
4.9793171882629395 
5.476393222808838 
7.294445514678955 
4.949848175048828 
5.02964448928833 
5.060967445373535 
5.554828643798828 
4.928457736968994 
5.232204437255859 
5.07140588760376 
5.205984592437744 
5.081544399261475 
4.970339298248291 
5.738934516906738 
4.975547790527344 
5.0245537757873535 
5.083955764770508 
5.0891804695129395 
5.4041032791137695 
5.124485015869141 
4.962578296661377 
4.957247257232666 
5.057281494140625 
5.156477928161621 
4.976553916931152 
5.033153533935547 
5.598402500152588 
5.12850284576416 
4.983202934265137 
5.370431900024414 
5.493861675262451 
5.145623683929443 
4.97847843170166 
5.028141021728516 
5.069269180297852 
5.056219577789307 
5.4823737144470215 
5.075626373291016 
5.028173923492432 
5.55895471572876 
5.8808274269104 
4.999821662902832 
5.142038822174072 
5.081645488739014 
5.206026554107666 
6.851536750793457 
5.082712173461914 
4.985513687133789 
5.051729679107666 
5.055145263671875 
5.230309009552002 
5.015207767486572 
5.175153732299805 
5.316101551055908 
5.052506446838379 
5.119810104370117 
8.161105155944824 
5.031036853790283 
5.028925895690918 
5.982953071594238 
5.679184913635254 
5.410771369934082 
5.158938884735107 
5.01200008392334 
5.0599164962768555 
8.177898406982422 
5.119777679443359 
5.037492275238037 
5.319439888000488 
4.832559585571289 
5.06777286529541 
5.248157501220703 
6.09997034072876 
4.995703220367432 
4.965397357940674 
5.479694843292236 
5.171053886413574 
5.2198896408081055 
4.963470458984375 
5.16583251953125 
6.914266586303711 
5.044936180114746 
5.493861675262451 
4.9974212646484375 
5.464911460876465 
5.175704002380371 
5.095282554626465 
4.982204914093018 
4.998260498046875 
5.06723165512085 
4.987331867218018 
7.749159812927246 
5.436227798461914 
4.979092597961426 
4.998865127563477 
8.016101837158203 
6.001373767852783 
5.485500812530518 
4.9913740158081055 
6.228693008422852 
5.158825397491455 
4.967975616455078 
5.009668350219727 
4.9177327156066895 
5.079300880432129 
4.990682125091553 
5.211583614349365 
4.999853610992432 
4.965878963470459 
5.131089210510254 
4.939342021942139 
5.15717077255249 
5.072799205780029 
6.089869499206543 
5.134524345397949 
5.027708053588867 
5.030552864074707 
4.89012336730957 
5.060024738311768 
4.937630653381348 
5.248149394989014 
4.9229254722595215 
5.493861675262451 
5.167547702789307 
5.042372703552246 
5.0110087394714355 
4.982968330383301 
5.09159517288208 
4.927931785583496 
5.026770114898682 
5.128386974334717 
5.2434258460998535 
5.187025547027588 
7.816706657409668 
5.008269786834717 
5.195219993591309 
5.453614234924316 
4.9286041259765625 
5.915262699127197 
6.000875949859619 
5.542475700378418 
4.968334197998047 
5.248566627502441 
6.206205368041992 
5.481002330780029 
5.076405048370361 
5.031838893890381 
4.999072074890137 
5.02139139175415 
4.821651458740234 
5.108336448669434 
5.070012092590332 
4.967000484466553 
4.8857622146606445 
6.852703094482422 
5.112833023071289 
5.026227951049805 
5.372058391571045 
5.093533992767334 
5.144369602203369 
5.119941234588623 
5.226475715637207 
4.897980690002441 
5.958346843719482 
5.254959583282471 
7.066763401031494 
5.076033592224121 
5.080121040344238 
5.234079837799072 
5.068816184997559 
5.218372821807861 
5.027069091796875 
6.622986793518066 
5.167158126831055 
5.0558648109436035 
6.174174785614014 
4.984899997711182 
6.181365966796875 
4.99663782119751 
5.0458269119262695 
4.977323532104492 
5.001901626586914 
5.050863742828369 
5.070484638214111 
5.10105037689209 
5.079262733459473 
6.532017707824707 
5.038201808929443 
4.986401557922363 
5.453099250793457 
4.901882171630859 
5.899405479431152 
5.771960735321045 
6.50570821762085 
7.6815643310546875 
4.928293228149414 
5.047117233276367 
5.556212425231934 
5.241236209869385 
5.037545680999756 
4.92080545425415 
4.960933208465576 
5.039438247680664 
5.31945276260376 
5.14847993850708 
5.212865829467773 
5.533014297485352 
5.023290157318115 
6.179448127746582 
5.139400005340576 
4.981750965118408 
4.999268054962158 
5.465951919555664 
4.933957576751709 
5.248716354370117 
5.119213104248047 
5.0550127029418945 
5.493861675262451 
6.360967636108398 
5.038752555847168 
4.9792256355285645 
6.463346481323242 
5.046810626983643 
8.14607048034668 
5.264647006988525 
4.925810813903809 
6.145828723907471 
5.00014591217041 
4.990406036376953 
5.417649269104004 
6.143157958984375 
5.0858988761901855 
5.3498854637146 
9.310914993286133 
5.056105136871338 
7.131393909454346 
5.128422260284424 
5.180325984954834 
5.117466449737549 
5.252495765686035 
5.10212516784668 
5.496200084686279 
5.227461338043213 
4.952216148376465 
5.782953262329102 
5.053454875946045 
6.3953070640563965 
5.160154342651367 
6.018903732299805 
4.985022068023682 
4.993886947631836 
5.303191184997559 
5.699073314666748 
7.5793256759643555 
5.082803726196289 
6.7552809715271 
5.0276875495910645 
5.082906723022461 
5.053605556488037 
5.149358749389648 
5.991840362548828 
6.110252857208252 
5.036347389221191 
5.005209445953369 
5.670128345489502 
5.066514492034912 
5.005023002624512 
5.584208011627197 
4.95548152923584 
5.228473663330078 
5.079848289489746 
4.920727729797363 
5.108249187469482 
5.160194396972656 
5.014714241027832 
4.970536231994629 
8.357941627502441 
5.02047061920166 
5.108040809631348 
5.105987548828125 
5.127449989318848 
5.050909042358398 
7.729012966156006 
5.127370834350586 
5.135009765625 
8.467813491821289 
4.957557678222656 
4.97484827041626 
5.508756160736084 
5.126588821411133 
5.659459590911865 
5.412341594696045 
8.048127174377441 
5.051771640777588 
5.297065734863281 
5.079906463623047 
5.0485520362854 
5.465664863586426 
4.969132423400879 
5.0128703117370605 
4.985651969909668 
5.070652961730957 
5.0792436599731445 
5.095609664916992 
5.06242561340332 
5.0640435218811035 
5.075714588165283 
5.007415294647217 
5.493861675262451 
5.02910852432251 
5.031346321105957 
5.662548065185547 
7.680727005004883 
5.015204906463623 
5.114048480987549 
5.470452785491943 
5.088136672973633 
7.431622505187988 
5.084909439086914 
5.041967868804932 
5.016613960266113 
5.231257438659668 
4.996529579162598 
6.3907670974731445 
5.213739395141602 
6.776338577270508 
5.035238742828369 
4.956778526306152 
5.092790126800537 
5.493861675262451 
5.846378803253174 
8.629085540771484 
6.163461685180664 
5.9141621589660645 
5.243964672088623 
5.145236968994141 
7.483514785766602 
5.134711265563965 
5.571735382080078 
8.435978889465332 
6.775478363037109 
5.493861675262451 
4.864523410797119 
4.988992214202881 
5.066096305847168 
5.414397716522217 
5.006560802459717 
5.167795181274414 
4.984165191650391 
4.978655815124512 
5.030856609344482 
4.98659610748291 
5.054627895355225 
4.96269416809082 
5.032451152801514 
4.97554349899292 
4.953160285949707 
5.059731960296631 
6.017760753631592 
5.029656410217285 
6.780147075653076 
5.051382541656494 
4.9964141845703125 
5.025798797607422 
5.430335521697998 
5.100821495056152 
6.211010456085205 
5.2263970375061035 
5.0463643074035645 
4.985476970672607 
4.943052291870117 
4.969825744628906 
5.816197395324707 
4.716975212097168 
6.708375453948975 
5.070104598999023 
5.732753753662109 
4.983729839324951 
5.779650688171387 
7.144912242889404 
4.936020851135254 
6.435640811920166 
5.343906402587891 
5.51918888092041 
5.067205429077148 
5.0524797439575195 
5.098702430725098 
4.917606830596924 
6.76173734664917 
4.9688029289245605 
5.06341552734375 
5.493861675262451 
5.104989528656006 
4.9934773445129395 
6.900185585021973 
5.320740699768066 
5.01699686050415 
5.221912384033203 
5.1252264976501465 
4.99539041519165 
6.031225681304932 
4.998038291931152 
5.228816032409668 
4.948554992675781 
6.04534912109375 
5.180421352386475 
5.153666019439697 
5.050588130950928 
5.272474765777588 
6.705147743225098 
5.427684783935547 
4.749587535858154 
5.150700092315674 
5.14011287689209 
7.11082124710083 
5.082818508148193 
5.196531772613525 
5.0938873291015625 
6.789576053619385 
5.997591495513916 
5.140960693359375 
5.4161505699157715 
5.0995025634765625 
5.068078517913818 
5.115780353546143 
5.8358588218688965 
5.074127197265625 
5.000361919403076 
7.22559118270874 
4.951968669891357 
5.181600093841553 
5.1486663818359375 
5.126707077026367 
4.956372261047363 
5.996219158172607 
7.190175533294678 
5.014896392822266 
4.99092435836792 
5.771475315093994 
5.083769798278809 
5.777381420135498 
5.030425548553467 
5.493861675262451 
5.124931812286377 
5.010977268218994 
5.118196964263916 
5.03245735168457 
7.176994323730469 
5.036484718322754 
4.922740459442139 
5.096385478973389 
5.620899677276611 
4.986950874328613 
6.180485725402832 
5.085052967071533 
4.998455047607422 
5.341287612915039 
5.011989593505859 
5.106331825256348 
5.087952613830566 
5.045726299285889 
5.387691974639893 
6.973754405975342 
5.1466217041015625 
8.147357940673828 
5.273687839508057 
5.493861675262451 
5.672947883605957 
7.831846237182617 
5.583069801330566 
5.12260103225708 
5.363123416900635 
6.523924350738525 
4.9261250495910645 
5.178793907165527 
4.816582679748535 
5.062124729156494 
4.8700032234191895 
5.100863933563232 
5.759984493255615 
6.561545372009277 
5.310708522796631 
5.081826686859131 
4.99066162109375 
8.838460922241211 
5.3130269050598145 
4.932038307189941 
4.946885585784912 
5.00766134262085 
5.0289716720581055 
5.112961769104004 
6.5153985023498535 
5.022170543670654 
5.022334575653076 
5.000490665435791 
5.345312118530273 
5.795950889587402 
5.063237190246582 
5.712287425994873 
5.493861675262451 
4.9484333992004395 
5.172543525695801 
6.376601696014404 
5.673905372619629 
5.615210056304932 
5.151636600494385 
4.987403869628906 
7.435437202453613 
5.808279991149902 
6.95259952545166 
4.9706926345825195 
5.4416608810424805 
5.195689678192139 
5.014759540557861 
4.966935634613037 
5.7025957107543945 
5.713026523590088 
5.064916610717773 
4.990851402282715 
5.600216865539551 
5.027008056640625 
5.030776023864746 
5.011612892150879 
7.542609214782715 
5.069451808929443 
6.727764129638672 
4.944516181945801 
5.088215351104736 
5.064023017883301 
5.1857500076293945 
4.985229969024658 
5.231659412384033 
5.180841445922852 
5.001866817474365 
5.223629951477051 
5.01561164855957 
5.493861675262451 
5.658705711364746 
5.285643100738525 
5.086348533630371 
6.60482120513916 
4.956724166870117 
5.158749103546143 
5.0411376953125 
7.440774917602539 
4.9279890060424805 
5.04145622253418 
4.967214107513428 
7.726477146148682 
4.965732097625732 
4.981916904449463 
5.0861005783081055 
6.665628910064697 
5.088874340057373 
5.074845314025879 
6.851089954376221 
5.873776435852051 
8.102542877197266 
4.890136241912842 
6.078991413116455 
4.971220016479492 
5.099780082702637 
5.14764928817749 
5.010395050048828 
5.120449542999268 
6.393346309661865 
6.444514274597168 
5.017401695251465 
8.104178428649902 
5.261632442474365 
7.66513729095459 
5.071731090545654 
4.893935203552246 
4.920452117919922 
6.089829921722412 
6.602129936218262 
6.741151809692383 
5.493861675262451 
7.624420642852783 
7.058533668518066 
8.73240852355957 
5.016162395477295 
5.117950916290283 
6.826685428619385 
5.4458136558532715 
5.111144542694092 
6.065184593200684 
7.599872589111328 
4.996681213378906 
5.005027770996094 
5.065155982971191 
5.038177490234375 
5.075448989868164 
6.088913917541504 
5.5981011390686035 
5.616894721984863 
9.810345649719238 
5.8328704833984375 
6.204735279083252 
5.143041133880615 
5.543437957763672 
5.191047191619873 
6.331181526184082 
5.177044868469238 
5.493861675262451 
4.9367547035217285 
5.069221496582031 
5.047719955444336 
6.1599555015563965 
6.584715843200684 
5.319249153137207 
4.772800922393799 
5.022611141204834 
4.992741584777832 
6.917077541351318 
5.235873699188232 
5.344655990600586 
4.988342761993408 
5.136621475219727 
6.66103982925415 
5.198489665985107 
5.091238498687744 
7.289134502410889 
5.103828430175781 
5.062558650970459 
7.261244297027588 
8.681726455688477 
5.493861675262451 
5.228036880493164 
4.984907150268555 
5.8817830085754395 
5.885766506195068 
5.1179728507995605 
7.255433082580566 
5.002777099609375 
5.155126094818115 
5.020686626434326 
5.022038459777832 
6.5100226402282715 
6.241666793823242 
5.05641508102417 
4.967696666717529 
5.105683326721191 
4.959272384643555 
5.064242362976074 
5.155447959899902 
4.960975170135498 
4.965827941894531 
5.105664253234863 
5.197287082672119 
5.024281024932861 
5.034267425537109 
8.898032188415527 
5.079893112182617 
5.376173496246338 
5.044760227203369 
7.077720642089844 
5.027207851409912 
5.004276752471924 
6.875093936920166 
5.110169887542725 
5.302562713623047 
5.020139694213867 
6.69135856628418 
5.209045886993408 
5.329791069030762 
5.856493949890137 
5.865320205688477 
5.009187698364258 
8.465460777282715 
5.209253787994385 
5.1925950050354 
6.356584548950195 
4.998591899871826 
5.128576755523682 
5.016323089599609 
5.066656112670898 
5.025456428527832 
5.080799579620361 
5.0242695808410645 
7.525852203369141 
4.972510814666748 
4.976685047149658 
5.379617214202881 
5.1554856300354 
5.409750461578369 
5.361759662628174 
4.916025161743164 
5.995700359344482 
5.008615970611572 
5.070458889007568 
4.959170341491699 
5.12626314163208 
5.890237331390381 
4.948968887329102 
4.979403972625732 
8.31148910522461 
5.042216777801514 
5.256006240844727 
5.041249752044678 
6.522155284881592 
4.984869480133057 
5.0516533851623535 
5.139632225036621 
5.493861675262451 
5.309710502624512 
5.122807502746582 
5.016445636749268 
4.963199138641357 
5.004693031311035 
5.064319610595703 
6.256139278411865 
5.019321441650391 
5.052830696105957 
5.493861675262451 
5.067826747894287 
8.398751258850098 
7.127548694610596 
5.43065881729126 
4.994691848754883 
8.31849479675293 
4.992382049560547 
5.284480094909668 
5.212589263916016 
5.0583977699279785 
5.132590293884277 
5.140110492706299 
4.946689128875732 
5.080375671386719 
5.210270404815674 
5.156163692474365 
5.19696044921875 
5.007145404815674 
4.971791744232178 
5.085372447967529 
5.08746862411499 
5.879928112030029 
5.286806106567383 
5.202963829040527 
4.982880592346191 
4.963830471038818 
6.090159893035889 
5.055598735809326 
5.34467887878418 
5.067735195159912 
4.981213092803955 
5.032645225524902 
6.249499320983887 
4.947056293487549 
5.8138275146484375 
6.181728363037109 
5.106414318084717 
4.953186511993408 
5.094588756561279 
5.055785655975342 
5.096566200256348 
5.077964782714844 
4.985105037689209 
4.971510410308838 
5.133965015411377 
5.014044284820557 
5.329186916351318 
5.307706832885742 
6.298422813415527 
5.349411487579346 
5.96344518661499 
5.845935344696045 
4.964505195617676 
5.798351287841797 
5.025609493255615 
7.874722957611084 
5.124116897583008 
5.07258415222168 
5.002789497375488 
5.081663608551025 
4.975418567657471 
5.050190448760986 
6.757726669311523 
5.018820285797119 
5.002688884735107 
5.123554229736328 
5.123260021209717 
5.087352275848389 
4.921131610870361 
5.362766742706299 
4.95081901550293 
6.619394302368164 
6.213413715362549 
6.100271224975586 
5.085629463195801 
4.917138576507568 
4.9032111167907715 
4.955257415771484 
4.985367774963379 
5.0264668464660645 
4.978156566619873 
5.102705001831055 
5.3541579246521 
5.069062232971191 
6.9319539070129395 
10.292919158935547 
4.954070568084717 
5.086353302001953 
5.067913055419922 
6.238072395324707 
5.013650417327881 
5.160907745361328 
5.0857834815979 
6.055460453033447 
5.086343765258789 
5.004576206207275 
5.0464630126953125 
5.6960601806640625 
7.522356033325195 
5.137180805206299 
5.6981611251831055 
4.983058929443359 
7.408578395843506 
4.895840167999268 
5.0950188636779785 
5.177569389343262 
4.99025297164917 
5.493861675262451 
5.849530220031738 
4.913137912750244 
4.948138236999512 
5.117509365081787 
5.285862445831299 
5.164676666259766 
5.075709342956543 
4.961548805236816 
5.039275169372559 
5.150463104248047 
5.111069679260254 
5.264431953430176 
5.219449043273926 
5.109675407409668 
5.203829765319824 
5.104696273803711 
5.183189868927002 
5.0614237785339355 
5.3421759605407715 
5.109516143798828 
7.732320785522461 
5.003015518188477 
5.756682872772217 
5.899320125579834 
5.027860641479492 
4.911423683166504 
5.1806440353393555 
5.3084635734558105 
5.878039360046387 
7.466119766235352 
5.018596649169922 
4.989419937133789 
5.0296854972839355 
5.501428604125977 
5.14653205871582 
5.159347057342529 
5.019405364990234 
5.078020095825195 
5.1179304122924805 
5.1444783210754395 
4.993159770965576 
7.3279805183410645 
5.9499640464782715 
5.124993324279785 
4.990747928619385 
5.039616107940674 
6.775844573974609 
5.142580509185791 
5.012001991271973 
5.222002029418945 
4.896955490112305 
5.1427764892578125 
5.087014675140381 
5.027256488800049 
5.2630181312561035 
5.429248332977295 
7.004938125610352 
7.791107177734375 
5.118419647216797 
5.157768726348877 
6.074418067932129 
5.0516791343688965 
5.276675224304199 
5.060427665710449 
5.078307151794434 
5.4103875160217285 
5.349110126495361 
5.48499059677124 
4.93583869934082 
5.118775367736816 
5.136443614959717 
5.80679988861084 
5.201989650726318 
5.273321628570557 
4.954405307769775 
5.098438262939453 
5.165655136108398 
5.305956840515137 
4.992177486419678 
5.477505683898926 
5.051362037658691 
7.696383476257324 
5.273834228515625 
6.676730155944824 
7.23451042175293 
5.145277976989746 
6.900689125061035 
5.047416687011719 
6.557172775268555 
4.994649410247803 
6.968862533569336 
5.040132522583008 
5.104607105255127 
5.20709228515625 
4.952035427093506 
6.262144565582275 
5.2228474617004395 
5.021328926086426 
5.124697685241699 
5.675164699554443 
5.142341613769531 
5.107728004455566 
5.718357563018799 
5.049479007720947 
5.249264240264893 
4.9725847244262695 
5.035505294799805 
5.034399032592773 
8.77121353149414 
5.022348880767822 
5.069357395172119 
5.581268787384033 
5.083996295928955 
4.915358066558838 
5.2086944580078125 
6.082512855529785 
5.05609130859375 
5.141226291656494 
5.289769172668457 
6.369735240936279 
6.686112880706787 
5.060975074768066 
5.00895881652832 
5.117812633514404 
5.117240905761719 
4.992855072021484 
5.493861675262451 
5.0691819190979 
5.0378241539001465 
5.109404563903809 
5.493861675262451 
5.116633415222168 
5.010789394378662 
5.199158668518066 
7.844457626342773 
4.913057804107666 
4.860962867736816 
5.082798004150391 
4.966555595397949 
6.53909158706665 
5.493861675262451 
4.994883060455322 
4.9322710037231445 
4.9684271812438965 
4.848865985870361 
5.118645668029785 
7.7993927001953125 
4.960868835449219 
5.171658515930176 
4.991025924682617 
4.9242634773254395 
5.228211402893066 
5.493861675262451 
4.963842391967773 
5.152102470397949 
5.068728446960449 
4.875030040740967 
5.936747074127197 
7.404974937438965 
5.058013439178467 
6.51444149017334 
5.493861675262451 
5.075020790100098 
6.902218818664551 
5.544097423553467 
5.03400993347168 
5.182363510131836 
6.351114749908447 
4.817391395568848 
5.356303691864014 
5.117641448974609 
8.689139366149902 
5.499398708343506 
6.552108287811279 
4.966718673706055 
5.008484363555908 
4.968929290771484 
6.7967610359191895 
4.988675594329834 
5.311547756195068 
7.420870304107666 
5.0076141357421875 
5.161285877227783 
5.031445026397705 
4.950181484222412 
5.0359015464782715 
5.054939270019531 
5.008661270141602 
5.179388046264648 
5.0166215896606445 
6.947760581970215 
6.126504898071289 
5.098747253417969 
5.111850738525391 
5.169736862182617 
5.005237102508545 
5.222670555114746 
6.346118927001953 
5.025527477264404 
4.986886501312256 
4.877237796783447 
6.875055313110352 
5.086184024810791 
5.140724182128906 
5.017665386199951 
4.974514007568359 
5.16602897644043 
6.007314205169678 
5.349215030670166 
5.072457790374756 
5.721715927124023 
5.281388759613037 
5.085848331451416 
5.1473894119262695 
5.119516849517822 
5.048517227172852 
5.046108722686768 
5.262975215911865 
4.970058917999268 
5.145043849945068 
5.0959086418151855 
5.010920524597168 
5.035125732421875 
5.927189826965332 
7.543268203735352 
5.107842445373535 
4.998307228088379 
5.134120941162109 
5.155322551727295 
5.103536605834961 
8.286515235900879 
5.251118183135986 
5.298981666564941 
5.553663730621338 
5.493861675262451 
5.242172718048096 
5.162929534912109 
5.043932914733887 
5.077570915222168 
4.997159957885742 
5.159327507019043 
5.22210168838501 
5.493861675262451 
5.051684856414795 
4.953524589538574 
4.964702129364014 
5.493861675262451 
5.442704200744629 
6.713056564331055 
6.029325485229492 
5.316122055053711 
5.184075355529785 
6.387895584106445 
5.024468421936035 
4.937703609466553 
4.973886013031006 
4.983726978302002 
5.3506059646606445 
5.076290130615234 
5.048516273498535 
5.030106544494629 
4.9882354736328125 
6.318427085876465 
6.074376106262207 
5.028560161590576 
5.268752574920654 
5.493861675262451 
5.0685930252075195 
6.443562984466553 
5.149439811706543 
5.138605117797852 
6.863286972045898 
4.942134380340576 
5.02781867980957 
5.001091003417969 
5.046808242797852 
6.101452827453613 
5.17546272277832 
5.076146602630615 
5.179806709289551 
5.131516933441162 
4.920844554901123 
5.23593282699585 
7.282834053039551 
5.030153751373291 
4.962390422821045 
6.79171895980835 
7.381561279296875 
4.986690044403076 
5.493861675262451 
5.653268337249756 
6.592501640319824 
6.183942794799805 
5.083560943603516 
5.000216960906982 
5.2079949378967285 
5.122704982757568 
4.995764255523682 
5.126822471618652 
5.0032172203063965 
5.389071464538574 
5.700595855712891 
6.203083038330078 
5.829150676727295 
4.797263145446777 
4.728286266326904 
5.105574131011963 
5.024910926818848 
8.070903778076172 
4.961038589477539 
5.181512832641602 
4.978139877319336 
4.961036682128906 
5.297903537750244 
7.000737190246582 
5.188414573669434 
5.107802867889404 
5.007883548736572 
7.409909725189209 
8.137726783752441 
5.037843704223633 
5.380912780761719 
5.312999248504639 
4.952376842498779 
5.058104038238525 
5.2029523849487305 
4.930893421173096 
5.080466270446777 
5.185905456542969 
5.666131019592285 
5.2360148429870605 
6.451139450073242 
5.1210713386535645 
5.007514953613281 
4.9402546882629395 
5.1287922859191895 
5.012210845947266 
6.712407112121582 
5.467442989349365 
6.359899520874023 
7.177806854248047 
5.071576118469238 
7.689380645751953 
5.0959601402282715 
5.0076704025268555 
5.003432273864746 
5.13515567779541 
4.988088130950928 
5.138517379760742 
5.0266828536987305 
5.275454044342041 
4.984408378601074 
5.0624518394470215 
5.307365417480469 
5.078053951263428 
5.0138702392578125 
5.012462139129639 
5.006657123565674 
5.739809513092041 
6.47776985168457 
5.130866527557373 
5.652145862579346 
6.275590419769287 
5.011938095092773 
5.493861675262451 
5.068221092224121 
