5.684454441070557 
5.074261665344238 
5.683186054229736 
5.507205009460449 
5.050387382507324 
5.214116096496582 
5.440532207489014 
5.013155460357666 
5.155910491943359 
5.185661792755127 
5.163640975952148 
4.9875168800354 
5.520138740539551 
5.390402317047119 
5.1451520919799805 
5.550578594207764 
5.28795051574707 
4.935131072998047 
4.959141254425049 
5.318565845489502 
5.309750556945801 
5.395414352416992 
5.77876091003418 
6.649766445159912 
5.086663246154785 
6.856966495513916 
5.2477521896362305 
6.209579944610596 
5.075130939483643 
5.667198181152344 
5.115290641784668 
5.100562572479248 
7.120903015136719 
5.129629611968994 
4.935671329498291 
4.956288814544678 
5.011878967285156 
4.841487407684326 
8.352554321289062 
5.987747669219971 
5.195641040802002 
5.77876091003418 
4.962823867797852 
5.032423496246338 
5.990449905395508 
5.168926239013672 
5.212833881378174 
4.983145236968994 
5.058610916137695 
5.082121849060059 
5.522961616516113 
4.985698699951172 
5.093005180358887 
5.03948974609375 
5.036382675170898 
4.998676300048828 
5.1846232414245605 
5.094839572906494 
5.1466474533081055 
5.690162181854248 
5.696346759796143 
4.849062442779541 
5.139849662780762 
6.0083537101745605 
5.08151388168335 
6.855198860168457 
5.083497047424316 
5.183754920959473 
5.009359836578369 
5.1100616455078125 
5.166787624359131 
5.165432453155518 
4.950662136077881 
5.120124816894531 
5.134988784790039 
6.657676696777344 
5.4833550453186035 
4.9390411376953125 
5.77876091003418 
8.468732833862305 
6.846217155456543 
6.26478910446167 
5.388448715209961 
5.794085502624512 
5.239894866943359 
5.079887390136719 
5.134122371673584 
5.180627346038818 
5.0463409423828125 
5.096741676330566 
5.2005615234375 
5.064741611480713 
4.967005252838135 
5.005720138549805 
8.378905296325684 
4.9964447021484375 
6.812521934509277 
5.167593955993652 
5.058962821960449 
5.186961650848389 
5.060111045837402 
5.05650520324707 
5.77876091003418 
5.541320323944092 
4.792830944061279 
5.992217540740967 
5.069815635681152 
6.246130466461182 
5.887766361236572 
5.01625919342041 
4.874992370605469 
5.041807651519775 
5.018788814544678 
5.062808036804199 
4.976880073547363 
5.120581150054932 
6.362048149108887 
6.94091272354126 
5.041344165802002 
4.917426109313965 
5.103972434997559 
5.1265459060668945 
5.154487609863281 
5.051955223083496 
7.6764326095581055 
7.129768371582031 
6.591991901397705 
5.112903118133545 
5.002076148986816 
5.000356674194336 
5.245500087738037 
5.114285945892334 
5.4103102684021 
5.13103723526001 
5.329747200012207 
5.203138828277588 
7.4129791259765625 
5.184887409210205 
5.06492280960083 
7.360971927642822 
5.203444480895996 
5.130715370178223 
5.015427112579346 
5.087018966674805 
5.119349956512451 
4.978476047515869 
5.005165100097656 
5.022184371948242 
7.308250904083252 
5.04633903503418 
5.0436906814575195 
5.77876091003418 
6.889500141143799 
5.610895156860352 
7.611761569976807 
5.751237392425537 
7.101071834564209 
5.049902439117432 
5.67315673828125 
6.212261199951172 
6.248724937438965 
4.966180801391602 
5.161172389984131 
5.111669063568115 
5.870333194732666 
5.104986667633057 
5.041097640991211 
5.208426475524902 
7.231340408325195 
5.060173511505127 
4.928728103637695 
5.062829971313477 
5.428521633148193 
5.716210842132568 
4.9654998779296875 
5.355008125305176 
4.955615997314453 
6.256812572479248 
4.898377895355225 
4.937710285186768 
5.143324375152588 
5.120741844177246 
5.057520389556885 
5.164092063903809 
6.506924152374268 
5.091796398162842 
5.0311598777771 
5.006662368774414 
4.888391494750977 
5.152916431427002 
6.811764717102051 
5.159686088562012 
4.98408842086792 
5.086312770843506 
5.091099262237549 
4.976794719696045 
5.257974147796631 
5.099004745483398 
7.192291259765625 
7.984915733337402 
5.355197429656982 
6.535574913024902 
4.928128242492676 
5.007680892944336 
5.296213150024414 
6.9901533126831055 
5.002352714538574 
5.1081085205078125 
7.159763336181641 
5.038066387176514 
6.714634895324707 
7.494004249572754 
5.182368755340576 
5.127248764038086 
5.0342817306518555 
5.02824068069458 
5.226329326629639 
6.224842071533203 
5.02959680557251 
5.169717311859131 
5.043868064880371 
4.962392807006836 
5.77876091003418 
5.251898288726807 
5.156260013580322 
5.507984638214111 
5.032844543457031 
5.111676216125488 
5.074079513549805 
5.016281604766846 
5.114203453063965 
5.208820343017578 
5.100591659545898 
5.77876091003418 
5.13624906539917 
5.055881500244141 
5.598343849182129 
5.0756707191467285 
7.45976448059082 
5.074419021606445 
5.11553430557251 
5.1988654136657715 
4.9429121017456055 
7.323687553405762 
5.110857009887695 
5.652281284332275 
5.067468643188477 
5.184072494506836 
5.040072917938232 
5.146609306335449 
6.509143829345703 
5.113630294799805 
5.230870246887207 
5.970478534698486 
5.118187427520752 
5.325002193450928 
5.0433478355407715 
7.538634300231934 
5.159322261810303 
7.285516738891602 
6.977555751800537 
5.023666858673096 
5.066248416900635 
5.170464515686035 
5.141660213470459 
4.992092609405518 
5.072151184082031 
4.863086700439453 
5.088285446166992 
7.74426794052124 
5.014404296875 
5.1092963218688965 
7.610998153686523 
5.056025505065918 
5.01852560043335 
4.946718215942383 
5.047876834869385 
4.9732255935668945 
5.348409175872803 
6.235601902008057 
5.183417797088623 
5.112632751464844 
5.792232036590576 
5.036865711212158 
5.229948997497559 
5.180857181549072 
4.923487186431885 
4.92328405380249 
5.536585807800293 
8.001750946044922 
5.5774641036987305 
5.04077672958374 
7.6202898025512695 
6.933901786804199 
5.169612407684326 
5.164560317993164 
5.095222473144531 
5.049074649810791 
5.108253002166748 
5.63965368270874 
5.05872917175293 
5.77876091003418 
4.998352527618408 
5.77876091003418 
5.215254306793213 
5.118808269500732 
4.8986406326293945 
5.577382564544678 
5.281618118286133 
5.072957992553711 
5.0591888427734375 
5.003316879272461 
5.205327033996582 
6.4837799072265625 
5.0856218338012695 
5.274069786071777 
5.182323932647705 
5.084928512573242 
5.77876091003418 
4.847950458526611 
5.1172075271606445 
5.061695575714111 
5.015844345092773 
5.024862766265869 
6.166393280029297 
5.100599765777588 
5.059981346130371 
6.046001434326172 
5.145153522491455 
4.985386848449707 
5.433739185333252 
5.05301570892334 
5.087007522583008 
5.224294662475586 
5.1039814949035645 
5.092111587524414 
4.909819602966309 
4.978082656860352 
5.229677677154541 
4.987010955810547 
4.934401035308838 
7.304056644439697 
5.038484573364258 
5.012640953063965 
4.984746932983398 
5.046947002410889 
5.0032477378845215 
5.121287822723389 
4.954642295837402 
5.943297386169434 
5.125641822814941 
5.069048881530762 
5.060873985290527 
5.187312126159668 
5.015536308288574 
5.08441686630249 
5.016716480255127 
5.092169761657715 
6.701476097106934 
5.735200881958008 
5.118808269500732 
5.371984481811523 
4.964616298675537 
5.215024948120117 
6.683698654174805 
4.975308895111084 
4.858717918395996 
6.321636199951172 
5.057671070098877 
6.081457614898682 
5.1463541984558105 
5.065315246582031 
5.77876091003418 
5.77876091003418 
5.043137073516846 
5.07996129989624 
5.124903678894043 
5.050152778625488 
4.925898551940918 
5.130064964294434 
5.055446624755859 
5.2350969314575195 
5.024547576904297 
4.987685680389404 
5.034172534942627 
6.387511730194092 
5.157238483428955 
5.055895805358887 
7.663383960723877 
5.032681465148926 
5.017788887023926 
5.052090167999268 
7.190212726593018 
5.083298683166504 
5.034653663635254 
5.075217247009277 
5.032358646392822 
4.986217975616455 
5.175731658935547 
5.159040927886963 
4.999682903289795 
5.0850043296813965 
5.0421857833862305 
4.967299461364746 
7.1526103019714355 
5.059938430786133 
5.149222373962402 
5.565982818603516 
5.025625228881836 
7.0594024658203125 
5.044137954711914 
5.00577449798584 
5.082571983337402 
4.965604782104492 
6.589658260345459 
5.980012893676758 
5.1931023597717285 
6.520977973937988 
5.0256147384643555 
6.1911234855651855 
8.768157005310059 
5.108903408050537 
5.1678338050842285 
4.7268967628479 
4.931005477905273 
5.199453353881836 
4.960355281829834 
5.118873596191406 
4.928686141967773 
5.041357517242432 
5.100587368011475 
5.267435073852539 
5.77876091003418 
5.856235027313232 
7.547959327697754 
5.048928260803223 
5.109477519989014 
5.194958209991455 
5.3111724853515625 
5.77876091003418 
5.112813472747803 
5.028286933898926 
5.402410984039307 
5.144531726837158 
5.684650897979736 
5.0103654861450195 
6.622741222381592 
5.203493118286133 
5.017754554748535 
5.138787269592285 
4.990433216094971 
5.508032321929932 
5.522521495819092 
5.399058818817139 
5.103426933288574 
5.089409828186035 
5.063183307647705 
5.2645792961120605 
5.77876091003418 
5.194276332855225 
5.682931423187256 
5.015966892242432 
5.152563095092773 
6.738792419433594 
5.114267349243164 
5.097234725952148 
4.9491496086120605 
5.0008463859558105 
5.07045316696167 
4.977717399597168 
5.282087326049805 
5.067477226257324 
5.020957946777344 
5.6998701095581055 
5.67273473739624 
5.180301189422607 
5.03049373626709 
5.169013023376465 
5.172089099884033 
5.120820045471191 
6.90749454498291 
5.422409534454346 
5.013721942901611 
5.1051926612854 
4.9138922691345215 
5.01143217086792 
5.444159507751465 
6.575202465057373 
5.040193557739258 
5.002431392669678 
4.993075847625732 
5.057102680206299 
5.0148606300354 
5.04374885559082 
4.970030784606934 
5.02675199508667 
5.089277744293213 
5.024900436401367 
5.13893461227417 
5.115567684173584 
5.77876091003418 
5.019496440887451 
5.1232099533081055 
5.199352264404297 
4.9967732429504395 
5.195285797119141 
5.026415824890137 
4.970952987670898 
5.038579940795898 
5.899348258972168 
6.716479301452637 
6.796044826507568 
5.0675048828125 
5.115084171295166 
5.087955474853516 
5.103326320648193 
5.138234615325928 
5.103151798248291 
5.051036834716797 
5.097792625427246 
5.250202655792236 
5.121217250823975 
4.995612621307373 
5.143552303314209 
5.07424783706665 
5.046548843383789 
5.77876091003418 
5.102543830871582 
7.740832328796387 
5.066289901733398 
5.217313766479492 
6.342416286468506 
5.622007846832275 
5.092775821685791 
6.092317581176758 
5.178197860717773 
4.977871417999268 
5.852771282196045 
5.0324320793151855 
5.195944786071777 
4.943673610687256 
5.00457239151001 
5.040127754211426 
5.272073268890381 
5.052268028259277 
5.042872428894043 
5.025660037994385 
5.072580814361572 
5.120301246643066 
5.889893054962158 
7.986308574676514 
6.232933521270752 
5.204418659210205 
6.06185245513916 
4.991852760314941 
6.085004806518555 
5.12602424621582 
4.911036014556885 
5.088631629943848 
5.736912727355957 
4.972604274749756 
6.063554286956787 
4.982482433319092 
5.073755741119385 
5.170141220092773 
5.144752502441406 
5.195018768310547 
5.656129837036133 
5.058642387390137 
5.114076614379883 
4.990691661834717 
4.985075950622559 
7.946173667907715 
5.777423858642578 
5.607223987579346 
4.997034072875977 
8.66269302368164 
7.615846633911133 
5.19049596786499 
5.338056564331055 
4.924929141998291 
5.0759453773498535 
5.084646224975586 
5.088985443115234 
5.087553024291992 
6.873385906219482 
6.26561975479126 
5.889436721801758 
5.076181888580322 
5.04592227935791 
4.972756385803223 
5.77876091003418 
4.971288204193115 
5.7219061851501465 
5.855349063873291 
5.148967266082764 
5.120272636413574 
5.142376899719238 
5.389767646789551 
5.1127238273620605 
5.173402786254883 
5.1650214195251465 
4.913954734802246 
6.430760383605957 
5.242884635925293 
8.312049865722656 
5.458564758300781 
4.9758687019348145 
5.071402072906494 
5.284747123718262 
5.494915962219238 
5.067455291748047 
5.341195583343506 
5.200007915496826 
5.270719051361084 
5.136376857757568 
5.06715202331543 
5.600597381591797 
5.01719856262207 
5.191336631774902 
4.992863655090332 
4.895219326019287 
4.984347343444824 
4.7248029708862305 
5.488011360168457 
5.2927422523498535 
5.386791229248047 
5.1433305740356445 
5.555186748504639 
5.000720977783203 
7.32617712020874 
5.028502941131592 
5.585450172424316 
5.235441207885742 
6.6887102127075195 
5.077606678009033 
5.219112873077393 
5.879751682281494 
5.9000115394592285 
5.167178630828857 
5.010499954223633 
5.013908863067627 
5.203851699829102 
6.150689125061035 
5.061771869659424 
5.314477920532227 
5.583305358886719 
6.048113822937012 
5.039829254150391 
5.05816125869751 
6.123934745788574 
4.986854553222656 
5.150171756744385 
5.267589569091797 
5.1069464683532715 
5.055052280426025 
6.4458112716674805 
5.365821838378906 
9.369308471679688 
5.264371395111084 
5.11508846282959 
5.0117340087890625 
6.34081506729126 
5.048879146575928 
6.159688949584961 
5.055130481719971 
5.04653787612915 
5.075323104858398 
5.328435897827148 
6.788217544555664 
5.086567401885986 
5.453777313232422 
5.086453437805176 
4.946086883544922 
5.081976890563965 
5.011108875274658 
5.221095085144043 
5.142149925231934 
4.880347728729248 
5.348925590515137 
5.240932464599609 
5.07241678237915 
5.063469409942627 
5.227849006652832 
5.129173755645752 
5.175064563751221 
5.070405006408691 
4.947551250457764 
5.205628395080566 
6.193972110748291 
5.177433967590332 
5.185737133026123 
5.777098178863525 
5.043618679046631 
6.860467433929443 
5.101963520050049 
5.020589351654053 
5.118655681610107 
5.063810348510742 
5.107739448547363 
4.968614101409912 
7.460509777069092 
4.815822124481201 
5.081546783447266 
5.135631561279297 
5.191819190979004 
5.043749809265137 
6.156999111175537 
4.867963790893555 
5.232697010040283 
4.912280559539795 
5.107815742492676 
5.09079647064209 
4.875744342803955 
5.189777374267578 
5.031124591827393 
5.23183536529541 
5.038161277770996 
5.253511905670166 
5.069615364074707 
5.243473052978516 
5.266290664672852 
6.718866348266602 
5.217700004577637 
5.073511123657227 
5.089939117431641 
5.086118221282959 
6.515811920166016 
5.066885948181152 
7.712956428527832 
6.376518726348877 
5.238951206207275 
5.107082843780518 
5.046605110168457 
6.368401050567627 
5.211609363555908 
5.114473342895508 
6.78415584564209 
7.09868049621582 
5.37615442276001 
6.064700603485107 
5.267171859741211 
5.312323570251465 
4.948319911956787 
5.112298965454102 
5.016050338745117 
5.080173015594482 
5.876194000244141 
4.996280670166016 
5.77876091003418 
5.088718414306641 
5.162147521972656 
6.812591075897217 
5.185735702514648 
5.77876091003418 
5.064646244049072 
5.092051029205322 
6.7278571128845215 
9.040071487426758 
4.9550089836120605 
5.0148210525512695 
5.024764537811279 
5.002070903778076 
5.082953453063965 
5.518404006958008 
4.956946849822998 
5.476200103759766 
4.966153144836426 
5.065369129180908 
6.058585166931152 
7.153595924377441 
7.058627128601074 
5.044188976287842 
5.245395660400391 
5.047074794769287 
4.973343849182129 
4.914323806762695 
5.071498870849609 
5.063259601593018 
5.208510398864746 
4.945711135864258 
5.353725910186768 
5.0419511795043945 
4.857366561889648 
5.073785781860352 
5.046953201293945 
5.148449420928955 
5.196249008178711 
5.1852192878723145 
5.00443172454834 
6.769590377807617 
5.090484619140625 
5.00128173828125 
7.724857330322266 
6.976304531097412 
5.206284046173096 
5.77876091003418 
5.17647123336792 
5.043591022491455 
5.125452041625977 
5.1004109382629395 
5.195847511291504 
5.191714763641357 
4.991564750671387 
5.264263153076172 
5.2878193855285645 
5.195298194885254 
5.228901386260986 
5.931324481964111 
4.951559066772461 
4.997457027435303 
5.042286396026611 
5.77876091003418 
5.084951877593994 
4.87916374206543 
5.044593811035156 
7.437026500701904 
5.074506759643555 
5.188554763793945 
5.066803932189941 
5.120426177978516 
5.144649982452393 
6.728660583496094 
5.222983360290527 
5.443078517913818 
4.999485492706299 
6.336942672729492 
7.361841678619385 
5.029156684875488 
5.085402488708496 
5.77876091003418 
5.060690879821777 
4.997473239898682 
5.5648722648620605 
5.606168270111084 
5.110933303833008 
4.991252422332764 
5.158273696899414 
5.032652854919434 
4.776249885559082 
5.271150588989258 
7.401589393615723 
4.951433181762695 
4.986021041870117 
5.0193963050842285 
5.002657413482666 
5.540726184844971 
5.050739288330078 
5.013487815856934 
5.803504467010498 
4.872166156768799 
5.308162689208984 
6.484594345092773 
6.023399353027344 
4.898703575134277 
5.0515570640563965 
5.190806865692139 
5.060358047485352 
4.939920425415039 
5.120737075805664 
6.4471049308776855 
5.126394271850586 
5.33684778213501 
5.144399642944336 
6.859988689422607 
5.356805324554443 
5.00075626373291 
4.984395503997803 
5.141597270965576 
5.006093502044678 
6.582730770111084 
5.011674880981445 
5.608950614929199 
5.205006122589111 
5.4542236328125 
5.222167491912842 
5.121126651763916 
5.072651386260986 
5.082459449768066 
5.2296462059021 
7.1197638511657715 
5.169796466827393 
5.0691070556640625 
5.0474162101745605 
5.4876251220703125 
5.329585075378418 
5.877932548522949 
5.0962114334106445 
5.082123756408691 
5.419978141784668 
5.224838733673096 
5.025101661682129 
5.0519609451293945 
5.046762466430664 
5.029980182647705 
4.9690446853637695 
4.967682838439941 
5.824111461639404 
6.4566192626953125 
5.275184631347656 
7.185649871826172 
4.840332984924316 
5.77876091003418 
5.000210762023926 
5.123721122741699 
5.1177659034729 
6.637001037597656 
5.250176906585693 
5.5537261962890625 
5.77876091003418 
5.784467697143555 
6.942166328430176 
4.907881736755371 
4.994986534118652 
4.9923787117004395 
5.100747108459473 
5.01918363571167 
5.129534721374512 
6.183187007904053 
5.128906726837158 
5.1309967041015625 
5.416164875030518 
5.073127746582031 
5.105470180511475 
5.051360130310059 
5.77876091003418 
5.090314865112305 
4.997539520263672 
5.259958744049072 
5.297731399536133 
5.231130123138428 
4.982629299163818 
6.440195083618164 
5.1460723876953125 
5.009260177612305 
5.069769859313965 
4.990240573883057 
5.276951313018799 
6.1010422706604 
8.380029678344727 
5.068671226501465 
5.1272196769714355 
4.922433376312256 
5.107171535491943 
4.951535701751709 
5.124629020690918 
5.073955059051514 
5.1017985343933105 
7.068793773651123 
6.982764720916748 
5.257491588592529 
5.474526405334473 
8.529925346374512 
5.4227447509765625 
7.708502769470215 
4.977157115936279 
5.331133842468262 
5.064162731170654 
5.2295660972595215 
5.878432273864746 
5.0936198234558105 
7.145536422729492 
5.032542705535889 
4.9856157302856445 
6.771312236785889 
5.117265224456787 
6.336661338806152 
5.189176559448242 
5.349201202392578 
5.165855884552002 
5.128741264343262 
5.134651184082031 
5.005057334899902 
5.28265380859375 
5.472095012664795 
5.863518714904785 
6.551689147949219 
5.161461353302002 
5.159266948699951 
5.121303081512451 
4.881495475769043 
5.418518543243408 
5.050261974334717 
4.983630657196045 
4.996006011962891 
5.132039546966553 
5.549204349517822 
5.013111591339111 
5.315943717956543 
5.010799407958984 
5.051058292388916 
5.452881813049316 
5.188785552978516 
4.935830116271973 
5.2451066970825195 
5.05757474899292 
5.151352882385254 
5.104736328125 
4.797443389892578 
4.772645950317383 
5.380597114562988 
4.996814250946045 
5.028204441070557 
5.071755409240723 
5.2653703689575195 
5.762458324432373 
5.09382963180542 
5.017397880554199 
6.1194868087768555 
5.172453880310059 
5.136098384857178 
6.585002899169922 
6.2119140625 
5.10667610168457 
6.026811599731445 
5.080478668212891 
5.009199619293213 
5.167262077331543 
6.235568046569824 
5.154085636138916 
5.117166042327881 
5.023354530334473 
5.07238245010376 
5.184597492218018 
5.4797844886779785 
5.0008745193481445 
5.044561386108398 
5.133379936218262 
4.99016809463501 
5.0755133628845215 
5.122745513916016 
5.012903213500977 
5.0165205001831055 
6.486933708190918 
5.199061870574951 
5.05586576461792 
6.672131538391113 
5.043266773223877 
6.1359639167785645 
5.105924606323242 
5.043153762817383 
5.04022216796875 
5.187716007232666 
5.515546798706055 
5.056976795196533 
5.089969158172607 
5.6167311668396 
5.063593864440918 
5.174175262451172 
5.090041160583496 
4.955740928649902 
5.095531940460205 
6.339835166931152 
5.059327602386475 
6.26168966293335 
5.24855899810791 
5.0409016609191895 
6.2647247314453125 
5.454164505004883 
5.174250602722168 
5.067962169647217 
5.0985612869262695 
5.124146938323975 
5.684874534606934 
5.030828952789307 
5.086917400360107 
4.996748447418213 
5.159508228302002 
5.11785888671875 
4.934901714324951 
5.050550937652588 
5.197343349456787 
5.143796920776367 
5.155311584472656 
5.115429878234863 
5.3251447677612305 
5.01063346862793 
4.99433708190918 
5.266547203063965 
5.044939041137695 
5.051788330078125 
5.140388488769531 
5.031467914581299 
5.10640811920166 
5.05564022064209 
5.013368606567383 
6.7230329513549805 
5.106316566467285 
5.275849342346191 
5.253657817840576 
5.076500415802002 
5.060942649841309 
5.381308078765869 
6.3949294090271 
6.455087661743164 
6.727172374725342 
5.0312581062316895 
5.222829341888428 
5.075312614440918 
5.383500576019287 
5.243371486663818 
8.150418281555176 
5.154490947723389 
5.132976531982422 
5.111688137054443 
5.2632856369018555 
5.137261390686035 
5.3752593994140625 
5.003305435180664 
5.1909637451171875 
5.3336100578308105 
5.136883735656738 
4.978372097015381 
5.048975944519043 
5.043803691864014 
5.338353157043457 
4.9187116622924805 
5.019479751586914 
6.452688694000244 
6.3647637367248535 
5.16070556640625 
4.954519271850586 
5.11137056350708 
6.246252536773682 
4.963325500488281 
5.13908576965332 
7.985502243041992 
5.020489692687988 
5.351120948791504 
5.006874084472656 
4.874387741088867 
7.023882865905762 
5.668067455291748 
7.09075403213501 
5.127723217010498 
5.020166397094727 
5.409149169921875 
5.108658790588379 
5.197113513946533 
7.150775909423828 
5.154181003570557 
5.079788684844971 
4.930828094482422 
5.0335588455200195 
5.207826137542725 
5.0501532554626465 
8.795395851135254 
5.099330902099609 
5.0354719161987305 
4.969166278839111 
5.037709712982178 
5.0083723068237305 
5.00640869140625 
5.003568172454834 
5.354366779327393 
6.012697219848633 
6.831707954406738 
5.430075168609619 
5.238748550415039 
4.936147689819336 
5.871053218841553 
5.031760215759277 
4.9139227867126465 
5.057343482971191 
5.031601905822754 
5.502288818359375 
5.221809387207031 
5.070423603057861 
5.390550136566162 
5.028573036193848 
6.6052422523498535 
7.932910442352295 
4.940630912780762 
5.026573657989502 
4.987307548522949 
5.153151035308838 
5.1774210929870605 
6.224667072296143 
5.090096473693848 
5.149564266204834 
5.038469314575195 
5.073922157287598 
5.2372283935546875 
4.8479533195495605 
5.127719402313232 
5.1467132568359375 
5.034180641174316 
5.368494510650635 
6.741644859313965 
5.058676719665527 
5.231353759765625 
5.168359279632568 
5.017061710357666 
7.685218334197998 
4.895702362060547 
5.038006782531738 
6.39240837097168 
5.297220706939697 
5.092745304107666 
6.860030651092529 
4.958976745605469 
6.729736804962158 
5.5141987800598145 
5.065598487854004 
5.186263084411621 
5.030200004577637 
5.002340793609619 
4.989361763000488 
4.926340579986572 
5.392719745635986 
6.349618911743164 
5.77876091003418 
5.018749713897705 
4.9755754470825195 
5.238070011138916 
5.105084419250488 
5.046080112457275 
5.201971530914307 
5.394927501678467 
4.997473239898682 
5.178216457366943 
5.046308994293213 
4.981069564819336 
5.021484851837158 
5.091925144195557 
5.69237756729126 
5.216516494750977 
5.040139198303223 
5.508007049560547 
5.0643181800842285 
5.319406032562256 
4.886257171630859 
5.043822288513184 
6.741851806640625 
5.221505641937256 
5.016866207122803 
5.030399322509766 
5.549190998077393 
5.044312953948975 
5.154965400695801 
5.561279296875 
5.098337173461914 
5.954235076904297 
5.299911975860596 
5.0680999755859375 
5.104916572570801 
5.116463661193848 
5.260655403137207 
7.125179290771484 
5.742572784423828 
5.296686172485352 
4.95926570892334 
5.06893253326416 
5.0879058837890625 
5.43092679977417 
5.056573867797852 
4.947914123535156 
6.608389377593994 
5.172539710998535 
5.037535190582275 
7.6952667236328125 
5.149471759796143 
5.028188228607178 
5.064245223999023 
5.721419334411621 
6.3887434005737305 
5.926021099090576 
5.161203384399414 
5.0806074142456055 
4.913873672485352 
5.956397533416748 
5.065519332885742 
7.362167835235596 
5.329207420349121 
5.441849231719971 
5.021785259246826 
5.2397685050964355 
5.06727933883667 
5.596490859985352 
4.98534631729126 
5.925366401672363 
5.063904762268066 
5.857558727264404 
4.95136833190918 
4.8824849128723145 
5.083680629730225 
5.607544422149658 
5.2371439933776855 
4.978776931762695 
5.77876091003418 
5.347227096557617 
5.003386974334717 
4.965219020843506 
5.009654521942139 
5.030078411102295 
7.011926174163818 
5.108335494995117 
5.218653202056885 
8.12026309967041 
5.487950801849365 
4.9978227615356445 
6.587529182434082 
6.797855377197266 
5.77876091003418 
5.812648773193359 
4.833655834197998 
5.0423583984375 
5.14970064163208 
4.892917633056641 
5.07034969329834 
5.076307773590088 
4.9741106033325195 
5.77876091003418 
5.060267448425293 
6.550942420959473 
5.085019111633301 
8.07831859588623 
5.049126625061035 
5.08798885345459 
5.074627876281738 
4.938370704650879 
5.579131603240967 
5.070468425750732 
6.476629257202148 
5.434508800506592 
5.849033355712891 
4.9358673095703125 
4.9564948081970215 
5.754248142242432 
5.0972394943237305 
4.896240234375 
5.017674922943115 
5.027259826660156 
5.076214790344238 
5.029539585113525 
5.926069259643555 
5.005987167358398 
5.08232307434082 
5.169393062591553 
5.028902053833008 
5.365817070007324 
5.126599311828613 
5.041259765625 
5.870717525482178 
5.171702861785889 
8.10645580291748 
5.1785993576049805 
5.4179277420043945 
5.007165908813477 
4.852914810180664 
5.071954250335693 
5.054685592651367 
5.0974273681640625 
5.115215301513672 
6.092407703399658 
5.653155326843262 
4.949009418487549 
4.999314308166504 
5.16112756729126 
5.77876091003418 
5.065274715423584 
5.043600082397461 
5.062530517578125 
5.158346176147461 
4.942024230957031 
5.969809055328369 
5.069094657897949 
7.009329795837402 
6.11088228225708 
5.117682456970215 
5.02872371673584 
4.984802722930908 
5.015439033508301 
5.112659454345703 
5.850644111633301 
5.037694931030273 
5.1134538650512695 
5.144728660583496 
5.159466743469238 
5.102659225463867 
5.146795272827148 
5.657064437866211 
5.0571465492248535 
5.245200157165527 
5.129891395568848 
4.967044830322266 
5.298278331756592 
5.213869571685791 
5.239286422729492 
5.751646041870117 
5.524635314941406 
6.223515510559082 
7.036769390106201 
5.379101753234863 
5.090873718261719 
5.361650466918945 
5.091922760009766 
5.95894718170166 
5.01798152923584 
5.011734962463379 
5.188332557678223 
6.488083839416504 
5.107294082641602 
7.560208320617676 
5.008118152618408 
5.1625165939331055 
5.841574668884277 
5.015316963195801 
5.343816757202148 
4.970390796661377 
5.090014934539795 
5.0335259437561035 
4.928545951843262 
5.113008499145508 
5.307672023773193 
5.338807582855225 
7.308523654937744 
4.979532718658447 
5.386082172393799 
5.515102386474609 
6.355040550231934 
5.008729934692383 
4.960658550262451 
5.097690582275391 
5.060983657836914 
4.940182209014893 
5.212067127227783 
4.9325737953186035 
5.116402626037598 
4.971500873565674 
5.195880889892578 
5.0930914878845215 
5.178586483001709 
6.0954084396362305 
5.185841083526611 
5.375298976898193 
5.1605048179626465 
5.759190559387207 
5.684017658233643 
6.580799102783203 
6.983083724975586 
4.952263355255127 
5.127448081970215 
5.6255950927734375 
5.982137203216553 
5.149450778961182 
5.089123249053955 
5.656473636627197 
5.110869884490967 
5.108948707580566 
5.610293388366699 
5.457561492919922 
4.940649032592773 
5.112729072570801 
4.961956024169922 
5.01143741607666 
4.978744029998779 
4.974338054656982 
5.061013698577881 
5.056146621704102 
5.202504634857178 
5.1805620193481445 
5.056320667266846 
5.046266078948975 
4.996842861175537 
5.807257175445557 
6.445114612579346 
5.047595024108887 
5.900396823883057 
4.982780456542969 
5.094121932983398 
6.112825393676758 
4.962766170501709 
5.102621078491211 
5.267446041107178 
6.746108055114746 
5.420315742492676 
5.1503095626831055 
5.1489057540893555 
5.1071977615356445 
5.154494762420654 
5.185988903045654 
6.834662914276123 
5.37560510635376 
5.2173380851745605 
5.134519577026367 
7.159448623657227 
7.240670680999756 
4.977881908416748 
5.153754711151123 
4.863361358642578 
6.992584228515625 
6.414132118225098 
4.9145026206970215 
5.049239635467529 
5.40465784072876 
5.6732072830200195 
4.996672630310059 
5.858613967895508 
5.304576396942139 
5.02841329574585 
4.949828147888184 
5.50346565246582 
5.77876091003418 
5.77876091003418 
7.242832660675049 
7.007198333740234 
6.5958027839660645 
5.222023010253906 
5.038785934448242 
5.420831680297852 
5.054210186004639 
5.0917840003967285 
5.755545139312744 
5.149810791015625 
5.07130241394043 
4.954991340637207 
5.014450550079346 
5.0374650955200195 
4.797440052032471 
5.132646083831787 
6.538177967071533 
5.256458759307861 
4.931128025054932 
5.009911060333252 
5.77876091003418 
5.015512466430664 
7.53395938873291 
4.938338756561279 
5.063765048980713 
5.146864891052246 
4.977039813995361 
5.77876091003418 
5.200595378875732 
5.03464412689209 
4.994142532348633 
5.871273040771484 
5.46469259262085 
5.053547382354736 
6.909060955047607 
5.77876091003418 
5.004546642303467 
5.082911491394043 
5.650679588317871 
5.181304454803467 
5.068053245544434 
4.984767913818359 
7.491859436035156 
5.279050350189209 
5.052125930786133 
5.0408616065979 
5.112879276275635 
5.538309574127197 
5.185981273651123 
5.053955078125 
6.294602394104004 
6.885363578796387 
4.9826788902282715 
5.13707160949707 
4.780292987823486 
5.047022819519043 
6.145692348480225 
5.1175336837768555 
5.123875617980957 
5.035991668701172 
6.400503635406494 
5.137892723083496 
5.134783744812012 
5.129665374755859 
5.088630676269531 
5.185614109039307 
5.093535423278809 
7.230020523071289 
5.287996768951416 
5.02593994140625 
5.089940071105957 
5.033154487609863 
5.233358383178711 
5.047032356262207 
5.134680271148682 
4.97890567779541 
5.156217098236084 
5.13309383392334 
5.253139495849609 
5.572253227233887 
5.1254143714904785 
5.114626884460449 
5.77876091003418 
5.078837871551514 
5.01566743850708 
4.9616804122924805 
5.045009613037109 
5.064167022705078 
5.3052520751953125 
5.304617881774902 
4.992647647857666 
5.018246173858643 
5.094338417053223 
5.108422756195068 
5.869168758392334 
4.894763946533203 
5.751158714294434 
5.752318859100342 
5.0296549797058105 
5.061970233917236 
5.055464744567871 
4.9413299560546875 
7.437804222106934 
5.288238525390625 
5.0182390213012695 
5.230767250061035 
5.969247817993164 
6.392903804779053 
5.091615676879883 
5.207333564758301 
7.091020107269287 
5.1104559898376465 
5.05930757522583 
6.27352237701416 
4.944766521453857 
5.035150527954102 
5.100374698638916 
5.046084880828857 
8.07775592803955 
5.064188003540039 
5.686882972717285 
5.43370246887207 
5.146949768066406 
6.360860824584961 
5.77876091003418 
4.96846866607666 
6.724589824676514 
5.886645317077637 
6.3549418449401855 
6.644237041473389 
5.1375603675842285 
4.965459823608398 
5.293583393096924 
5.056511402130127 
5.034182071685791 
6.509268760681152 
5.548290729522705 
5.397486209869385 
5.042691707611084 
5.051979064941406 
5.114288806915283 
6.105210304260254 
5.197168350219727 
5.1965460777282715 
4.935513496398926 
4.948552131652832 
5.092037200927734 
5.174116611480713 
7.18411111831665 
5.087674617767334 
5.0970587730407715 
5.119595527648926 
4.87864875793457 
5.335444927215576 
4.9969682693481445 
7.071377277374268 
5.244832515716553 
8.259613037109375 
5.115776538848877 
4.855110168457031 
6.281196117401123 
5.0424346923828125 
5.093660354614258 
5.019203186035156 
5.0094428062438965 
5.148271560668945 
5.00104284286499 
6.270709037780762 
7.027713298797607 
6.316542625427246 
5.1865668296813965 
5.77876091003418 
5.204289436340332 
5.006623268127441 
7.264991283416748 
5.044616222381592 
5.081535339355469 
5.0848212242126465 
5.457738399505615 
5.131718158721924 
5.050755977630615 
5.115017414093018 
5.087625026702881 
4.984426021575928 
5.079409599304199 
5.015041828155518 
4.9729180335998535 
4.984201431274414 
5.19400691986084 
5.106470108032227 
5.102588176727295 
5.597795009613037 
5.590206146240234 
5.741441249847412 
5.1817216873168945 
5.166626453399658 
4.8742852210998535 
5.095938205718994 
5.77876091003418 
4.9922990798950195 
5.602813243865967 
5.037198543548584 
5.3154730796813965 
5.571822643280029 
5.476499557495117 
5.06495475769043 
5.138702392578125 
5.065154075622559 
4.936668395996094 
5.7437591552734375 
5.795638561248779 
5.0838623046875 
5.102521896362305 
5.051817893981934 
5.139085292816162 
5.038443088531494 
5.016365051269531 
4.868707656860352 
5.25306510925293 
5.040253639221191 
5.776815414428711 
5.058405876159668 
5.047346591949463 
5.1429595947265625 
5.152939796447754 
7.680456161499023 
5.207551002502441 
6.091553688049316 
5.0683488845825195 
4.663617134094238 
5.038973331451416 
5.043910026550293 
4.929620265960693 
6.828884601593018 
5.120389938354492 
5.303027629852295 
5.016057014465332 
5.105160713195801 
5.130980491638184 
5.074222087860107 
5.158839225769043 
5.77876091003418 
5.066307544708252 
5.925690650939941 
5.046449661254883 
5.136008262634277 
5.073123931884766 
5.413928031921387 
4.935581207275391 
5.394119739532471 
5.035681247711182 
5.619560718536377 
4.987382888793945 
5.067409515380859 
5.20672082901001 
5.0866780281066895 
5.204096794128418 
5.040806770324707 
6.9886322021484375 
5.136045932769775 
5.045094013214111 
5.0171990394592285 
4.939208984375 
4.853554725646973 
5.125244617462158 
5.001166343688965 
8.740758895874023 
4.977576732635498 
5.044200897216797 
5.050419807434082 
5.032145977020264 
5.77876091003418 
4.978950500488281 
5.117981910705566 
4.957276344299316 
5.049567699432373 
5.28035831451416 
5.048408508300781 
4.978268146514893 
7.841297149658203 
5.070802688598633 
5.058703422546387 
5.746504783630371 
5.093504905700684 
5.165897369384766 
5.361847400665283 
5.237573146820068 
5.063379287719727 
4.917655944824219 
5.846498966217041 
5.1226701736450195 
5.1573405265808105 
5.126560688018799 
5.091852188110352 
5.77876091003418 
5.509128570556641 
5.561884880065918 
5.41332483291626 
5.765368938446045 
5.237210273742676 
5.480295181274414 
5.166747570037842 
5.081167221069336 
4.964108943939209 
5.77876091003418 
5.129834175109863 
8.17664623260498 
5.622586727142334 
5.145008563995361 
4.970644950866699 
5.148309707641602 
5.24203634262085 
5.001859188079834 
5.009365081787109 
5.072521686553955 
4.9980645179748535 
4.998476028442383 
5.051586151123047 
4.850792407989502 
6.562824726104736 
5.181858062744141 
5.124299049377441 
5.093626499176025 
5.77876091003418 
5.020655155181885 
5.820169925689697 
5.15461540222168 
5.77876091003418 
5.719959259033203 
6.877713680267334 
5.0084357261657715 
5.088279724121094 
4.937237739562988 
4.885100841522217 
5.10778284072876 
5.682711124420166 
6.644415855407715 
5.024228096008301 
4.978806972503662 
6.157665252685547 
5.091212749481201 
5.0031585693359375 
5.336726188659668 
4.881011962890625 
5.28618860244751 
5.956522464752197 
5.61488676071167 
5.77876091003418 
6.160395622253418 
5.0421271324157715 
5.215367794036865 
4.962451934814453 
5.030609130859375 
5.008872985839844 
5.247967720031738 
5.106496334075928 
4.96745491027832 
5.076261520385742 
5.349130153656006 
5.233722686767578 
5.038890838623047 
5.126069068908691 
5.170248985290527 
5.297027111053467 
4.891143798828125 
5.581192493438721 
6.127317905426025 
4.9920501708984375 
5.1140642166137695 
5.943587303161621 
6.289856433868408 
6.049726963043213 
7.918883323669434 
5.209109783172607 
5.034655570983887 
4.969756603240967 
5.323044300079346 
5.26949405670166 
5.0422492027282715 
5.662075042724609 
5.084272384643555 
5.124902725219727 
5.032670497894287 
5.1024370193481445 
5.77876091003418 
4.996626377105713 
5.436558246612549 
5.373711585998535 
5.091339588165283 
4.928574562072754 
5.341089248657227 
4.997316360473633 
5.157088756561279 
5.385894775390625 
6.01552677154541 
5.77876091003418 
5.874894142150879 
5.240849494934082 
5.0503950119018555 
5.77876091003418 
5.027664661407471 
5.183891773223877 
5.152360439300537 
5.137783527374268 
5.391292572021484 
5.098642826080322 
5.239404201507568 
5.067417621612549 
5.8819804191589355 
4.741615295410156 
4.962049961090088 
5.077018737792969 
5.222642421722412 
4.953542709350586 
5.208564758300781 
7.060662269592285 
5.342926979064941 
5.087391376495361 
4.852206230163574 
5.174627780914307 
4.966012001037598 
5.112363815307617 
5.09752082824707 
6.70215368270874 
5.15858793258667 
5.103301048278809 
5.665272235870361 
5.153271675109863 
5.03514289855957 
5.1552042961120605 
5.146886348724365 
5.249328136444092 
6.287300109863281 
6.036883354187012 
4.9531025886535645 
5.046936511993408 
5.178502082824707 
5.140310287475586 
5.065833568572998 
5.066491603851318 
5.355081558227539 
4.933523178100586 
6.542444229125977 
5.095467567443848 
5.022152900695801 
5.353094577789307 
4.9899396896362305 
4.97143030166626 
5.068732738494873 
5.325306415557861 
5.070019721984863 
5.25438117980957 
4.998146057128906 
5.055602550506592 
5.626490592956543 
7.37816047668457 
5.263873100280762 
4.96463680267334 
5.102988243103027 
5.331507205963135 
5.126135349273682 
8.63521957397461 
4.949795246124268 
6.152987003326416 
7.987613677978516 
5.624192237854004 
5.859828472137451 
5.016348838806152 
5.030118942260742 
5.123810291290283 
5.1080098152160645 
4.976293087005615 
5.070323467254639 
5.12744140625 
5.230857849121094 
7.055202960968018 
5.033796787261963 
5.033620357513428 
5.095992565155029 
5.199883937835693 
5.059207916259766 
5.078497409820557 
5.134647369384766 
4.950734615325928 
6.372724533081055 
4.981186389923096 
5.037433624267578 
4.934284210205078 
4.997163772583008 
5.778158187866211 
5.042469024658203 
5.086446762084961 
5.111243724822998 
5.102880954742432 
4.975857257843018 
6.09221887588501 
6.957754611968994 
5.303605079650879 
5.1114277839660645 
4.889344692230225 
4.841491222381592 
5.123143672943115 
5.158788681030273 
5.021146297454834 
5.899965286254883 
5.087100982666016 
7.855801105499268 
5.002585411071777 
4.990156173706055 
5.40316915512085 
5.097079277038574 
5.071346282958984 
4.977556228637695 
5.105996608734131 
5.000113010406494 
6.170547008514404 
5.07798957824707 
5.077018737792969 
4.994044780731201 
6.7239580154418945 
5.23923397064209 
5.049735069274902 
5.339295864105225 
6.552905082702637 
5.335019588470459 
6.061305522918701 
6.319670677185059 
7.930912017822266 
5.052154064178467 
5.3614888191223145 
5.10508918762207 
4.907795429229736 
5.119014739990234 
5.418641567230225 
5.01835298538208 
7.260242462158203 
5.049084663391113 
5.753599643707275 
4.988866806030273 
6.028666019439697 
5.820784091949463 
6.45865535736084 
5.020638465881348 
4.971652507781982 
4.960310459136963 
4.993408679962158 
4.9737749099731445 
5.039471626281738 
5.180893898010254 
6.6897969245910645 
5.071765422821045 
5.081967830657959 
5.148819923400879 
5.032620906829834 
4.94704008102417 
5.230513095855713 
5.1817402839660645 
6.502635478973389 
6.4511799812316895 
4.978222370147705 
4.966442108154297 
5.0728607177734375 
5.113720417022705 
6.399664878845215 
5.084368705749512 
6.057406425476074 
5.654653549194336 
5.249176025390625 
7.017268180847168 
5.77876091003418 
5.06458854675293 
5.013867378234863 
5.367073059082031 
5.024750232696533 
5.123744964599609 
5.77876091003418 
6.104034900665283 
5.237733840942383 
5.221717834472656 
6.329565048217773 
5.178224563598633 
5.041995525360107 
5.123473167419434 
6.053864479064941 
5.3982062339782715 
7.910019874572754 
5.0969085693359375 
4.989070892333984 
5.169640064239502 
5.069489479064941 
6.003292083740234 
4.9554338455200195 
5.376636981964111 
5.1743597984313965 
5.063070297241211 
6.610293388366699 
5.036021709442139 
5.320463180541992 
5.100259780883789 
5.062276363372803 
4.957727909088135 
6.520137786865234 
6.301036834716797 
5.454091548919678 
4.939805030822754 
5.163327693939209 
5.078198432922363 
5.129744529724121 
5.737522125244141 
5.275257110595703 
5.0358662605285645 
5.0584588050842285 
5.187532901763916 
5.322816848754883 
6.981231689453125 
5.093517780303955 
5.089236259460449 
5.119135856628418 
5.4069976806640625 
6.931055545806885 
5.209456920623779 
5.041572570800781 
4.9881415367126465 
5.3354010581970215 
5.068276882171631 
4.896833896636963 
6.181972503662109 
4.9796671867370605 
5.0815582275390625 
5.134035587310791 
5.24682092666626 
7.744154453277588 
5.075320243835449 
5.077084064483643 
5.069037437438965 
5.28594446182251 
5.77876091003418 
5.108911514282227 
5.478028297424316 
5.151064872741699 
7.426424026489258 
5.072949409484863 
5.022533416748047 
5.20808219909668 
5.77876091003418 
5.147410869598389 
5.189016819000244 
5.352484703063965 
5.167342185974121 
5.2531585693359375 
5.023767471313477 
5.165595054626465 
6.034907817840576 
5.1173787117004395 
5.009457111358643 
5.77876091003418 
4.903547286987305 
5.398143291473389 
4.930418968200684 
5.877493381500244 
5.066830635070801 
4.983704566955566 
5.384986877441406 
5.072517395019531 
4.997675895690918 
5.161262035369873 
5.039073944091797 
5.0597243309021 
6.937967300415039 
5.10799503326416 
5.77876091003418 
5.429460048675537 
5.115752696990967 
5.137754440307617 
4.8640875816345215 
4.984604358673096 
7.633653163909912 
5.080330848693848 
6.304689407348633 
5.028347015380859 
6.717035293579102 
5.24375057220459 
4.860098838806152 
5.085448741912842 
5.056207656860352 
7.674027442932129 
5.07714319229126 
5.153828144073486 
5.068403244018555 
5.0240936279296875 
5.074824333190918 
5.0930609703063965 
5.077524185180664 
5.136819362640381 
5.09132194519043 
5.028863906860352 
5.224081516265869 
5.224250793457031 
6.198249816894531 
4.998260498046875 
5.106987476348877 
5.798677921295166 
5.2252044677734375 
6.405269145965576 
5.124256610870361 
4.964000701904297 
5.228488445281982 
5.083960056304932 
4.9614577293396 
4.993072032928467 
5.111991882324219 
5.048255920410156 
5.915247917175293 
5.065451145172119 
5.769855976104736 
4.950770854949951 
5.242963790893555 
6.453082084655762 
5.081625938415527 
5.152539253234863 
6.399713516235352 
5.061124324798584 
5.169111251831055 
5.139036178588867 
4.808444976806641 
4.950478553771973 
5.462552070617676 
4.8743085861206055 
5.074169158935547 
4.989550590515137 
5.091083526611328 
5.044086933135986 
5.051599025726318 
5.19266939163208 
5.066343784332275 
5.123130798339844 
5.088714599609375 
5.859925270080566 
5.060405731201172 
5.072526454925537 
6.5698652267456055 
5.124888896942139 
5.099172115325928 
6.327221393585205 
5.77876091003418 
4.819797515869141 
5.000122547149658 
5.032809257507324 
5.968717575073242 
4.997950077056885 
7.615388870239258 
5.221505165100098 
4.914895534515381 
5.118878364562988 
4.973583221435547 
7.694368362426758 
5.921468257904053 
6.345297813415527 
5.081386089324951 
5.081558704376221 
5.056670188903809 
5.212571620941162 
7.977928161621094 
5.27839994430542 
5.159058094024658 
6.267980098724365 
6.88272762298584 
5.034208297729492 
5.071377277374268 
5.567389488220215 
4.975802898406982 
5.502363681793213 
5.511494159698486 
4.904696464538574 
5.069794178009033 
4.89605712890625 
5.105686664581299 
6.331843852996826 
5.019546985626221 
4.9707441329956055 
5.096953868865967 
5.140034198760986 
5.040211200714111 
5.223092079162598 
5.0536651611328125 
5.116489887237549 
5.671935558319092 
5.838331699371338 
5.459721088409424 
5.212265968322754 
4.941649913787842 
5.193630218505859 
5.138097763061523 
5.285764694213867 
4.925961494445801 
5.1193952560424805 
5.199588775634766 
5.027763843536377 
6.5403971672058105 
5.225161552429199 
5.2615532875061035 
4.980397701263428 
5.146306037902832 
5.084821701049805 
5.037081718444824 
5.155307292938232 
5.109368324279785 
5.081854343414307 
5.091037273406982 
5.182820796966553 
5.680218696594238 
5.105210781097412 
7.168108940124512 
5.100903034210205 
5.041211128234863 
5.026851654052734 
5.140923976898193 
5.0242815017700195 
5.190623760223389 
5.044249534606934 
5.033344745635986 
6.595222473144531 
6.283907413482666 
5.191347122192383 
4.854222297668457 
4.914312362670898 
5.925446510314941 
5.47998571395874 
4.996150970458984 
5.050597190856934 
5.19395112991333 
5.071048259735107 
5.088354110717773 
5.221456527709961 
5.078300476074219 
5.276119232177734 
5.024134159088135 
5.240169525146484 
5.003859043121338 
5.456599712371826 
5.298107624053955 
5.1665754318237305 
5.018048286437988 
4.993021011352539 
5.063891410827637 
4.882994651794434 
5.733180999755859 
7.004499435424805 
4.992865562438965 
5.160880088806152 
5.162141799926758 
6.244688510894775 
4.89732027053833 
5.140049457550049 
4.975500106811523 
5.95403528213501 
6.008586883544922 
6.160360813140869 
4.940134048461914 
4.933879375457764 
5.140575885772705 
5.009326934814453 
5.860447406768799 
5.056375503540039 
7.506167411804199 
5.020970344543457 
5.238463878631592 
4.8864426612854 
6.715839385986328 
5.051568031311035 
5.77876091003418 
7.003040790557861 
5.2115960121154785 
5.784545421600342 
5.2625274658203125 
4.88847017288208 
5.257341384887695 
5.595674991607666 
5.053381443023682 
5.285792350769043 
5.535909175872803 
5.674614429473877 
5.057646751403809 
4.953093528747559 
4.956361293792725 
6.357481479644775 
5.083064079284668 
6.548986434936523 
5.344584941864014 
4.946801662445068 
5.116574287414551 
4.994497776031494 
6.03318977355957 
5.074466705322266 
7.777850151062012 
4.963069438934326 
5.291797161102295 
5.121766090393066 
4.987323760986328 
4.993265628814697 
4.951717853546143 
5.739275932312012 
4.874486446380615 
5.084056854248047 
5.022609233856201 
5.025594711303711 
4.899334907531738 
5.096528053283691 
5.003444671630859 
5.929612159729004 
5.77876091003418 
5.127747535705566 
5.119870662689209 
5.07990837097168 
5.0866780281066895 
5.087726593017578 
5.010254859924316 
5.722354888916016 
5.114168643951416 
5.075270652770996 
4.674405097961426 
6.253965854644775 
5.271392822265625 
5.128094673156738 
4.959467887878418 
5.207943916320801 
4.9947052001953125 
4.944910049438477 
6.155704021453857 
4.994666576385498 
5.069823265075684 
5.096229553222656 
7.619259834289551 
5.174560070037842 
4.933557987213135 
5.081694602966309 
5.078214645385742 
5.021557807922363 
4.972398281097412 
5.186952590942383 
5.08980655670166 
5.045810699462891 
7.327892303466797 
4.946861267089844 
5.188427925109863 
5.051097869873047 
5.051158905029297 
5.3536529541015625 
5.144545078277588 
5.77876091003418 
5.417708396911621 
4.9767746925354 
5.360687732696533 
5.080803394317627 
5.169025421142578 
5.177265644073486 
5.390323638916016 
5.071792125701904 
5.77876091003418 
5.429179668426514 
5.105173110961914 
8.025093078613281 
5.837301254272461 
8.248880386352539 
4.924075126647949 
4.97289514541626 
6.409699440002441 
4.996716499328613 
4.860449314117432 
6.039371013641357 
5.230771064758301 
5.91586446762085 
6.03995418548584 
4.947977066040039 
5.214548110961914 
5.045943737030029 
4.968930721282959 
7.518822193145752 
5.1523871421813965 
5.15105676651001 
5.260068416595459 
6.513959884643555 
5.039231777191162 
5.0767083168029785 
5.581211090087891 
5.019554138183594 
5.829107284545898 
5.129814147949219 
6.806609153747559 
4.861234188079834 
5.094409465789795 
5.12709379196167 
4.98782205581665 
5.1073689460754395 
6.024661064147949 
5.078237056732178 
5.22382926940918 
5.159715175628662 
5.045114040374756 
6.495785713195801 
5.181222915649414 
5.0642805099487305 
5.77876091003418 
5.954728126525879 
5.008088111877441 
5.9962477684021 
5.502324104309082 
5.39729118347168 
5.16091251373291 
5.098568439483643 
5.1962432861328125 
5.701594352722168 
5.77876091003418 
5.039736747741699 
5.111589431762695 
6.229715824127197 
6.45531702041626 
6.023412227630615 
4.996723175048828 
5.106558799743652 
5.904815196990967 
5.224425792694092 
5.021132469177246 
5.188767433166504 
5.0722527503967285 
7.012002944946289 
5.388889312744141 
5.121644020080566 
6.04793643951416 
5.04356575012207 
4.98085880279541 
5.123023986816406 
4.983611583709717 
5.267632961273193 
5.107229709625244 
5.012398719787598 
4.971181392669678 
5.165024757385254 
5.081542491912842 
5.197601318359375 
5.069174766540527 
7.834176063537598 
6.187918663024902 
5.157744407653809 
5.005749702453613 
5.965818881988525 
4.905782699584961 
5.462611198425293 
7.428632736206055 
5.155379295349121 
5.083461284637451 
5.064738750457764 
5.016115188598633 
7.513974189758301 
6.274455547332764 
5.232072830200195 
5.868195533752441 
5.083673477172852 
6.432971000671387 
6.297099590301514 
5.025683403015137 
5.2520880699157715 
4.918765068054199 
6.217006206512451 
5.041187763214111 
5.400073051452637 
5.145325660705566 
5.178508281707764 
8.077028274536133 
7.556770324707031 
5.77876091003418 
5.09822416305542 
5.146787643432617 
5.070182800292969 
5.028029918670654 
4.919506549835205 
5.016994953155518 
5.144896030426025 
4.962414741516113 
5.1248393058776855 
5.184041976928711 
7.275038242340088 
6.528079509735107 
5.3444743156433105 
5.178576469421387 
4.908441543579102 
5.220152854919434 
4.76545524597168 
6.716921329498291 
6.309940814971924 
4.999927520751953 
5.230639934539795 
6.142526149749756 
6.8205389976501465 
5.02396821975708 
5.256669044494629 
5.074677467346191 
5.313987731933594 
4.817941665649414 
6.941220283508301 
5.77876091003418 
5.187044620513916 
5.029359340667725 
6.943439483642578 
5.77876091003418 
5.036137580871582 
7.607912063598633 
5.77876091003418 
5.055381774902344 
5.071199893951416 
5.205259799957275 
4.677433013916016 
5.0082597732543945 
5.026526927947998 
5.024899959564209 
5.07394552230835 
6.827899932861328 
5.017127513885498 
5.078723907470703 
5.047190189361572 
5.134990692138672 
5.264957427978516 
5.010279655456543 
6.2472004890441895 
7.072218894958496 
4.9421491622924805 
5.168457984924316 
4.833939552307129 
5.1479644775390625 
4.984207630157471 
5.204596042633057 
7.75606107711792 
5.642254829406738 
5.135314464569092 
5.064143657684326 
7.502695083618164 
5.061760425567627 
4.668936729431152 
4.977556228637695 
6.335597991943359 
5.2892560958862305 
5.079765796661377 
5.1655778884887695 
5.220310211181641 
5.077385902404785 
5.106405735015869 
5.021579742431641 
5.225839138031006 
5.1919331550598145 
6.1946024894714355 
5.262513160705566 
5.105888366699219 
5.042952060699463 
4.964576721191406 
5.769145965576172 
5.982950687408447 
4.933464527130127 
5.0804762840271 
6.504806041717529 
5.2653489112854 
6.123031139373779 
5.149299144744873 
5.015087127685547 
5.356161594390869 
4.9510931968688965 
5.069427967071533 
5.064948558807373 
5.194624423980713 
5.04224967956543 
6.629995822906494 
6.059511184692383 
5.77876091003418 
7.899440765380859 
5.1687798500061035 
5.068161964416504 
5.143767833709717 
5.651047706604004 
5.923739433288574 
5.32175874710083 
5.017937660217285 
5.049811363220215 
9.083759307861328 
5.77876091003418 
5.101673126220703 
5.011124134063721 
5.026840686798096 
7.152851581573486 
5.769044876098633 
5.018738746643066 
5.143430233001709 
5.006012916564941 
4.978840351104736 
4.989740371704102 
5.492232322692871 
5.0556230545043945 
5.50743293762207 
5.093403339385986 
5.247805595397949 
5.351022720336914 
5.091066837310791 
5.020590782165527 
5.01678466796875 
6.921220779418945 
6.8391571044921875 
5.1919660568237305 
5.084334373474121 
4.9539690017700195 
5.045365810394287 
5.14276647567749 
5.064568519592285 
5.660165309906006 
5.203300952911377 
6.268467426300049 
5.226850509643555 
9.58482551574707 
5.108736991882324 
4.9592180252075195 
5.266252517700195 
5.050722599029541 
5.025935173034668 
5.302907466888428 
5.341577053070068 
5.032444953918457 
5.600831031799316 
4.837088584899902 
6.437013626098633 
5.2235426902771 
5.317762851715088 
5.097049713134766 
7.4064178466796875 
5.77876091003418 
5.186478137969971 
5.063553810119629 
5.109900951385498 
5.282840251922607 
4.936991214752197 
5.025352954864502 
4.984023094177246 
5.00706672668457 
5.200812816619873 
5.030965805053711 
5.029734134674072 
5.132454872131348 
5.137016296386719 
6.465555191040039 
5.058437824249268 
5.031763076782227 
5.101593017578125 
5.156553745269775 
4.886397361755371 
5.799369812011719 
4.979762554168701 
7.513432025909424 
6.292069435119629 
5.227640151977539 
5.092827796936035 
5.11767578125 
6.2864508628845215 
5.0746002197265625 
5.283454418182373 
5.040383338928223 
7.1711039543151855 
5.168937683105469 
5.071024417877197 
5.073862552642822 
5.181869029998779 
5.081026554107666 
5.005859375 
6.8251848220825195 
5.1732282638549805 
5.013267517089844 
6.319617748260498 
5.269786357879639 
5.1721649169921875 
5.118221282958984 
5.362525939941406 
5.145694255828857 
5.139806747436523 
6.803433418273926 
6.305403709411621 
5.098974227905273 
5.149045944213867 
5.634786128997803 
5.891831398010254 
5.091019630432129 
5.062765121459961 
5.28448486328125 
5.456550598144531 
5.1140336990356445 
5.329469203948975 
5.89879846572876 
5.174449920654297 
5.160053730010986 
5.77876091003418 
5.220138072967529 
5.33116340637207 
5.074980735778809 
5.750561714172363 
7.93112325668335 
5.0517497062683105 
5.165360927581787 
5.490212440490723 
5.06644868850708 
4.995593070983887 
6.070429801940918 
5.5018110275268555 
5.522997856140137 
5.000909805297852 
6.066397190093994 
4.9954681396484375 
5.011347770690918 
5.182801246643066 
6.57427978515625 
7.380084037780762 
5.40148401260376 
5.063294887542725 
5.135108947753906 
7.509577751159668 
5.001148700714111 
6.6970367431640625 
5.107906341552734 
5.077279090881348 
5.110965251922607 
6.4939351081848145 
5.073650360107422 
5.461383819580078 
5.069053649902344 
5.07248592376709 
5.039551734924316 
5.052285671234131 
6.302754878997803 
4.993597030639648 
5.12727165222168 
5.062470436096191 
7.95119571685791 
7.202610969543457 
5.127993583679199 
5.1237969398498535 
5.365311622619629 
5.016852378845215 
5.075074195861816 
5.028731822967529 
5.037692546844482 
8.011218070983887 
5.064700603485107 
5.223030090332031 
5.049474716186523 
7.50164794921875 
5.426866054534912 
5.015857696533203 
5.083417892456055 
5.810853004455566 
4.981656551361084 
5.935727596282959 
5.600992202758789 
5.141858100891113 
4.88422155380249 
5.438936233520508 
4.998924255371094 
4.982095718383789 
5.13832950592041 
4.935173511505127 
5.000580787658691 
7.656954288482666 
5.744171619415283 
5.691353797912598 
5.77876091003418 
5.080968856811523 
4.937427520751953 
5.493736267089844 
5.674106121063232 
5.299019813537598 
5.17775297164917 
5.086075782775879 
5.078525066375732 
5.100909233093262 
5.075870990753174 
5.111354351043701 
6.971117973327637 
5.070019721984863 
5.066522121429443 
5.921307563781738 
5.77876091003418 
6.804306507110596 
4.9248270988464355 
5.049231052398682 
5.051872253417969 
5.08908748626709 
4.929214000701904 
5.256330490112305 
5.42570686340332 
5.665529251098633 
6.338371753692627 
5.0276994705200195 
5.039385795593262 
5.085813999176025 
4.979450702667236 
5.003206729888916 
4.963577747344971 
5.312718391418457 
6.470963954925537 
4.988290786743164 
5.699725151062012 
4.974379062652588 
4.968116760253906 
5.001982688903809 
5.098677158355713 
5.149252891540527 
5.044989109039307 
5.054018974304199 
5.174255847930908 
5.092658042907715 
5.181817054748535 
5.110633373260498 
5.336448669433594 
5.824117660522461 
5.183036804199219 
5.197458267211914 
5.028092384338379 
7.817970275878906 
5.376325607299805 
4.926699638366699 
5.1262335777282715 
5.060034275054932 
5.26614236831665 
6.617745399475098 
5.083590507507324 
6.061047554016113 
7.127077102661133 
5.958346366882324 
5.025554656982422 
5.060757160186768 
5.009263038635254 
5.081035137176514 
5.378420829772949 
5.063832759857178 
5.905444622039795 
6.180243968963623 
5.29042387008667 
4.8976287841796875 
5.103111743927002 
6.518512725830078 
6.478431224822998 
5.031094551086426 
5.305233478546143 
5.0661396980285645 
6.539709091186523 
5.047079563140869 
5.2550578117370605 
5.051059722900391 
5.029037952423096 
4.958347320556641 
6.404611587524414 
5.113259315490723 
5.161719799041748 
5.02974271774292 
4.931000709533691 
5.142833232879639 
8.133621215820312 
4.979379177093506 
5.1248626708984375 
5.024361610412598 
5.127416610717773 
6.609973907470703 
6.04063606262207 
5.157567501068115 
5.084048271179199 
5.05276346206665 
5.078724384307861 
5.065099716186523 
5.12110710144043 
5.049561500549316 
5.072187900543213 
5.098006725311279 
7.245328903198242 
5.271409034729004 
6.395767688751221 
5.003659725189209 
5.052949905395508 
5.143790245056152 
5.673232078552246 
5.042054653167725 
5.768986701965332 
5.1983466148376465 
5.0087809562683105 
5.509000301361084 
5.077727317810059 
5.100429534912109 
5.108399868011475 
5.007288932800293 
5.427457809448242 
5.288939476013184 
5.087611675262451 
4.900083541870117 
5.026190280914307 
5.242125511169434 
5.120593547821045 
5.086220741271973 
5.77876091003418 
5.126321792602539 
5.010443210601807 
7.654229164123535 
5.379185676574707 
5.13553524017334 
5.427426338195801 
6.6021904945373535 
5.153809547424316 
5.076302528381348 
5.073184967041016 
5.107417106628418 
7.079235076904297 
5.016097545623779 
5.164495468139648 
7.853992938995361 
8.471308708190918 
5.307265281677246 
6.604832649230957 
5.260024547576904 
7.586309432983398 
5.2450361251831055 
5.870450973510742 
4.99757194519043 
6.882440567016602 
8.976914405822754 
5.037349224090576 
5.051491737365723 
5.1111650466918945 
5.017515659332275 
5.085814952850342 
5.047050476074219 
7.403458595275879 
5.2282395362854 
4.946898460388184 
5.141427040100098 
5.448729991912842 
6.745036602020264 
4.795819282531738 
5.607375144958496 
8.016958236694336 
5.255916595458984 
4.9167375564575195 
5.029641628265381 
5.115011215209961 
7.6021528244018555 
5.02119255065918 
4.967878818511963 
5.096526145935059 
4.99960470199585 
8.028297424316406 
9.041401863098145 
5.06707763671875 
5.13277006149292 
5.085598945617676 
5.365862846374512 
5.0394487380981445 
4.9425482749938965 
7.728472709655762 
5.3645806312561035 
5.040981292724609 
5.663068771362305 
5.177056312561035 
5.441622734069824 
5.072096824645996 
6.253769874572754 
6.565467357635498 
5.190609455108643 
5.040562629699707 
5.258589267730713 
5.446943759918213 
5.77876091003418 
8.506060600280762 
5.197572231292725 
4.98768424987793 
5.576035022735596 
5.043487071990967 
5.21475887298584 
5.07409143447876 
5.004579544067383 
5.07187557220459 
6.943387508392334 
6.082659721374512 
5.059224605560303 
5.227867126464844 
5.051375865936279 
5.059202671051025 
5.715396404266357 
5.1874871253967285 
8.152926445007324 
8.279869079589844 
5.0102386474609375 
5.232315540313721 
5.14500617980957 
5.580956935882568 
5.12552547454834 
5.109386920928955 
5.074393272399902 
4.9984540939331055 
5.050754547119141 
4.975896835327148 
5.036482810974121 
5.019853591918945 
5.0682196617126465 
8.175710678100586 
5.201034069061279 
5.025197982788086 
6.253932476043701 
5.77876091003418 
6.116843223571777 
5.924488067626953 
8.36495304107666 
5.343092441558838 
5.118040084838867 
6.718771934509277 
5.46060037612915 
5.48151969909668 
5.067659378051758 
5.278470039367676 
5.0615153312683105 
5.096189498901367 
4.891879558563232 
6.702584743499756 
5.288459777832031 
5.267632484436035 
5.023863792419434 
4.946911811828613 
6.77743673324585 
5.233695030212402 
5.019167423248291 
5.098397254943848 
5.053974151611328 
6.886584281921387 
4.923246383666992 
5.032360076904297 
5.080221652984619 
5.048280715942383 
4.962930202484131 
5.107579231262207 
5.0869832038879395 
5.566965579986572 
7.248798370361328 
5.0358662605285645 
5.378261089324951 
6.060758113861084 
7.079975128173828 
5.365969181060791 
5.08713436126709 
5.77876091003418 
5.023263931274414 
7.049098968505859 
5.962147235870361 
5.027379035949707 
5.100160121917725 
5.097716808319092 
5.218018054962158 
5.899705410003662 
5.1060686111450195 
6.49036979675293 
5.0644636154174805 
5.207644939422607 
5.218425750732422 
5.407261371612549 
5.208091735839844 
5.567419052124023 
5.102725982666016 
5.19965934753418 
5.01456356048584 
5.091892242431641 
5.1533098220825195 
4.936639785766602 
5.290683269500732 
5.07729959487915 
4.966805458068848 
5.762610912322998 
4.849015235900879 
8.296984672546387 
5.360506057739258 
5.014761924743652 
4.931717872619629 
4.965392112731934 
5.742822170257568 
4.972152233123779 
6.919950485229492 
6.46457052230835 
5.087549209594727 
5.2444682121276855 
4.967405796051025 
8.025487899780273 
5.246949195861816 
5.77876091003418 
5.0918288230896 
5.425339221954346 
4.943512916564941 
4.903302192687988 
5.065672874450684 
4.888258934020996 
5.133271217346191 
4.945716381072998 
5.0595784187316895 
5.116585731506348 
4.980452060699463 
5.15130615234375 
5.96622896194458 
5.050795555114746 
5.162832736968994 
7.992033004760742 
5.046830177307129 
5.033775329589844 
4.996156692504883 
5.050373554229736 
5.140406131744385 
6.722795486450195 
5.242934226989746 
5.172994613647461 
5.193292617797852 
5.198014736175537 
5.008504390716553 
5.0008745193481445 
6.2742438316345215 
5.2646484375 
4.868991851806641 
6.3535261154174805 
4.7340850830078125 
5.113775730133057 
4.930251598358154 
5.133107662200928 
5.142452716827393 
5.123020172119141 
4.97902250289917 
4.9724016189575195 
5.1884684562683105 
4.871419429779053 
5.066252708435059 
5.00423002243042 
5.496902942657471 
5.109370708465576 
5.057760715484619 
5.024474620819092 
5.068833351135254 
5.552801132202148 
5.033612251281738 
5.145976543426514 
4.944761753082275 
5.071310997009277 
4.9807538986206055 
5.0784912109375 
5.208207607269287 
7.9208831787109375 
5.246025562286377 
5.07420539855957 
5.1435322761535645 
5.934179306030273 
5.062778949737549 
4.984762191772461 
5.171445369720459 
5.021833419799805 
4.928924083709717 
5.075784206390381 
5.77876091003418 
5.152490615844727 
4.890396595001221 
4.9714555740356445 
5.77876091003418 
5.410233974456787 
4.989880561828613 
5.0076212882995605 
5.0964860916137695 
5.034624099731445 
5.209232807159424 
6.345114707946777 
5.119233131408691 
4.873312473297119 
5.367738723754883 
5.248880386352539 
5.107937812805176 
5.679867744445801 
5.240508079528809 
5.15329122543335 
5.03316068649292 
5.132622718811035 
5.227741241455078 
5.77876091003418 
4.969334125518799 
5.017003059387207 
5.226807117462158 
5.77876091003418 
4.805027484893799 
5.1033616065979 
5.040834426879883 
5.061018466949463 
6.724204063415527 
6.686779022216797 
5.048584938049316 
5.095407485961914 
4.939846038818359 
5.0309648513793945 
4.983944892883301 
5.117019176483154 
4.935226917266846 
5.176339149475098 
5.021610260009766 
7.412710189819336 
5.112466812133789 
5.015981197357178 
5.628033638000488 
5.112691879272461 
5.693775177001953 
5.70235538482666 
4.967314720153809 
4.974547386169434 
7.631225109100342 
5.500272274017334 
5.197869300842285 
5.5089006423950195 
4.881078720092773 
5.045760631561279 
6.378540992736816 
6.15360164642334 
5.1648783683776855 
5.027653694152832 
5.6222243309021 
5.086570739746094 
4.985772609710693 
4.963104248046875 
5.063736915588379 
6.668923377990723 
5.028803825378418 
5.285888195037842 
5.052499771118164 
5.314251899719238 
5.1668572425842285 
5.141122817993164 
5.1237664222717285 
4.953943252563477 
5.221532821655273 
5.046561241149902 
7.780247688293457 
5.77876091003418 
5.158174991607666 
5.0665602684021 
7.539505958557129 
5.514207363128662 
6.066742897033691 
5.093843460083008 
5.547351837158203 
4.715565204620361 
4.962774276733398 
5.113523483276367 
5.147220611572266 
5.193132400512695 
5.124406337738037 
5.292484760284424 
4.911283016204834 
5.095042705535889 
5.1943583488464355 
5.081867694854736 
5.011646270751953 
5.002992153167725 
6.231674671173096 
5.652723789215088 
5.057131767272949 
5.186479568481445 
4.938040733337402 
5.079563140869141 
5.020900726318359 
5.155777931213379 
5.1326985359191895 
5.561660289764404 
5.000576019287109 
5.055337429046631 
5.051288604736328 
5.118156909942627 
4.996160507202148 
5.004629611968994 
5.046576976776123 
5.01296854019165 
5.2082719802856445 
5.296088695526123 
6.974442005157471 
5.1310930252075195 
5.231013298034668 
5.60521125793457 
5.034506797790527 
5.932520866394043 
6.521962642669678 
5.14915657043457 
4.955743789672852 
4.923892021179199 
6.632782936096191 
5.536017417907715 
5.0999627113342285 
5.015722751617432 
5.046684741973877 
5.138374328613281 
5.118542194366455 
5.029697895050049 
5.113638401031494 
5.045205116271973 
5.1104536056518555 
6.721440315246582 
5.092807769775391 
5.15022087097168 
5.567817687988281 
4.992295742034912 
5.051173686981201 
5.037260055541992 
4.777216911315918 
5.1079583168029785 
5.2258830070495605 
4.9386749267578125 
6.208990097045898 
5.048709869384766 
4.992483139038086 
5.20349645614624 
5.170798301696777 
5.225958347320557 
5.026080131530762 
6.477189540863037 
5.2795538902282715 
5.01162576675415 
5.010216236114502 
5.083632946014404 
6.058438301086426 
4.868091106414795 
4.847308158874512 
5.07227087020874 
5.104361534118652 
4.946331977844238 
5.076536178588867 
5.270484447479248 
5.041186332702637 
6.745002746582031 
5.125 
5.018431663513184 
5.487560272216797 
5.040256977081299 
6.019521236419678 
6.010842323303223 
6.222010612487793 
7.037886619567871 
4.866760730743408 
5.108052730560303 
5.994945526123047 
4.980618000030518 
5.108940124511719 
5.0356950759887695 
4.983742713928223 
5.026704788208008 
4.877945423126221 
5.105245590209961 
5.139571666717529 
6.145218372344971 
4.963979244232178 
6.1861958503723145 
5.139090061187744 
5.050608158111572 
4.911746025085449 
5.016858100891113 
5.133004188537598 
5.035290241241455 
6.942629337310791 
4.970152854919434 
5.345145225524902 
5.326270580291748 
5.586426258087158 
5.113474369049072 
7.016707897186279 
5.1623382568359375 
6.685064315795898 
5.2903313636779785 
5.109406471252441 
6.052886009216309 
5.025712490081787 
5.155449867248535 
5.168342590332031 
5.77876091003418 
4.9751386642456055 
6.736675262451172 
7.9367218017578125 
5.065158843994141 
6.922282695770264 
5.101611137390137 
5.049238204956055 
5.171140670776367 
4.920103549957275 
5.127631664276123 
5.206237316131592 
5.099859237670898 
5.028604507446289 
5.317244529724121 
5.082814693450928 
6.094119548797607 
5.147071838378906 
6.266077995300293 
5.095972061157227 
5.035392761230469 
4.8827009201049805 
5.5105485916137695 
7.78493595123291 
5.245412826538086 
6.96212911605835 
5.138912677764893 
5.1700358390808105 
4.947982311248779 
5.215513229370117 
5.869497299194336 
6.0884294509887695 
5.057245254516602 
5.096894264221191 
5.138509750366211 
5.207920074462891 
4.967014312744141 
5.468517303466797 
4.924982070922852 
4.954965591430664 
5.086982727050781 
5.0326032638549805 
5.1153483390808105 
5.187551498413086 
5.000647068023682 
5.042922019958496 
7.969880104064941 
5.1651082038879395 
4.881856441497803 
5.2503275871276855 
5.413976669311523 
5.0713210105896 
7.689191818237305 
5.10692834854126 
5.03327751159668 
7.414248466491699 
5.147144794464111 
5.013772010803223 
5.360780239105225 
5.16250467300415 
6.142397880554199 
5.227212429046631 
9.351858139038086 
5.032096862792969 
5.390623569488525 
5.236682891845703 
5.148862361907959 
5.77876091003418 
5.220141410827637 
4.974494934082031 
4.931621074676514 
5.015201568603516 
4.996331214904785 
4.837316989898682 
5.2383131980896 
5.104448318481445 
5.138718605041504 
5.011000633239746 
5.1491594314575195 
5.009328365325928 
5.018515110015869 
5.620710372924805 
7.1687912940979 
5.1612548828125 
5.135043144226074 
5.451397895812988 
5.092841625213623 
6.102275848388672 
5.158226013183594 
5.133912563323975 
5.084897518157959 
5.225539207458496 
5.047729969024658 
6.704652309417725 
5.075412273406982 
6.405990123748779 
5.07891845703125 
5.103260040283203 
4.970702648162842 
5.628467082977295 
5.978612422943115 
8.368622779846191 
6.376165390014648 
5.179313659667969 
5.189400672912598 
4.995104789733887 
7.435678482055664 
5.247732162475586 
5.811399459838867 
8.108955383300781 
6.472752571105957 
5.559211730957031 
4.9944987297058105 
4.995851039886475 
5.139396667480469 
5.2357401847839355 
4.967817783355713 
5.084722995758057 
5.413011074066162 
4.984889030456543 
5.069608211517334 
5.129268646240234 
5.018769264221191 
5.077770709991455 
5.067874908447266 
5.083843231201172 
5.046421527862549 
4.87420129776001 
5.675328254699707 
5.120445251464844 
6.671713352203369 
4.921111583709717 
4.904664993286133 
5.188839912414551 
4.992640495300293 
4.921878337860107 
6.163534641265869 
5.194377899169922 
5.226661682128906 
5.024584770202637 
5.01913595199585 
5.0497965812683105 
5.557492256164551 
4.859038352966309 
6.523140907287598 
5.115069389343262 
5.57796049118042 
5.0640716552734375 
5.395714282989502 
7.071808815002441 
5.160305976867676 
5.3575119972229 
5.165584564208984 
5.159048557281494 
4.967922210693359 
5.384964942932129 
5.092111110687256 
4.985790252685547 
7.016781330108643 
5.10285758972168 
5.064278602600098 
5.395040035247803 
5.104710102081299 
6.546392440795898 
6.432857990264893 
6.665736675262451 
5.1106367111206055 
4.96204137802124 
5.108689308166504 
5.019712924957275 
6.837158679962158 
5.083674907684326 
5.087418556213379 
5.124624252319336 
5.859225749969482 
5.254573345184326 
5.078190803527832 
5.104720592498779 
6.48712158203125 
6.6057634353637695 
5.1724982261657715 
5.1111345291137695 
5.112912178039551 
5.0971879959106445 
5.2405219078063965 
5.246740341186523 
5.566061973571777 
5.01544713973999 
5.5237908363342285 
5.77876091003418 
5.121049880981445 
6.147983551025391 
5.283748626708984 
5.109139919281006 
4.915444374084473 
5.355851173400879 
5.128300666809082 
5.088925361633301 
6.881762981414795 
4.994729042053223 
5.179985046386719 
5.3992767333984375 
5.209463596343994 
5.097994804382324 
6.107594013214111 
6.306463241577148 
5.0146403312683105 
4.945198059082031 
6.50617790222168 
5.157270908355713 
5.77876091003418 
5.0754499435424805 
6.002155780792236 
5.140011787414551 
5.156731605529785 
5.005061626434326 
5.207779407501221 
6.415101051330566 
5.038575172424316 
5.022522926330566 
5.278680801391602 
6.169709205627441 
5.006394386291504 
5.453780174255371 
5.247028827667236 
5.019158363342285 
5.338504791259766 
5.014153957366943 
4.883170127868652 
5.046990871429443 
5.024142265319824 
5.19746208190918 
6.878971099853516 
5.77876091003418 
8.022526741027832 
5.07803201675415 
5.77876091003418 
5.859040260314941 
6.95335054397583 
5.086565017700195 
5.173084259033203 
4.986363410949707 
5.541183948516846 
4.940702438354492 
5.238303184509277 
5.08645486831665 
5.171929359436035 
5.067602157592773 
5.123000144958496 
5.521173000335693 
6.204583644866943 
5.001476764678955 
5.181146621704102 
5.033414363861084 
7.865987777709961 
5.091080665588379 
5.022022247314453 
5.039964199066162 
4.986712455749512 
5.0280656814575195 
5.3840107917785645 
6.577648162841797 
5.142965316772461 
4.935856342315674 
5.0178728103637695 
5.955255031585693 
5.846119403839111 
5.40315055847168 
6.009372711181641 
6.080273151397705 
4.991907596588135 
5.101430416107178 
5.38076639175415 
5.286438941955566 
5.902322769165039 
5.096132755279541 
4.980429649353027 
6.747500419616699 
5.660238265991211 
6.081428050994873 
5.054113864898682 
4.850070953369141 
5.120962142944336 
5.041594982147217 
5.219971179962158 
5.706169128417969 
6.158912658691406 
5.169184684753418 
5.091614723205566 
5.540614604949951 
5.096622467041016 
4.974424362182617 
4.99846076965332 
7.099662780761719 
5.001217365264893 
6.937767505645752 
5.030570983886719 
5.087896823883057 
4.902292251586914 
5.042049407958984 
5.133441925048828 
5.091362476348877 
5.5207133293151855 
5.090541839599609 
5.737751007080078 
5.02073335647583 
6.078080177307129 
6.3985371589660645 
5.498106479644775 
5.221348285675049 
6.503525257110596 
4.904658317565918 
4.9897050857543945 
5.063692092895508 
7.345163822174072 
5.104122161865234 
5.0432844161987305 
5.075287342071533 
7.028731346130371 
5.031124591827393 
5.078102111816406 
5.126705169677734 
5.885125160217285 
4.938358306884766 
4.9783782958984375 
6.769676208496094 
6.12051248550415 
7.895107269287109 
5.106716156005859 
6.615719318389893 
5.031183242797852 
5.061785697937012 
5.011338710784912 
5.0981597900390625 
4.940943717956543 
5.953552722930908 
6.54184627532959 
5.1370391845703125 
7.019453048706055 
5.411866664886475 
7.478845596313477 
5.009682655334473 
4.925369739532471 
4.902544975280762 
5.617664337158203 
6.7886962890625 
6.577489852905273 
5.6880950927734375 
6.61839485168457 
7.0199809074401855 
7.983323097229004 
5.075051784515381 
5.192195415496826 
6.44376802444458 
5.047367095947266 
5.0462470054626465 
5.77876091003418 
6.5150299072265625 
5.025672912597656 
5.064177513122559 
5.039587497711182 
5.058258056640625 
5.391619682312012 
5.893395900726318 
5.844796180725098 
5.667806625366211 
9.579145431518555 
5.77876091003418 
6.156165599822998 
5.18173885345459 
5.015897750854492 
5.113400459289551 
5.888057231903076 
5.089860439300537 
5.388709545135498 
5.037539482116699 
5.052858829498291 
5.5234575271606445 
6.222751617431641 
6.535798072814941 
5.064888954162598 
5.074050426483154 
5.342406272888184 
4.963916778564453 
6.459773063659668 
5.3429036140441895 
5.215954780578613 
5.038693904876709 
5.15192174911499 
7.389472484588623 
5.165461540222168 
5.015768051147461 
8.461679458618164 
5.0164570808410645 
4.963871955871582 
6.820648193359375 
6.693463325500488 
5.020352363586426 
5.1469011306762695 
5.11763858795166 
6.3898186683654785 
5.711192607879639 
5.502141952514648 
7.0601396560668945 
4.987886905670166 
5.066864967346191 
5.088246822357178 
5.011656284332275 
5.77876091003418 
6.013559818267822 
5.197327136993408 
4.914409160614014 
5.068458080291748 
5.07728385925293 
5.206145286560059 
5.422794342041016 
5.057021141052246 
5.159906387329102 
5.021158695220947 
5.081110954284668 
5.009286880493164 
5.056134223937988 
7.693437576293945 
5.095186710357666 
5.3326311111450195 
5.196113586425781 
6.128130912780762 
5.03349494934082 
5.109615802764893 
6.877420425415039 
7.002697467803955 
5.046027183532715 
7.197640895843506 
6.386260509490967 
5.170292854309082 
4.851529598236084 
6.34760856628418 
6.487003803253174 
5.0415358543396 
7.934324264526367 
5.032789707183838 
5.171219825744629 
6.569912910461426 
5.11073637008667 
5.014929294586182 
5.35325813293457 
5.0633039474487305 
5.099823474884033 
5.031091690063477 
5.041276931762695 
6.510411262512207 
5.053504467010498 
4.939845561981201 
5.841885089874268 
5.186057090759277 
5.286684036254883 
6.714120864868164 
5.041445255279541 
5.535487174987793 
5.057215690612793 
4.957144260406494 
5.056711673736572 
5.205113410949707 
5.629543781280518 
5.112030506134033 
5.030282020568848 
7.432784080505371 
5.076385974884033 
5.407602787017822 
5.085417747497559 
5.510296821594238 
5.197058200836182 
5.213729381561279 
5.158193111419678 
5.030230522155762 
5.653965473175049 
5.01912784576416 
5.012195587158203 
5.118229389190674 
5.011653900146484 
5.15778923034668 
6.298744201660156 
5.060529708862305 
5.193086624145508 
5.085427761077881 
5.16176700592041 
8.001529693603516 
7.31479024887085 
5.229280471801758 
4.9525909423828125 
7.822404861450195 
5.021433353424072 
5.4061994552612305 
5.256220817565918 
5.103013038635254 
5.160871505737305 
5.016098499298096 
5.035316467285156 
5.068163871765137 
5.030193328857422 
6.725992202758789 
4.8283867835998535 
4.9957356452941895 
5.086040019989014 
5.126337051391602 
5.176243782043457 
6.753235816955566 
5.631745338439941 
5.123733043670654 
4.92719841003418 
4.93889856338501 
6.9804463386535645 
4.866360187530518 
5.375062942504883 
4.999827861785889 
4.9759321212768555 
5.100277900695801 
7.593667507171631 
5.089032173156738 
5.879592418670654 
5.762902736663818 
5.0779523849487305 
4.85729455947876 
5.0951457023620605 
5.186527729034424 
5.129612922668457 
5.280493259429932 
5.080015182495117 
4.925062656402588 
5.225496768951416 
5.1047749519348145 
6.555575370788574 
5.647984027862549 
6.618387222290039 
5.175185680389404 
6.775274753570557 
5.567684173583984 
5.046567916870117 
5.9412641525268555 
5.150652885437012 
7.273197174072266 
5.145806312561035 
5.332608222961426 
5.105432033538818 
4.961737632751465 
5.118996620178223 
5.040978908538818 
7.1007537841796875 
4.986091613769531 
4.947362899780273 
5.436514854431152 
5.052915096282959 
5.067110061645508 
5.0137505531311035 
4.885988235473633 
5.088404178619385 
6.322558879852295 
6.881557464599609 
5.528393268585205 
5.318628787994385 
5.162510871887207 
4.997901916503906 
5.177948474884033 
4.982967376708984 
5.053034782409668 
4.97805118560791 
5.233841896057129 
5.325970649719238 
4.934263706207275 
6.973912239074707 
9.803234100341797 
4.985639572143555 
5.364919662475586 
6.789729118347168 
6.2001237869262695 
5.0983662605285645 
5.139564037322998 
5.126201152801514 
5.77876091003418 
5.01895809173584 
4.997367858886719 
4.859063148498535 
5.77876091003418 
6.287325382232666 
5.071857929229736 
4.989043712615967 
5.013886451721191 
6.821436882019043 
5.103207111358643 
4.8323540687561035 
5.347064018249512 
5.067079544067383 
5.071123123168945 
5.6607985496521 
4.961401462554932 
4.985074520111084 
5.117435455322266 
5.819517135620117 
4.980743408203125 
5.0409746170043945 
5.0242109298706055 
5.084354400634766 
5.018759727478027 
4.978076934814453 
5.520177364349365 
5.379947662353516 
5.077478408813477 
5.292251110076904 
5.207692623138428 
5.372208595275879 
5.064379692077637 
5.265590667724609 
5.092870712280273 
7.009798049926758 
5.041343688964844 
5.183908462524414 
5.9473676681518555 
5.104186058044434 
5.034161567687988 
5.418139457702637 
4.956244945526123 
6.64724588394165 
6.987967491149902 
5.042407035827637 
5.359356880187988 
5.0683674812316895 
5.38605260848999 
5.34451150894165 
5.141219139099121 
4.908627510070801 
5.05006217956543 
5.20152473449707 
5.031997203826904 
5.079728603363037 
7.048981189727783 
5.134582042694092 
4.884408473968506 
5.372104644775391 
5.519404411315918 
6.126221656799316 
5.188843727111816 
5.1121344566345215 
5.272094249725342 
5.0434370040893555 
5.399267196655273 
4.931070327758789 
5.026025772094727 
5.229582786560059 
5.156951427459717 
7.590544700622559 
7.732614040374756 
5.154876232147217 
5.345895290374756 
7.644713401794434 
5.102749824523926 
5.177486419677734 
5.1429829597473145 
5.008208274841309 
5.0351643562316895 
5.364532470703125 
5.357275485992432 
6.375951290130615 
4.998682022094727 
4.978262424468994 
5.996973514556885 
4.816543102264404 
4.828049182891846 
4.937553405761719 
5.157629489898682 
5.551585674285889 
5.449610233306885 
4.991077423095703 
5.925074577331543 
5.110857009887695 
7.1171112060546875 
5.483039379119873 
6.6465301513671875 
7.0081634521484375 
5.277828216552734 
7.057002067565918 
5.138030529022217 
6.47727108001709 
5.0109357833862305 
6.1530256271362305 
5.061768531799316 
5.140775680541992 
5.167839050292969 
4.927953243255615 
6.62225866317749 
5.054093360900879 
5.0764594078063965 
5.254367351531982 
5.775942325592041 
5.048923969268799 
5.085452556610107 
5.298894882202148 
5.074441909790039 
4.843994140625 
5.236166000366211 
5.067965984344482 
5.066363334655762 
8.197532653808594 
4.976414680480957 
5.008965492248535 
5.159740447998047 
5.094064235687256 
5.053438186645508 
5.026338577270508 
6.312013149261475 
4.969265937805176 
5.207098484039307 
5.114809513092041 
5.160335063934326 
6.350583553314209 
5.0017242431640625 
4.985724925994873 
5.168307781219482 
5.80430793762207 
5.180620193481445 
5.390905380249023 
5.151460647583008 
5.004272937774658 
5.258056163787842 
5.133746147155762 
5.258528709411621 
5.074761867523193 
5.428347110748291 
7.606335639953613 
5.095019340515137 
5.070838451385498 
5.096760272979736 
5.110950469970703 
6.574329376220703 
6.174098014831543 
5.141476631164551 
5.159802436828613 
5.027724266052246 
5.15675163269043 
5.112072467803955 
7.483762741088867 
5.153665542602539 
5.068831920623779 
5.081167697906494 
5.077785491943359 
4.867008686065674 
5.580252647399902 
5.017133712768555 
5.228055953979492 
5.251280784606934 
4.971128463745117 
7.830970764160156 
7.799871921539307 
5.097909450531006 
6.3856658935546875 
5.330799102783203 
5.379190921783447 
6.121447563171387 
5.700477123260498 
5.124590873718262 
5.070408821105957 
5.581828594207764 
4.953047752380371 
5.222528457641602 
5.047144412994385 
8.305753707885742 
5.097026348114014 
5.393208026885986 
5.101672649383545 
4.968704700469971 
4.984428405761719 
6.4216227531433105 
4.984563827514648 
5.77876091003418 
6.914694309234619 
5.03605842590332 
5.1770758628845215 
5.031111240386963 
4.983949661254883 
4.965308666229248 
5.110491752624512 
5.135765552520752 
5.224778175354004 
5.022414207458496 
6.710287094116211 
6.343372344970703 
5.075514793395996 
4.840342998504639 
5.77876091003418 
5.527875900268555 
5.657046794891357 
6.868450164794922 
5.057715892791748 
5.011220932006836 
5.054598808288574 
6.522383213043213 
4.911076545715332 
5.3860626220703125 
4.8764543533325195 
5.018302917480469 
5.183968544006348 
6.510819911956787 
5.378753662109375 
5.158390045166016 
6.108778476715088 
5.270228385925293 
4.936334609985352 
5.0667829513549805 
5.235903739929199 
5.013185501098633 
5.017831802368164 
5.77876091003418 
5.069894313812256 
4.997169017791748 
5.102222919464111 
5.068197727203369 
5.294348239898682 
5.482615947723389 
8.52585506439209 
5.007420063018799 
5.441843032836914 
5.043599605560303 
5.236156463623047 
5.02701473236084 
8.558921813964844 
5.871070384979248 
5.242181777954102 
5.182263374328613 
5.997841835021973 
5.1126017570495605 
4.980647563934326 
5.050833225250244 
5.083215713500977 
5.085615158081055 
5.443313121795654 
5.361051559448242 
5.43547248840332 
5.015628337860107 
5.351859092712402 
5.0818562507629395 
5.37486457824707 
5.267878532409668 
7.036787033081055 
5.77876091003418 
5.60528564453125 
5.265818119049072 
6.335399627685547 
4.8534770011901855 
5.068814754486084 
4.945429801940918 
4.962381362915039 
4.996147632598877 
5.073244571685791 
5.06842565536499 
4.988626956939697 
5.405220985412598 
6.504204273223877 
6.457393169403076 
4.986798286437988 
5.284057140350342 
5.565714359283447 
5.030617713928223 
7.1541571617126465 
5.182251453399658 
5.020040512084961 
6.128965377807617 
5.004779815673828 
5.144272327423096 
5.028028964996338 
5.082906723022461 
6.268381118774414 
5.082825660705566 
5.037934303283691 
4.996706008911133 
4.965174198150635 
5.017020225524902 
5.077587604522705 
6.61044979095459 
5.1146111488342285 
5.035055160522461 
6.767439842224121 
7.569677352905273 
4.854679584503174 
5.320892333984375 
5.249628067016602 
6.633990287780762 
5.168865203857422 
4.953869342803955 
5.065952301025391 
5.305886268615723 
6.880963325500488 
5.259637832641602 
5.200555801391602 
5.027030944824219 
5.252910614013672 
4.908053398132324 
6.201716899871826 
5.333085060119629 
5.101741790771484 
4.976512908935547 
4.9787917137146 
5.124120235443115 
7.730688571929932 
5.122416019439697 
5.054993629455566 
4.912189483642578 
5.034751892089844 
5.551018714904785 
6.73886775970459 
5.934751510620117 
5.354082107543945 
5.105713367462158 
5.06085729598999 
8.96078872680664 
5.147318363189697 
5.307830810546875 
5.525112628936768 
5.017161846160889 
5.119907379150391 
5.311115264892578 
5.000500202178955 
5.005471706390381 
5.259698867797852 
5.77876091003418 
5.236852169036865 
5.284566879272461 
5.022744178771973 
5.082629680633545 
5.045280456542969 
4.9918904304504395 
5.083326816558838 
5.364666938781738 
4.928456783294678 
5.564007759094238 
6.921273708343506 
5.070786476135254 
6.519648551940918 
5.012272357940674 
5.011902332305908 
4.940036296844482 
5.064617156982422 
5.07475471496582 
5.192056655883789 
5.075291156768799 
5.096343994140625 
4.933691024780273 
5.4593305587768555 
5.134457588195801 
5.069153785705566 
4.947537422180176 
5.022855758666992 
4.996522903442383 
6.186685085296631 
5.0064263343811035 
5.051517009735107 
5.114620208740234 
5.96853494644165 
5.03596830368042 
5.683773040771484 
5.037641525268555 
