5.534860134124756 
5.0037736892700195 
5.341894149780273 
5.172233581542969 
4.83897066116333 
5.264989852905273 
5.234652519226074 
5.087028503417969 
5.114371299743652 
5.19983434677124 
5.0328168869018555 
5.090360641479492 
5.299226760864258 
5.400662422180176 
4.8061628341674805 
5.310466766357422 
5.429077625274658 
4.606298923492432 
4.727869987487793 
6.026872634887695 
5.153110504150391 
5.570097923278809 
5.171199321746826 
6.308851718902588 
4.812534332275391 
6.650452613830566 
5.789584159851074 
5.443247318267822 
5.518712997436523 
5.678620338439941 
4.801709175109863 
5.045992851257324 
6.677230358123779 
5.280330657958984 
4.908651351928711 
4.854490280151367 
5.020145893096924 
5.211061477661133 
8.38453197479248 
5.116757392883301 
5.030490398406982 
6.685986518859863 
4.959251403808594 
4.850240230560303 
5.824741840362549 
4.706697463989258 
4.923835277557373 
4.760159015655518 
4.894771575927734 
4.94968318939209 
4.962468147277832 
5.186375617980957 
4.951775550842285 
4.9595746994018555 
4.702824592590332 
4.847350120544434 
5.133761405944824 
5.301703453063965 
4.925817012786865 
5.216387748718262 
5.360489845275879 
5.070240497589111 
5.294801712036133 
5.879383087158203 
6.029940605163574 
6.778713703155518 
5.130050182342529 
4.998376369476318 
4.883363723754883 
4.978034019470215 
4.660265922546387 
4.883525848388672 
4.905200958251953 
4.963919639587402 
4.740324974060059 
5.864412307739258 
5.088316917419434 
5.033446311950684 
6.8777756690979 
8.946529388427734 
7.292072296142578 
5.280608177185059 
4.672366142272949 
5.354984283447266 
5.043622016906738 
4.72123384475708 
5.343886375427246 
5.354975700378418 
4.880928039550781 
5.055355072021484 
5.427750110626221 
5.024224758148193 
4.931124687194824 
4.904156684875488 
8.28436279296875 
4.871821403503418 
6.504937648773193 
5.052974700927734 
4.90444278717041 
5.165189743041992 
4.867854118347168 
4.95542049407959 
5.458498001098633 
6.397634506225586 
5.642520904541016 
6.233438491821289 
4.7651190757751465 
5.7936248779296875 
6.110641956329346 
4.677837371826172 
5.015197277069092 
5.200898170471191 
4.985640525817871 
5.053876876831055 
4.732414722442627 
5.018404960632324 
6.151822090148926 
7.101048469543457 
5.030912399291992 
4.8997931480407715 
5.106776237487793 
5.1678314208984375 
4.910254955291748 
4.791214942932129 
8.504082679748535 
7.29393196105957 
6.252983570098877 
5.320484638214111 
4.963493824005127 
4.814503192901611 
5.030264854431152 
5.077533721923828 
5.229666233062744 
4.876265525817871 
5.084389686584473 
4.993988037109375 
7.733188629150391 
4.847050666809082 
4.940816879272461 
7.754586219787598 
5.008344650268555 
5.212401866912842 
4.900215148925781 
5.015702247619629 
5.426610946655273 
4.940699577331543 
4.911651611328125 
4.957924842834473 
7.6732306480407715 
4.613885402679443 
4.95340633392334 
5.055617332458496 
7.095659255981445 
6.196268081665039 
6.457392692565918 
5.693089485168457 
7.537561416625977 
5.0891642570495605 
6.1155900955200195 
6.615528583526611 
5.649715423583984 
5.03997802734375 
5.224875450134277 
4.766202449798584 
5.629410266876221 
4.90846061706543 
4.889614105224609 
5.496380805969238 
8.269895553588867 
4.737321853637695 
4.874232292175293 
4.9514007568359375 
5.465134620666504 
5.858367919921875 
5.151628017425537 
5.618652820587158 
4.792304039001465 
6.693695068359375 
5.187344551086426 
4.884703159332275 
4.886165618896484 
5.415290832519531 
4.716531276702881 
4.952491760253906 
5.986968994140625 
4.806063652038574 
4.9439191818237305 
5.1126508712768555 
4.980935096740723 
4.950052261352539 
6.642004013061523 
5.235715866088867 
5.199565887451172 
4.916110038757324 
5.391265869140625 
5.0539350509643555 
5.037677764892578 
4.858467102050781 
6.700125694274902 
8.672564506530762 
6.269861221313477 
6.012458324432373 
5.352292537689209 
5.097867012023926 
5.2261505126953125 
7.437276840209961 
4.996028900146484 
4.873201847076416 
7.206265926361084 
4.817744731903076 
7.63795804977417 
7.322190284729004 
5.043883323669434 
5.344010829925537 
5.307890892028809 
5.266741752624512 
5.5439453125 
6.114083290100098 
4.802942276000977 
5.607734680175781 
5.191176414489746 
4.989902973175049 
5.431714057922363 
5.094907760620117 
5.165356636047363 
4.992687225341797 
4.797395706176758 
4.8497114181518555 
4.827445030212402 
4.846321105957031 
5.292040824890137 
5.611226558685303 
4.7249040603637695 
6.083998680114746 
5.007655143737793 
5.002086162567139 
5.318479537963867 
5.152131080627441 
6.658881187438965 
4.966426849365234 
5.354198455810547 
5.083737850189209 
4.91500186920166 
5.616554260253906 
4.902770519256592 
5.412609577178955 
5.529270172119141 
4.829957008361816 
5.110245704650879 
4.919559478759766 
5.802029609680176 
5.494394779205322 
5.758580207824707 
6.029112815856934 
5.458150863647461 
5.065526008605957 
5.257357597351074 
8.197067260742188 
5.233232021331787 
6.672049045562744 
6.653943061828613 
4.872345924377441 
5.233613967895508 
5.618459224700928 
5.149576187133789 
4.727419376373291 
5.060137748718262 
5.592341423034668 
5.00954532623291 
9.004992485046387 
5.169463157653809 
5.0076446533203125 
6.619504928588867 
5.0102314949035645 
4.622747421264648 
4.67942476272583 
5.244947910308838 
5.23237419128418 
4.988494873046875 
5.945113658905029 
4.695956230163574 
4.788476467132568 
5.738806247711182 
4.6641035079956055 
5.469771385192871 
5.030459403991699 
5.048542022705078 
4.865204811096191 
5.975438117980957 
7.918954849243164 
5.265626907348633 
5.207577705383301 
6.947041988372803 
7.043510437011719 
5.212801456451416 
4.7520365715026855 
5.040353775024414 
4.844552040100098 
5.108287811279297 
5.208449363708496 
4.880212783813477 
5.384779930114746 
4.897434234619141 
6.07373046875 
5.096513748168945 
4.691877841949463 
4.850152492523193 
5.885575294494629 
5.174125671386719 
5.189498424530029 
4.810731887817383 
4.912848949432373 
5.235927581787109 
6.545342445373535 
4.982996463775635 
5.145776748657227 
4.806338310241699 
5.321328639984131 
5.555975914001465 
5.006196975708008 
5.181870937347412 
4.906493186950684 
4.707729816436768 
4.626784324645996 
6.512938499450684 
4.888154983520508 
4.762843132019043 
5.492586135864258 
4.866409778594971 
5.07158088684082 
5.166876792907715 
4.93723201751709 
4.746433258056641 
5.101993560791016 
5.182506561279297 
5.063722610473633 
5.278245449066162 
4.949304580688477 
4.898098468780518 
5.130055904388428 
4.898734092712402 
7.143514156341553 
4.991916656494141 
4.872228145599365 
5.107044219970703 
4.875385284423828 
4.963284492492676 
4.935930252075195 
4.925289630889893 
5.9197916984558105 
4.897619247436523 
5.158843040466309 
4.860630512237549 
4.979374885559082 
5.026662349700928 
4.793975830078125 
4.951037406921387 
4.982841491699219 
6.118490219116211 
6.136833190917969 
5.024011135101318 
5.568817615509033 
5.076416492462158 
4.84527587890625 
7.208981513977051 
5.359403610229492 
5.009121894836426 
6.783994197845459 
5.232989311218262 
5.612702369689941 
4.938991546630859 
4.938739776611328 
4.940272331237793 
6.036993026733398 
4.934015274047852 
5.085270881652832 
4.7936506271362305 
5.124787330627441 
4.7627668380737305 
5.084739685058594 
4.912782669067383 
5.255270957946777 
4.802260398864746 
5.180720329284668 
4.709096908569336 
5.325303077697754 
5.111300468444824 
5.363792419433594 
7.082826614379883 
4.909221649169922 
4.795472145080566 
5.103434085845947 
8.199623107910156 
4.74216365814209 
5.036734580993652 
5.03594970703125 
5.160042762756348 
4.750929832458496 
4.67952823638916 
5.79792594909668 
4.71558952331543 
4.8787150382995605 
4.929347991943359 
5.070669651031494 
8.4061861038208 
5.013223171234131 
4.928539752960205 
6.095600128173828 
5.20682430267334 
6.540402889251709 
4.9214677810668945 
4.9458818435668945 
4.833676815032959 
5.206636428833008 
7.051319122314453 
5.169671058654785 
4.913729667663574 
6.204181671142578 
5.028565406799316 
5.784182548522949 
8.3923921585083 
6.285224437713623 
4.990261077880859 
5.18451452255249 
5.10559606552124 
5.190049171447754 
4.8510847091674805 
4.931375503540039 
4.895180702209473 
4.981552600860596 
4.880901336669922 
5.251918315887451 
5.434144020080566 
6.408735275268555 
8.391226768493652 
4.890719890594482 
5.480632305145264 
4.972587585449219 
5.418532371520996 
5.432837009429932 
4.881370544433594 
4.931522369384766 
5.315509796142578 
5.224449157714844 
5.625772953033447 
5.041337013244629 
5.569262504577637 
4.977952003479004 
4.937021255493164 
4.827545166015625 
4.908768653869629 
5.486759185791016 
5.753023624420166 
5.748223304748535 
5.019360542297363 
5.231654167175293 
4.936069011688232 
5.005845069885254 
5.556957244873047 
5.031765460968018 
5.83455228805542 
4.994749546051025 
5.6335577964782715 
5.762661933898926 
4.654938220977783 
4.982008934020996 
5.019073963165283 
4.899669647216797 
4.8909149169921875 
4.8188629150390625 
4.885891914367676 
4.776315689086914 
4.816455841064453 
6.190563201904297 
6.161306858062744 
5.088525772094727 
4.971856117248535 
5.028120994567871 
5.053051948547363 
5.182262420654297 
6.911389350891113 
5.614907264709473 
4.901068687438965 
4.9971699714660645 
5.066989898681641 
5.5427141189575195 
5.017780303955078 
5.9015607833862305 
4.912887096405029 
5.079502105712891 
4.826568126678467 
5.249031066894531 
4.801754474639893 
4.726378440856934 
5.113329887390137 
4.9355292320251465 
4.901484489440918 
4.943958282470703 
4.803927421569824 
4.77194881439209 
5.336735725402832 
4.9805097579956055 
4.918266773223877 
4.892690181732178 
4.907253742218018 
4.769495964050293 
5.223163604736328 
5.15378475189209 
5.134744644165039 
5.022769927978516 
6.517848968505859 
7.347801685333252 
5.16530179977417 
5.121753215789795 
5.151763916015625 
5.060081481933594 
5.119300365447998 
5.0440568923950195 
5.107908248901367 
4.984215259552002 
4.902641296386719 
4.843778610229492 
4.861403465270996 
4.7710981369018555 
4.789725303649902 
5.0857038497924805 
5.674686431884766 
5.102818489074707 
7.405130863189697 
5.1534929275512695 
4.962253570556641 
5.710841178894043 
5.366677284240723 
4.8864617347717285 
6.212615013122559 
5.240881443023682 
4.833972454071045 
6.121882438659668 
4.947925567626953 
5.205236434936523 
5.137966156005859 
4.902498245239258 
5.1945881843566895 
5.0015058517456055 
5.104424476623535 
5.0773820877075195 
4.729248046875 
5.077886581420898 
5.101090431213379 
5.914117336273193 
7.196922302246094 
5.226696491241455 
5.186568737030029 
6.354724407196045 
4.904875755310059 
5.236080646514893 
5.008780479431152 
4.887721061706543 
5.009686470031738 
5.428658962249756 
4.8488450050354 
6.462435722351074 
5.3198628425598145 
5.1859049797058105 
5.181051731109619 
5.003009796142578 
4.85123348236084 
6.423845291137695 
5.032334804534912 
4.908098220825195 
4.982556343078613 
5.013388633728027 
7.749340057373047 
5.347956657409668 
5.332840919494629 
4.730827331542969 
7.796597003936768 
8.75999641418457 
5.150462627410889 
5.527471542358398 
5.182600975036621 
4.994090557098389 
4.971110820770264 
4.941258430480957 
4.91757869720459 
7.5410871505737305 
5.586987018585205 
5.620113372802734 
4.936519622802734 
5.164889335632324 
5.105249404907227 
5.6388959884643555 
4.924759864807129 
5.417664527893066 
5.794310569763184 
5.275416851043701 
4.887899875640869 
5.163706302642822 
5.649056434631348 
4.9314422607421875 
4.938603401184082 
5.18110466003418 
4.92817497253418 
6.16070032119751 
5.015428066253662 
7.390782356262207 
5.44543981552124 
4.92905330657959 
5.089423179626465 
5.461488723754883 
5.173922538757324 
4.8715128898620605 
5.08456563949585 
5.931960582733154 
4.930523872375488 
4.935900688171387 
4.902489185333252 
6.429050445556641 
4.765544891357422 
5.280235290527344 
4.946253299713135 
4.924138069152832 
4.854457855224609 
5.174453258514404 
4.9701313972473145 
4.9566755294799805 
5.2703142166137695 
4.951481819152832 
5.19248628616333 
5.007637023925781 
6.088159561157227 
4.908003807067871 
5.606099605560303 
4.768815040588379 
7.7310686111450195 
5.1423797607421875 
4.81974983215332 
5.717924118041992 
6.010571479797363 
5.6593170166015625 
4.831396579742432 
5.221796035766602 
5.018789291381836 
5.848911285400391 
4.921122074127197 
5.13942289352417 
6.037692070007324 
5.382364273071289 
4.997505187988281 
5.49014949798584 
6.069796562194824 
5.084080219268799 
4.580591201782227 
5.02971076965332 
5.083106994628906 
5.174445152282715 
6.276074409484863 
4.877256393432617 
9.399230003356934 
5.216012954711914 
4.7975897789001465 
4.827340126037598 
5.909502029418945 
4.580680847167969 
6.501320838928223 
4.971289157867432 
5.033013820648193 
4.924832344055176 
5.349804878234863 
8.098608016967773 
5.2913360595703125 
5.706886291503906 
4.78183126449585 
4.796019554138184 
4.677803039550781 
5.4304022789001465 
5.206192970275879 
4.945323944091797 
5.026027679443359 
5.105123519897461 
5.293896675109863 
4.99525260925293 
4.913067817687988 
5.119592189788818 
5.399747848510742 
5.071735382080078 
4.583102703094482 
4.883267402648926 
5.585945129394531 
5.878115653991699 
4.81947135925293 
5.776975154876709 
5.922956466674805 
5.033522605895996 
8.070389747619629 
4.910669326782227 
4.821517467498779 
4.960052013397217 
5.105414390563965 
4.799983978271484 
5.509210586547852 
7.35926628112793 
5.111210346221924 
5.159911155700684 
4.687565803527832 
4.910776138305664 
5.057900428771973 
5.7433624267578125 
4.9767279624938965 
5.127567291259766 
5.312328815460205 
4.823940277099609 
4.968916416168213 
4.757798671722412 
5.092609405517578 
5.039467811584473 
5.051090717315674 
4.882839202880859 
5.303323745727539 
5.100224494934082 
4.954169273376465 
5.492127895355225 
6.761241436004639 
5.066828727722168 
4.91646671295166 
4.878429412841797 
5.209494113922119 
6.0677032470703125 
5.006969451904297 
7.7673797607421875 
5.886695384979248 
5.07353401184082 
4.981201171875 
4.945693016052246 
6.965749740600586 
5.172543048858643 
5.023436546325684 
7.066036224365234 
7.692376136779785 
4.944252967834473 
5.5582427978515625 
4.999023914337158 
5.386408805847168 
4.931099891662598 
5.059734344482422 
5.168413162231445 
4.975205898284912 
6.2739176750183105 
4.986568450927734 
5.787158966064453 
4.930507659912109 
5.289853096008301 
6.154932022094727 
5.128718376159668 
6.687770843505859 
4.537940502166748 
4.657864570617676 
5.536898612976074 
10.108595848083496 
5.540822982788086 
4.717477798461914 
5.123172760009766 
4.73090934753418 
4.834733963012695 
5.758720397949219 
5.104330062866211 
5.507433891296387 
4.810452461242676 
4.7234601974487305 
6.042613983154297 
7.255249977111816 
7.637373447418213 
4.922908782958984 
6.377808570861816 
4.880640983581543 
4.85850191116333 
5.444649696350098 
4.881332874298096 
5.340640068054199 
5.153413772583008 
5.001516819000244 
5.304573059082031 
4.968767166137695 
4.862644672393799 
4.992698669433594 
5.113929271697998 
5.127852439880371 
5.21832799911499 
5.428500175476074 
5.190495491027832 
8.094532012939453 
4.88165283203125 
5.033289909362793 
7.765192985534668 
5.971905708312988 
4.927942276000977 
5.962603569030762 
5.08746862411499 
5.012564659118652 
4.930462837219238 
5.169979095458984 
5.1179962158203125 
4.833765029907227 
5.104138374328613 
5.174526691436768 
5.244417190551758 
5.056854248046875 
5.309774398803711 
5.198178768157959 
4.937793731689453 
4.944052696228027 
4.823957443237305 
5.422797679901123 
5.294033050537109 
5.130854606628418 
5.172519207000732 
7.65740442276001 
4.796176910400391 
4.659542083740234 
4.8630523681640625 
4.941650390625 
5.754934787750244 
7.8924126625061035 
5.155172824859619 
5.671754837036133 
5.011198997497559 
5.220963478088379 
6.008368015289307 
5.228691101074219 
5.2219390869140625 
5.746939182281494 
4.7485785484313965 
4.479425430297852 
6.1814069747924805 
5.414493560791016 
4.886457443237305 
5.025626182556152 
4.989353179931641 
4.756834983825684 
5.322660446166992 
4.784778118133545 
8.066466331481934 
5.064788818359375 
4.992073059082031 
4.850527763366699 
5.051563262939453 
5.6335601806640625 
4.5996413230896 
4.596443176269531 
5.271635055541992 
4.974001407623291 
5.087246417999268 
7.776218414306641 
5.4740190505981445 
4.829235076904297 
4.939882278442383 
5.389043807983398 
6.299954414367676 
4.802864074707031 
4.97756290435791 
6.634189605712891 
4.868496894836426 
6.228516578674316 
5.197957992553711 
6.050276279449463 
5.4254350662231445 
4.8973188400268555 
4.98612117767334 
4.945103645324707 
4.883504867553711 
6.705948352813721 
4.823190689086914 
5.360085487365723 
4.977267742156982 
5.150315284729004 
5.186676025390625 
5.005482196807861 
4.819223403930664 
5.249051094055176 
4.958724021911621 
7.867020606994629 
5.116915702819824 
4.948498725891113 
4.8302764892578125 
5.492107391357422 
4.972897529602051 
5.6645917892456055 
4.883451461791992 
5.437283992767334 
6.149704933166504 
5.027703285217285 
4.655093669891357 
5.090176105499268 
4.664753437042236 
4.746175765991211 
5.111923694610596 
4.998218059539795 
5.988362789154053 
5.963850021362305 
5.060881614685059 
7.5894012451171875 
4.934588432312012 
5.493321418762207 
5.041188716888428 
5.124290943145752 
4.794891357421875 
5.876926422119141 
5.135916709899902 
5.514969825744629 
6.080317497253418 
5.989431381225586 
7.876248359680176 
4.948712348937988 
5.048864364624023 
4.825503349304199 
4.850534439086914 
4.837408542633057 
5.10368537902832 
5.440700054168701 
5.020371913909912 
5.167417526245117 
5.630218505859375 
5.140915393829346 
5.162082672119141 
5.170877933502197 
4.891472339630127 
5.191054821014404 
4.793663024902344 
5.355165004730225 
5.429358005523682 
5.1033148765563965 
5.075414657592773 
7.0875349044799805 
5.296612739562988 
5.117619514465332 
4.789146423339844 
5.2210564613342285 
5.031340599060059 
5.7069292068481445 
7.408336162567139 
5.110267162322998 
5.194079399108887 
5.090956687927246 
5.236102104187012 
5.092203140258789 
5.164047718048096 
5.096305847167969 
4.889101982116699 
8.478398323059082 
5.635464191436768 
4.944167137145996 
5.5206193923950195 
6.238218307495117 
5.469362735748291 
8.137425422668457 
5.101248264312744 
5.275786399841309 
4.927708148956299 
4.778192043304443 
6.001005172729492 
4.8677449226379395 
7.394624710083008 
4.785924911499023 
5.160561561584473 
6.709641933441162 
4.909143447875977 
5.880217552185059 
5.019116401672363 
5.072599411010742 
4.810629367828369 
5.337275505065918 
5.1363139152526855 
4.7507758140563965 
5.094804763793945 
5.715215682983398 
5.288866996765137 
6.6310248374938965 
5.269071578979492 
5.144715309143066 
5.2209320068359375 
6.026401042938232 
7.305033206939697 
5.0882768630981445 
4.768672943115234 
5.072875022888184 
4.875904083251953 
5.716000556945801 
5.039093017578125 
4.959961891174316 
5.073964595794678 
5.244490623474121 
4.994793891906738 
5.111964225769043 
5.09143590927124 
4.994915008544922 
4.7082085609436035 
5.062878608703613 
5.042497634887695 
5.38044548034668 
5.449985504150391 
5.451320648193359 
5.3065996170043945 
4.9287943840026855 
4.865749359130859 
5.1233930587768555 
4.91455078125 
4.997779369354248 
4.829476356506348 
5.395232200622559 
5.306320667266846 
5.309917449951172 
6.1719465255737305 
5.852771759033203 
4.956356525421143 
6.135894775390625 
4.757230758666992 
5.070281982421875 
5.043078422546387 
6.002465724945068 
4.808560371398926 
5.183408737182617 
5.291680335998535 
4.838877201080322 
4.975188255310059 
5.4729790687561035 
5.109560012817383 
4.788483142852783 
5.094160079956055 
4.79252290725708 
5.180804252624512 
5.1772284507751465 
4.928189277648926 
5.66444206237793 
6.361331939697266 
5.32185697555542 
4.833073139190674 
7.283496379852295 
4.832746505737305 
7.2317328453063965 
5.179929256439209 
4.857961654663086 
4.82075309753418 
5.052168846130371 
5.1935529708862305 
4.673678874969482 
4.706391334533691 
5.648591041564941 
4.791469573974609 
5.006171226501465 
5.406781196594238 
4.987527370452881 
4.912448883056641 
6.030278205871582 
5.16735315322876 
5.609755516052246 
5.009346961975098 
5.232242107391357 
6.093226432800293 
5.170489311218262 
5.064922332763672 
4.759515285491943 
4.935030937194824 
4.76548433303833 
5.3313140869140625 
5.126877784729004 
4.820085525512695 
4.934137344360352 
5.206958293914795 
4.946845054626465 
4.938648700714111 
5.071733474731445 
5.187285423278809 
5.056024551391602 
5.214197158813477 
5.000128746032715 
5.246755599975586 
4.924643039703369 
4.889457702636719 
4.812659740447998 
4.832114219665527 
4.900835037231445 
5.018571853637695 
5.049018383026123 
4.971524715423584 
4.945135116577148 
4.87457275390625 
6.210657119750977 
4.791779518127441 
5.874169826507568 
5.026980400085449 
4.762662410736084 
4.7617902755737305 
5.135326385498047 
5.31231689453125 
5.75532341003418 
7.564145088195801 
4.692869186401367 
6.501077175140381 
4.500804901123047 
5.668950080871582 
4.8434882164001465 
7.630476951599121 
5.11325740814209 
4.929038047790527 
4.878401279449463 
5.413363456726074 
4.796097755432129 
6.152176380157471 
4.688146591186523 
4.9971771240234375 
5.641122817993164 
5.444602012634277 
4.708676338195801 
4.92568826675415 
4.956086158752441 
4.930943012237549 
4.909591197967529 
4.746685028076172 
6.389752388000488 
6.284409523010254 
4.851151466369629 
5.401453971862793 
4.9459075927734375 
5.5733842849731445 
4.767716407775879 
4.762544631958008 
6.994255542755127 
5.201451301574707 
5.428181171417236 
5.040403366088867 
4.665159225463867 
6.961869239807129 
5.776139259338379 
6.811702251434326 
4.643750190734863 
4.964438438415527 
5.418030738830566 
4.922169208526611 
4.9402666091918945 
5.404660701751709 
5.226101875305176 
4.686825275421143 
5.203986167907715 
5.026361465454102 
5.012575149536133 
4.8926615715026855 
8.05993938446045 
5.145216941833496 
5.055816650390625 
4.746209144592285 
4.8810834884643555 
4.698747634887695 
4.9238200187683105 
5.177518844604492 
5.374502182006836 
6.372332572937012 
5.687602996826172 
5.2754926681518555 
5.168621063232422 
4.953341484069824 
5.401885032653809 
5.160670280456543 
5.141939163208008 
4.774435043334961 
4.989196300506592 
6.238913536071777 
5.144591808319092 
4.943534851074219 
5.46840763092041 
5.055257797241211 
6.765219688415527 
9.18016529083252 
5.146506309509277 
5.159157752990723 
5.249261856079102 
5.140053749084473 
5.145815849304199 
6.161761283874512 
4.938777923583984 
4.8339996337890625 
4.93815803527832 
4.713325500488281 
5.098977088928223 
5.362027645111084 
5.069667339324951 
5.213841438293457 
5.074014663696289 
6.238903522491455 
6.272401809692383 
4.85952091217041 
4.880577087402344 
5.002791404724121 
5.499568939208984 
6.907326698303223 
4.922986030578613 
4.861655235290527 
6.274565696716309 
5.169706344604492 
4.944454193115234 
5.954799652099609 
5.118096351623535 
6.804533004760742 
5.683191299438477 
4.7634735107421875 
4.545983791351318 
5.129909038543701 
4.974480628967285 
4.795627593994141 
4.791202068328857 
5.37705659866333 
5.984064102172852 
5.706652641296387 
4.876575469970703 
4.974757194519043 
4.964996337890625 
4.934453964233398 
5.546828269958496 
5.229345321655273 
5.413077354431152 
4.993782043457031 
4.911900520324707 
4.832076549530029 
4.930484771728516 
5.0487470626831055 
5.047945976257324 
5.1757988929748535 
5.372211456298828 
4.789973258972168 
5.641089916229248 
4.960599899291992 
5.154431343078613 
5.291545391082764 
4.919434547424316 
7.527804851531982 
4.7681450843811035 
4.782835960388184 
5.0649590492248535 
4.971915245056152 
5.2126665115356445 
5.350495338439941 
5.18591833114624 
4.9021759033203125 
6.1237406730651855 
5.605650901794434 
5.122138500213623 
4.689298629760742 
4.819643974304199 
5.584784030914307 
6.319192409515381 
5.540570259094238 
5.5703535079956055 
5.125261306762695 
4.8768744468688965 
4.746388912200928 
5.059990406036377 
5.130763053894043 
4.82225227355957 
5.825323104858398 
5.168835163116455 
4.901941299438477 
8.482619285583496 
5.157561779022217 
4.647665023803711 
5.180473327636719 
6.054598808288574 
7.165560722351074 
6.20001745223999 
4.937186241149902 
5.247989177703857 
4.964097023010254 
6.112968444824219 
4.933238506317139 
6.341559886932373 
5.147773742675781 
5.092551231384277 
4.810041427612305 
5.597153663635254 
5.241133689880371 
5.512261390686035 
4.902773857116699 
6.095799446105957 
5.2561845779418945 
5.571733474731445 
4.970807075500488 
4.890750885009766 
5.063027381896973 
5.137420654296875 
4.842807769775391 
5.2459564208984375 
5.746232509613037 
5.037288665771484 
4.851807594299316 
4.920798301696777 
4.879265308380127 
4.842323303222656 
6.269247055053711 
5.237219333648682 
5.205523490905762 
7.924648284912109 
5.1396918296813965 
4.628514289855957 
7.3265886306762695 
6.73443078994751 
5.656271457672119 
5.635284423828125 
4.780251502990723 
4.879162788391113 
4.869860649108887 
4.93363618850708 
4.926643371582031 
4.825246810913086 
4.879354476928711 
5.292964935302734 
5.036372184753418 
5.916311264038086 
4.988620758056641 
7.197955131530762 
5.08349609375 
4.749604225158691 
4.860455513000488 
4.905395030975342 
6.059276580810547 
5.027353286743164 
5.689258575439453 
5.584774971008301 
5.625786781311035 
5.081442832946777 
4.946920394897461 
5.743471145629883 
4.902922630310059 
5.034656524658203 
4.90313720703125 
5.115794658660889 
5.01202392578125 
4.8856201171875 
5.450636863708496 
5.070638179779053 
5.339349746704102 
4.994019031524658 
4.789912700653076 
5.229213714599609 
4.589942455291748 
5.100519180297852 
5.590529441833496 
5.313852310180664 
7.885878086090088 
5.315845489501953 
5.886322975158691 
5.083290100097656 
4.906940460205078 
4.86810302734375 
4.962596893310547 
4.933037281036377 
4.971873760223389 
5.85771369934082 
5.855955123901367 
5.355400562286377 
4.932756423950195 
4.868420600891113 
5.903528213500977 
4.841679096221924 
4.7491960525512695 
5.067632675170898 
4.9381256103515625 
4.710060119628906 
6.00187873840332 
5.070533752441406 
6.925896644592285 
6.524046897888184 
5.005740165710449 
4.900087356567383 
4.795525074005127 
4.976433753967285 
4.936112403869629 
6.961489677429199 
4.768496513366699 
4.869766712188721 
6.176626205444336 
4.871515274047852 
5.1875319480896 
5.492828369140625 
5.819850444793701 
4.906954765319824 
4.721299648284912 
5.068943023681641 
5.022556304931641 
4.831302642822266 
5.285927772521973 
5.159653663635254 
7.658968448638916 
6.379985332489014 
6.617892265319824 
7.293704032897949 
4.780231475830078 
4.878718376159668 
5.832089900970459 
4.8985595703125 
5.672006607055664 
4.966493606567383 
5.048129558563232 
4.987720489501953 
8.026960372924805 
4.728298187255859 
8.96873950958252 
4.79460334777832 
5.5219011306762695 
4.9630842208862305 
4.8839192390441895 
5.093409538269043 
5.000611782073975 
5.085946083068848 
5.197493076324463 
5.098653316497803 
4.874297142028809 
5.057262420654297 
5.42059326171875 
6.05918025970459 
5.068495750427246 
5.151440620422363 
5.892380237579346 
6.12664270401001 
4.875083923339844 
4.848957061767578 
4.99179744720459 
4.99415397644043 
4.86053466796875 
5.325653076171875 
4.776215553283691 
5.00093936920166 
4.870173454284668 
4.989125728607178 
4.949536323547363 
5.0375237464904785 
6.192879676818848 
5.107577323913574 
5.349413871765137 
4.954838752746582 
5.918691158294678 
5.045648097991943 
6.908160209655762 
6.85343074798584 
4.933942794799805 
4.87395715713501 
5.7256269454956055 
6.31072998046875 
4.865300178527832 
5.642332077026367 
5.199838638305664 
5.136329650878906 
4.931312561035156 
6.440788745880127 
5.773286819458008 
4.929713249206543 
4.935624122619629 
4.756117343902588 
4.986169815063477 
5.0284318923950195 
5.028310775756836 
5.178077697753906 
4.762446880340576 
5.342019557952881 
5.018853187561035 
4.984893321990967 
4.769120216369629 
5.06870174407959 
5.893612384796143 
6.520983695983887 
4.858050346374512 
6.110215187072754 
4.990309238433838 
4.911894798278809 
5.761356353759766 
4.992990016937256 
4.761113166809082 
5.300135135650635 
6.831289291381836 
5.121669769287109 
4.727082252502441 
5.034240245819092 
5.230434417724609 
4.821362018585205 
5.177687168121338 
6.3140153884887695 
5.267816543579102 
4.715278625488281 
4.672025680541992 
6.06310510635376 
7.9174675941467285 
5.248936653137207 
5.285840034484863 
5.0945539474487305 
7.108807563781738 
6.234622955322266 
4.627328872680664 
4.933080673217773 
5.126554489135742 
5.305190086364746 
4.737348556518555 
6.3709611892700195 
5.420650005340576 
4.848923683166504 
5.02374267578125 
5.441839218139648 
7.556792736053467 
5.774614334106445 
6.524449348449707 
7.720531463623047 
7.037540435791016 
5.035812854766846 
4.759154319763184 
5.308820724487305 
5.039119243621826 
4.832263946533203 
5.122465133666992 
5.352597236633301 
4.831603050231934 
5.222502708435059 
4.958401203155518 
5.066342353820801 
5.225484848022461 
4.871556282043457 
6.293463706970215 
5.4609270095825195 
5.023078918457031 
4.648037910461426 
6.128347873687744 
4.864195346832275 
7.632129669189453 
5.231390953063965 
5.024229526519775 
5.126993179321289 
5.1673431396484375 
5.1961798667907715 
5.548069953918457 
4.73996639251709 
4.993359565734863 
6.231942653656006 
5.723664283752441 
5.827069282531738 
6.622808456420898 
4.885365962982178 
5.2171196937561035 
5.394161224365234 
5.274574279785156 
4.966017246246338 
4.73712158203125 
4.761499404907227 
7.563690185546875 
5.293855667114258 
5.08713436126709 
4.833539962768555 
4.829056739807129 
5.687036514282227 
5.539913654327393 
4.957476615905762 
5.434563636779785 
6.283380508422852 
5.0961833000183105 
4.741455078125 
4.760629177093506 
4.88292121887207 
6.420694351196289 
4.995106220245361 
5.008614540100098 
4.671382427215576 
5.6475019454956055 
5.516040325164795 
4.689568519592285 
4.841549396514893 
4.771211624145508 
4.87261438369751 
4.908040523529053 
7.027007579803467 
5.044016361236572 
5.056938648223877 
4.736435413360596 
4.9591546058654785 
5.184041976928711 
5.13780403137207 
4.816134452819824 
4.824246406555176 
4.46946907043457 
4.795773983001709 
4.794076442718506 
5.494149684906006 
5.082233428955078 
5.445738792419434 
6.03779411315918 
5.398810386657715 
5.16815710067749 
5.129262924194336 
4.809249401092529 
5.007444381713867 
4.855069160461426 
6.558156967163086 
4.907044410705566 
4.688368797302246 
4.946587562561035 
4.952580451965332 
6.6440629959106445 
4.963673114776611 
5.974770545959473 
5.361069679260254 
4.84139347076416 
5.537930011749268 
5.030393600463867 
4.898988723754883 
7.5353851318359375 
5.359275817871094 
4.954115867614746 
5.12059211730957 
5.862074851989746 
5.758883953094482 
4.92015266418457 
5.119792461395264 
5.649833679199219 
4.980893135070801 
4.965439796447754 
5.806601047515869 
4.826597690582275 
4.614757061004639 
5.768911361694336 
5.113020420074463 
6.941700458526611 
4.9234514236450195 
5.6537370681762695 
4.80975866317749 
5.213893890380859 
6.903095722198486 
5.428661823272705 
4.556550979614258 
6.751672744750977 
5.239373207092285 
5.37919807434082 
6.617430686950684 
4.816595077514648 
5.052727222442627 
4.963311672210693 
4.886900901794434 
4.988709926605225 
5.786014556884766 
5.6075358390808105 
5.860406875610352 
5.003129482269287 
5.228702545166016 
5.8988165855407715 
6.700505256652832 
5.039942741394043 
4.811483383178711 
4.80818510055542 
5.054575443267822 
4.735178470611572 
5.175998687744141 
8.099381446838379 
4.881293773651123 
5.001289367675781 
4.633621692657471 
4.979776382446289 
5.125342845916748 
5.3450212478637695 
5.3866472244262695 
4.7041802406311035 
7.876757621765137 
5.025530815124512 
4.993923187255859 
6.352504730224609 
4.712743759155273 
4.735852241516113 
5.002752780914307 
4.890722274780273 
5.729017734527588 
4.914961338043213 
7.320032119750977 
7.456000328063965 
6.098074913024902 
5.116850852966309 
5.23825740814209 
4.838313102722168 
5.298924446105957 
7.217702865600586 
5.625091552734375 
4.756818771362305 
4.915238380432129 
6.171628952026367 
5.010255813598633 
5.099831581115723 
5.185524940490723 
4.884725570678711 
5.027495861053467 
4.856746673583984 
5.025094509124756 
4.832363128662109 
5.018649101257324 
5.328716278076172 
4.966009616851807 
5.087447166442871 
5.249985218048096 
5.95203971862793 
4.9001617431640625 
5.0614752769470215 
4.6949896812438965 
4.89841890335083 
5.228475570678711 
6.160778045654297 
4.986443519592285 
4.962968826293945 
5.013115406036377 
5.0304741859436035 
5.044014930725098 
5.76555061340332 
5.097542762756348 
4.947003364562988 
5.0883283615112305 
5.220739364624023 
5.182007789611816 
5.568882465362549 
4.723378658294678 
4.892792701721191 
4.857745170593262 
4.867887020111084 
4.8635687828063965 
4.834245681762695 
5.03158712387085 
5.34619140625 
5.002851963043213 
5.057335376739502 
5.140508651733398 
4.824820518493652 
5.458920955657959 
5.203882217407227 
5.926738739013672 
5.022763729095459 
6.608994483947754 
4.90779972076416 
5.484818458557129 
4.857873916625977 
4.816184043884277 
4.898405075073242 
6.465648651123047 
4.8087897300720215 
5.153420448303223 
4.858442306518555 
4.990560531616211 
5.1605072021484375 
4.892956733703613 
5.157050132751465 
6.17750358581543 
4.746319770812988 
5.685532569885254 
5.12408447265625 
4.908355236053467 
5.199288368225098 
4.972074508666992 
5.102048397064209 
5.46147346496582 
5.2101874351501465 
5.3462324142456055 
4.848516464233398 
5.0237932205200195 
5.042819499969482 
4.703841209411621 
5.2034196853637695 
5.1310272216796875 
6.166858673095703 
4.882408142089844 
5.242871284484863 
4.855743408203125 
4.912932395935059 
5.036235809326172 
5.421883583068848 
5.059125900268555 
8.562308311462402 
4.695902347564697 
4.613395690917969 
4.6984639167785645 
4.947223663330078 
5.991725921630859 
5.220905303955078 
4.975451469421387 
4.930455684661865 
5.11625862121582 
5.6086955070495605 
4.937639236450195 
4.710339546203613 
8.750377655029297 
4.931774139404297 
5.254420757293701 
5.9538116455078125 
5.173622131347656 
4.8029890060424805 
5.606201171875 
5.63040828704834 
5.0445451736450195 
5.198986053466797 
5.2673540115356445 
5.3993330001831055 
5.148014068603516 
4.897282600402832 
4.794768333435059 
6.103938579559326 
5.500184059143066 
5.748040199279785 
5.478724479675293 
5.570908546447754 
5.324095249176025 
5.505123138427734 
5.070026874542236 
4.662652969360352 
4.855802536010742 
4.828147888183594 
4.939455032348633 
9.263474464416504 
5.265285491943359 
5.644267559051514 
4.837191581726074 
4.663081169128418 
5.180924415588379 
4.838545799255371 
4.651185989379883 
4.951539993286133 
4.899363040924072 
5.088534355163574 
5.266260147094727 
5.239457130432129 
6.713703155517578 
4.746167182922363 
5.169839382171631 
5.151728630065918 
5.524013996124268 
4.8477044105529785 
5.503015995025635 
4.888029098510742 
6.221247673034668 
6.113166809082031 
6.939350605010986 
5.090238571166992 
5.0995378494262695 
4.934311866760254 
4.88997220993042 
5.255039215087891 
5.434383869171143 
5.475149631500244 
5.07664680480957 
5.032050132751465 
6.0451555252075195 
4.879325866699219 
4.880521774291992 
5.006386756896973 
5.68275260925293 
5.28868293762207 
5.886511325836182 
5.36836051940918 
5.888681888580322 
6.080899238586426 
4.9134368896484375 
5.321339130401611 
4.933752536773682 
4.759970188140869 
4.800981521606445 
5.729668140411377 
5.306732654571533 
5.030313491821289 
4.815038681030273 
4.8775634765625 
5.642107009887695 
4.790314674377441 
4.899757385253906 
4.930777549743652 
5.765508651733398 
4.943531513214111 
5.549070358276367 
7.124418258666992 
4.888648986816406 
4.9795074462890625 
5.34858512878418 
6.259936332702637 
5.7348222732543945 
8.74695110321045 
4.843085289001465 
4.995526313781738 
4.878358840942383 
5.0313520431518555 
5.190655708312988 
4.893754959106445 
6.013426780700684 
4.848721504211426 
5.062055587768555 
5.527781963348389 
4.881829261779785 
7.432273864746094 
4.8823394775390625 
5.0061354637146 
5.072916030883789 
4.974824905395508 
5.007415294647217 
5.615421772003174 
4.904413223266602 
4.76356315612793 
6.575990676879883 
4.985655784606934 
5.761517524719238 
5.813992500305176 
4.930515289306641 
4.553921222686768 
5.961254596710205 
4.64122200012207 
5.63680362701416 
5.154527187347412 
4.783227920532227 
5.303929328918457 
5.4411845207214355 
6.159148693084717 
4.849458694458008 
6.156332015991211 
4.86491584777832 
4.741775035858154 
4.852478981018066 
5.343830108642578 
5.009864807128906 
5.448931694030762 
7.194285869598389 
5.377289295196533 
5.059237957000732 
5.019426345825195 
5.316349506378174 
4.9254536628723145 
5.092534065246582 
5.0807905197143555 
6.57011079788208 
4.95456600189209 
4.997190475463867 
5.674300193786621 
4.945156574249268 
5.010495185852051 
5.174853801727295 
4.928833961486816 
5.439391136169434 
7.105672359466553 
5.644176483154297 
4.813654899597168 
4.8179216384887695 
5.150628089904785 
4.997002601623535 
4.98193883895874 
5.034271240234375 
4.950916290283203 
4.843433856964111 
5.8614606857299805 
5.257002353668213 
5.205437183380127 
5.323690414428711 
4.9797258377075195 
5.066196441650391 
5.160611629486084 
4.900505542755127 
5.147588729858398 
4.992417335510254 
5.104245185852051 
4.847115516662598 
4.953952789306641 
6.647735595703125 
5.209957122802734 
4.955811023712158 
5.34657621383667 
5.200000762939453 
4.690321922302246 
9.017897605895996 
4.92338752746582 
5.654991149902344 
9.61137866973877 
6.224240779876709 
6.305059432983398 
5.303339958190918 
5.313600063323975 
4.860490798950195 
4.711834907531738 
4.814080715179443 
4.703924179077148 
5.13638973236084 
5.098273277282715 
6.799472808837891 
4.7892560958862305 
4.840632438659668 
4.962453842163086 
5.2139739990234375 
4.978763103485107 
4.891439914703369 
4.988280296325684 
4.879387855529785 
6.631962776184082 
5.057924270629883 
4.877143859863281 
5.1240386962890625 
4.689171314239502 
5.774815082550049 
5.269688606262207 
4.822117805480957 
5.122871398925781 
5.208406448364258 
5.027164936065674 
5.566429138183594 
6.711407661437988 
5.192824363708496 
5.1723432540893555 
4.771828651428223 
4.890481948852539 
5.042605876922607 
5.446272373199463 
4.703386306762695 
5.525015830993652 
4.6951141357421875 
8.66348934173584 
5.641661643981934 
4.751775741577148 
5.222177505493164 
4.763558387756348 
4.993574142456055 
4.889400482177734 
4.832603454589844 
5.023308277130127 
6.738468170166016 
4.709218978881836 
4.948879718780518 
4.9820451736450195 
7.001201629638672 
6.183150291442871 
5.128915786743164 
5.158572196960449 
7.456761360168457 
6.2946977615356445 
6.768908500671387 
6.197495937347412 
6.318782806396484 
4.884992599487305 
6.430999755859375 
4.973676681518555 
4.94584846496582 
4.886185646057129 
5.4678802490234375 
5.02649450302124 
6.788614273071289 
4.828489303588867 
6.177603721618652 
5.162602424621582 
5.768430709838867 
5.500880241394043 
6.2764763832092285 
4.813893795013428 
4.69585657119751 
4.910811901092529 
4.809579849243164 
5.064923286437988 
5.042720317840576 
5.908880710601807 
6.707581043243408 
4.930591583251953 
4.95940637588501 
5.373990535736084 
5.08058500289917 
4.907700538635254 
5.209756374359131 
4.963094711303711 
6.148571968078613 
6.145936012268066 
4.9001851081848145 
5.085941314697266 
5.056204795837402 
4.727524757385254 
6.05319881439209 
5.064302444458008 
5.9736480712890625 
5.908878803253174 
4.801819801330566 
7.0773539543151855 
4.900664329528809 
5.424587249755859 
4.883561134338379 
5.598785400390625 
4.780961036682129 
5.579810619354248 
5.172131538391113 
4.984519958496094 
5.288763999938965 
5.00585412979126 
6.74421501159668 
5.053800582885742 
5.06599235534668 
4.817386150360107 
7.450497627258301 
5.600882053375244 
8.0567626953125 
4.90165376663208 
5.250049591064453 
4.965962886810303 
4.808988571166992 
5.748884201049805 
5.241863250732422 
5.2410407066345215 
4.622121334075928 
5.138978958129883 
6.122404098510742 
4.913674354553223 
5.587343215942383 
4.825225830078125 
4.804365158081055 
5.001604080200195 
6.001523494720459 
6.626413822174072 
5.501581192016602 
4.983071804046631 
5.15109920501709 
4.903329849243164 
5.224611282348633 
5.794846057891846 
5.119044303894043 
5.058935165405273 
5.247550964355469 
4.840041160583496 
5.02910041809082 
6.856525897979736 
5.391676902770996 
4.9546966552734375 
5.349701881408691 
4.922383785247803 
5.971723556518555 
4.98274040222168 
4.963728904724121 
5.777204513549805 
5.161863327026367 
5.272386074066162 
4.818630218505859 
5.467103004455566 
4.9908647537231445 
5.1287946701049805 
4.955394744873047 
4.866942405700684 
8.01589298248291 
4.801835536956787 
5.0272722244262695 
4.815008163452148 
5.2485809326171875 
5.067958831787109 
4.9941816329956055 
6.269806861877441 
4.710365295410156 
7.497197151184082 
4.863142967224121 
4.72089958190918 
4.983720302581787 
6.374789714813232 
4.545520782470703 
4.800778388977051 
5.26302433013916 
5.100034236907959 
5.856274604797363 
4.907990455627441 
4.794795513153076 
6.039432525634766 
5.2656049728393555 
5.176877021789551 
5.419775485992432 
4.818955421447754 
4.8561482429504395 
5.1788330078125 
6.220029354095459 
5.209393501281738 
4.9041948318481445 
5.0174560546875 
5.067039966583252 
4.929257869720459 
4.801850318908691 
4.657889366149902 
4.9544525146484375 
6.6668806076049805 
4.90461540222168 
5.978379249572754 
5.037659168243408 
5.1291961669921875 
4.882442474365234 
5.336438179016113 
4.701194763183594 
6.639459609985352 
4.9461212158203125 
5.58749532699585 
4.936342239379883 
6.491824150085449 
5.334343910217285 
4.855782985687256 
5.465095043182373 
5.067149639129639 
6.195415496826172 
4.931550979614258 
6.054971218109131 
4.857163429260254 
4.696278095245361 
5.106387138366699 
5.080605506896973 
4.918457984924316 
4.751819610595703 
4.746709823608398 
4.989684104919434 
4.963441848754883 
5.402643203735352 
5.919676780700684 
5.175922870635986 
4.990331649780273 
5.692794322967529 
5.518880367279053 
5.955509185791016 
4.940981864929199 
5.037095069885254 
5.094143867492676 
4.927886962890625 
4.605313301086426 
4.951099872589111 
5.064083099365234 
4.805618762969971 
5.735658645629883 
4.963767051696777 
6.785856246948242 
4.669682502746582 
4.946096897125244 
6.193661212921143 
4.964049816131592 
4.823232173919678 
6.987227439880371 
4.769195556640625 
4.757897853851318 
4.793844223022461 
5.0520710945129395 
4.941572666168213 
5.187816619873047 
4.9076337814331055 
5.092103004455566 
5.025744915008545 
5.069694995880127 
4.877388954162598 
4.9287109375 
5.087538719177246 
5.084359169006348 
4.931084632873535 
4.951452255249023 
6.119466304779053 
4.895108699798584 
5.087234020233154 
6.216116905212402 
4.9411115646362305 
5.105899810791016 
7.089984893798828 
5.825667381286621 
4.934895038604736 
4.903932571411133 
5.067490100860596 
5.44635009765625 
4.963632106781006 
6.809454441070557 
4.903909683227539 
5.199337959289551 
4.9229326248168945 
4.931649208068848 
9.13757038116455 
5.247631072998047 
6.496928691864014 
4.78133487701416 
5.0514068603515625 
4.892914772033691 
4.809189319610596 
8.263401985168457 
5.238279342651367 
4.9810991287231445 
5.300203800201416 
5.339690208435059 
4.926702499389648 
4.936367988586426 
4.96829891204834 
5.189707279205322 
5.92241907119751 
5.938149452209473 
4.819492340087891 
4.839468002319336 
5.133417129516602 
4.937004089355469 
6.672022819519043 
4.887638092041016 
4.815844535827637 
4.775544166564941 
4.867864608764648 
5.1042938232421875 
5.1255106925964355 
4.998826503753662 
4.741085052490234 
5.500879287719727 
6.254251956939697 
6.174129009246826 
5.288305759429932 
4.875904083251953 
4.948200225830078 
5.228632926940918 
5.97306489944458 
4.889011859893799 
4.843582630157471 
5.014659881591797 
4.731330394744873 
6.923628807067871 
4.827536582946777 
5.01398229598999 
5.2002153396606445 
5.187700271606445 
4.852606773376465 
4.810494422912598 
5.728174209594727 
4.826699256896973 
5.0089030265808105 
4.937770843505859 
5.4347968101501465 
5.677908897399902 
4.699151039123535 
8.107072830200195 
4.928102970123291 
4.839902877807617 
5.311176776885986 
4.562740325927734 
5.081319332122803 
5.310081481933594 
4.968384742736816 
4.947625160217285 
6.131884574890137 
7.43834114074707 
4.9040985107421875 
5.226288795471191 
5.134402275085449 
5.702425003051758 
5.700517654418945 
5.223053932189941 
5.526485443115234 
5.042654991149902 
4.751042366027832 
4.7626953125 
5.071191787719727 
4.79351282119751 
5.137640476226807 
4.883135795593262 
4.698869228363037 
4.9044389724731445 
4.954226493835449 
5.606540679931641 
5.069866180419922 
4.824394226074219 
5.527569770812988 
5.135748863220215 
5.014060020446777 
5.515467643737793 
5.181507587432861 
4.857744216918945 
5.13942813873291 
4.796181678771973 
6.221740245819092 
4.869906902313232 
5.021293640136719 
5.53007698059082 
5.623234748840332 
5.787145614624023 
5.4743571281433105 
4.988825798034668 
5.044219970703125 
5.0530524253845215 
5.241551399230957 
5.7243523597717285 
4.900969505310059 
6.330871105194092 
5.0712080001831055 
5.345421314239502 
5.374434471130371 
5.225066184997559 
5.170764923095703 
5.619865894317627 
7.263595104217529 
5.347447395324707 
6.759821891784668 
5.063267230987549 
4.956745624542236 
5.322530746459961 
5.188166618347168 
4.899047374725342 
6.194576740264893 
5.043109893798828 
5.196199417114258 
5.164106369018555 
5.210378170013428 
4.893347263336182 
5.839325904846191 
4.915949821472168 
6.47386360168457 
5.290439605712891 
4.815221309661865 
4.911851406097412 
4.8835978507995605 
6.182136535644531 
4.905606269836426 
8.340821266174316 
4.760030746459961 
5.387449264526367 
5.085968017578125 
4.879758834838867 
4.76435661315918 
5.525452613830566 
5.79410457611084 
4.7438836097717285 
5.1539835929870605 
5.00166130065918 
5.6885552406311035 
4.814941883087158 
4.820965766906738 
5.128659248352051 
5.993751525878906 
6.364836692810059 
4.992459297180176 
5.0538225173950195 
4.935342788696289 
5.210017204284668 
5.218830108642578 
4.87351131439209 
5.906534194946289 
4.848808288574219 
4.861627578735352 
5.516083717346191 
6.154216766357422 
5.146985054016113 
5.302122592926025 
4.812312126159668 
5.330881118774414 
4.773102760314941 
5.267877578735352 
5.579988479614258 
4.767117500305176 
5.018659591674805 
5.4579315185546875 
5.877298355102539 
5.694522380828857 
4.9412689208984375 
4.888143539428711 
4.954392433166504 
5.068684101104736 
4.951555252075195 
5.1181135177612305 
4.854117393493652 
4.946369171142578 
7.075817584991455 
4.877127170562744 
5.295034408569336 
5.285639762878418 
4.851113319396973 
5.686161994934082 
4.994642734527588 
5.620647430419922 
5.259883880615234 
4.971657752990723 
5.398682594299316 
4.888906478881836 
5.247461795806885 
5.350284099578857 
5.149607181549072 
5.087657451629639 
5.034886360168457 
5.351744174957275 
5.423408031463623 
6.75339412689209 
5.8797287940979 
9.394912719726562 
5.227656364440918 
4.900792121887207 
5.5986857414245605 
4.805421352386475 
5.0439348220825195 
5.152257442474365 
4.804630279541016 
5.086705207824707 
6.696269989013672 
5.27893590927124 
4.8831787109375 
4.788393974304199 
4.663493633270264 
7.722557067871094 
4.798367500305176 
4.648317337036133 
5.301251411437988 
6.824179649353027 
5.121697425842285 
4.837418556213379 
6.165806770324707 
4.891011714935303 
5.675504207611084 
5.118021488189697 
5.6311726570129395 
5.047780990600586 
5.041680812835693 
4.920337200164795 
4.670132160186768 
4.834929466247559 
5.141234874725342 
5.130156517028809 
4.767603874206543 
5.7175211906433105 
4.60788106918335 
5.293523788452148 
4.874263763427734 
4.862707138061523 
5.956025123596191 
6.226810455322266 
4.844223499298096 
6.329267978668213 
6.232080936431885 
5.859474182128906 
5.241106033325195 
4.911661148071289 
4.939879417419434 
4.985547065734863 
5.308230400085449 
5.085883140563965 
5.236611366271973 
5.582897663116455 
5.360040664672852 
4.911542892456055 
4.642045021057129 
4.713783264160156 
5.302236080169678 
4.970463752746582 
4.730874061584473 
4.7156853675842285 
4.91636848449707 
6.175971984863281 
5.162609100341797 
4.94758939743042 
5.641084671020508 
4.987443923950195 
4.904977798461914 
4.862030982971191 
5.016419887542725 
5.527557373046875 
4.836208343505859 
5.032104969024658 
5.099536895751953 
4.908949851989746 
5.2211103439331055 
4.959830284118652 
4.928143501281738 
6.516548156738281 
5.956235885620117 
5.149627685546875 
4.819883346557617 
6.321530342102051 
5.061387538909912 
5.360206127166748 
5.817192077636719 
5.516791820526123 
4.833454608917236 
5.00398063659668 
4.992632865905762 
8.17351245880127 
6.26821756362915 
5.0195536613464355 
6.3873114585876465 
4.7705488204956055 
5.838603973388672 
7.080752372741699 
4.850790500640869 
5.278685569763184 
4.717219352722168 
5.689693927764893 
4.85483455657959 
5.387284278869629 
5.324289321899414 
5.5488481521606445 
8.837801933288574 
8.641789436340332 
7.828572750091553 
4.737723350524902 
5.099593162536621 
4.953516960144043 
4.790863990783691 
4.926497936248779 
5.030155181884766 
4.986774444580078 
5.911722660064697 
5.002829551696777 
4.960201263427734 
5.510373115539551 
6.323996543884277 
5.205474853515625 
4.9003448486328125 
5.385650157928467 
5.106256484985352 
5.374725341796875 
6.025698661804199 
5.407119274139404 
4.633156776428223 
5.22456169128418 
5.79487419128418 
6.258750915527344 
5.038018226623535 
4.814532279968262 
4.776458740234375 
5.8676557540893555 
5.069849967956543 
6.784375190734863 
5.628490924835205 
5.52695369720459 
5.197170257568359 
8.004209518432617 
5.629415988922119 
4.943850517272949 
7.286645889282227 
5.950883865356445 
5.406852722167969 
4.9054155349731445 
4.868715286254883 
5.744752407073975 
4.775618553161621 
4.992448806762695 
4.810734748840332 
4.94863224029541 
7.499783515930176 
5.354657173156738 
4.6839141845703125 
5.013857364654541 
5.066851615905762 
5.261502265930176 
4.9864091873168945 
5.630011558532715 
6.126430034637451 
5.007387161254883 
5.099102020263672 
4.850125312805176 
4.959016799926758 
4.768134117126465 
4.935453414916992 
6.456643104553223 
5.176570415496826 
4.913318634033203 
4.873125076293945 
7.667167663574219 
4.975926399230957 
5.326343536376953 
5.06378698348999 
5.999444961547852 
5.083222389221191 
4.911352157592773 
5.669048309326172 
5.044763565063477 
4.93488073348999 
4.77798318862915 
4.954621315002441 
6.1916399002075195 
5.141172409057617 
6.857918739318848 
5.282406806945801 
4.76450252532959 
4.937288284301758 
5.307009696960449 
5.485016822814941 
5.442767143249512 
4.742271423339844 
4.949086666107178 
6.2884016036987305 
4.979071617126465 
5.310376167297363 
4.554884910583496 
5.213740348815918 
4.959016799926758 
4.671346187591553 
4.910659313201904 
4.840205192565918 
6.367098808288574 
5.180146217346191 
5.779125213623047 
5.257590293884277 
6.349287986755371 
8.20511245727539 
4.8704915046691895 
4.780400276184082 
5.378577709197998 
5.47527551651001 
6.042670726776123 
5.3870744705200195 
4.88679313659668 
5.099688529968262 
9.129594802856445 
6.113456726074219 
4.847325325012207 
4.883367538452148 
4.90306282043457 
7.7625956535339355 
5.483972549438477 
4.783071517944336 
4.879167079925537 
4.918226718902588 
5.122725009918213 
4.827333450317383 
5.241053581237793 
5.037564754486084 
5.115105628967285 
5.034024238586426 
4.607607841491699 
5.472508430480957 
4.915389537811279 
4.958800315856934 
4.8719072341918945 
5.781716346740723 
6.991354942321777 
5.556211948394775 
5.300412654876709 
5.3026275634765625 
5.073551177978516 
5.483267307281494 
5.073711395263672 
5.39723014831543 
5.176071643829346 
6.208065986633301 
5.430876731872559 
9.241499900817871 
4.984555721282959 
5.008029937744141 
5.098293304443359 
4.996305465698242 
5.069667816162109 
5.480567455291748 
4.654287338256836 
5.041347503662109 
6.106829643249512 
5.73727560043335 
6.898555755615234 
4.936437129974365 
5.778453826904297 
4.799041748046875 
7.768840789794922 
5.460618019104004 
4.911255836486816 
4.839046478271484 
4.784646987915039 
4.791314125061035 
4.778255462646484 
4.969692230224609 
4.9177446365356445 
5.0441460609436035 
4.956780910491943 
4.9467315673828125 
5.292842864990234 
5.071524620056152 
5.4445881843566895 
4.929625034332275 
4.841895580291748 
5.283760070800781 
4.663420677185059 
5.470090389251709 
5.1790361404418945 
5.214812278747559 
5.344264984130859 
8.091596603393555 
6.868109703063965 
5.276778697967529 
5.384215354919434 
5.273560523986816 
6.1612091064453125 
4.678232192993164 
5.530437469482422 
5.144342422485352 
7.1158294677734375 
5.457798957824707 
5.06606388092041 
5.09706449508667 
5.187217712402344 
4.7867231369018555 
5.057215690612793 
6.690826892852783 
5.843439102172852 
4.853178977966309 
6.164051055908203 
5.189671993255615 
4.852406978607178 
4.787961006164551 
5.071882724761963 
5.095161437988281 
4.951279163360596 
6.752035140991211 
6.093174934387207 
4.862767219543457 
4.944561004638672 
5.236454010009766 
6.43819522857666 
5.216100692749023 
5.02907657623291 
5.083409786224365 
5.548706531524658 
5.053428649902344 
5.310829162597656 
5.203653335571289 
5.115874290466309 
5.007626056671143 
5.706267356872559 
5.247257232666016 
5.7242326736450195 
4.939581871032715 
5.557433128356934 
8.434903144836426 
4.762879371643066 
5.095882892608643 
5.374632358551025 
4.599555969238281 
4.918187141418457 
5.522250175476074 
5.9444661140441895 
5.433344841003418 
4.994251251220703 
6.584909915924072 
4.821201801300049 
4.9375433921813965 
5.065027713775635 
6.7456254959106445 
5.175826072692871 
4.983921051025391 
4.979240894317627 
4.918912887573242 
7.535103797912598 
5.010362148284912 
6.689512729644775 
4.944076061248779 
5.025969982147217 
5.17225456237793 
6.643256187438965 
5.067015647888184 
5.1934099197387695 
5.084554672241211 
4.782830715179443 
4.8698344230651855 
4.88510799407959 
6.450332164764404 
4.858055114746094 
5.741280555725098 
5.025959014892578 
5.2976975440979 
7.45916748046875 
5.177801132202148 
5.108652114868164 
5.175232887268066 
4.9750895500183105 
5.0777716636657715 
4.831793785095215 
5.039252281188965 
7.5224609375 
5.304497718811035 
4.881933212280273 
4.866394519805908 
7.3902788162231445 
5.135985851287842 
5.0739593505859375 
5.52672815322876 
5.345310211181641 
4.60960578918457 
6.541075229644775 
6.093629837036133 
5.023263931274414 
5.131709098815918 
5.43145751953125 
4.880345344543457 
5.121824264526367 
5.078373908996582 
5.152242183685303 
4.907060146331787 
7.123689651489258 
5.223414421081543 
5.4887847900390625 
5.493274688720703 
5.148778915405273 
5.067765235900879 
5.101234436035156 
5.715544700622559 
5.956071853637695 
5.058206081390381 
4.798521995544434 
5.198851585388184 
4.835134506225586 
4.975564479827881 
5.265895843505859 
7.904060363769531 
4.918360233306885 
5.275854110717773 
5.432762145996094 
5.5993971824646 
6.149007320404053 
5.320688247680664 
5.2165422439575195 
4.904389381408691 
5.005808353424072 
5.429482460021973 
4.986082077026367 
4.982911586761475 
5.254146575927734 
6.121205806732178 
5.036215782165527 
5.022088050842285 
4.840288162231445 
4.996877193450928 
4.8396148681640625 
5.165721893310547 
5.2118635177612305 
8.299612045288086 
4.615040302276611 
5.794557571411133 
4.854121208190918 
5.179654121398926 
5.118975639343262 
5.004066467285156 
5.08317756652832 
5.000250816345215 
5.092893600463867 
5.523803234100342 
4.883922576904297 
5.462087154388428 
4.842374324798584 
5.986841201782227 
6.1644287109375 
4.976120948791504 
5.1654205322265625 
4.893887996673584 
6.513299465179443 
5.348206996917725 
4.942409038543701 
4.9497575759887695 
5.0332536697387695 
5.5706353187561035 
7.603531837463379 
5.013419151306152 
5.7561116218566895 
7.165132522583008 
5.577889442443848 
4.867466926574707 
5.2149658203125 
5.06742000579834 
4.841058731079102 
5.424304008483887 
5.004863262176514 
6.531856536865234 
6.131044387817383 
5.305042266845703 
5.3501176834106445 
4.7373175621032715 
6.099311828613281 
6.630527496337891 
4.8841376304626465 
5.195098876953125 
5.34689998626709 
6.360597610473633 
5.071640491485596 
5.423235893249512 
4.843928337097168 
4.650434494018555 
4.726282119750977 
5.5547637939453125 
5.006705284118652 
5.586769104003906 
4.830831527709961 
4.891860008239746 
5.105679512023926 
7.94662618637085 
5.257488250732422 
5.312891483306885 
4.833683967590332 
4.923222541809082 
6.491811752319336 
6.418006896972656 
4.841451644897461 
4.833727836608887 
5.077749252319336 
4.926589012145996 
5.1599955558776855 
4.866984844207764 
4.968508720397949 
5.112336158752441 
5.226199150085449 
7.1686811447143555 
5.351715087890625 
7.508300304412842 
4.935970306396484 
4.995815277099609 
5.043968200683594 
6.236186981201172 
4.845162391662598 
6.138562202453613 
5.092344284057617 
4.776638031005859 
5.395411014556885 
5.060940742492676 
5.088204860687256 
4.666098594665527 
5.592071056365967 
5.889219284057617 
5.236784934997559 
5.016474723815918 
4.980990409851074 
4.595635414123535 
4.989943504333496 
4.862275123596191 
5.055363655090332 
5.431449890136719 
4.86366605758667 
5.1063079833984375 
6.511139869689941 
5.119370460510254 
4.946045398712158 
5.381477355957031 
7.961887359619141 
5.117773532867432 
4.882283687591553 
4.95363712310791 
5.367551326751709 
8.713142395019531 
4.925354957580566 
4.676815509796143 
7.0011091232299805 
7.977169990539551 
6.056035995483398 
6.587127685546875 
5.150261878967285 
5.6360087394714355 
4.9701457023620605 
5.995424270629883 
4.903848171234131 
6.194467544555664 
8.552343368530273 
4.878296852111816 
4.8783416748046875 
4.936898231506348 
5.121684551239014 
4.908141613006592 
4.939045429229736 
6.481217384338379 
5.037022590637207 
5.117156028747559 
4.948983192443848 
5.336421012878418 
5.181940078735352 
5.025648593902588 
5.891889572143555 
9.237872123718262 
5.097200870513916 
4.811431884765625 
4.787197589874268 
4.973935127258301 
7.93218469619751 
5.038839340209961 
4.785115718841553 
5.033846378326416 
5.508815288543701 
9.188886642456055 
8.100051879882812 
5.001311302185059 
5.368878364562988 
5.464086055755615 
5.170516014099121 
5.041773319244385 
5.614845275878906 
6.618601322174072 
5.217258453369141 
5.011051177978516 
5.269798278808594 
5.1165056228637695 
5.607151985168457 
4.678643703460693 
5.762882709503174 
7.408472061157227 
4.787862777709961 
4.909271240234375 
5.221248626708984 
5.307282447814941 
5.067041873931885 
7.971383571624756 
4.86850643157959 
4.857394695281982 
5.375614166259766 
4.902292251586914 
5.149194240570068 
4.882368087768555 
4.890266418457031 
5.108665943145752 
6.773096561431885 
6.021984100341797 
5.033022880554199 
4.96151065826416 
4.8679399490356445 
4.932507514953613 
5.403389930725098 
5.417431831359863 
8.545172691345215 
5.752787113189697 
5.098837852478027 
4.826136589050293 
5.247615337371826 
5.2210869789123535 
4.905858516693115 
4.913573741912842 
5.03065824508667 
4.998054504394531 
4.838947772979736 
5.937402248382568 
4.944692611694336 
4.970731735229492 
4.833094596862793 
7.0844035148620605 
5.0291032791137695 
4.945135116577148 
5.3650221824646 
5.230766296386719 
5.246196746826172 
6.167838096618652 
9.28977108001709 
5.192864418029785 
4.87736701965332 
7.032656192779541 
5.461618423461914 
5.334160327911377 
5.608996868133545 
5.092667579650879 
5.218620300292969 
5.441040992736816 
4.699152946472168 
6.040860652923584 
5.270720958709717 
5.1667304039001465 
4.945731163024902 
5.114418983459473 
5.609530448913574 
5.076563835144043 
4.829856872558594 
5.323890686035156 
4.943086624145508 
6.4991044998168945 
4.851162433624268 
4.961018085479736 
4.895928382873535 
5.025351524353027 
5.377898216247559 
5.669805526733398 
4.689787864685059 
4.990527153015137 
6.027149200439453 
5.117520809173584 
5.6254377365112305 
6.47905158996582 
6.088239669799805 
5.916264533996582 
4.906244277954102 
5.511587142944336 
4.912131309509277 
7.421332359313965 
7.081302642822266 
4.843206405639648 
4.911570072174072 
4.696746349334717 
5.023276329040527 
5.584942817687988 
5.044338703155518 
5.447476863861084 
5.128386497497559 
5.055174827575684 
4.998524188995361 
5.217227935791016 
5.226750373840332 
5.441166877746582 
4.95928430557251 
5.01798677444458 
4.6602983474731445 
4.871998310089111 
5.215468406677246 
5.2675886154174805 
5.309407711029053 
5.062326431274414 
4.897043228149414 
6.316649436950684 
5.120784759521484 
9.274500846862793 
5.192115783691406 
4.99388313293457 
4.9568586349487305 
5.135963439941406 
5.421700954437256 
4.954930305480957 
8.44820785522461 
6.107069969177246 
4.815069198608398 
5.185925483703613 
5.143631935119629 
7.853386402130127 
6.443421840667725 
5.685760498046875 
4.78055477142334 
5.816412925720215 
4.968377590179443 
5.0199360847473145 
5.044516086578369 
4.88619327545166 
4.773204803466797 
4.86029577255249 
4.9071455001831055 
5.058244228363037 
4.736369609832764 
5.109109401702881 
6.4148101806640625 
4.8391900062561035 
5.207700729370117 
8.83957576751709 
5.003812789916992 
4.937022686004639 
4.723618984222412 
4.958829879760742 
4.768163681030273 
5.577434539794922 
4.925142765045166 
4.945755958557129 
4.879640579223633 
5.232358932495117 
5.0985212326049805 
5.017642974853516 
6.3628644943237305 
5.436017990112305 
5.019559860229492 
6.139386177062988 
5.206759929656982 
5.311319828033447 
4.845229148864746 
4.831600189208984 
4.880353927612305 
5.99991512298584 
4.743375778198242 
5.075900077819824 
6.1746296882629395 
5.051128387451172 
4.7632856369018555 
4.939095973968506 
5.173062324523926 
4.895277976989746 
4.744279384613037 
5.002434730529785 
4.939310073852539 
5.382987022399902 
4.942586898803711 
5.021186828613281 
4.838857173919678 
5.307486534118652 
5.135190486907959 
5.277194976806641 
5.1774983406066895 
7.068018913269043 
4.998692035675049 
4.992258548736572 
5.169806480407715 
6.633575439453125 
4.889132499694824 
5.202734470367432 
5.09303617477417 
5.250743865966797 
4.966265678405762 
4.764729976654053 
5.177465915679932 
5.055145740509033 
4.706464767456055 
4.956755638122559 
4.997139930725098 
5.287511348724365 
5.254180431365967 
4.980816841125488 
4.921412467956543 
4.877150058746338 
5.157042503356934 
5.575051307678223 
4.816988468170166 
5.32940673828125 
5.112932205200195 
5.119136810302734 
4.955850601196289 
5.493833065032959 
5.091188430786133 
5.020039081573486 
4.882668495178223 
4.972383499145508 
5.081677436828613 
5.0622663497924805 
5.348875999450684 
4.907740116119385 
5.300057411193848 
5.505480766296387 
5.031996726989746 
4.99245548248291 
4.785638809204102 
5.093766212463379 
7.088876724243164 
5.7049431800842285 
4.621179580688477 
5.165920257568359 
4.870146751403809 
4.944840431213379 
4.851989269256592 
4.825619220733643 
6.556339263916016 
5.358449935913086 
5.095710277557373 
7.87427282333374 
4.921980857849121 
5.083677291870117 
5.9697418212890625 
5.564720153808594 
5.272052764892578 
5.76719856262207 
4.954745292663574 
4.786899089813232 
6.836741924285889 
5.23708438873291 
4.873640537261963 
6.601763725280762 
4.69273567199707 
4.939556121826172 
5.563571453094482 
6.644208908081055 
4.917756080627441 
4.896481513977051 
5.778953552246094 
5.2828216552734375 
5.40578556060791 
5.106894493103027 
5.026723861694336 
7.142604827880859 
4.891826629638672 
5.494141578674316 
5.0353217124938965 
5.443469524383545 
5.127820014953613 
5.192020416259766 
4.848833084106445 
5.140227317810059 
4.70635986328125 
4.995583534240723 
7.475579261779785 
5.994838237762451 
4.926087856292725 
4.916975975036621 
9.579721450805664 
6.191230773925781 
5.214546203613281 
4.803218364715576 
5.420621871948242 
5.1646575927734375 
4.96159553527832 
4.611145973205566 
5.022149562835693 
4.904033660888672 
5.09360933303833 
5.97274112701416 
4.594995498657227 
4.8897528648376465 
4.845183849334717 
4.877721786499023 
5.092679500579834 
4.868209362030029 
6.1180853843688965 
5.039546012878418 
4.727372169494629 
4.669955253601074 
4.990876197814941 
5.129018783569336 
5.464090347290039 
5.534885883331299 
4.828741550445557 
5.068718910217285 
5.249838829040527 
4.647568225860596 
4.901862144470215 
5.053131103515625 
5.166773796081543 
4.998852729797363 
4.982351779937744 
4.8434271812438965 
5.2108378410339355 
5.407126426696777 
6.99415397644043 
4.7626633644104 
5.320071697235107 
5.184408187866211 
4.809298515319824 
5.9495086669921875 
5.918830871582031 
5.353820323944092 
4.953838348388672 
5.080451011657715 
5.179878234863281 
5.632973670959473 
4.854852676391602 
5.043243408203125 
4.973708152770996 
4.845337867736816 
5.118454933166504 
5.153608322143555 
4.92193603515625 
4.824436187744141 
5.282004356384277 
6.2036519050598145 
5.081006050109863 
5.034552097320557 
5.724415302276611 
5.121416091918945 
5.188812255859375 
4.9363250732421875 
5.487354278564453 
4.815708160400391 
5.100581645965576 
5.2889909744262695 
5.394721031188965 
5.018255710601807 
4.770632743835449 
5.639434814453125 
5.053195476531982 
5.270699977874756 
4.881445407867432 
7.14631986618042 
5.119513034820557 
5.2539591789245605 
6.046545028686523 
4.941291809082031 
5.796720027923584 
4.990194797515869 
4.867083549499512 
4.842763900756836 
4.832823276519775 
4.757041931152344 
4.901132583618164 
4.86836051940918 
5.170321464538574 
5.913106918334961 
5.1125288009643555 
5.364995002746582 
4.708462715148926 
5.198859214782715 
5.986677646636963 
5.695254325866699 
6.387665271759033 
6.855992317199707 
5.053908824920654 
4.7908477783203125 
6.029531002044678 
5.3119401931762695 
4.975986003875732 
5.027080535888672 
4.901313304901123 
5.037228107452393 
5.0276594161987305 
5.138036727905273 
4.991054534912109 
6.541439056396484 
5.219379425048828 
5.848023414611816 
5.02074670791626 
5.044249057769775 
5.080855369567871 
5.401281356811523 
4.850773811340332 
5.200286865234375 
6.364312171936035 
4.909255504608154 
5.906642913818359 
5.472248077392578 
4.9212141036987305 
4.964731693267822 
5.933615684509277 
5.10097074508667 
8.30341911315918 
5.218899726867676 
4.818330764770508 
6.382238388061523 
5.048359394073486 
4.779729843139648 
5.217446327209473 
6.085012435913086 
4.912618637084961 
5.533071041107178 
8.40721607208252 
4.8289690017700195 
7.104098320007324 
5.009476661682129 
4.8353166580200195 
4.92939567565918 
5.8209381103515625 
5.056689262390137 
5.138510704040527 
5.056135177612305 
4.764909267425537 
5.285390377044678 
5.051627159118652 
6.2282795906066895 
5.184309005737305 
5.527543067932129 
4.898211479187012 
4.917550086975098 
5.0187087059021 
5.701694965362549 
7.203587055206299 
5.226985454559326 
6.714223861694336 
4.899012088775635 
4.80632209777832 
5.043943881988525 
5.142786502838135 
6.271059036254883 
5.959666728973389 
5.028158187866211 
5.082056999206543 
4.9568963050842285 
4.803821563720703 
5.1250081062316895 
5.569818496704102 
5.318515777587891 
5.026299953460693 
4.764084815979004 
5.307992935180664 
4.986822128295898 
5.078442573547363 
4.818243026733398 
4.952001571655273 
6.497470855712891 
5.0591278076171875 
4.92137336730957 
5.241844177246094 
5.51231575012207 
4.878945350646973 
7.116106033325195 
4.965314865112305 
5.189881801605225 
8.837382316589355 
4.7424211502075195 
4.819355010986328 
5.239287376403809 
5.016959190368652 
6.280266284942627 
5.317010879516602 
7.004709243774414 
4.825736045837402 
5.4053120613098145 
4.777460098266602 
5.018892288208008 
5.356335163116455 
4.882604598999023 
4.951818466186523 
5.241513729095459 
4.789885520935059 
4.899250030517578 
4.928671836853027 
4.90740966796875 
5.236268997192383 
5.227005958557129 
4.897507667541504 
5.7714524269104 
4.999499320983887 
5.056169509887695 
5.137357711791992 
7.719766616821289 
4.949967384338379 
4.954284191131592 
5.586542129516602 
4.830985069274902 
6.086928367614746 
4.756222724914551 
4.925289154052734 
4.785514831542969 
5.765851020812988 
5.172969818115234 
6.511649131774902 
5.123051643371582 
6.367297172546387 
5.019625186920166 
4.6513214111328125 
4.892883777618408 
5.515844345092773 
6.174049377441406 
8.281445503234863 
6.2346391677856445 
5.457122325897217 
5.155696868896484 
4.920260429382324 
7.596607685089111 
5.1036272048950195 
6.215074062347412 
6.87889289855957 
7.177923202514648 
5.7399983406066895 
5.113282203674316 
5.029806613922119 
4.915550231933594 
5.214961051940918 
5.214919090270996 
4.820812225341797 
4.898602485656738 
4.810818195343018 
5.411735534667969 
4.877036094665527 
5.566493034362793 
5.001288414001465 
4.953694820404053 
4.861464977264404 
4.85289192199707 
4.7202677726745605 
5.781017303466797 
4.835881233215332 
6.560986042022705 
4.891026496887207 
4.960823059082031 
4.968696594238281 
5.068633079528809 
4.84058952331543 
6.34376335144043 
5.348330497741699 
5.167387008666992 
4.8372802734375 
4.7859086990356445 
4.859880447387695 
6.566287994384766 
4.880670070648193 
5.781101226806641 
4.96418571472168 
6.498425006866455 
4.82021951675415 
5.613134384155273 
8.041193962097168 
4.814398765563965 
5.872179985046387 
5.158375263214111 
6.237458229064941 
5.098847389221191 
5.125263214111328 
4.9394731521606445 
4.969719409942627 
7.034041881561279 
5.133768558502197 
4.934867858886719 
5.056778907775879 
5.195887565612793 
5.815298557281494 
6.620632171630859 
5.6857147216796875 
4.9118757247924805 
5.257042407989502 
5.23596715927124 
4.845967769622803 
5.326773166656494 
4.902276992797852 
5.520897388458252 
5.073553562164307 
5.812527656555176 
5.178402900695801 
4.9027099609375 
5.015628814697266 
5.505030632019043 
6.758424282073975 
5.06197452545166 
5.314999580383301 
5.166241645812988 
4.89590311050415 
5.683987140655518 
5.251968860626221 
5.089808464050293 
4.848270893096924 
6.376843452453613 
5.9616594314575195 
4.773690223693848 
5.049724102020264 
4.938737392425537 
5.050230026245117 
4.856804847717285 
5.7972259521484375 
5.0198564529418945 
4.72917366027832 
7.065343856811523 
4.906190872192383 
4.962754249572754 
5.328910827636719 
5.21016788482666 
4.766561508178711 
6.006175518035889 
5.263811111450195 
5.154639720916748 
4.9077863693237305 
6.040568828582764 
5.07520055770874 
5.317071914672852 
4.83526086807251 
5.910778999328613 
5.3309006690979 
4.9275922775268555 
5.083521366119385 
5.403108596801758 
7.012133598327637 
4.971428871154785 
4.8173933029174805 
5.001476287841797 
5.970587730407715 
5.163832664489746 
5.78265905380249 
5.155389785766602 
5.174080848693848 
5.23665714263916 
4.88597297668457 
5.0767412185668945 
4.672030925750732 
4.828564167022705 
5.014647483825684 
6.622622489929199 
5.447835445404053 
8.008989334106445 
5.035154819488525 
6.429544925689697 
5.174896240234375 
8.274914741516113 
4.968195915222168 
5.069754123687744 
5.0732221603393555 
6.4448652267456055 
5.051503658294678 
5.07136344909668 
6.00689172744751 
4.958296775817871 
4.999867916107178 
4.9414873123168945 
5.47147274017334 
6.089809417724609 
5.315193176269531 
4.8719024658203125 
4.997310161590576 
9.163002967834473 
5.221342086791992 
4.989937782287598 
4.809330463409424 
4.881740570068359 
4.628489971160889 
4.96059513092041 
6.788692951202393 
4.725979804992676 
4.853771686553955 
4.885426998138428 
5.230396270751953 
5.287231922149658 
5.113569259643555 
5.191157341003418 
5.999742031097412 
5.018952369689941 
5.255163192749023 
5.675167083740234 
5.894502639770508 
5.994631290435791 
4.870899200439453 
5.126339912414551 
7.125868320465088 
6.286372184753418 
6.599269390106201 
4.810640335083008 
5.734434127807617 
4.976199150085449 
4.818569183349609 
4.831992149353027 
5.306707382202148 
5.639296531677246 
5.480898857116699 
4.812258243560791 
5.847790241241455 
5.10860013961792 
4.8596272468566895 
5.086307525634766 
6.3514299392700195 
5.047030448913574 
5.733420372009277 
5.067458629608154 
4.816184043884277 
4.8838396072387695 
5.233677864074707 
5.054802894592285 
5.060020923614502 
5.534335136413574 
4.754617691040039 
5.65157413482666 
5.162160873413086 
6.309077262878418 
6.057735443115234 
5.215315818786621 
5.290407657623291 
5.950857639312744 
5.1075334548950195 
4.989673614501953 
5.391348838806152 
6.5077056884765625 
5.302830219268799 
5.015965461730957 
4.771273612976074 
7.372614860534668 
4.968317985534668 
4.884349822998047 
4.914012432098389 
6.634149551391602 
4.909975051879883 
4.982273101806641 
6.52815580368042 
6.063693046569824 
8.047933578491211 
4.938532829284668 
5.850925445556641 
5.013392448425293 
5.179871559143066 
4.738777160644531 
4.911922454833984 
4.906914710998535 
6.476771354675293 
6.189259052276611 
5.115966320037842 
8.188321113586426 
5.341835975646973 
8.301012992858887 
4.849668502807617 
4.862701416015625 
5.1062517166137695 
5.9625349044799805 
5.640583038330078 
6.418516159057617 
5.6629767417907715 
7.463192939758301 
6.239786148071289 
8.41579532623291 
4.725946426391602 
5.115170955657959 
6.498591423034668 
4.985509395599365 
5.185741424560547 
6.543249130249023 
6.803894519805908 
4.909635543823242 
5.143227577209473 
5.219499588012695 
4.747371673583984 
4.844976902008057 
5.786806106567383 
5.645952224731445 
5.913414478302002 
9.659368515014648 
5.331430435180664 
5.995201110839844 
4.816091537475586 
5.214076042175293 
5.332011699676514 
6.015725612640381 
5.0489935874938965 
5.758225440979004 
4.754396438598633 
5.430512428283691 
5.0459513664245605 
6.16523551940918 
6.078195571899414 
5.283479690551758 
5.144336700439453 
5.084734916687012 
4.755322456359863 
6.277820587158203 
5.3013224601745605 
5.236783981323242 
4.799715518951416 
5.037464141845703 
6.4410080909729 
4.965705394744873 
5.166704177856445 
7.218225479125977 
5.033046722412109 
5.017056941986084 
7.0608415603637695 
8.265074729919434 
5.107732772827148 
5.047018527984619 
4.921807765960693 
5.757315635681152 
5.405739784240723 
5.028671741485596 
7.6251630783081055 
4.904493808746338 
5.258796215057373 
5.170754909515381 
4.826991081237793 
5.952552795410156 
6.614782333374023 
4.825725555419922 
4.915828704833984 
5.259768486022949 
4.911003112792969 
4.956380844116211 
5.459770679473877 
4.8685150146484375 
5.132973670959473 
5.169118404388428 
4.898919105529785 
4.776006698608398 
4.713407039642334 
8.598987579345703 
5.658681869506836 
5.189042091369629 
4.7516632080078125 
6.836258888244629 
4.986600875854492 
4.988894939422607 
6.257866859436035 
5.079747676849365 
5.622969627380371 
5.227770805358887 
5.75633430480957 
5.080528259277344 
5.836511611938477 
6.25811767578125 
6.052887916564941 
4.727975845336914 
9.20385456085205 
5.105077743530273 
5.090584754943848 
6.27974796295166 
4.940770149230957 
4.873445987701416 
5.057119369506836 
4.975844860076904 
5.159858703613281 
4.8591814041137695 
4.80311393737793 
7.034553527832031 
4.713229179382324 
5.025259017944336 
5.0858564376831055 
5.06626033782959 
6.216017723083496 
5.742665767669678 
5.254189491271973 
5.674642562866211 
5.044577598571777 
5.052814960479736 
4.942733287811279 
5.1628336906433105 
5.585629463195801 
4.931236267089844 
5.0872416496276855 
7.613541603088379 
4.9996185302734375 
5.128034591674805 
4.667451858520508 
5.796404838562012 
4.936534881591797 
4.894235610961914 
5.082402229309082 
5.053019046783447 
5.642226219177246 
5.332030296325684 
4.736513137817383 
4.733941078186035 
4.881894111633301 
5.302920341491699 
5.469346046447754 
4.81318998336792 
4.771149158477783 
5.035475730895996 
5.256034851074219 
8.383109092712402 
6.245419025421143 
5.796028137207031 
4.885295867919922 
7.627164840698242 
5.142868995666504 
5.180201053619385 
4.9684953689575195 
4.896530628204346 
4.714539527893066 
4.875853538513184 
5.123714923858643 
4.924678325653076 
4.9061408042907715 
4.811252593994141 
5.512605667114258 
4.5613694190979 
5.036807060241699 
4.6581926345825195 
5.328749179840088 
6.057685375213623 
5.174631118774414 
4.902589321136475 
4.929553985595703 
4.876507759094238 
7.427629470825195 
5.107065200805664 
6.091400146484375 
4.962682247161865 
4.9004011154174805 
5.032965183258057 
5.61662483215332 
4.822932243347168 
5.798093318939209 
5.588665962219238 
5.037757873535156 
4.836875915527344 
4.794094562530518 
4.901920795440674 
5.167140007019043 
5.399884223937988 
4.983337879180908 
4.9551777839660645 
4.9990129470825195 
5.169624328613281 
5.280181884765625 
5.205935478210449 
6.092927932739258 
5.18017053604126 
5.9630446434021 
5.561204433441162 
4.697612762451172 
5.860899448394775 
4.669977188110352 
6.468781471252441 
4.92431640625 
4.838705539703369 
5.121892929077148 
4.728652000427246 
4.866480350494385 
5.0551838874816895 
6.064080238342285 
4.987560272216797 
4.789028644561768 
5.1565093994140625 
5.259431838989258 
4.931984901428223 
4.779356956481934 
5.45363187789917 
4.860566139221191 
6.134336471557617 
6.405856132507324 
5.869268417358398 
4.8628129959106445 
5.099764823913574 
4.833545684814453 
4.862189769744873 
5.233498573303223 
4.895174503326416 
4.9025163650512695 
5.244110107421875 
5.294189453125 
4.947371959686279 
6.383013725280762 
10.492897033691406 
5.037135124206543 
5.172308444976807 
5.915146827697754 
6.226497650146484 
4.955685615539551 
5.19075345993042 
5.32158088684082 
5.325963497161865 
5.391192436218262 
4.8107380867004395 
5.03608512878418 
5.627893447875977 
6.34013557434082 
4.891347885131836 
4.887323379516602 
4.972741603851318 
6.810029983520508 
5.107633590698242 
4.896640777587891 
5.421171188354492 
4.738245010375977 
5.358060836791992 
5.989334583282471 
5.016590118408203 
5.079469680786133 
4.926864147186279 
5.641470909118652 
4.9836955070495605 
4.960038185119629 
4.879497528076172 
4.839709758758545 
5.080959320068359 
4.952268600463867 
5.644052505493164 
5.492481708526611 
4.963068008422852 
5.458009719848633 
4.751770973205566 
5.569408416748047 
4.913620471954346 
5.254051208496094 
4.850502014160156 
7.611207485198975 
5.037934303283691 
5.368962287902832 
5.7979936599731445 
5.021592140197754 
4.962125778198242 
4.784502029418945 
5.122528076171875 
5.428990364074707 
7.1522216796875 
4.972221374511719 
4.739401817321777 
4.88754940032959 
5.829217433929443 
5.43140172958374 
4.819612503051758 
5.121809482574463 
5.150352478027344 
5.5584821701049805 
5.151773452758789 
4.833974838256836 
7.001857757568359 
5.800475120544434 
4.861485481262207 
4.835423469543457 
5.094661712646484 
6.425661563873291 
5.018266201019287 
5.265297889709473 
4.944340705871582 
4.994790077209473 
5.42066764831543 
5.076170444488525 
5.0266218185424805 
5.535529136657715 
5.273646354675293 
7.468142986297607 
7.32823371887207 
5.103656768798828 
5.427186965942383 
6.395977020263672 
4.943681240081787 
5.126072883605957 
4.910104751586914 
4.94610071182251 
5.130634307861328 
5.097451210021973 
5.167660713195801 
5.424522876739502 
4.989140510559082 
5.110500335693359 
7.450077533721924 
5.808067321777344 
4.975913047790527 
5.0071587562561035 
4.984992980957031 
5.617871284484863 
5.5251312255859375 
4.699663162231445 
5.136301517486572 
4.9037065505981445 
8.135186195373535 
5.209979057312012 
6.294497013092041 
8.031842231750488 
5.221593856811523 
6.622443199157715 
4.951498031616211 
6.544636249542236 
5.092527389526367 
6.821957588195801 
4.885778427124023 
5.003073692321777 
5.269167423248291 
4.890903472900391 
6.358244895935059 
4.919487476348877 
4.791928291320801 
4.926094055175781 
5.8827080726623535 
5.116925239562988 
4.852977752685547 
5.519742488861084 
5.157120704650879 
5.022696495056152 
4.975088119506836 
5.1018171310424805 
4.697287559509277 
8.940555572509766 
4.7000627517700195 
4.838028430938721 
5.603196144104004 
5.094237327575684 
5.2089619636535645 
5.278224945068359 
6.007075309753418 
5.156804084777832 
4.847004413604736 
5.38494348526001 
5.25075626373291 
6.28464412689209 
4.858822822570801 
4.873891830444336 
5.244545936584473 
5.093550205230713 
5.023733139038086 
5.822055816650391 
5.247032165527344 
4.900534629821777 
4.940564155578613 
5.051033973693848 
4.685456275939941 
5.112279891967773 
5.006529808044434 
7.1251220703125 
5.037956237792969 
5.182800769805908 
5.127041816711426 
5.078695774078369 
6.300440788269043 
6.227775573730469 
4.635621070861816 
4.875679016113281 
4.917875289916992 
4.7837677001953125 
5.027161598205566 
8.972210884094238 
4.878215789794922 
5.133476257324219 
5.062377452850342 
4.788704872131348 
5.541516304016113 
5.167238235473633 
4.869593143463135 
4.959134101867676 
4.818998336791992 
5.024742126464844 
7.354952335357666 
7.505359649658203 
4.756145000457764 
6.916782379150391 
5.965885162353516 
5.0103044509887695 
6.436361312866211 
5.282702445983887 
4.878347396850586 
5.004410266876221 
5.512595176696777 
4.774132251739502 
5.001148223876953 
5.14918327331543 
8.303837776184082 
5.163081645965576 
5.35942268371582 
4.779965400695801 
4.780660629272461 
4.642258167266846 
6.253707408905029 
4.9015913009643555 
5.674700736999512 
6.741678714752197 
4.930863380432129 
4.968801498413086 
4.794224262237549 
4.974145889282227 
5.0863847732543945 
4.700606346130371 
4.8744354248046875 
5.316627502441406 
4.668544292449951 
6.788523197174072 
6.725104331970215 
5.124460697174072 
5.4543867111206055 
4.955063819885254 
5.182080268859863 
5.282138824462891 
6.952780723571777 
4.923520088195801 
4.820115089416504 
4.984563827514648 
6.624545097351074 
4.908913612365723 
5.039339542388916 
5.406432151794434 
4.941300392150879 
5.2020392417907715 
6.527750015258789 
5.1700639724731445 
4.808892726898193 
5.226754188537598 
5.724811553955078 
4.889156818389893 
5.475225448608398 
5.075937747955322 
5.1188812255859375 
4.8852219581604 
5.531007766723633 
5.052366256713867 
4.940522193908691 
5.163403034210205 
5.6279754638671875 
5.056549072265625 
5.176902770996094 
8.422398567199707 
4.923445224761963 
5.131506443023682 
4.697540760040283 
4.938860893249512 
4.925152778625488 
8.452157974243164 
5.194499969482422 
5.897885322570801 
4.869174957275391 
5.932433128356934 
5.110503673553467 
4.923677921295166 
5.148537635803223 
4.871844291687012 
4.739232063293457 
5.295899391174316 
5.350573539733887 
5.676938533782959 
4.817364692687988 
5.0984392166137695 
5.094169616699219 
5.802582263946533 
5.807066440582275 
6.741542816162109 
5.601602077484131 
5.035479545593262 
5.127074241638184 
5.638538837432861 
5.2095417976379395 
4.827826499938965 
5.048099994659424 
4.883634567260742 
5.414773464202881 
4.959901332855225 
4.9681196212768555 
4.79803466796875 
4.878171443939209 
6.163398742675781 
5.596611976623535 
4.667022705078125 
5.47952938079834 
6.1074371337890625 
4.9196929931640625 
6.298981189727783 
5.5491533279418945 
4.940937042236328 
6.386735439300537 
5.001649856567383 
4.639216423034668 
4.750059604644775 
4.878459453582764 
5.852560043334961 
5.17977237701416 
5.166903495788574 
5.317932605743408 
4.787084579467773 
4.945526599884033 
5.280335426330566 
6.439875602722168 
4.799583911895752 
5.262640953063965 
6.4492597579956055 
7.080708026885986 
4.9177632331848145 
5.4484686851501465 
5.063935279846191 
5.982051372528076 
5.67458438873291 
4.881924629211426 
4.736255645751953 
5.2446088790893555 
5.4220991134643555 
4.8724565505981445 
5.169602394104004 
4.7426605224609375 
5.074123382568359 
6.108011245727539 
6.557359218597412 
5.566132545471191 
4.9430952072143555 
5.361955642700195 
4.9475555419921875 
4.994848728179932 
7.651942253112793 
4.8643975257873535 
5.072726726531982 
5.123810291290283 
4.877586364746094 
5.8791913986206055 
6.190185546875 
5.784852981567383 
4.9856157302856445 
4.947231292724609 
5.465237140655518 
10.116128921508789 
5.033831596374512 
5.402196407318115 
5.821477890014648 
4.904998779296875 
5.165731430053711 
4.9496612548828125 
5.033395767211914 
4.9339447021484375 
5.264415740966797 
5.587129592895508 
5.16064977645874 
5.154784679412842 
5.071890354156494 
4.921661376953125 
4.979537010192871 
5.388641834259033 
4.670026779174805 
5.388134956359863 
5.431100845336914 
5.12714958190918 
6.993692398071289 
5.481251239776611 
6.787467956542969 
4.973087310791016 
4.965699195861816 
5.055792808532715 
5.003451347351074 
4.779598712921143 
5.413456916809082 
5.3072099685668945 
5.545895576477051 
5.0988383293151855 
5.146291255950928 
5.138906478881836 
4.915265083312988 
4.761397361755371 
5.493734359741211 
4.950412750244141 
5.93648099899292 
5.073801517486572 
5.061180114746094 
5.629843711853027 
6.587086200714111 
4.844050407409668 
5.183246612548828 
4.836918354034424 
