7.754631519317627 
5.046454906463623 
6.179952621459961 
6.061857223510742 
6.654196262359619 
6.576231002807617 
7.8607401847839355 
5.357440948486328 
5.362469673156738 
8.198514938354492 
6.2830705642700195 
5.270571231842041 
6.449756622314453 
5.952003479003906 
5.5811591148376465 
6.333670139312744 
8.019250869750977 
6.832643032073975 
7.4939680099487305 
6.077183723449707 
7.390260696411133 
5.795865535736084 
6.23642635345459 
4.482324123382568 
5.267226696014404 
9.643957138061523 
6.490964889526367 
5.395353317260742 
6.870421886444092 
5.714446067810059 
5.712902069091797 
5.254487037658691 
7.156733512878418 
5.374771595001221 
6.283083438873291 
5.4649128913879395 
6.407956600189209 
6.997231483459473 
7.419707775115967 
7.901614665985107 
6.022944927215576 
6.929216384887695 
5.675192832946777 
6.293045997619629 
6.856871128082275 
5.480531692504883 
7.055808067321777 
4.66019344329834 
9.862092018127441 
5.495675563812256 
5.637173652648926 
5.73490047454834 
6.8146796226501465 
7.282591819763184 
6.855981826782227 
5.679737567901611 
6.9678192138671875 
9.568408012390137 
6.081331253051758 
6.251256465911865 
4.936645030975342 
7.362295150756836 
7.647134780883789 
5.487941265106201 
6.4173102378845215 
7.816474437713623 
6.26864767074585 
5.943544864654541 
5.545736789703369 
5.939460277557373 
7.323945045471191 
6.123235702514648 
7.448001384735107 
6.001662254333496 
6.419145107269287 
7.798516750335693 
6.058420658111572 
6.613518238067627 
4.820012092590332 
5.1675124168396 
6.081906795501709 
7.39510440826416 
5.750278949737549 
6.0347771644592285 
4.64820671081543 
6.1256513595581055 
8.50411605834961 
5.072393894195557 
5.7707319259643555 
6.70107889175415 
7.268070697784424 
4.894211292266846 
4.6213154792785645 
5.532084941864014 
8.780113220214844 
6.782634258270264 
6.717672824859619 
7.6557297706604 
5.939493179321289 
6.119823932647705 
7.453823089599609 
8.40490436553955 
7.200472354888916 
5.232756614685059 
6.31425142288208 
8.864519119262695 
6.1591925621032715 
5.825534820556641 
8.380447387695312 
5.683406352996826 
8.563468933105469 
5.847339153289795 
6.318931579589844 
6.014307975769043 
4.9088215827941895 
5.8287200927734375 
6.094918727874756 
9.976276397705078 
6.234070777893066 
5.999944686889648 
6.2402567863464355 
5.573190689086914 
7.348909854888916 
5.783824443817139 
7.6729021072387695 
5.541225433349609 
4.840065002441406 
7.785958766937256 
5.825445175170898 
7.141820430755615 
7.801224708557129 
7.787999629974365 
5.744007110595703 
7.8166584968566895 
5.699437141418457 
7.795022487640381 
7.453430652618408 
5.08164644241333 
6.43726110458374 
8.315898895263672 
5.472526550292969 
8.627585411071777 
8.391517639160156 
6.241023063659668 
6.320821285247803 
5.322514533996582 
8.093162536621094 
5.165038585662842 
5.334059715270996 
6.223946571350098 
6.433497428894043 
7.321176528930664 
6.601485252380371 
7.485314846038818 
7.715482234954834 
6.93736457824707 
7.815272808074951 
6.509148120880127 
5.806578159332275 
5.287464618682861 
5.644083023071289 
7.426708221435547 
8.325026512145996 
6.5846638679504395 
5.745262145996094 
5.574882984161377 
7.186254978179932 
5.356976509094238 
6.1877875328063965 
7.4149088859558105 
5.11234188079834 
6.901880264282227 
6.238222122192383 
7.375514984130859 
5.876279830932617 
6.189030647277832 
4.749619483947754 
6.771281719207764 
8.63027286529541 
5.195828914642334 
7.4210896492004395 
5.8824872970581055 
4.627099990844727 
6.492507457733154 
5.78055477142334 
7.899693489074707 
6.226197242736816 
6.993366718292236 
5.113552570343018 
6.10098123550415 
7.8907270431518555 
5.852260589599609 
6.250335693359375 
5.742715358734131 
5.615293979644775 
6.973224639892578 
6.291257381439209 
5.637169361114502 
6.488509178161621 
6.572083950042725 
6.030266284942627 
7.334444046020508 
6.100061893463135 
6.4886627197265625 
7.670991897583008 
6.041567325592041 
5.492016792297363 
6.3438262939453125 
5.749375343322754 
7.482187747955322 
7.290613651275635 
5.69317102432251 
7.884016036987305 
6.619416236877441 
9.588808059692383 
8.434317588806152 
4.848438739776611 
6.699941635131836 
6.461671352386475 
6.296253681182861 
6.0416483879089355 
6.678919792175293 
6.132627964019775 
6.097866535186768 
6.079341888427734 
5.833156108856201 
7.778585433959961 
7.264885425567627 
5.683449745178223 
5.710789680480957 
7.269802093505859 
6.836362361907959 
7.873734474182129 
9.87424373626709 
5.365022659301758 
5.41525936126709 
8.64543628692627 
6.385279655456543 
6.143641471862793 
5.908571720123291 
6.012201309204102 
7.189996242523193 
5.4584760665893555 
6.1945343017578125 
5.882591724395752 
6.66298246383667 
6.531525611877441 
7.145855903625488 
6.756551742553711 
5.798825740814209 
5.868122577667236 
9.333438873291016 
6.564558506011963 
8.752197265625 
7.7219953536987305 
5.4434895515441895 
6.8904266357421875 
5.968864917755127 
6.014059543609619 
5.150314807891846 
4.743147850036621 
6.337571620941162 
8.284941673278809 
5.875741481781006 
6.838211536407471 
4.381171226501465 
5.663832664489746 
6.134698390960693 
6.2373738288879395 
7.144843101501465 
5.809702396392822 
5.588766574859619 
7.27180814743042 
7.031153202056885 
5.083865165710449 
5.093451499938965 
5.3524065017700195 
8.285334587097168 
6.4628167152404785 
6.265753746032715 
6.87729024887085 
7.151269435882568 
4.67147970199585 
6.097916603088379 
6.399073123931885 
6.8112592697143555 
7.357397556304932 
8.79467487335205 
6.1697235107421875 
5.3369574546813965 
6.508827209472656 
4.396544933319092 
4.503054618835449 
5.850835800170898 
4.611570358276367 
6.733491897583008 
5.381752967834473 
6.003067493438721 
5.76289176940918 
5.5530314445495605 
5.969038963317871 
6.099315166473389 
4.583619594573975 
7.964043140411377 
8.249598503112793 
9.231956481933594 
5.539347171783447 
7.225743770599365 
8.71919059753418 
6.001062870025635 
5.975132942199707 
7.2918477058410645 
6.341858863830566 
6.555218696594238 
5.899421691894531 
5.6578145027160645 
6.12352180480957 
6.2400383949279785 
7.9163498878479 
5.630705833435059 
7.111532688140869 
5.603448390960693 
6.613002777099609 
7.521115303039551 
5.022216796875 
5.971454620361328 
6.46506404876709 
5.5710015296936035 
5.731164932250977 
6.043055534362793 
5.956052780151367 
6.069168567657471 
6.179393768310547 
5.719327449798584 
5.212266445159912 
5.680771827697754 
6.653810024261475 
6.20215368270874 
6.273648262023926 
7.232566833496094 
7.3994035720825195 
7.215359210968018 
6.3239264488220215 
9.693862915039062 
4.671945571899414 
6.575634002685547 
7.057769298553467 
6.420352935791016 
7.298625946044922 
7.205791473388672 
4.937894344329834 
5.95057487487793 
8.576743125915527 
6.207242965698242 
5.444154262542725 
8.61924934387207 
6.704389572143555 
10.621844291687012 
6.85521125793457 
4.8220343589782715 
8.150202751159668 
8.442243576049805 
7.094435214996338 
6.078326225280762 
5.090548515319824 
6.1752238273620605 
6.1369948387146 
6.282173156738281 
6.470832347869873 
6.478707790374756 
6.649051189422607 
6.659539222717285 
5.995359420776367 
8.383901596069336 
6.399581432342529 
5.3083319664001465 
8.391666412353516 
6.188122749328613 
8.27535343170166 
7.308459281921387 
6.782681465148926 
7.216005325317383 
6.988133907318115 
6.851701736450195 
10.556486129760742 
7.683985710144043 
5.538855075836182 
5.861830234527588 
7.964700222015381 
5.918087005615234 
6.205904960632324 
6.7254838943481445 
5.985398292541504 
6.409048557281494 
5.957979202270508 
5.795080661773682 
6.105052947998047 
5.347750186920166 
7.2592620849609375 
6.496643543243408 
7.516258716583252 
7.47884464263916 
5.575449466705322 
5.2491350173950195 
7.637436866760254 
5.809515476226807 
5.8261213302612305 
7.735232830047607 
6.064698696136475 
5.294554233551025 
8.892663955688477 
6.353766441345215 
6.175489902496338 
5.79309606552124 
7.04495906829834 
6.619746208190918 
5.906146049499512 
6.242733001708984 
7.736978530883789 
7.164693355560303 
6.584964752197266 
5.782092571258545 
8.184006690979004 
8.357178688049316 
6.660488605499268 
5.8646440505981445 
5.718771934509277 
7.444023132324219 
6.121504306793213 
5.5885725021362305 
6.453791618347168 
7.6200032234191895 
6.928558826446533 
6.071028709411621 
5.913975238800049 
6.4114484786987305 
7.086219310760498 
6.005318641662598 
8.117546081542969 
5.858644485473633 
7.0250349044799805 
5.966715335845947 
7.7278056144714355 
5.831668376922607 
4.8062238693237305 
7.210965156555176 
5.505241870880127 
5.181441783905029 
6.439396858215332 
4.598346710205078 
6.039308071136475 
6.470090389251709 
5.7993268966674805 
5.788089752197266 
5.582553386688232 
5.714736461639404 
5.188204288482666 
7.576812744140625 
5.275090217590332 
6.258235931396484 
6.398567199707031 
6.531813144683838 
6.352521896362305 
5.359309196472168 
7.239318370819092 
5.071105003356934 
6.856730937957764 
6.175674915313721 
7.252607822418213 
6.425407409667969 
7.393553256988525 
5.956018924713135 
5.576655864715576 
7.77670431137085 
8.213199615478516 
6.980699062347412 
4.987964630126953 
5.350928783416748 
5.6712517738342285 
5.924246311187744 
4.703094005584717 
8.343209266662598 
9.308489799499512 
7.287014007568359 
6.83376407623291 
6.905282974243164 
5.807360649108887 
8.576886177062988 
6.282130241394043 
8.210838317871094 
5.8696980476379395 
8.380019187927246 
7.960426330566406 
6.0710530281066895 
6.2442097663879395 
5.9379425048828125 
7.637026309967041 
5.886235237121582 
6.29787015914917 
7.000799179077148 
5.869587421417236 
6.43882417678833 
5.9866766929626465 
6.064538478851318 
7.1153645515441895 
4.9969916343688965 
5.225223064422607 
8.591490745544434 
5.915149688720703 
6.622306823730469 
5.6772637367248535 
5.320456504821777 
6.168141841888428 
5.872994422912598 
7.431507110595703 
5.495993137359619 
5.35590124130249 
7.851386547088623 
6.059243679046631 
6.951666355133057 
7.985540390014648 
8.621938705444336 
6.771862983703613 
7.515292167663574 
6.3507585525512695 
6.164241313934326 
7.630527973175049 
7.373524188995361 
7.949671745300293 
5.354026794433594 
6.135508060455322 
4.750034809112549 
6.65714168548584 
5.176643371582031 
6.211546897888184 
7.667058944702148 
6.759679317474365 
5.064028263092041 
6.381337642669678 
7.037449836730957 
6.987859725952148 
5.895740985870361 
6.939462661743164 
9.304617881774902 
6.595860958099365 
5.27740478515625 
5.561062335968018 
5.172202110290527 
5.246161460876465 
5.914989471435547 
5.0058135986328125 
5.199780464172363 
7.161768913269043 
6.35554838180542 
6.534243106842041 
6.320560932159424 
5.865426540374756 
5.837018013000488 
6.756078243255615 
7.126860618591309 
8.265752792358398 
8.698050498962402 
7.91183614730835 
5.870360374450684 
8.637678146362305 
7.325006484985352 
8.460505485534668 
6.286342620849609 
7.100154876708984 
6.910087585449219 
6.398772239685059 
5.053560733795166 
5.380131721496582 
6.202375411987305 
6.1848225593566895 
5.739680290222168 
7.923032283782959 
7.231590747833252 
5.889021873474121 
5.693996429443359 
6.435758113861084 
5.792346477508545 
8.583374977111816 
5.912720680236816 
6.30930233001709 
6.562674522399902 
5.056268215179443 
6.8495564460754395 
6.00677490234375 
8.282600402832031 
7.641659259796143 
5.707259654998779 
6.709893226623535 
4.85576868057251 
8.60171890258789 
5.862328052520752 
5.993226051330566 
5.922461032867432 
7.025032997131348 
6.6374616622924805 
6.880837917327881 
7.135438442230225 
8.34160041809082 
8.40998363494873 
6.037392616271973 
5.102140426635742 
5.760002136230469 
4.747817039489746 
7.674376010894775 
7.322974681854248 
8.778512001037598 
6.703354358673096 
7.588687419891357 
8.475183486938477 
7.6609086990356445 
6.613042831420898 
7.2365193367004395 
7.063217639923096 
6.217694282531738 
6.082260608673096 
7.517167568206787 
7.230283737182617 
5.467624187469482 
7.402002811431885 
7.617095470428467 
6.127795219421387 
7.318458080291748 
6.460077285766602 
7.140009880065918 
6.538000106811523 
9.647987365722656 
5.689882278442383 
5.991606712341309 
5.570621490478516 
6.187519550323486 
5.668918609619141 
8.419515609741211 
6.613345623016357 
7.8731184005737305 
8.809732437133789 
6.32554817199707 
7.320044994354248 
6.60968017578125 
8.87572956085205 
7.208591461181641 
5.219257354736328 
5.87324333190918 
5.476934432983398 
5.642032146453857 
6.531693935394287 
8.246650695800781 
4.9316887855529785 
6.437260150909424 
6.050003528594971 
4.214344024658203 
6.5782036781311035 
7.306641101837158 
6.19046688079834 
6.068093776702881 
5.654940605163574 
6.498908996582031 
8.757928848266602 
8.799947738647461 
7.764984130859375 
5.04175329208374 
5.514712333679199 
8.153549194335938 
7.656034469604492 
6.018682479858398 
5.989922046661377 
7.854997634887695 
5.541407585144043 
6.585094451904297 
6.759737014770508 
5.911022663116455 
5.032806396484375 
7.654598236083984 
5.940311431884766 
7.551704406738281 
5.813963413238525 
7.235506057739258 
8.32300090789795 
6.696239948272705 
5.3638014793396 
5.5207624435424805 
8.907547950744629 
6.987803936004639 
6.724446773529053 
9.11523151397705 
5.456148624420166 
6.913787364959717 
6.524479866027832 
5.405637264251709 
7.960184097290039 
5.452692985534668 
8.673147201538086 
6.31605863571167 
8.033012390136719 
5.566239356994629 
5.068049907684326 
6.394303321838379 
4.913315296173096 
7.441070079803467 
6.951023101806641 
5.163521766662598 
8.513399124145508 
7.172022819519043 
5.744158744812012 
5.371746063232422 
6.448476314544678 
5.234716415405273 
7.96241569519043 
6.124173164367676 
6.145045280456543 
6.084750652313232 
6.227548599243164 
6.157894611358643 
5.6892008781433105 
5.3377532958984375 
5.653202533721924 
6.222732067108154 
6.96774959564209 
7.081429481506348 
7.683126449584961 
5.52769136428833 
5.145477294921875 
7.8771538734436035 
5.986764430999756 
8.389986038208008 
6.591332912445068 
8.108368873596191 
6.5073699951171875 
6.632766246795654 
5.598462104797363 
7.076725006103516 
6.838943004608154 
6.193852424621582 
7.530363082885742 
8.163905143737793 
7.591068744659424 
5.30061674118042 
4.8952531814575195 
5.7060441970825195 
8.230223655700684 
7.222044944763184 
6.406517028808594 
6.153287410736084 
7.698464870452881 
6.587462425231934 
6.805085182189941 
7.526585578918457 
7.973684310913086 
7.56875467300415 
6.148221969604492 
5.903444766998291 
5.847130298614502 
7.84434175491333 
8.527043342590332 
10.583962440490723 
6.036880016326904 
9.065139770507812 
6.278724670410156 
6.668778896331787 
5.117908954620361 
5.3283796310424805 
4.717383861541748 
6.6441569328308105 
7.3119730949401855 
6.409293174743652 
9.492287635803223 
7.47241735458374 
5.719429016113281 
8.990720748901367 
6.784246444702148 
6.155155658721924 
7.5317182540893555 
8.073651313781738 
6.173686504364014 
6.22603178024292 
5.548993110656738 
5.44138240814209 
7.060037612915039 
6.823794841766357 
8.340140342712402 
6.030919075012207 
5.679153919219971 
6.290115833282471 
5.0811381340026855 
5.083660125732422 
7.031825542449951 
5.028470516204834 
7.869235992431641 
5.41567850112915 
5.587532043457031 
5.687859058380127 
5.4346923828125 
6.476706504821777 
6.091458797454834 
6.910111427307129 
8.437695503234863 
7.318955421447754 
5.708942413330078 
5.450087070465088 
6.875810623168945 
7.490396022796631 
4.753727912902832 
9.323787689208984 
5.823528289794922 
4.787762641906738 
6.533054828643799 
5.582997798919678 
8.183834075927734 
7.4927473068237305 
7.661280632019043 
7.942634105682373 
5.962794303894043 
7.345184803009033 
6.455619812011719 
5.606431007385254 
6.113572120666504 
5.3628740310668945 
4.252696514129639 
7.106314182281494 
6.935708522796631 
7.176965236663818 
5.599151611328125 
6.588953971862793 
5.875777244567871 
5.8253703117370605 
6.239407539367676 
7.047038555145264 
7.81348180770874 
6.3832502365112305 
5.5130181312561035 
7.066043376922607 
5.404886722564697 
6.667439937591553 
5.835967063903809 
7.486556053161621 
6.444822311401367 
8.432940483093262 
6.551932334899902 
6.950684070587158 
7.438508033752441 
7.268350124359131 
5.654557228088379 
7.698697566986084 
6.544172286987305 
5.357387065887451 
7.536334991455078 
6.127303600311279 
5.221426963806152 
5.772189140319824 
6.8913445472717285 
6.244419574737549 
5.371552467346191 
9.026991844177246 
6.665872573852539 
8.927206039428711 
5.653906345367432 
6.051726818084717 
6.001350402832031 
6.03131628036499 
5.482900142669678 
4.660776615142822 
4.987929821014404 
4.714710235595703 
5.358525276184082 
8.253275871276855 
5.656246662139893 
5.883753299713135 
5.29940128326416 
6.293163776397705 
7.431410312652588 
6.6703267097473145 
5.118589878082275 
4.830990791320801 
6.685717582702637 
6.0445709228515625 
6.134079456329346 
7.319714546203613 
5.586531162261963 
6.801975727081299 
7.087017059326172 
7.413429260253906 
8.413360595703125 
7.526474952697754 
8.392816543579102 
4.800449848175049 
9.300333023071289 
5.651623249053955 
4.858899116516113 
7.747666358947754 
5.029613971710205 
5.708401203155518 
7.185127258300781 
8.392561912536621 
7.107055187225342 
5.488579750061035 
6.9138054847717285 
5.393987655639648 
5.5811357498168945 
6.398655414581299 
5.128661632537842 
7.1666975021362305 
8.015886306762695 
6.564888954162598 
6.253443717956543 
6.445252418518066 
6.194626331329346 
6.91336727142334 
5.622564315795898 
5.6923394203186035 
8.977364540100098 
6.1526079177856445 
6.342875003814697 
6.194079875946045 
9.09231185913086 
4.66041374206543 
5.100449085235596 
5.933492660522461 
8.735270500183105 
8.133026123046875 
6.195743083953857 
6.033668518066406 
5.455353736877441 
6.718511581420898 
6.209686756134033 
5.4042277336120605 
6.251115798950195 
5.95179557800293 
6.551983833312988 
5.65782356262207 
8.295536041259766 
6.768984317779541 
6.443356513977051 
6.2441887855529785 
6.1770339012146 
6.291218280792236 
5.051916122436523 
6.816286087036133 
6.0293097496032715 
6.117522716522217 
5.743100166320801 
6.021724224090576 
5.9874982833862305 
5.715546607971191 
5.44004487991333 
5.896335601806641 
6.720940113067627 
6.823951721191406 
6.399179458618164 
7.854378700256348 
6.610719203948975 
5.50543212890625 
5.240696907043457 
6.46807336807251 
6.370091915130615 
6.243802070617676 
5.387909412384033 
8.750611305236816 
5.350047588348389 
4.730152606964111 
4.988613128662109 
7.415477275848389 
6.698783874511719 
7.0445637702941895 
7.228397369384766 
5.090734004974365 
5.370654582977295 
5.794388771057129 
5.498319625854492 
6.409389495849609 
5.144937515258789 
6.9597296714782715 
5.660092353820801 
8.048054695129395 
8.22697639465332 
6.711793899536133 
6.607721328735352 
5.629339694976807 
6.86732292175293 
7.538616180419922 
5.0325727462768555 
5.709834098815918 
7.42075252532959 
6.356624603271484 
7.9906697273254395 
6.035180568695068 
6.988455295562744 
6.555267333984375 
7.818563938140869 
5.990346431732178 
8.10543155670166 
5.649358749389648 
6.0549702644348145 
6.1939377784729 
6.370327472686768 
6.434728145599365 
5.770236015319824 
7.344165802001953 
4.934851169586182 
7.0765790939331055 
6.857971668243408 
7.1428985595703125 
5.4970927238464355 
6.204229831695557 
8.480499267578125 
8.611099243164062 
5.877647399902344 
7.869139194488525 
6.479175090789795 
5.498476028442383 
9.550095558166504 
5.4897942543029785 
6.606671333312988 
5.48302698135376 
6.673600673675537 
5.571673393249512 
7.073241233825684 
6.632637023925781 
6.788628101348877 
5.028943061828613 
6.692824363708496 
6.618619441986084 
6.389163970947266 
9.293662071228027 
5.610861778259277 
6.466447830200195 
6.429230213165283 
5.854715824127197 
8.078856468200684 
5.864211082458496 
6.031002998352051 
5.812378406524658 
5.558149337768555 
6.266840934753418 
8.20682430267334 
8.157965660095215 
6.0000786781311035 
6.849132537841797 
5.734706878662109 
7.902295112609863 
8.679054260253906 
8.380541801452637 
6.272776126861572 
8.325616836547852 
5.932024955749512 
7.857217788696289 
7.445092678070068 
5.839236259460449 
7.1009345054626465 
6.236255645751953 
5.92868709564209 
5.841214179992676 
6.958382606506348 
4.899665832519531 
5.639162540435791 
6.453461170196533 
9.783390045166016 
6.951832294464111 
8.495317459106445 
6.070467948913574 
7.7680439949035645 
5.87934684753418 
6.7401509284973145 
6.10483455657959 
6.168379783630371 
7.073753833770752 
8.868144989013672 
5.710743427276611 
6.570718765258789 
5.4107890129089355 
8.256959915161133 
6.090928077697754 
5.852844715118408 
5.91062068939209 
7.471093654632568 
7.490062713623047 
6.41630744934082 
5.289043426513672 
4.865262031555176 
8.996256828308105 
5.303463459014893 
5.043944835662842 
6.2076287269592285 
6.199270248413086 
4.661414623260498 
6.387547492980957 
5.531881809234619 
5.884732246398926 
8.462355613708496 
5.039220809936523 
7.864151477813721 
7.293717384338379 
8.800360679626465 
5.3832221031188965 
6.827324867248535 
5.462250709533691 
6.600644588470459 
5.897749900817871 
7.783741474151611 
6.600528717041016 
5.094350337982178 
4.618422031402588 
7.437845706939697 
8.183606147766113 
7.397690296173096 
5.483020782470703 
6.1482391357421875 
5.444430351257324 
7.625425338745117 
5.1719489097595215 
5.807015419006348 
6.145563125610352 
6.904023170471191 
5.668222904205322 
6.110262393951416 
9.393024444580078 
6.0656843185424805 
7.33799934387207 
8.318288803100586 
7.2958831787109375 
8.76355266571045 
9.026278495788574 
5.277115345001221 
5.087275505065918 
7.580934047698975 
6.2847580909729 
7.007533073425293 
7.634268283843994 
6.084373474121094 
7.899751663208008 
6.343847751617432 
5.114986419677734 
6.77233362197876 
6.2038373947143555 
8.807785987854004 
5.513577461242676 
6.435055732727051 
7.078018665313721 
6.8278374671936035 
6.641328811645508 
6.89365816116333 
5.307397365570068 
5.381402015686035 
6.658583164215088 
5.809573173522949 
5.911269664764404 
6.03904914855957 
7.738780975341797 
7.357780933380127 
6.1712212562561035 
4.715303421020508 
7.281211853027344 
5.9632062911987305 
5.31660270690918 
5.187271595001221 
5.836341857910156 
5.962719917297363 
6.91574764251709 
6.129660129547119 
8.9434175491333 
5.217051982879639 
5.715356826782227 
5.637810707092285 
6.277256965637207 
6.290747165679932 
7.048993110656738 
5.76473331451416 
5.513408184051514 
5.18084192276001 
8.690064430236816 
4.855285167694092 
6.596610069274902 
5.678223609924316 
5.062861442565918 
6.845232963562012 
6.268826484680176 
6.796449184417725 
6.177716255187988 
6.21321439743042 
7.29934024810791 
6.002346515655518 
5.187437057495117 
5.51080322265625 
4.785704135894775 
6.086947441101074 
7.033940315246582 
7.400774955749512 
5.229811668395996 
7.973653793334961 
6.043979167938232 
6.729252815246582 
6.919007301330566 
8.62213134765625 
6.014100551605225 
8.71025562286377 
5.219452857971191 
6.190129280090332 
5.728124141693115 
5.339289665222168 
6.123898506164551 
6.507370948791504 
5.40919303894043 
7.950855255126953 
7.110269069671631 
6.97616720199585 
7.322721004486084 
7.690739154815674 
6.6848297119140625 
5.8514180183410645 
7.371938705444336 
7.0254669189453125 
4.85598611831665 
6.315469264984131 
5.953396797180176 
5.660816192626953 
9.126618385314941 
5.664571285247803 
7.068327903747559 
6.895961761474609 
5.886131763458252 
6.6697869300842285 
5.774443626403809 
6.9834675788879395 
9.001526832580566 
5.045123100280762 
6.792426109313965 
7.810848712921143 
5.603738784790039 
6.29593563079834 
6.484575271606445 
6.062253475189209 
5.821894645690918 
6.1215620040893555 
6.091944217681885 
6.294239044189453 
4.718036651611328 
5.775568008422852 
7.308251857757568 
7.289185523986816 
8.228246688842773 
7.537280082702637 
7.038118839263916 
5.577065944671631 
8.866948127746582 
5.516010284423828 
7.371091365814209 
6.085637092590332 
8.952316284179688 
7.284208297729492 
7.1872100830078125 
6.921757698059082 
6.827614784240723 
6.580850601196289 
5.313340663909912 
7.254911422729492 
6.262802600860596 
5.5966410636901855 
6.6117634773254395 
6.002584934234619 
6.295958042144775 
5.445246696472168 
5.11835241317749 
5.62267541885376 
5.479321479797363 
8.351152420043945 
8.681085586547852 
6.657674312591553 
6.77452278137207 
7.163426876068115 
5.805807113647461 
6.928999423980713 
9.329404830932617 
7.348718643188477 
5.723912715911865 
6.793399333953857 
4.920799255371094 
8.20876693725586 
6.150695323944092 
7.647444725036621 
7.109460353851318 
5.402692794799805 
4.61696195602417 
6.385340690612793 
5.8336286544799805 
5.6565842628479 
8.324295997619629 
5.728489398956299 
4.733386516571045 
5.591786861419678 
6.123414039611816 
6.154369831085205 
8.423009872436523 
6.571454048156738 
5.819376468658447 
6.251503944396973 
4.963191509246826 
5.465758323669434 
6.617222309112549 
7.858999252319336 
5.213888168334961 
8.497578620910645 
10.620336532592773 
5.571024417877197 
8.112090110778809 
6.077677249908447 
5.932159423828125 
5.661090850830078 
7.690856456756592 
6.755140781402588 
8.419792175292969 
6.143144607543945 
7.098028182983398 
5.1718950271606445 
6.834627628326416 
8.207168579101562 
4.902326583862305 
8.18083667755127 
8.068267822265625 
5.149029731750488 
8.838452339172363 
6.388296127319336 
6.076732158660889 
6.4369940757751465 
6.476348876953125 
6.4156365394592285 
9.875547409057617 
6.629479885101318 
3.8590688705444336 
7.575190544128418 
5.579168319702148 
6.941679000854492 
5.447124004364014 
5.964169502258301 
6.109350204467773 
5.479887008666992 
7.6666998863220215 
5.239669322967529 
5.56527853012085 
5.734141826629639 
6.087123870849609 
5.801558971405029 
7.162745475769043 
6.384403228759766 
5.785891056060791 
6.813491344451904 
6.402365207672119 
6.835618019104004 
8.821728706359863 
5.427523136138916 
5.594017505645752 
5.884029388427734 
7.927982807159424 
6.9061102867126465 
5.872952461242676 
5.946784973144531 
7.771139144897461 
6.108829498291016 
7.714824199676514 
5.909469127655029 
7.500540256500244 
6.518862724304199 
8.119839668273926 
7.736793041229248 
7.29810094833374 
6.212328910827637 
8.651162147521973 
5.654602527618408 
5.963025093078613 
7.913638114929199 
6.6143412590026855 
4.670167446136475 
8.95234489440918 
6.409723281860352 
8.536324501037598 
5.728860855102539 
7.334402084350586 
6.3639068603515625 
4.97014856338501 
8.344473838806152 
7.909552574157715 
6.158444881439209 
6.035238265991211 
6.738100051879883 
8.154187202453613 
6.270814418792725 
7.9686665534973145 
5.886166095733643 
5.623814105987549 
6.936505317687988 
5.618035793304443 
5.801806926727295 
8.76602840423584 
5.7170729637146 
5.703177452087402 
6.88800573348999 
6.865864276885986 
7.890088081359863 
4.833451271057129 
6.805345058441162 
5.971388816833496 
5.357057571411133 
5.677774429321289 
5.714296817779541 
5.815613269805908 
6.543234348297119 
7.0501604080200195 
8.803303718566895 
6.891003608703613 
5.266857624053955 
7.319265365600586 
6.4022955894470215 
7.237551689147949 
7.053806304931641 
6.15443754196167 
7.0433807373046875 
5.831035614013672 
5.990015506744385 
6.061590671539307 
5.789741516113281 
4.6679301261901855 
6.1447434425354 
5.624675750732422 
6.779851913452148 
8.02371883392334 
8.124711990356445 
8.065892219543457 
5.717940807342529 
5.478879928588867 
7.1158576011657715 
6.251465797424316 
6.191276550292969 
6.538498878479004 
4.859148025512695 
6.024636745452881 
6.241462707519531 
6.007214546203613 
5.908215522766113 
5.905891418457031 
5.318666458129883 
6.994802951812744 
5.2274603843688965 
6.30251932144165 
7.592587947845459 
6.505258560180664 
5.050418853759766 
5.331361770629883 
5.400676727294922 
5.265233516693115 
7.383677959442139 
7.912079811096191 
5.869842052459717 
5.325785160064697 
5.196435928344727 
7.789914131164551 
6.058224678039551 
4.380602836608887 
7.917097091674805 
5.832630634307861 
5.7123918533325195 
5.715670108795166 
5.891304969787598 
5.87372350692749 
6.412163734436035 
7.0151166915893555 
6.545844078063965 
7.185028076171875 
7.289619445800781 
6.454828262329102 
5.086996078491211 
7.93587064743042 
5.786839962005615 
4.311079502105713 
6.938477516174316 
6.417520523071289 
7.073195934295654 
7.826572895050049 
6.366722106933594 
7.212364673614502 
7.620223045349121 
5.583179950714111 
6.103219985961914 
8.740787506103516 
7.511596202850342 
5.367468357086182 
6.5181498527526855 
8.772234916687012 
5.530069828033447 
6.237986087799072 
5.44254207611084 
5.704474925994873 
7.4602532386779785 
5.423727512359619 
5.695944786071777 
6.665294647216797 
6.870595455169678 
5.68589973449707 
6.21427583694458 
8.127635955810547 
6.589007377624512 
6.631505012512207 
6.427463531494141 
5.861854076385498 
5.92332649230957 
4.754620552062988 
5.555746555328369 
6.156087398529053 
5.264662742614746 
8.016857147216797 
6.194118976593018 
5.754121780395508 
7.320652008056641 
4.972212314605713 
6.3317766189575195 
8.312093734741211 
7.081445693969727 
6.154514789581299 
5.513586044311523 
5.9603962898254395 
6.451966762542725 
6.840516090393066 
7.909574031829834 
5.388904571533203 
7.297976970672607 
6.130370140075684 
5.515143871307373 
6.56234884262085 
6.356432914733887 
5.4580769538879395 
5.99545431137085 
6.747370719909668 
7.1927080154418945 
6.679502010345459 
7.405587196350098 
8.001325607299805 
5.865863800048828 
5.1483354568481445 
5.678836345672607 
5.773908615112305 
8.54784107208252 
5.157769203186035 
9.996419906616211 
6.949330806732178 
7.728827476501465 
5.753817081451416 
9.204050064086914 
5.827454090118408 
8.106743812561035 
6.723725318908691 
7.882807731628418 
4.837642669677734 
4.857237339019775 
5.914451599121094 
5.9539475440979 
5.931787967681885 
6.321066856384277 
5.597332000732422 
6.575984477996826 
6.243103981018066 
6.432875633239746 
6.304270267486572 
6.610928058624268 
5.511584281921387 
6.363393783569336 
5.131202697753906 
4.721928119659424 
5.155755043029785 
8.431485176086426 
5.341026306152344 
9.246522903442383 
6.6422576904296875 
5.928226470947266 
6.248779296875 
6.109280586242676 
5.419960975646973 
6.437753200531006 
6.339602947235107 
5.702600479125977 
5.964257717132568 
5.984565734863281 
6.983262538909912 
5.08818244934082 
7.072505474090576 
6.09061336517334 
7.994509220123291 
4.501256465911865 
7.558121204376221 
6.022098064422607 
5.433589935302734 
6.982988357543945 
6.202303409576416 
6.579453945159912 
5.790201663970947 
5.548810005187988 
5.3632426261901855 
5.968677997589111 
4.9239935874938965 
6.082730293273926 
5.2597150802612305 
6.499623775482178 
6.188446044921875 
5.429755687713623 
5.525273323059082 
7.84584903717041 
6.893702983856201 
5.008985996246338 
6.630898475646973 
5.684900283813477 
5.960089206695557 
7.1491193771362305 
6.167400360107422 
5.750657558441162 
6.284470081329346 
5.7783942222595215 
7.837151050567627 
5.681450366973877 
6.342238426208496 
9.207446098327637 
7.92840576171875 
8.131563186645508 
7.814849376678467 
5.4018354415893555 
6.563222408294678 
5.876445293426514 
6.669063091278076 
6.474048137664795 
7.987015247344971 
6.536277770996094 
6.341418743133545 
7.551422595977783 
5.540950775146484 
8.984630584716797 
5.518833160400391 
6.458195209503174 
8.505451202392578 
7.268022060394287 
6.908868789672852 
7.261699199676514 
10.220486640930176 
6.44963264465332 
7.4619951248168945 
5.714420318603516 
5.230708122253418 
5.620107173919678 
6.31951904296875 
6.1241583824157715 
7.965623378753662 
9.61031723022461 
7.036444664001465 
5.545443058013916 
9.402756690979004 
5.319062232971191 
7.833447456359863 
6.2554402351379395 
7.165534496307373 
8.150154113769531 
7.626920700073242 
6.324260234832764 
7.880244731903076 
7.191093921661377 
6.389468193054199 
6.732921123504639 
6.139165878295898 
5.745584487915039 
5.9531168937683105 
6.32344913482666 
10.012511253356934 
7.924770355224609 
7.321152210235596 
5.378405570983887 
6.055724143981934 
5.6612701416015625 
5.491523265838623 
6.6015400886535645 
6.047656059265137 
6.8357439041137695 
5.345236778259277 
5.987125873565674 
7.206814289093018 
6.271059036254883 
8.221208572387695 
6.153032302856445 
6.900723934173584 
5.710914611816406 
7.298412799835205 
4.555591106414795 
6.171951770782471 
9.549476623535156 
5.545476913452148 
5.299052715301514 
6.758362293243408 
5.61151647567749 
6.617275714874268 
9.058377265930176 
7.260817527770996 
7.37852668762207 
5.290054798126221 
5.828180313110352 
5.69846773147583 
4.982448577880859 
7.181573867797852 
6.348284721374512 
6.119060516357422 
6.123788833618164 
6.170225620269775 
9.094766616821289 
4.578773021697998 
6.229861259460449 
8.053885459899902 
6.891115665435791 
7.456909656524658 
6.596703052520752 
8.29564094543457 
5.485014915466309 
7.079621315002441 
6.327785491943359 
4.8356194496154785 
7.867459774017334 
6.20947790145874 
5.884619235992432 
5.3515119552612305 
7.525684833526611 
6.166597843170166 
7.265501022338867 
7.721133708953857 
7.5532355308532715 
5.694566249847412 
7.339773178100586 
4.906557559967041 
6.388802528381348 
4.81989860534668 
4.579456806182861 
4.370295524597168 
8.091785430908203 
8.902061462402344 
6.1211090087890625 
6.08056116104126 
6.628692626953125 
6.630366802215576 
6.135460376739502 
5.681817531585693 
7.469320297241211 
7.985655307769775 
5.7074785232543945 
6.579340934753418 
6.722892761230469 
7.682149410247803 
8.25822925567627 
6.03859281539917 
6.982582092285156 
7.199314117431641 
6.030001163482666 
6.706607341766357 
6.96696138381958 
5.160312175750732 
3.919950485229492 
7.275624752044678 
6.177134037017822 
5.9060378074646 
5.150368690490723 
7.387501239776611 
5.306586742401123 
6.425732135772705 
5.3827080726623535 
6.38554573059082 
6.611778736114502 
6.975925922393799 
6.502414703369141 
8.019960403442383 
6.259189605712891 
6.687891960144043 
5.382256984710693 
6.326862335205078 
9.305527687072754 
5.621527671813965 
6.581130027770996 
5.667556285858154 
5.30309534072876 
5.7401838302612305 
4.608555793762207 
7.4501142501831055 
7.1637749671936035 
6.067862510681152 
6.333133697509766 
6.847541332244873 
5.713659286499023 
7.206980228424072 
5.953683376312256 
8.717728614807129 
5.2225823402404785 
6.558110237121582 
7.26699686050415 
6.391188144683838 
8.423674583435059 
5.658897399902344 
7.628117084503174 
6.052382946014404 
6.041038990020752 
6.31734561920166 
6.757585525512695 
5.0797200202941895 
5.2764105796813965 
5.384695529937744 
6.399941444396973 
6.3550920486450195 
7.072909832000732 
6.488923072814941 
4.467994689941406 
5.793040752410889 
6.3348517417907715 
5.522981643676758 
9.825552940368652 
5.174149513244629 
8.710787773132324 
7.971885681152344 
6.702337741851807 
7.469496726989746 
8.120545387268066 
5.750654220581055 
8.08370590209961 
6.09520149230957 
7.282005310058594 
5.688764572143555 
7.2906107902526855 
6.320854663848877 
5.804317951202393 
8.315496444702148 
5.276544570922852 
5.8721442222595215 
6.273940563201904 
7.46150016784668 
5.826632976531982 
7.678412914276123 
5.1187663078308105 
5.415185928344727 
6.621762275695801 
5.9473490715026855 
5.418931484222412 
5.484443187713623 
6.136784076690674 
6.508721828460693 
7.028748989105225 
5.959668159484863 
8.281167984008789 
8.316862106323242 
7.61398983001709 
6.435720920562744 
6.769500732421875 
5.957218647003174 
6.336719036102295 
8.820784568786621 
5.943422794342041 
5.772522449493408 
6.764819622039795 
5.929251670837402 
5.5060625076293945 
6.180222034454346 
5.834586143493652 
7.72421932220459 
6.373660564422607 
5.046760082244873 
6.778558254241943 
5.064856052398682 
6.739171504974365 
7.1779937744140625 
7.482578277587891 
6.692994117736816 
6.015544891357422 
6.516430377960205 
6.6406402587890625 
5.773507595062256 
5.56491756439209 
6.377406120300293 
8.124574661254883 
5.780807971954346 
7.101094722747803 
5.544295310974121 
5.604910373687744 
5.395581245422363 
5.4647111892700195 
6.369498252868652 
6.69136905670166 
5.348940372467041 
7.644832134246826 
5.639856338500977 
8.0304594039917 
6.333058834075928 
6.83549690246582 
9.844511032104492 
8.953293800354004 
6.455725193023682 
5.401182174682617 
5.825229644775391 
5.830597877502441 
7.03391170501709 
6.81374454498291 
5.6697540283203125 
8.414310455322266 
7.827484607696533 
5.804032325744629 
7.509188175201416 
5.95335578918457 
5.88128137588501 
7.8612589836120605 
6.301153659820557 
8.026798248291016 
6.457028388977051 
5.993084907531738 
6.633514404296875 
6.157177925109863 
6.111865520477295 
7.409796237945557 
6.012758731842041 
6.4394049644470215 
7.06128454208374 
9.90632152557373 
8.132914543151855 
6.662023544311523 
6.002312660217285 
7.629497528076172 
7.142675399780273 
8.270813941955566 
6.624994277954102 
6.699776649475098 
4.8818793296813965 
6.895011901855469 
6.9435601234436035 
6.838069915771484 
7.084491729736328 
4.759504318237305 
5.105437755584717 
5.661823749542236 
5.7575907707214355 
7.019107818603516 
6.096927642822266 
6.433573246002197 
5.454272270202637 
5.567010402679443 
8.436567306518555 
6.325660228729248 
5.749180316925049 
5.509416103363037 
6.514186859130859 
5.168249130249023 
5.6802568435668945 
4.477405071258545 
6.8329758644104 
6.903164386749268 
7.999444484710693 
6.930935382843018 
6.412482738494873 
6.020824432373047 
7.019501686096191 
7.098820686340332 
5.575514316558838 
7.522974967956543 
6.211485862731934 
6.347162246704102 
5.8411712646484375 
7.763815402984619 
7.484920501708984 
6.488489151000977 
5.481363773345947 
5.891855239868164 
7.345383644104004 
7.412992000579834 
5.908549785614014 
6.198409557342529 
8.16541576385498 
5.901980876922607 
7.2163405418396 
4.942113399505615 
6.409074306488037 
6.759708404541016 
8.097251892089844 
6.445366859436035 
4.910773277282715 
6.599301338195801 
5.79473352432251 
6.520846366882324 
6.001748085021973 
5.7421555519104 
9.639344215393066 
5.32664680480957 
5.875890731811523 
4.758882999420166 
7.12961483001709 
6.821683406829834 
7.11700963973999 
5.09069299697876 
5.122425556182861 
6.666643142700195 
8.641002655029297 
6.090043544769287 
7.125080108642578 
7.205206394195557 
6.723144054412842 
7.142874240875244 
6.812000274658203 
6.582708835601807 
7.475707054138184 
9.521647453308105 
7.061943054199219 
6.548781394958496 
5.576578140258789 
6.040909290313721 
7.442784786224365 
7.11217737197876 
6.0258355140686035 
8.04889965057373 
5.300529956817627 
6.336405277252197 
6.110435485839844 
5.406970500946045 
7.090216159820557 
5.379755973815918 
6.3883233070373535 
5.18225622177124 
5.902134895324707 
7.046518325805664 
7.015653610229492 
5.7407941818237305 
6.140514373779297 
6.05678129196167 
5.969142913818359 
6.567721843719482 
5.451646327972412 
7.583802700042725 
5.221555709838867 
6.152581214904785 
5.02653694152832 
6.206204891204834 
5.361882209777832 
6.473381519317627 
6.493512153625488 
6.350335121154785 
7.571063995361328 
7.093750953674316 
5.402751445770264 
5.434792995452881 
5.572678565979004 
6.011594772338867 
5.660486221313477 
7.184807300567627 
7.900401592254639 
4.597141265869141 
6.0000786781311035 
5.353367328643799 
6.912631988525391 
6.770508289337158 
8.490062713623047 
5.050271034240723 
7.0470805168151855 
6.1923828125 
6.08771276473999 
6.264626979827881 
5.4566650390625 
6.625687122344971 
7.682009696960449 
6.437062740325928 
6.341299533843994 
5.702084064483643 
4.899331569671631 
7.401411056518555 
8.612388610839844 
6.702686309814453 
5.133346080780029 
5.5733723640441895 
7.359848499298096 
5.898763656616211 
6.135279655456543 
8.612845420837402 
6.240725994110107 
5.619097709655762 
5.939036846160889 
5.655099868774414 
9.893489837646484 
6.025935173034668 
7.6126909255981445 
5.4818501472473145 
6.35732889175415 
6.170443534851074 
6.3203630447387695 
6.447165012359619 
6.4622087478637695 
6.438940525054932 
6.624648094177246 
5.600811004638672 
6.242082118988037 
5.704327583312988 
6.770418167114258 
7.584781169891357 
6.090146541595459 
7.973536968231201 
6.639566898345947 
9.49530029296875 
5.417975425720215 
6.098724365234375 
8.14738655090332 
8.607148170471191 
6.1656694412231445 
7.914975166320801 
6.863742828369141 
6.412205219268799 
8.58573055267334 
6.746832370758057 
6.706982135772705 
6.628158092498779 
5.138325214385986 
5.304304122924805 
5.762328624725342 
5.460612773895264 
6.495052337646484 
6.318841457366943 
6.117736339569092 
5.906545162200928 
6.502958297729492 
5.985940933227539 
6.507682800292969 
8.897292137145996 
7.276768684387207 
8.027935981750488 
6.123475074768066 
8.57069206237793 
5.419923782348633 
7.369976043701172 
6.390441417694092 
6.881985187530518 
5.7556867599487305 
7.46724271774292 
9.32259464263916 
7.26833438873291 
6.010400295257568 
6.9092793464660645 
4.488747596740723 
7.7094340324401855 
7.503904342651367 
6.734857082366943 
6.744840621948242 
5.049541473388672 
5.654594421386719 
7.260923862457275 
10.08780288696289 
6.479318618774414 
4.980334758758545 
5.405184745788574 
5.390265464782715 
7.361597061157227 
6.333611488342285 
7.571275234222412 
4.858449459075928 
5.224111080169678 
6.086232662200928 
5.887813568115234 
8.087181091308594 
7.159535884857178 
9.133992195129395 
5.162824630737305 
6.444854736328125 
5.401273727416992 
7.520073890686035 
6.923776626586914 
5.664625644683838 
5.783693313598633 
5.148826599121094 
5.588669300079346 
5.202845573425293 
6.116947174072266 
5.448171615600586 
6.2736005783081055 
6.201446056365967 
6.007803440093994 
6.505712509155273 
8.13034439086914 
7.583384990692139 
8.166104316711426 
7.316477298736572 
8.955070495605469 
6.141644477844238 
6.185502529144287 
6.292307376861572 
5.681676387786865 
5.997547626495361 
5.420626640319824 
7.418871879577637 
6.349498748779297 
6.628637313842773 
7.096165657043457 
6.697796821594238 
6.50512170791626 
6.065231800079346 
6.195310115814209 
7.045290470123291 
8.01979923248291 
6.176872253417969 
5.876931667327881 
5.468514442443848 
6.580344200134277 
5.363391399383545 
5.892630577087402 
9.29718017578125 
5.702043533325195 
5.749999523162842 
6.206362247467041 
5.9678544998168945 
6.528833389282227 
9.587912559509277 
6.437987804412842 
6.112759590148926 
8.500588417053223 
7.218693256378174 
5.675813674926758 
6.208733558654785 
8.855688095092773 
8.262333869934082 
6.386289596557617 
5.712856292724609 
5.320062160491943 
5.255298137664795 
6.410452365875244 
5.777548789978027 
8.512248039245605 
6.679714679718018 
6.554638862609863 
5.724228382110596 
6.06858491897583 
6.160335540771484 
6.243620872497559 
6.4639811515808105 
7.7841644287109375 
5.8415913581848145 
5.6817545890808105 
6.773120880126953 
4.9791669845581055 
5.355953693389893 
6.5805888175964355 
7.289539813995361 
7.058587551116943 
6.879128456115723 
7.085907459259033 
7.498917102813721 
9.402111053466797 
9.374966621398926 
6.049633026123047 
6.782379627227783 
7.85860013961792 
6.291694641113281 
6.1865458488464355 
7.031610012054443 
7.531068325042725 
5.915157794952393 
5.705949306488037 
7.132835865020752 
5.435419082641602 
7.088531970977783 
7.697963714599609 
7.261984825134277 
6.099676132202148 
6.392981052398682 
5.153332710266113 
6.089476585388184 
5.571882247924805 
5.110458850860596 
7.440489292144775 
6.539484977722168 
9.199092864990234 
4.603760719299316 
7.157924652099609 
6.729893207550049 
5.97636604309082 
5.223806858062744 
6.5965046882629395 
4.787673473358154 
6.404297351837158 
4.817041873931885 
6.464972972869873 
5.9465837478637695 
7.113882541656494 
6.392035007476807 
7.297082424163818 
6.506024360656738 
6.144740104675293 
5.47560977935791 
7.336989879608154 
7.486352443695068 
7.9971208572387695 
6.054997444152832 
4.997314929962158 
7.581953048706055 
9.206832885742188 
6.339353561401367 
6.431667327880859 
6.682538032531738 
6.316164016723633 
5.706374645233154 
8.651843070983887 
10.605616569519043 
6.705471038818359 
7.2083353996276855 
6.135043621063232 
6.389278411865234 
5.725724220275879 
6.499397277832031 
8.92611312866211 
6.14455509185791 
5.144580841064453 
6.434219837188721 
6.881404876708984 
6.999814987182617 
5.410767555236816 
5.984144687652588 
5.956628799438477 
6.44022798538208 
7.416045188903809 
8.092455863952637 
5.944868087768555 
6.237999439239502 
6.570004463195801 
7.425113201141357 
7.55898380279541 
6.750948429107666 
6.149205684661865 
7.0775556564331055 
6.419909477233887 
5.927396774291992 
5.944425106048584 
7.226227760314941 
5.240041732788086 
5.609654426574707 
5.636531829833984 
9.440265655517578 
6.220977306365967 
8.493746757507324 
5.935533046722412 
6.278846263885498 
5.41033935546875 
5.838799953460693 
7.393550395965576 
6.277280330657959 
8.086671829223633 
8.151819229125977 
5.764792442321777 
8.265746116638184 
6.171391010284424 
8.7084321975708 
6.114467620849609 
6.187337398529053 
8.634774208068848 
5.220821380615234 
6.34281063079834 
9.289146423339844 
7.6752777099609375 
5.389673709869385 
5.356745719909668 
5.043360710144043 
5.806967735290527 
6.946062088012695 
6.368638038635254 
9.200860023498535 
8.74373722076416 
6.107240200042725 
6.205512046813965 
7.6806511878967285 
4.798768520355225 
5.681460857391357 
9.28349494934082 
6.150547027587891 
5.826263427734375 
5.729323387145996 
7.021551132202148 
8.50232982635498 
9.292038917541504 
6.077089786529541 
5.804981231689453 
6.5268988609313965 
5.256120681762695 
6.5975518226623535 
9.455354690551758 
6.756062984466553 
4.7887349128723145 
6.42410135269165 
6.403866767883301 
6.373894691467285 
6.228309631347656 
5.135873794555664 
7.1265106201171875 
5.193582534790039 
6.604883193969727 
7.50499153137207 
9.342101097106934 
6.435110569000244 
6.721983909606934 
6.326333045959473 
5.8834228515625 
6.2391228675842285 
8.582132339477539 
5.659358978271484 
6.918822765350342 
5.477649211883545 
7.140423774719238 
5.636932373046875 
4.952809810638428 
6.970968246459961 
5.326501369476318 
6.323460102081299 
6.139492511749268 
5.031352996826172 
6.650027275085449 
6.663980484008789 
6.780222415924072 
7.097592830657959 
7.968474864959717 
5.624444961547852 
7.319744110107422 
6.283596038818359 
5.494889259338379 
6.309417724609375 
7.327545166015625 
6.755294322967529 
5.58342170715332 
5.772659778594971 
6.582765579223633 
6.037976264953613 
7.096880912780762 
5.826790809631348 
7.349248886108398 
7.095855712890625 
5.673731803894043 
7.536933898925781 
5.551609992980957 
4.970837593078613 
7.149431228637695 
6.063633441925049 
5.587917804718018 
5.5662102699279785 
5.332880020141602 
6.559103012084961 
6.316858768463135 
5.778045654296875 
5.452384948730469 
5.537251949310303 
5.096752643585205 
5.118127346038818 
6.503900051116943 
7.312814712524414 
5.857725620269775 
5.132632732391357 
7.810885906219482 
7.05035924911499 
8.139981269836426 
6.124831199645996 
4.9726691246032715 
7.5204176902771 
6.6090312004089355 
6.102813243865967 
7.005970001220703 
6.402676105499268 
7.455313205718994 
5.899597644805908 
6.2113037109375 
6.364407539367676 
7.018029689788818 
6.347174167633057 
6.433356285095215 
5.639808654785156 
5.734135627746582 
8.735207557678223 
6.442983150482178 
7.436087131500244 
6.436187744140625 
4.930683135986328 
4.981506824493408 
6.652868270874023 
6.723629474639893 
7.094020366668701 
6.1225905418396 
5.749803066253662 
6.3976521492004395 
5.152646541595459 
9.238639831542969 
5.42498779296875 
6.327354431152344 
5.598702907562256 
7.04849910736084 
7.00631046295166 
6.182059288024902 
5.949825286865234 
6.402878284454346 
7.296177387237549 
6.767548084259033 
7.113561153411865 
7.429592132568359 
5.135622024536133 
5.512082099914551 
6.00496244430542 
5.058935642242432 
6.239658355712891 
6.9033637046813965 
6.430381774902344 
5.0729851722717285 
5.426158905029297 
5.201481819152832 
5.185586452484131 
5.914452075958252 
5.955770015716553 
7.370195388793945 
6.429938316345215 
6.187912464141846 
7.977352142333984 
8.705493927001953 
6.02412223815918 
7.411360740661621 
9.251416206359863 
5.084822177886963 
6.282793045043945 
7.3934645652771 
5.791073322296143 
6.865683078765869 
7.672827243804932 
7.915421485900879 
5.396376609802246 
6.862615585327148 
6.271045684814453 
6.081058979034424 
5.538734436035156 
6.2209343910217285 
6.408084392547607 
7.22890567779541 
6.1508307456970215 
6.214275360107422 
5.617863178253174 
5.789177894592285 
6.458690166473389 
6.225252151489258 
6.6692795753479 
7.0186543464660645 
5.262419700622559 
6.4890851974487305 
5.536036968231201 
5.389822006225586 
5.760336399078369 
7.7559590339660645 
6.394657135009766 
6.732383728027344 
7.105159282684326 
6.719149112701416 
7.416086196899414 
6.304261684417725 
6.339022636413574 
5.992217063903809 
4.761590480804443 
6.073436737060547 
6.016322612762451 
7.426932334899902 
5.029024600982666 
5.912347793579102 
6.123329162597656 
8.137086868286133 
6.713837623596191 
6.899482727050781 
4.904616355895996 
7.111109256744385 
5.5068864822387695 
6.3156514167785645 
7.40272331237793 
9.092676162719727 
5.988717079162598 
5.427087783813477 
5.7465667724609375 
7.992632865905762 
6.9476141929626465 
5.678977966308594 
7.211456775665283 
5.994448184967041 
4.992337703704834 
6.713452339172363 
7.999197483062744 
7.037692546844482 
5.177560329437256 
7.202900409698486 
6.067739963531494 
7.558091640472412 
6.545018196105957 
8.114912033081055 
5.8521904945373535 
8.426815032958984 
6.13253927230835 
8.328574180603027 
8.723605155944824 
5.918607711791992 
8.34704303741455 
6.627751350402832 
8.269721984863281 
4.786843776702881 
5.384968280792236 
4.721294403076172 
5.606557846069336 
5.414820194244385 
7.237179279327393 
6.64855432510376 
5.622898101806641 
5.874869346618652 
5.986256122589111 
5.406706809997559 
7.213545799255371 
5.621127128601074 
8.261039733886719 
5.647157192230225 
9.124736785888672 
6.176122665405273 
7.5225019454956055 
6.35536527633667 
5.014730930328369 
7.728636741638184 
5.808143138885498 
4.9734039306640625 
6.794870376586914 
7.5245490074157715 
5.036897659301758 
5.788344383239746 
5.354736804962158 
5.550717353820801 
6.055609703063965 
7.875943183898926 
5.370822906494141 
7.760797500610352 
6.272415637969971 
8.879278182983398 
6.369612216949463 
6.696107387542725 
5.901425361633301 
8.082517623901367 
5.494437217712402 
7.506249904632568 
6.375190734863281 
8.058588027954102 
6.39985990524292 
7.540040969848633 
6.4755988121032715 
6.635219097137451 
5.3419623374938965 
8.139117240905762 
6.951233386993408 
6.223118305206299 
6.266611099243164 
5.515998363494873 
6.789592742919922 
6.495182991027832 
5.798121452331543 
6.991975784301758 
4.8821282386779785 
5.512678623199463 
5.040402412414551 
5.064760208129883 
5.857256889343262 
5.9676666259765625 
5.831724166870117 
5.66596794128418 
5.237226963043213 
5.737810134887695 
5.349537372589111 
7.0791544914245605 
6.997161865234375 
7.6297197341918945 
7.082071781158447 
5.920281887054443 
6.372323989868164 
7.8745808601379395 
5.9215288162231445 
6.047990322113037 
6.111185073852539 
6.382629871368408 
5.76199197769165 
5.850865364074707 
5.7673659324646 
7.385389804840088 
6.973962783813477 
5.487662315368652 
5.159560680389404 
5.056183338165283 
6.24213171005249 
6.984294891357422 
7.589068412780762 
5.717375755310059 
5.6991729736328125 
6.056353569030762 
4.886496067047119 
5.32719087600708 
6.895954132080078 
5.927128314971924 
7.576224327087402 
6.827127456665039 
6.041744709014893 
6.524248123168945 
7.199977874755859 
8.177572250366211 
6.248784065246582 
7.647958755493164 
7.765440464019775 
7.280486583709717 
5.764781475067139 
7.928128719329834 
5.720805644989014 
5.487387657165527 
5.046562671661377 
7.610745429992676 
4.915960788726807 
6.372903823852539 
6.037974834442139 
6.155139446258545 
6.563286781311035 
5.740834712982178 
6.108302116394043 
7.2148871421813965 
5.632863521575928 
5.529901504516602 
6.105410099029541 
5.835623264312744 
7.9733662605285645 
6.559281826019287 
5.437598705291748 
6.373873710632324 
6.10319185256958 
6.14003324508667 
5.7076616287231445 
9.257139205932617 
6.832795143127441 
8.692838668823242 
6.431540489196777 
6.729959011077881 
7.097155570983887 
7.346076011657715 
6.051519393920898 
6.113699913024902 
5.0973005294799805 
6.028409004211426 
7.480119228363037 
6.809570789337158 
5.9959940910339355 
6.664993762969971 
6.238722324371338 
7.397079944610596 
7.536850452423096 
6.815743923187256 
7.297931671142578 
6.336977958679199 
7.421692848205566 
7.4556779861450195 
6.976224899291992 
5.484176158905029 
7.770020484924316 
5.64759635925293 
5.757963180541992 
6.26647424697876 
5.161215782165527 
5.955203533172607 
4.521073341369629 
4.398904323577881 
5.554499626159668 
8.415705680847168 
6.432503700256348 
6.149114608764648 
5.970949649810791 
7.681995391845703 
6.6065673828125 
5.693566799163818 
6.015472888946533 
6.053304672241211 
5.862731456756592 
5.692381858825684 
6.673565864562988 
7.267650127410889 
7.500036239624023 
5.563523292541504 
6.266416549682617 
6.319836616516113 
8.98493480682373 
5.830363750457764 
6.2272748947143555 
5.786360263824463 
8.894439697265625 
6.7183332443237305 
6.418906211853027 
7.191246032714844 
8.0103120803833 
5.996318817138672 
7.649418354034424 
6.238261699676514 
7.811986923217773 
5.352421283721924 
6.35944128036499 
7.266713619232178 
6.101291656494141 
6.237766742706299 
6.087243556976318 
5.746288776397705 
5.612554550170898 
6.368628978729248 
5.541545867919922 
8.335975646972656 
6.943336486816406 
7.909224033355713 
5.899702072143555 
7.495701313018799 
6.168406009674072 
6.6174116134643555 
5.816213607788086 
5.5911545753479 
6.257044792175293 
8.067272186279297 
7.665752410888672 
4.974355220794678 
6.27370548248291 
9.719010353088379 
5.732828617095947 
6.884556770324707 
5.511953830718994 
5.086147308349609 
5.7152581214904785 
5.530057430267334 
6.962316036224365 
5.865937232971191 
5.7069292068481445 
4.346154689788818 
5.572155952453613 
6.848150730133057 
8.069244384765625 
5.9689412117004395 
5.851121425628662 
5.092050075531006 
6.58688497543335 
5.951472759246826 
7.0291266441345215 
6.34706449508667 
6.335243225097656 
5.872669219970703 
6.87591028213501 
7.7185845375061035 
5.004598617553711 
6.304997444152832 
5.959425449371338 
6.198760509490967 
6.113031387329102 
8.836878776550293 
5.837314128875732 
6.636641502380371 
5.77026891708374 
4.8011345863342285 
5.737840175628662 
8.282578468322754 
5.787362098693848 
5.9400634765625 
5.720172882080078 
6.714994430541992 
5.377614974975586 
5.735531330108643 
6.105579853057861 
6.242117404937744 
6.5978803634643555 
6.360902786254883 
6.135490417480469 
8.005575180053711 
4.890398979187012 
7.0671772956848145 
7.974305152893066 
6.304595470428467 
6.702938079833984 
6.266386032104492 
6.280808448791504 
5.877966403961182 
5.949624061584473 
7.181415557861328 
6.10684871673584 
9.225323677062988 
5.78311014175415 
8.003005981445312 
6.621340274810791 
8.782794952392578 
5.8251237869262695 
6.345961093902588 
6.086737155914307 
6.261180400848389 
7.8648786544799805 
7.2932891845703125 
6.6786088943481445 
6.936073303222656 
6.231638431549072 
7.8361992835998535 
6.5600128173828125 
6.878533363342285 
5.826267242431641 
5.205624580383301 
4.90649938583374 
5.6744160652160645 
5.347471237182617 
7.23408317565918 
5.01362419128418 
4.632397651672363 
6.1618876457214355 
5.500254154205322 
5.979100704193115 
8.445659637451172 
5.67906379699707 
6.239567756652832 
8.851698875427246 
5.894726753234863 
6.565649032592773 
5.5382466316223145 
5.798280715942383 
5.023764610290527 
6.536937713623047 
6.988764762878418 
6.221207141876221 
6.62014102935791 
4.535198211669922 
5.882338047027588 
8.105870246887207 
8.736751556396484 
7.0104804039001465 
8.046592712402344 
5.640494346618652 
8.33110523223877 
6.641209602355957 
9.463533401489258 
5.221305847167969 
5.111075401306152 
8.041278839111328 
6.540498733520508 
5.153425216674805 
7.242987632751465 
5.534116744995117 
5.1693854331970215 
6.291316986083984 
6.625529766082764 
6.119900226593018 
5.360518455505371 
6.572591781616211 
6.709422588348389 
6.165102958679199 
5.164923191070557 
6.35177755355835 
6.7419281005859375 
8.11638355255127 
8.13899040222168 
7.3786163330078125 
5.808372974395752 
8.459242820739746 
6.602409839630127 
5.97136926651001 
6.830111026763916 
5.0676984786987305 
6.074619770050049 
7.067168712615967 
6.503452777862549 
5.619866371154785 
5.072333335876465 
5.607779502868652 
8.085755348205566 
5.926020622253418 
5.4244561195373535 
6.466754913330078 
5.580840110778809 
5.496469497680664 
6.785747528076172 
8.928363800048828 
6.104964733123779 
6.558600902557373 
7.432631492614746 
5.443446159362793 
7.430824279785156 
5.585461616516113 
6.408466815948486 
8.006306648254395 
5.118683815002441 
7.184096336364746 
7.184840679168701 
5.28542947769165 
8.414371490478516 
7.827597141265869 
8.648682594299316 
6.908890724182129 
6.586519718170166 
5.411496162414551 
8.144349098205566 
5.818485736846924 
6.2409186363220215 
8.109846115112305 
6.531790733337402 
6.5981035232543945 
6.354481220245361 
7.367730617523193 
4.978968143463135 
5.532299518585205 
4.9213080406188965 
5.954415321350098 
7.369434356689453 
7.6478071212768555 
7.304842472076416 
5.334921836853027 
5.540281295776367 
9.001054763793945 
7.139240264892578 
6.0853705406188965 
4.43889045715332 
6.400885581970215 
7.297154903411865 
6.628803730010986 
6.501440525054932 
7.275275707244873 
6.337714672088623 
5.847504615783691 
8.032217979431152 
5.751657962799072 
6.017159938812256 
5.930978298187256 
6.175393104553223 
5.735515117645264 
6.33509635925293 
5.138984680175781 
5.296658515930176 
7.508747100830078 
5.204380035400391 
7.489377975463867 
7.182819366455078 
5.930597305297852 
7.0985426902771 
7.201114177703857 
6.394178867340088 
6.006927013397217 
8.467950820922852 
5.301331520080566 
4.712255001068115 
5.166057586669922 
9.174975395202637 
6.082037925720215 
6.029484272003174 
6.884415149688721 
7.943347454071045 
5.859708309173584 
7.32720422744751 
4.723133563995361 
6.9300384521484375 
6.5243425369262695 
5.927849292755127 
7.8145551681518555 
6.188174247741699 
5.740895748138428 
9.767989158630371 
5.034091472625732 
7.837238788604736 
5.054945945739746 
5.090812683105469 
6.064941883087158 
8.577836990356445 
7.429657459259033 
5.9088335037231445 
5.297445297241211 
7.724616527557373 
7.941304683685303 
5.699094295501709 
7.893034934997559 
7.987959384918213 
7.169853687286377 
5.344120025634766 
5.764456272125244 
5.523626804351807 
5.983814716339111 
5.0489020347595215 
6.334604263305664 
7.996037483215332 
6.249217510223389 
5.50333309173584 
5.124824523925781 
4.818333148956299 
6.339988708496094 
7.7809882164001465 
5.5008673667907715 
5.922737121582031 
6.5511393547058105 
6.735229015350342 
7.086524963378906 
4.57172155380249 
6.488284587860107 
7.585331439971924 
9.766214370727539 
8.000457763671875 
5.475158214569092 
7.713739395141602 
5.295479774475098 
7.176362037658691 
5.619067192077637 
4.953926086425781 
6.912722110748291 
5.918664932250977 
7.896340370178223 
8.15273666381836 
7.198758125305176 
9.596115112304688 
5.025841236114502 
5.212872505187988 
6.580200672149658 
7.968873023986816 
8.688824653625488 
5.566106796264648 
8.952410697937012 
6.295681476593018 
6.326380729675293 
6.6961989402771 
7.100797653198242 
6.580485820770264 
6.077628135681152 
4.673950672149658 
6.101213455200195 
5.698760032653809 
7.418411731719971 
5.240360260009766 
7.175509452819824 
6.293757438659668 
7.864049434661865 
6.051661968231201 
6.847401142120361 
5.926180362701416 
5.930608749389648 
5.165799617767334 
6.329968452453613 
6.360536098480225 
5.69918966293335 
6.180312156677246 
8.212815284729004 
6.115364074707031 
5.813948154449463 
8.07802963256836 
8.157181739807129 
7.189659118652344 
7.0230889320373535 
8.502612113952637 
5.0735697746276855 
7.456055641174316 
7.601600646972656 
5.450977802276611 
5.428845405578613 
4.865204334259033 
5.563412189483643 
6.404013156890869 
7.581581115722656 
7.72076940536499 
5.596324443817139 
7.501034259796143 
7.54175329208374 
9.014150619506836 
6.245275497436523 
5.969785213470459 
5.438435077667236 
6.68652868270874 
6.422194957733154 
6.567387104034424 
7.972527027130127 
5.831513404846191 
4.963294506072998 
7.698153972625732 
6.296588897705078 
6.821659088134766 
4.892602920532227 
8.62360954284668 
7.357758522033691 
7.482471942901611 
7.7275590896606445 
6.1863322257995605 
7.767630577087402 
7.381796360015869 
6.555383682250977 
6.714571475982666 
7.116086483001709 
5.522205829620361 
7.26835823059082 
6.337386131286621 
5.846912860870361 
6.039819240570068 
6.7280426025390625 
5.374353408813477 
5.888561248779297 
5.740206718444824 
5.383859634399414 
8.11520004272461 
6.011734962463379 
8.209675788879395 
5.535449504852295 
7.963081359863281 
6.894316673278809 
6.7009077072143555 
6.537665843963623 
7.632251262664795 
5.494771480560303 
8.094317436218262 
7.142914295196533 
6.147951126098633 
5.92989444732666 
6.2171244621276855 
6.411327838897705 
7.851868629455566 
5.709715366363525 
6.224888324737549 
8.312165260314941 
6.668837547302246 
6.840816497802734 
6.1015777587890625 
5.946189880371094 
5.427846431732178 
7.744248390197754 
6.761731147766113 
8.812305450439453 
5.155715465545654 
5.8359880447387695 
5.4667253494262695 
7.381534099578857 
6.736002445220947 
9.207709312438965 
6.17834997177124 
7.296865463256836 
7.699795246124268 
8.552264213562012 
7.876913547515869 
6.769744873046875 
6.983912944793701 
7.9805426597595215 
6.216283321380615 
8.667067527770996 
6.678897380828857 
4.72341775894165 
8.711585998535156 
6.796278953552246 
7.879205703735352 
5.856091499328613 
5.888803482055664 
5.590607166290283 
7.801328659057617 
5.289959907531738 
5.21152925491333 
6.503173828125 
7.266331672668457 
5.784202575683594 
5.818050384521484 
6.575863361358643 
5.975375652313232 
5.413435935974121 
6.445933818817139 
5.1779913902282715 
6.114150047302246 
4.904448509216309 
6.981212139129639 
5.029028415679932 
5.733233451843262 
5.180232048034668 
5.460024356842041 
6.243661880493164 
8.174432754516602 
7.595160484313965 
7.209487438201904 
5.866436958312988 
7.502571105957031 
6.170405864715576 
6.859394550323486 
5.600767612457275 
7.243870735168457 
6.842321395874023 
8.573060035705566 
6.081713676452637 
5.718898296356201 
6.463776588439941 
7.625811576843262 
5.8635382652282715 
6.109518527984619 
4.822001934051514 
5.821062088012695 
7.7950921058654785 
5.169559478759766 
7.095613479614258 
6.308135032653809 
6.465126991271973 
9.13072395324707 
6.555812358856201 
5.680116653442383 
5.794415473937988 
4.3784050941467285 
4.367085933685303 
8.053728103637695 
5.708887100219727 
8.177165985107422 
7.428853511810303 
5.2924580574035645 
8.996670722961426 
5.693235397338867 
7.4080119132995605 
4.78132438659668 
7.874854564666748 
4.7502121925354 
6.048964023590088 
4.809394359588623 
5.266122817993164 
5.616676330566406 
5.482793807983398 
7.615173816680908 
6.003273010253906 
6.454862117767334 
7.761605739593506 
6.71040678024292 
6.212160110473633 
6.8004913330078125 
6.392288684844971 
8.098194122314453 
6.658315181732178 
5.058776378631592 
9.56974983215332 
6.069363117218018 
5.090141773223877 
6.528090000152588 
5.2166666984558105 
4.987369060516357 
5.273046493530273 
8.384459495544434 
4.866872310638428 
6.289356231689453 
6.039134502410889 
5.21444034576416 
6.136295318603516 
7.900964736938477 
6.673081398010254 
9.336159706115723 
5.824337959289551 
5.942676544189453 
6.813722610473633 
5.5145368576049805 
5.901329040527344 
7.826210975646973 
5.204223155975342 
6.055939197540283 
6.497145175933838 
7.12469482421875 
6.713649749755859 
5.2703328132629395 
6.257076263427734 
7.451203346252441 
8.56523323059082 
5.905921459197998 
5.646045684814453 
5.553367614746094 
7.072746753692627 
7.097638130187988 
6.0681538581848145 
7.1331787109375 
6.093026638031006 
6.268091201782227 
5.974546909332275 
8.419779777526855 
5.726013660430908 
6.680460453033447 
7.388907432556152 
8.453054428100586 
6.4990715980529785 
6.428210735321045 
4.884130001068115 
8.002708435058594 
6.5050530433654785 
7.733031272888184 
4.8850226402282715 
6.338323593139648 
6.244746208190918 
5.865608215332031 
7.981500625610352 
5.783510208129883 
8.004485130310059 
6.063895225524902 
5.002002716064453 
6.006217956542969 
7.8763604164123535 
6.006251811981201 
8.276337623596191 
5.273112773895264 
6.200744152069092 
6.097708702087402 
9.143242835998535 
6.464127540588379 
8.086280822753906 
5.960987567901611 
6.13222599029541 
5.529538631439209 
5.3900885581970215 
6.5811285972595215 
7.371105670928955 
7.134804725646973 
7.533330917358398 
5.469449520111084 
5.287059307098389 
6.351238250732422 
6.454211711883545 
5.129609107971191 
7.022955894470215 
5.682653427124023 
6.039373397827148 
4.563332557678223 
5.498103618621826 
7.502863883972168 
5.505011558532715 
5.245215892791748 
4.169909477233887 
10.536117553710938 
5.768581390380859 
7.044712066650391 
6.3194169998168945 
5.745828151702881 
5.171583652496338 
5.971032619476318 
6.973960876464844 
5.500154972076416 
6.315306663513184 
5.023181915283203 
5.497345447540283 
6.646750450134277 
6.1819915771484375 
5.952366352081299 
7.580276012420654 
5.632700443267822 
5.933038711547852 
5.98721981048584 
6.673357009887695 
6.658675670623779 
5.432417869567871 
5.972914218902588 
6.116490840911865 
9.564136505126953 
5.073643684387207 
5.0949907302856445 
6.806868076324463 
6.845148086547852 
7.9883551597595215 
6.0966949462890625 
5.775298595428467 
6.436707973480225 
5.165330410003662 
5.7671895027160645 
7.413950443267822 
5.371645927429199 
4.770874977111816 
7.269278526306152 
7.407851696014404 
9.345559120178223 
6.229995250701904 
7.6689252853393555 
6.727036952972412 
9.115606307983398 
4.958315372467041 
6.843006610870361 
7.09323787689209 
8.395792961120605 
6.405704498291016 
7.271417140960693 
7.179853916168213 
5.433591842651367 
5.7096052169799805 
6.148074626922607 
7.421946048736572 
6.771620750427246 
8.323151588439941 
5.717767238616943 
6.649205684661865 
6.2569661140441895 
5.813684463500977 
5.582467555999756 
6.105739593505859 
5.242486953735352 
5.546125411987305 
7.803810119628906 
6.798315525054932 
7.7213239669799805 
4.564472198486328 
5.703985691070557 
6.803404808044434 
4.9968132972717285 
5.003427505493164 
4.753931522369385 
6.238491058349609 
6.856489658355713 
11.506996154785156 
5.025549411773682 
6.137048244476318 
5.533148765563965 
6.560206413269043 
7.9243974685668945 
5.612863063812256 
8.185937881469727 
5.3332839012146 
6.489912509918213 
5.548276424407959 
6.398157119750977 
6.266853332519531 
8.28404712677002 
5.344784259796143 
6.195439338684082 
6.390820026397705 
7.323624610900879 
6.494043827056885 
6.426301956176758 
5.563380718231201 
7.532972812652588 
6.915247917175293 
7.232048988342285 
5.5794677734375 
8.52177619934082 
8.759411811828613 
5.683923721313477 
5.38087797164917 
6.807820796966553 
5.389290809631348 
8.497727394104004 
8.096385955810547 
6.144235134124756 
5.825589179992676 
6.733291149139404 
5.701024532318115 
7.19549036026001 
6.026768207550049 
6.030340671539307 
5.525008678436279 
6.035224437713623 
8.176919937133789 
5.006430149078369 
4.922030448913574 
5.131785869598389 
5.543501853942871 
8.158234596252441 
6.67167329788208 
7.2445478439331055 
5.922055721282959 
5.065170764923096 
6.274710178375244 
5.445570945739746 
5.644197940826416 
6.0908660888671875 
7.730469703674316 
6.2241902351379395 
6.556243419647217 
6.263952255249023 
5.358230113983154 
4.774608135223389 
7.769992828369141 
6.1916913986206055 
7.0072221755981445 
5.791170597076416 
6.513545036315918 
5.451925754547119 
5.60123872756958 
6.160845756530762 
5.949618816375732 
6.3303914070129395 
7.04998254776001 
7.877106189727783 
5.008789539337158 
6.108710765838623 
8.057354927062988 
9.289539337158203 
7.21422004699707 
6.036992073059082 
6.0919342041015625 
5.9932990074157715 
5.0343756675720215 
6.119822025299072 
5.467866897583008 
5.823905944824219 
6.66295051574707 
6.52240514755249 
7.639108180999756 
5.227083683013916 
5.94597864151001 
6.374537944793701 
7.905458927154541 
6.376748561859131 
5.735743522644043 
5.990949630737305 
5.555901050567627 
7.358796119689941 
6.989178657531738 
6.719624996185303 
7.226405143737793 
5.591804504394531 
9.638751029968262 
7.9383769035339355 
5.404821872711182 
6.494682312011719 
5.067376136779785 
5.415526866912842 
5.458893299102783 
7.681882381439209 
5.6802520751953125 
5.520723342895508 
7.396757125854492 
7.272932052612305 
6.948666095733643 
4.705326557159424 
6.955767631530762 
5.635481834411621 
6.6172661781311035 
7.487138271331787 
8.50396728515625 
6.463337421417236 
6.96079683303833 
7.228279113769531 
6.961374282836914 
6.502274513244629 
5.887740135192871 
6.096621513366699 
6.0069684982299805 
5.713050842285156 
6.92618465423584 
7.0207600593566895 
8.583137512207031 
4.844893932342529 
6.185456275939941 
6.273379802703857 
6.265020370483398 
6.920692443847656 
8.483242988586426 
5.639101028442383 
7.578052043914795 
7.21407413482666 
5.182672500610352 
4.735505104064941 
5.657879829406738 
5.7448320388793945 
4.725724220275879 
8.742892265319824 
5.903707981109619 
7.858415126800537 
9.082036972045898 
7.7169189453125 
5.676887035369873 
6.003515243530273 
5.958052635192871 
5.3440704345703125 
5.033280849456787 
9.089688301086426 
5.372710227966309 
6.552663803100586 
7.255795478820801 
7.195840835571289 
5.3655104637146 
9.969924926757812 
6.333300590515137 
8.511205673217773 
4.878496170043945 
5.826554775238037 
7.072303295135498 
4.836999893188477 
9.78411865234375 
5.56606388092041 
8.25426959991455 
5.63220739364624 
5.880537033081055 
8.194611549377441 
8.033164978027344 
5.632576942443848 
8.906535148620605 
6.318615436553955 
7.5106425285339355 
6.322516441345215 
5.390333652496338 
7.577537536621094 
7.891376972198486 
6.415445804595947 
7.949414253234863 
7.708503246307373 
6.511392116546631 
6.507514476776123 
5.898380756378174 
6.405393123626709 
6.175280570983887 
8.180220603942871 
5.986542224884033 
5.897603988647461 
5.808822154998779 
6.043335914611816 
4.765111446380615 
6.663972854614258 
6.358682155609131 
5.739659786224365 
5.824809551239014 
5.91994571685791 
4.903290271759033 
7.241371154785156 
6.2154951095581055 
6.1165666580200195 
7.2077555656433105 
6.317237854003906 
6.907562255859375 
5.540794372558594 
6.885729789733887 
7.1300950050354 
5.896923065185547 
6.303373336791992 
5.510273456573486 
6.764078617095947 
5.515807151794434 
6.400118350982666 
6.266658782958984 
8.739965438842773 
6.539853572845459 
6.686319828033447 
6.253744602203369 
8.087862968444824 
5.263113021850586 
6.088454723358154 
6.0739970207214355 
5.433658599853516 
7.053040504455566 
8.010746955871582 
7.0606842041015625 
6.639570713043213 
7.181382656097412 
6.09065055847168 
4.829226016998291 
8.005110740661621 
5.610634803771973 
9.46164608001709 
7.581072807312012 
5.106149196624756 
6.308773040771484 
6.20237398147583 
5.528207778930664 
5.697913646697998 
5.656257152557373 
4.907980442047119 
8.60905933380127 
6.699727535247803 
7.32913875579834 
5.677860260009766 
6.916779518127441 
5.43873405456543 
6.155869960784912 
6.1899309158325195 
5.296392917633057 
4.8406195640563965 
7.182945728302002 
6.6226582527160645 
6.627188682556152 
4.890041828155518 
7.491144180297852 
6.88901424407959 
5.650256156921387 
6.220544338226318 
6.992437362670898 
4.940743923187256 
7.110252380371094 
7.851075172424316 
5.318534851074219 
6.093700408935547 
6.1574530601501465 
5.306081771850586 
8.074564933776855 
6.79859733581543 
7.97848653793335 
8.029786109924316 
5.605657577514648 
5.139691352844238 
5.326772689819336 
5.50567102432251 
8.6240873336792 
7.545516490936279 
5.350818634033203 
6.644498348236084 
6.674399375915527 
6.394412517547607 
6.137270450592041 
7.774351119995117 
4.9415693283081055 
6.890775203704834 
5.70620584487915 
6.223713397979736 
6.4287333488464355 
6.104197025299072 
6.448600769042969 
4.869338035583496 
6.258284568786621 
6.985627174377441 
4.681047439575195 
7.630795955657959 
5.081526279449463 
6.253353118896484 
8.7631254196167 
5.845416069030762 
5.947707176208496 
5.42130708694458 
5.03068733215332 
6.163333892822266 
8.869916915893555 
6.6152801513671875 
6.89192008972168 
6.712499141693115 
6.710781574249268 
7.219892501831055 
5.730361461639404 
5.793622970581055 
6.255549907684326 
5.316781997680664 
6.964581489562988 
5.296444892883301 
7.672976970672607 
6.332342147827148 
7.421058177947998 
6.641104221343994 
6.9642157554626465 
6.029844760894775 
6.99254035949707 
6.213778495788574 
8.080513954162598 
5.151703357696533 
6.374170303344727 
5.657959938049316 
5.709687232971191 
7.269497394561768 
5.822528839111328 
5.15389347076416 
5.842189311981201 
5.861032485961914 
5.93991756439209 
5.9183430671691895 
4.672204494476318 
8.332454681396484 
6.778108596801758 
4.598047256469727 
5.71168327331543 
6.254423141479492 
5.099145889282227 
5.7823615074157715 
5.602711200714111 
5.759334087371826 
6.9913787841796875 
5.843251705169678 
5.6405558586120605 
8.480047225952148 
5.83344841003418 
5.759030342102051 
6.894012451171875 
6.290654182434082 
6.085478782653809 
4.560787200927734 
8.197876930236816 
6.683930397033691 
7.738546371459961 
5.6323933601379395 
7.83075475692749 
5.888992786407471 
5.714645862579346 
6.639188289642334 
7.656856060028076 
5.63947057723999 
8.91399097442627 
6.739760875701904 
5.724682331085205 
5.895124435424805 
6.090819835662842 
6.021539688110352 
10.77881145477295 
9.439263343811035 
5.1475934982299805 
5.573206424713135 
6.093907833099365 
8.024789810180664 
6.5850701332092285 
6.045444965362549 
8.261960983276367 
7.0343146324157715 
5.73287296295166 
7.254671096801758 
6.206025123596191 
5.7659454345703125 
6.316333293914795 
5.134604454040527 
7.168240070343018 
6.29552698135376 
7.7870283126831055 
7.101655960083008 
9.159994125366211 
7.029951095581055 
5.241276741027832 
6.82767915725708 
7.884154319763184 
7.805619239807129 
6.446609973907471 
4.937224864959717 
8.224343299865723 
6.297857761383057 
7.580339431762695 
7.7493367195129395 
