6.157884120941162 
8.535224914550781 
7.411601543426514 
6.398972511291504 
6.526603698730469 
8.605749130249023 
5.671453952789307 
5.865214824676514 
6.087419509887695 
7.637585163116455 
7.2677388191223145 
5.3716816902160645 
6.294896602630615 
5.103860378265381 
9.72982406616211 
8.30236530303955 
9.272346496582031 
7.725069999694824 
6.3203125 
5.937728404998779 
4.751408100128174 
8.954017639160156 
7.1459879875183105 
7.581188201904297 
7.225536823272705 
6.142704010009766 
8.17081356048584 
6.022521018981934 
5.494470596313477 
6.223288536071777 
5.587522029876709 
7.858819484710693 
5.877390384674072 
6.139253616333008 
8.926660537719727 
7.186708450317383 
6.847843647003174 
9.048124313354492 
6.755816459655762 
7.402997016906738 
6.603087902069092 
7.230457305908203 
7.9903435707092285 
6.001932144165039 
7.336601257324219 
6.993953704833984 
7.463244438171387 
5.893723011016846 
6.330800533294678 
6.444516658782959 
5.7611846923828125 
7.072218418121338 
5.539679050445557 
6.539805889129639 
6.428152561187744 
8.210000991821289 
6.893013954162598 
7.358817100524902 
7.370396137237549 
7.61168098449707 
7.258340835571289 
6.289802551269531 
6.5595221519470215 
7.905275821685791 
5.974316596984863 
5.528870105743408 
7.25515604019165 
6.502878665924072 
5.691751003265381 
6.243370532989502 
5.346010684967041 
7.845929145812988 
7.963104724884033 
8.097450256347656 
7.484241962432861 
7.426562786102295 
8.324493408203125 
8.18150806427002 
6.329640865325928 
8.909550666809082 
6.188442230224609 
6.238412380218506 
5.438018321990967 
7.204806804656982 
9.17317008972168 
7.462892532348633 
6.960673809051514 
7.955993175506592 
6.569476127624512 
7.3819661140441895 
8.527359962463379 
6.210693836212158 
7.6193060874938965 
7.630640029907227 
5.232215404510498 
8.307903289794922 
8.67531967163086 
5.865710258483887 
7.5410871505737305 
6.699474811553955 
6.535363674163818 
6.5848212242126465 
6.233916759490967 
5.812747478485107 
6.8853440284729 
5.890052795410156 
5.618217945098877 
7.928802490234375 
8.018531799316406 
8.70850658416748 
6.143215179443359 
6.337634086608887 
8.498868942260742 
7.324157238006592 
6.933313846588135 
7.617599010467529 
6.216792583465576 
7.597555637359619 
7.019469738006592 
7.181172847747803 
7.4472975730896 
6.28450345993042 
6.450484752655029 
5.940537929534912 
6.935859680175781 
7.30837869644165 
7.489388465881348 
6.397730827331543 
6.559459686279297 
9.18332290649414 
7.945889472961426 
7.0944061279296875 
6.327120304107666 
7.491707801818848 
7.938476085662842 
7.521636486053467 
6.49164342880249 
7.674893856048584 
6.762746810913086 
6.706401348114014 
6.665842533111572 
7.224729061126709 
5.104698657989502 
7.39240837097168 
6.866372585296631 
9.942487716674805 
5.2754645347595215 
6.193469524383545 
6.769138336181641 
6.20896577835083 
7.07323694229126 
5.5733418464660645 
9.323284149169922 
6.252974033355713 
6.714426040649414 
6.297913551330566 
6.030311107635498 
6.8152852058410645 
7.685000419616699 
7.056082725524902 
7.068365573883057 
7.709150314331055 
5.4879302978515625 
7.8182172775268555 
9.565596580505371 
6.7606658935546875 
5.580218315124512 
7.582291126251221 
6.58059024810791 
10.151611328125 
7.123891353607178 
7.177612781524658 
8.485398292541504 
5.750195026397705 
6.960815906524658 
6.4149980545043945 
6.473434925079346 
8.330390930175781 
6.591085433959961 
6.0609822273254395 
6.562933921813965 
8.023183822631836 
7.142331123352051 
6.437574863433838 
6.26072359085083 
6.380829334259033 
7.778433322906494 
6.639254570007324 
8.144413948059082 
6.580353260040283 
7.3951735496521 
5.878625392913818 
7.559574604034424 
8.354347229003906 
8.236454963684082 
7.156190395355225 
7.099946975708008 
5.939625263214111 
9.019468307495117 
7.388994216918945 
7.614955902099609 
6.544681072235107 
6.24756383895874 
11.489082336425781 
6.699469089508057 
9.086700439453125 
6.138681888580322 
6.482105731964111 
6.34243631362915 
6.970457553863525 
9.959517478942871 
6.603667736053467 
6.387053966522217 
6.581054210662842 
6.238495826721191 
7.35047721862793 
8.42345142364502 
7.24099063873291 
6.394612789154053 
6.518007755279541 
6.114014148712158 
9.77192211151123 
6.561131000518799 
8.243753433227539 
5.885143756866455 
6.3794474601745605 
6.336144924163818 
6.243429660797119 
6.527315139770508 
5.567968845367432 
6.663963794708252 
5.810765743255615 
6.237771511077881 
6.273671627044678 
7.326612949371338 
7.989042282104492 
7.408252239227295 
6.0287981033325195 
7.347010612487793 
6.16563606262207 
5.891472339630127 
6.851417541503906 
7.24490213394165 
6.1016130447387695 
7.298569202423096 
9.029674530029297 
6.497687339782715 
5.516775131225586 
8.360072135925293 
7.454327583312988 
7.66817045211792 
8.551219940185547 
9.274957656860352 
7.143387317657471 
7.4293413162231445 
6.1332244873046875 
6.71552038192749 
6.811549663543701 
6.857728481292725 
5.972958564758301 
6.689573287963867 
6.575241565704346 
6.523317337036133 
6.995852947235107 
6.4576416015625 
5.5645318031311035 
7.279443264007568 
7.114673614501953 
5.087801933288574 
7.189035415649414 
7.405605316162109 
6.568489074707031 
8.020509719848633 
6.278977394104004 
7.87772798538208 
6.910301685333252 
5.4992899894714355 
5.800894260406494 
6.766841411590576 
7.759597301483154 
6.092432022094727 
6.228950023651123 
5.630798816680908 
5.99073600769043 
5.967711448669434 
6.262498378753662 
6.244029998779297 
9.44090461730957 
9.214420318603516 
9.833610534667969 
6.853024482727051 
5.834650039672852 
7.971974849700928 
7.974955081939697 
6.943488597869873 
6.1591668128967285 
6.298699855804443 
7.013800621032715 
7.086706638336182 
6.85515022277832 
6.517972946166992 
7.402375221252441 
6.238213062286377 
7.778892993927002 
6.858150005340576 
7.457554340362549 
5.795088291168213 
7.488291263580322 
6.103165149688721 
6.555777072906494 
4.884605884552002 
7.689655780792236 
8.003002166748047 
6.667202472686768 
6.7886176109313965 
7.376095294952393 
5.546058177947998 
6.797556400299072 
6.14563512802124 
6.807488441467285 
7.854549884796143 
7.193833827972412 
7.921788692474365 
6.349696636199951 
5.6179094314575195 
7.188883304595947 
7.843791961669922 
7.233943462371826 
9.223747253417969 
6.450000286102295 
6.59889030456543 
9.304792404174805 
7.17158317565918 
6.8068084716796875 
6.333433151245117 
6.514715671539307 
7.283815860748291 
7.668132781982422 
6.298904895782471 
6.84119176864624 
6.814598560333252 
7.228126525878906 
6.063495635986328 
7.8679938316345215 
7.013888835906982 
6.028654098510742 
9.204720497131348 
6.050638675689697 
5.795669078826904 
5.8151631355285645 
6.696213245391846 
7.919619083404541 
6.870803356170654 
5.859930515289307 
7.543361186981201 
7.081572532653809 
8.89660930633545 
7.057240962982178 
6.142980575561523 
7.96916389465332 
6.946115493774414 
7.44247579574585 
8.096324920654297 
6.187005519866943 
6.176875591278076 
9.391397476196289 
6.648303031921387 
6.762181758880615 
7.906000137329102 
8.148365020751953 
6.291081428527832 
6.598891735076904 
9.529364585876465 
7.354775428771973 
6.2009968757629395 
6.2366156578063965 
6.008123874664307 
6.5713067054748535 
6.779017925262451 
6.143103122711182 
8.36342716217041 
7.850253105163574 
6.3721489906311035 
7.694709777832031 
5.99254846572876 
7.21597146987915 
6.919850826263428 
6.5247039794921875 
7.882018566131592 
6.889266490936279 
6.516602993011475 
5.814147472381592 
6.848924160003662 
8.01365852355957 
6.998517036437988 
6.414876461029053 
5.564756393432617 
9.706338882446289 
6.191673755645752 
7.627734661102295 
7.282057762145996 
6.604822158813477 
10.83540153503418 
6.75842809677124 
6.070105075836182 
6.38162899017334 
7.287137985229492 
6.999817371368408 
7.316042423248291 
5.981595993041992 
6.789270877838135 
5.963079452514648 
5.533118724822998 
7.238663673400879 
5.809494972229004 
6.586480617523193 
6.9962687492370605 
6.620159149169922 
6.557220935821533 
6.3833909034729 
8.284717559814453 
5.82049036026001 
6.508763313293457 
7.433098316192627 
6.6688127517700195 
8.33012580871582 
6.487936496734619 
6.120643138885498 
6.72826623916626 
6.8502278327941895 
7.135955810546875 
6.645782947540283 
6.248544692993164 
7.611876487731934 
9.191046714782715 
9.464126586914062 
8.025505065917969 
6.239914417266846 
6.344316005706787 
6.07180643081665 
6.421197414398193 
6.650839805603027 
8.619707107543945 
7.260647773742676 
6.146360397338867 
6.435305118560791 
7.475976943969727 
5.688135623931885 
6.80109977722168 
6.592544078826904 
7.538514614105225 
8.596285820007324 
7.107630729675293 
7.073869705200195 
5.900430679321289 
6.690001010894775 
7.376997947692871 
8.314960479736328 
8.460771560668945 
5.660282611846924 
7.106674671173096 
6.281699180603027 
5.826581001281738 
6.2947773933410645 
6.917802333831787 
6.737133502960205 
5.6027727127075195 
8.110692977905273 
6.439629077911377 
9.125569343566895 
7.626916885375977 
6.072380542755127 
6.00752592086792 
6.986669063568115 
7.283507347106934 
8.654098510742188 
6.349606990814209 
5.996703624725342 
5.787170886993408 
6.215737819671631 
6.81116247177124 
7.333056926727295 
8.416131019592285 
9.209325790405273 
6.865519046783447 
6.190799713134766 
6.383047103881836 
6.416165828704834 
5.880357265472412 
7.450721263885498 
6.5443291664123535 
7.55832052230835 
8.23820686340332 
7.020561695098877 
6.354274272918701 
7.110535621643066 
6.39362907409668 
5.117380142211914 
7.791382312774658 
7.516664505004883 
7.020021915435791 
6.486947536468506 
8.242033004760742 
7.211532115936279 
9.012210845947266 
6.810610771179199 
7.0304789543151855 
6.216235160827637 
7.647522449493408 
7.554757595062256 
7.634759426116943 
5.883690357208252 
5.8669657707214355 
6.762872219085693 
6.096224308013916 
7.067859172821045 
6.550760746002197 
10.148950576782227 
7.703400611877441 
7.570306777954102 
6.77721643447876 
6.167689800262451 
6.139122009277344 
6.86719274520874 
6.289570331573486 
7.6550374031066895 
6.615570545196533 
6.049037933349609 
6.404644966125488 
6.5057196617126465 
5.951159954071045 
6.667527675628662 
5.728306293487549 
6.332735538482666 
6.34704065322876 
5.759225845336914 
5.560107707977295 
5.968758583068848 
6.740323543548584 
7.455242156982422 
7.882395267486572 
6.852027416229248 
7.416872501373291 
8.646917343139648 
6.603438854217529 
5.961062908172607 
5.979811191558838 
7.245785236358643 
7.008935451507568 
5.530432224273682 
7.6421051025390625 
6.125861644744873 
6.548224449157715 
7.266453266143799 
6.433115005493164 
6.032150745391846 
8.373177528381348 
7.263058662414551 
8.0519380569458 
7.497299671173096 
6.616751194000244 
6.45446252822876 
6.41817045211792 
5.840500354766846 
7.392440319061279 
5.07834005355835 
6.451794147491455 
6.445591926574707 
8.937810897827148 
6.397180080413818 
6.1730217933654785 
6.799337387084961 
6.438303470611572 
4.286124229431152 
5.477314472198486 
8.698498725891113 
7.985223293304443 
6.140945911407471 
6.477103233337402 
6.378331661224365 
9.870333671569824 
5.705769062042236 
7.8207316398620605 
6.771221160888672 
8.449795722961426 
7.344621181488037 
6.616081714630127 
7.157898902893066 
8.152247428894043 
6.3485918045043945 
7.042068004608154 
6.61392879486084 
6.53418493270874 
6.473402500152588 
7.435055255889893 
5.7660627365112305 
6.836912155151367 
8.292709350585938 
6.61815881729126 
7.194295883178711 
6.334741115570068 
6.041351795196533 
5.924603462219238 
7.517620086669922 
6.942226886749268 
9.202479362487793 
6.125946998596191 
8.151229858398438 
6.553677082061768 
6.094029903411865 
6.914449214935303 
6.365224361419678 
6.1941094398498535 
5.807967662811279 
6.061251163482666 
7.140459060668945 
6.420451641082764 
7.082919597625732 
6.176196575164795 
6.467379570007324 
6.247504711151123 
8.468500137329102 
8.338290214538574 
5.5500383377075195 
6.0435309410095215 
8.090740203857422 
6.248682975769043 
7.375395774841309 
6.976354122161865 
6.813198566436768 
7.085403919219971 
6.1852850914001465 
6.308391094207764 
6.354499340057373 
6.93383264541626 
8.366803169250488 
7.974944591522217 
7.121361255645752 
9.046055793762207 
6.539815425872803 
7.3974432945251465 
6.234523296356201 
5.93752908706665 
7.848321914672852 
6.944584846496582 
6.430621147155762 
8.46047592163086 
6.513929843902588 
8.598806381225586 
8.293501853942871 
6.598683834075928 
6.037327289581299 
6.603543758392334 
5.223917484283447 
6.720700740814209 
5.557096004486084 
7.248532772064209 
7.129255294799805 
6.38312292098999 
7.9600348472595215 
7.0108184814453125 
6.614104747772217 
7.092280864715576 
6.742331027984619 
9.575828552246094 
6.113015651702881 
5.82643461227417 
6.995964527130127 
7.864593982696533 
5.863371849060059 
8.157048225402832 
10.45206069946289 
7.301102161407471 
7.178407669067383 
5.806304454803467 
6.2194647789001465 
5.932703971862793 
6.168259620666504 
6.3805766105651855 
6.796036243438721 
9.043519973754883 
7.408479690551758 
6.669164180755615 
6.01515531539917 
7.758406162261963 
8.26436710357666 
7.60526180267334 
6.954856872558594 
6.78494119644165 
7.2716169357299805 
6.999764919281006 
6.495855808258057 
6.19757604598999 
5.947913646697998 
7.205756664276123 
5.79506778717041 
6.577647686004639 
7.298490047454834 
7.5965352058410645 
6.21970796585083 
5.969038963317871 
4.925312519073486 
9.14804458618164 
6.403652667999268 
6.7814178466796875 
8.86679744720459 
6.876077175140381 
6.603802680969238 
6.929985523223877 
8.46160888671875 
6.523579120635986 
6.220308303833008 
8.474599838256836 
8.866535186767578 
6.472616672515869 
5.4365949630737305 
6.276728630065918 
6.068186283111572 
6.1827239990234375 
5.733945846557617 
7.239248752593994 
8.055721282958984 
7.409278392791748 
4.753706455230713 
10.343422889709473 
9.956169128417969 
6.939713001251221 
9.50910758972168 
5.812117099761963 
7.318655014038086 
5.99107027053833 
7.772017002105713 
7.096716403961182 
8.15505313873291 
7.846193790435791 
8.024066925048828 
7.4195876121521 
6.845096588134766 
6.447895050048828 
5.219888210296631 
6.349929332733154 
7.091342449188232 
6.400964260101318 
8.104684829711914 
6.383828639984131 
7.570068359375 
6.374154567718506 
7.745810031890869 
6.615257740020752 
7.649744510650635 
5.7201128005981445 
7.8726396560668945 
7.130105495452881 
6.7896552085876465 
7.41601037979126 
5.866220951080322 
6.255762577056885 
6.262094974517822 
5.144156455993652 
7.775863170623779 
6.9580607414245605 
6.433419704437256 
5.773823261260986 
6.0995049476623535 
7.005309104919434 
6.65344762802124 
6.119797229766846 
6.710403919219971 
6.442210674285889 
5.906701564788818 
8.209903717041016 
4.550479412078857 
7.39285135269165 
7.011427879333496 
6.624278545379639 
6.767343997955322 
6.384626865386963 
6.965940952301025 
6.902358531951904 
6.1998372077941895 
6.210390567779541 
6.703107833862305 
6.9640793800354 
6.408465385437012 
7.721896171569824 
7.646287441253662 
5.559153079986572 
9.544492721557617 
6.555060386657715 
7.949039936065674 
6.219484806060791 
7.120912551879883 
7.374128818511963 
8.749223709106445 
8.22068977355957 
9.349098205566406 
7.868741035461426 
8.00550651550293 
5.742376327514648 
6.096383571624756 
5.950917720794678 
6.16249418258667 
6.147068977355957 
7.181446552276611 
5.66598653793335 
7.745357990264893 
6.914532661437988 
6.442986488342285 
6.207164764404297 
7.096846103668213 
8.21352481842041 
6.392470359802246 
6.15501594543457 
7.485831260681152 
7.956644058227539 
4.987201690673828 
5.541666507720947 
8.354950904846191 
7.929992198944092 
6.338254451751709 
7.282833576202393 
6.088141918182373 
6.093837261199951 
6.6669535636901855 
8.098917007446289 
6.283262729644775 
6.882300853729248 
8.053828239440918 
6.281611919403076 
10.120759963989258 
6.859586238861084 
6.924473762512207 
6.26740026473999 
8.934492111206055 
6.480550289154053 
6.881804943084717 
6.699473857879639 
7.636236667633057 
6.962640762329102 
8.511770248413086 
8.460357666015625 
5.972777843475342 
7.649587154388428 
6.892246723175049 
7.193904876708984 
6.32402229309082 
5.944526195526123 
9.33563232421875 
8.426644325256348 
6.219088077545166 
8.056257247924805 
6.1250386238098145 
7.831611156463623 
6.147845268249512 
6.7300333976745605 
7.8561177253723145 
6.6671600341796875 
6.871038913726807 
5.9124674797058105 
6.180326461791992 
7.1242995262146 
6.154448986053467 
7.057339191436768 
6.345526218414307 
5.952759742736816 
6.193769931793213 
10.378242492675781 
6.807487487792969 
10.73520278930664 
5.8386993408203125 
6.822084426879883 
7.812002658843994 
5.9092888832092285 
6.830688953399658 
6.9213643074035645 
7.992022514343262 
7.820093631744385 
6.7403883934021 
8.441038131713867 
6.764904975891113 
6.918605804443359 
9.708169937133789 
6.857170581817627 
7.6962761878967285 
8.582091331481934 
6.18419885635376 
4.8473334312438965 
4.909405708312988 
6.324686527252197 
5.8274149894714355 
7.893589973449707 
7.49224328994751 
7.106057643890381 
7.336991786956787 
6.068604946136475 
9.020172119140625 
5.847102642059326 
7.498469829559326 
7.91713809967041 
6.6765241622924805 
6.5423407554626465 
6.365494251251221 
6.098715782165527 
6.7461838722229 
5.973682880401611 
6.173153400421143 
7.382151126861572 
7.605105876922607 
6.29703950881958 
8.698776245117188 
6.235391139984131 
6.034571170806885 
6.329649448394775 
6.447880268096924 
6.874520301818848 
7.823390483856201 
4.749440670013428 
6.047389984130859 
5.9228949546813965 
7.9650797843933105 
5.425657749176025 
7.900282382965088 
7.1738600730896 
6.998531818389893 
9.517433166503906 
5.464846134185791 
6.903829097747803 
8.583961486816406 
7.046506404876709 
6.3498148918151855 
6.446985721588135 
8.922539710998535 
5.772558689117432 
7.859227180480957 
7.609882354736328 
10.894872665405273 
6.539092063903809 
9.195099830627441 
6.115228176116943 
8.40721607208252 
5.801980495452881 
7.251365661621094 
5.899680137634277 
7.060967922210693 
6.406157970428467 
9.057999610900879 
8.181182861328125 
7.4759650230407715 
8.392890930175781 
6.6911940574646 
6.4635910987854 
6.103308200836182 
7.665635585784912 
5.159496784210205 
6.54912805557251 
6.499415874481201 
9.486443519592285 
7.0732011795043945 
6.304925441741943 
8.51905345916748 
6.242519855499268 
5.357420444488525 
6.343249320983887 
6.772302150726318 
6.871402263641357 
6.94580602645874 
5.182882785797119 
6.348239421844482 
6.192263126373291 
6.551555156707764 
6.820405960083008 
7.0336012840271 
6.477872371673584 
6.2588791847229 
6.100372791290283 
6.033087253570557 
7.948121547698975 
7.228568077087402 
6.495810031890869 
7.042074680328369 
6.866064071655273 
8.581993103027344 
6.207533359527588 
7.092648983001709 
6.879618167877197 
6.741488456726074 
6.163413047790527 
5.953278541564941 
9.228672981262207 
6.215603828430176 
6.0540642738342285 
5.720362663269043 
6.484243869781494 
6.813218593597412 
6.240819931030273 
7.629089832305908 
6.180593967437744 
7.419799327850342 
6.942596912384033 
6.552865505218506 
5.6550822257995605 
6.5526556968688965 
6.314691543579102 
10.007938385009766 
6.172834873199463 
8.727214813232422 
8.170143127441406 
8.619478225708008 
7.410882472991943 
8.047405242919922 
8.031795501708984 
5.510745525360107 
7.08825159072876 
8.083171844482422 
6.729456901550293 
6.27418851852417 
6.852929592132568 
6.991038799285889 
6.997671127319336 
6.530171871185303 
6.327763080596924 
6.7050089836120605 
8.714375495910645 
5.434699535369873 
6.302762031555176 
6.3121747970581055 
8.938669204711914 
6.217880725860596 
7.520954132080078 
5.58362340927124 
7.580574035644531 
10.55657958984375 
6.217762470245361 
7.2315874099731445 
7.14419412612915 
6.293824672698975 
5.783337116241455 
7.343994140625 
6.114739418029785 
6.7657952308654785 
7.419773101806641 
8.599822998046875 
6.487273693084717 
5.541811466217041 
6.629007816314697 
8.31539249420166 
8.472768783569336 
8.490344047546387 
5.185675621032715 
6.2262043952941895 
7.345087051391602 
6.349462032318115 
6.648665428161621 
6.446501731872559 
5.151062488555908 
5.337201118469238 
8.051070213317871 
8.73456859588623 
7.392137050628662 
6.904238224029541 
5.2942304611206055 
6.070000171661377 
7.517665863037109 
5.792793273925781 
6.5698442459106445 
6.061381816864014 
7.330172538757324 
5.815750598907471 
7.864482402801514 
5.509420394897461 
7.129047870635986 
10.667673110961914 
7.997710704803467 
5.952763080596924 
6.916733741760254 
6.17704439163208 
7.007376670837402 
8.283658981323242 
7.634221076965332 
6.212457656860352 
6.029099941253662 
6.582550525665283 
7.391463756561279 
10.040307998657227 
5.976601600646973 
6.559903621673584 
7.011124610900879 
6.928947448730469 
5.776566982269287 
6.874547481536865 
7.78525972366333 
6.084489822387695 
8.13797378540039 
5.68650484085083 
8.552541732788086 
6.247312068939209 
5.961494445800781 
6.309596061706543 
6.242779731750488 
9.57220458984375 
6.0866522789001465 
7.801944732666016 
9.009537696838379 
6.341346263885498 
6.9320549964904785 
8.481986045837402 
8.775167465209961 
8.270362854003906 
5.1002421379089355 
8.4599609375 
8.810446739196777 
5.982436180114746 
5.877810955047607 
6.775228977203369 
6.558032512664795 
5.398791790008545 
9.068872451782227 
5.6439032554626465 
9.974185943603516 
5.919413089752197 
6.689146995544434 
7.5047173500061035 
6.3612236976623535 
9.895234107971191 
9.90144157409668 
6.955695629119873 
6.94818639755249 
5.996124744415283 
6.012329578399658 
7.15216064453125 
5.774453163146973 
6.293446063995361 
8.119475364685059 
8.166217803955078 
8.93657112121582 
7.6852126121521 
5.701518535614014 
6.295248031616211 
8.639573097229004 
7.126204967498779 
7.9502482414245605 
7.364175319671631 
7.801906585693359 
6.359506130218506 
5.926356315612793 
6.89846134185791 
7.446046352386475 
7.13868522644043 
7.604719638824463 
7.608189582824707 
7.371335506439209 
6.02376651763916 
9.158245086669922 
5.959290027618408 
6.874488353729248 
6.093078136444092 
7.406851768493652 
8.551560401916504 
7.633238315582275 
7.597967147827148 
5.54469633102417 
6.957409858703613 
9.469898223876953 
6.617285251617432 
5.762532711029053 
7.4550347328186035 
6.7926411628723145 
6.363098621368408 
5.992263317108154 
6.712623119354248 
5.961411952972412 
5.394978046417236 
5.09710168838501 
7.471931457519531 
5.914805889129639 
8.031839370727539 
6.0352702140808105 
7.957923889160156 
6.465095043182373 
8.579422950744629 
5.1253485679626465 
6.848888397216797 
5.6381049156188965 
6.144073963165283 
6.379858493804932 
6.025060176849365 
7.451483249664307 
7.845014572143555 
7.430276393890381 
7.65994119644165 
6.982190132141113 
6.242740631103516 
5.72527551651001 
6.552300930023193 
6.32017183303833 
7.290055751800537 
6.558176040649414 
7.963898658752441 
6.580498218536377 
7.305152893066406 
7.994411945343018 
6.1697678565979 
6.631460666656494 
7.649214744567871 
8.4893798828125 
6.533751964569092 
6.11065149307251 
6.849213123321533 
6.787051677703857 
8.05345630645752 
6.093222618103027 
6.054494380950928 
7.446760177612305 
9.54457950592041 
8.042481422424316 
7.004979133605957 
7.001721382141113 
7.1767096519470215 
8.014715194702148 
8.705013275146484 
5.777574062347412 
6.89160680770874 
7.5396246910095215 
6.557034492492676 
8.008993148803711 
6.526083469390869 
6.3855366706848145 
6.4634833335876465 
8.821643829345703 
8.192032814025879 
7.747603416442871 
8.460680961608887 
6.206060886383057 
6.365379333496094 
6.9159932136535645 
6.4328203201293945 
5.6253743171691895 
6.180319309234619 
6.114717960357666 
6.7969441413879395 
7.220798969268799 
6.880110263824463 
7.2943878173828125 
8.343079566955566 
6.483880519866943 
6.187209129333496 
6.823546409606934 
6.608738899230957 
6.944760799407959 
6.2276530265808105 
7.450143337249756 
5.712372303009033 
6.644114971160889 
7.447377681732178 
6.669432163238525 
5.735034942626953 
7.33131217956543 
7.114115238189697 
8.822565078735352 
5.897402286529541 
7.069614887237549 
6.79603910446167 
5.913062572479248 
8.101022720336914 
9.0101318359375 
6.915370464324951 
6.769820690155029 
6.704078197479248 
6.005171775817871 
7.434875965118408 
7.853794574737549 
6.462630748748779 
7.402985572814941 
6.489722728729248 
8.406367301940918 
6.0046281814575195 
6.603501796722412 
6.727054595947266 
7.0093560218811035 
7.12408447265625 
7.267931938171387 
6.7604594230651855 
7.85400915145874 
8.31097412109375 
6.4037580490112305 
7.688774108886719 
8.247690200805664 
5.351581573486328 
5.625342845916748 
8.857207298278809 
7.490215301513672 
7.447511196136475 
8.478225708007812 
5.803266525268555 
10.784128189086914 
8.372060775756836 
6.52090311050415 
6.736426830291748 
5.722470760345459 
7.1233296394348145 
5.971979141235352 
5.7266387939453125 
6.253220558166504 
7.3204474449157715 
6.182013034820557 
6.047478199005127 
6.042897701263428 
7.457464218139648 
6.364984035491943 
5.443139553070068 
6.614992141723633 
6.8697190284729 
5.470023155212402 
7.284732341766357 
7.87302827835083 
6.155561447143555 
7.831361770629883 
6.627972602844238 
8.751930236816406 
6.301693439483643 
6.297954559326172 
6.082449436187744 
6.365260601043701 
5.585438251495361 
7.463596820831299 
6.8754096031188965 
7.109364986419678 
7.404041767120361 
8.244295120239258 
7.596405506134033 
7.903848648071289 
6.467117786407471 
6.644097328186035 
6.001282215118408 
6.150967597961426 
7.099582195281982 
5.754329204559326 
7.54044771194458 
7.217236042022705 
8.874528884887695 
7.45705509185791 
6.681456565856934 
7.935574054718018 
8.543392181396484 
6.4168782234191895 
7.133971691131592 
6.349942684173584 
8.286703109741211 
6.922003746032715 
6.471845626831055 
6.946123123168945 
8.59251594543457 
8.194583892822266 
5.944581031799316 
9.33969497680664 
6.343695640563965 
7.777184009552002 
7.103586673736572 
6.331519603729248 
5.498559474945068 
6.627707481384277 
7.372390270233154 
5.480380535125732 
7.903366565704346 
6.380428791046143 
8.212661743164062 
9.090779304504395 
8.261473655700684 
8.214069366455078 
7.194077968597412 
6.419744968414307 
5.274425983428955 
7.699695110321045 
7.776749134063721 
6.037786960601807 
6.862823963165283 
5.90210485458374 
6.400590419769287 
7.223696231842041 
8.2356538772583 
6.163220405578613 
5.921657085418701 
6.738073825836182 
7.456694602966309 
6.392662048339844 
7.1175384521484375 
6.390783786773682 
6.789190292358398 
6.420663356781006 
8.362300872802734 
5.943287372589111 
7.062606334686279 
7.232855319976807 
5.712436199188232 
7.6100006103515625 
7.7511677742004395 
6.989332675933838 
6.554123878479004 
7.358582019805908 
6.4265618324279785 
5.573688507080078 
6.267665863037109 
5.141171455383301 
6.238684177398682 
6.405276775360107 
7.428013801574707 
8.207984924316406 
6.753221035003662 
7.958470821380615 
6.284919261932373 
6.534461498260498 
8.729467391967773 
7.339634895324707 
9.307111740112305 
7.7590556144714355 
7.172847270965576 
6.32818078994751 
6.708695411682129 
7.754225254058838 
6.2971110343933105 
6.464280128479004 
7.484492778778076 
6.411477565765381 
6.225406646728516 
6.908661842346191 
6.705552577972412 
7.25200891494751 
6.885998249053955 
6.748429775238037 
6.82044792175293 
5.823422908782959 
6.940048694610596 
7.244598388671875 
8.027521133422852 
5.57102632522583 
6.848694801330566 
5.803343296051025 
5.864254474639893 
5.979912757873535 
6.8176445960998535 
6.201072692871094 
6.579192638397217 
4.931432247161865 
7.568238258361816 
7.3189544677734375 
6.264067649841309 
7.343501567840576 
6.412874698638916 
6.361049175262451 
7.474147796630859 
6.74388313293457 
8.731488227844238 
6.352023601531982 
6.165811538696289 
5.661109924316406 
6.809532642364502 
9.917346000671387 
7.060006618499756 
6.57476282119751 
8.128314971923828 
5.817860126495361 
6.625978946685791 
6.585289478302002 
5.804936408996582 
8.22568130493164 
6.68691873550415 
6.427797794342041 
6.509615421295166 
6.365100383758545 
6.09841775894165 
6.1640825271606445 
7.815060615539551 
6.376753330230713 
7.795456886291504 
6.89588737487793 
6.527881145477295 
6.391913414001465 
6.1267290115356445 
6.388855457305908 
7.796711444854736 
6.27816915512085 
6.1587982177734375 
5.792068958282471 
5.982544898986816 
6.307729721069336 
9.655364990234375 
7.563175201416016 
7.0012078285217285 
5.66137170791626 
6.096980571746826 
7.979572772979736 
7.070418357849121 
8.541772842407227 
7.499416351318359 
7.985992431640625 
8.014924049377441 
6.3320183753967285 
6.756144046783447 
6.927317142486572 
7.333281993865967 
7.488223075866699 
6.400333881378174 
6.114445686340332 
7.1247148513793945 
8.126222610473633 
7.2115797996521 
7.005023956298828 
7.7354936599731445 
9.987857818603516 
7.216406345367432 
6.774316310882568 
8.052716255187988 
6.710215091705322 
6.977428436279297 
8.821521759033203 
5.883049488067627 
8.153156280517578 
6.371628284454346 
6.2867817878723145 
7.304410457611084 
5.93986177444458 
5.614696025848389 
7.853149890899658 
5.313286304473877 
7.174192905426025 
6.996707439422607 
8.843293190002441 
6.908134937286377 
6.328749179840088 
8.461365699768066 
8.2693510055542 
6.014353275299072 
6.741099834442139 
6.743729591369629 
6.8737359046936035 
6.873042583465576 
6.958410739898682 
7.1280035972595215 
5.712716579437256 
8.57578182220459 
6.194461345672607 
7.1491546630859375 
6.854825019836426 
8.096515655517578 
7.27130651473999 
7.736718654632568 
8.503389358520508 
7.458794116973877 
5.550261974334717 
7.174594402313232 
9.258448600769043 
6.902373313903809 
8.402410507202148 
6.577242851257324 
6.446451663970947 
7.409824371337891 
6.034911632537842 
7.450459957122803 
6.426471710205078 
6.348445892333984 
7.117942810058594 
7.17288064956665 
8.123994827270508 
6.698857307434082 
8.697497367858887 
6.643434047698975 
7.3844780921936035 
7.765953063964844 
6.998917102813721 
6.212798595428467 
6.063302516937256 
6.626950740814209 
5.944068431854248 
6.956503391265869 
8.199460983276367 
10.086889266967773 
7.1214680671691895 
6.29880952835083 
5.846744537353516 
5.791318893432617 
7.344590663909912 
6.716361045837402 
6.991108417510986 
5.903244495391846 
7.4316558837890625 
6.345012664794922 
6.1017608642578125 
8.283201217651367 
7.0677385330200195 
6.1325578689575195 
5.8600287437438965 
6.225399017333984 
5.595299243927002 
8.188761711120605 
6.263676166534424 
6.722700595855713 
8.377065658569336 
6.760547637939453 
6.301600933074951 
6.29052209854126 
8.8571195602417 
7.00928258895874 
7.216297626495361 
7.311699390411377 
7.886014938354492 
6.869288921356201 
5.98567008972168 
5.600619316101074 
6.262020111083984 
6.576580047607422 
6.7078752517700195 
9.620674133300781 
6.127870082855225 
5.864051342010498 
6.795503616333008 
6.331360816955566 
6.73451042175293 
6.2860870361328125 
5.5875372886657715 
6.8705902099609375 
6.287221431732178 
7.813966274261475 
6.11435604095459 
6.2974534034729 
6.898022651672363 
6.795943737030029 
6.679297924041748 
6.692813396453857 
7.430811405181885 
8.990386962890625 
8.715469360351562 
6.387412071228027 
5.451941013336182 
7.184412479400635 
8.007668495178223 
6.357414722442627 
7.198998928070068 
7.2057061195373535 
7.543935298919678 
7.108062267303467 
6.8165788650512695 
6.428099155426025 
6.856844425201416 
7.144272804260254 
6.24144983291626 
5.622835636138916 
6.68227481842041 
5.77048397064209 
8.705674171447754 
6.163125514984131 
7.567636013031006 
4.568113327026367 
8.380762100219727 
6.905822277069092 
6.077698230743408 
7.274899005889893 
5.597569465637207 
6.140697002410889 
9.385528564453125 
9.417953491210938 
7.916620254516602 
7.493612766265869 
5.144075870513916 
8.849373817443848 
7.782293796539307 
6.8822150230407715 
6.269477844238281 
6.389285564422607 
6.621017932891846 
6.772802829742432 
6.681778907775879 
6.525861740112305 
7.310438632965088 
6.533177375793457 
6.43634557723999 
8.39472484588623 
7.661579132080078 
6.743964672088623 
5.9035868644714355 
6.7907562255859375 
8.054889678955078 
5.959080219268799 
7.928830146789551 
6.610520839691162 
6.483571529388428 
7.006546497344971 
5.7888641357421875 
6.514268398284912 
7.056914329528809 
6.08794641494751 
6.467916965484619 
6.362375736236572 
6.810614585876465 
7.392122745513916 
6.861450672149658 
6.351257801055908 
9.344889640808105 
7.111721038818359 
5.620455741882324 
6.647210597991943 
6.63277006149292 
6.699769020080566 
6.554246425628662 
5.774234294891357 
7.109890460968018 
5.318257808685303 
6.786550045013428 
6.30408239364624 
6.127782344818115 
7.003370761871338 
8.0620756149292 
6.525390148162842 
6.144869327545166 
8.193376541137695 
7.072781085968018 
5.984591960906982 
7.112109661102295 
6.976141452789307 
6.356028079986572 
6.032334327697754 
7.657413959503174 
8.910900115966797 
6.223990440368652 
6.3749847412109375 
6.406746864318848 
7.951634407043457 
6.485515594482422 
6.134090423583984 
6.5938239097595215 
7.901424407958984 
7.099090576171875 
8.938167572021484 
6.5819268226623535 
6.377559661865234 
8.546499252319336 
6.218053817749023 
8.213605880737305 
7.152353286743164 
5.307814121246338 
6.205433368682861 
6.138280868530273 
8.04597282409668 
6.741714000701904 
7.5963826179504395 
7.3314714431762695 
6.194924354553223 
7.721070766448975 
6.780365943908691 
6.462891101837158 
7.024302005767822 
7.591762542724609 
6.189662933349609 
6.991049289703369 
6.832162380218506 
7.338272571563721 
5.485827445983887 
6.27306604385376 
7.342537879943848 
6.264773368835449 
5.756353855133057 
7.307870388031006 
6.280807018280029 
6.679458141326904 
6.92870569229126 
6.945415496826172 
9.330368995666504 
6.471485614776611 
7.355762004852295 
6.354960918426514 
5.734883785247803 
9.019148826599121 
8.95827865600586 
7.051306247711182 
5.749518871307373 
6.209414005279541 
6.2593674659729 
6.350090503692627 
6.176949501037598 
6.903019905090332 
7.613010406494141 
6.912883281707764 
7.659121036529541 
7.06437349319458 
7.385913372039795 
5.30409049987793 
6.090464115142822 
6.9071760177612305 
7.9696574211120605 
6.6754069328308105 
7.032441139221191 
6.827315807342529 
5.7513651847839355 
5.191696643829346 
6.470220565795898 
8.585796356201172 
6.10486364364624 
6.572188854217529 
7.022297382354736 
6.780368328094482 
6.724761486053467 
5.7846760749816895 
6.321255683898926 
5.813623905181885 
8.043190956115723 
7.656457901000977 
5.981411457061768 
7.585413932800293 
7.023088455200195 
9.17214584350586 
6.4039506912231445 
5.929739475250244 
7.0966010093688965 
6.5178141593933105 
8.28909683227539 
6.871277332305908 
6.534628391265869 
7.091484546661377 
6.653880596160889 
6.199221611022949 
7.757618427276611 
8.101613998413086 
6.4911980628967285 
5.299480438232422 
5.565978050231934 
7.011760234832764 
6.818580150604248 
6.848645210266113 
8.532329559326172 
5.85703706741333 
6.901068687438965 
8.034353256225586 
7.671093463897705 
6.576537609100342 
6.447988986968994 
6.838950157165527 
7.587818622589111 
6.178771495819092 
6.150543689727783 
7.430598735809326 
8.13343620300293 
6.1081862449646 
7.528474807739258 
7.170557498931885 
6.824929714202881 
5.862144470214844 
6.043655872344971 
7.025482654571533 
6.715691089630127 
7.007501125335693 
6.84097146987915 
6.912373065948486 
6.530053615570068 
6.7108941078186035 
5.20853853225708 
6.685196399688721 
7.034822463989258 
7.137813091278076 
5.9466071128845215 
10.078903198242188 
5.9611639976501465 
6.480955600738525 
5.694747447967529 
6.063388347625732 
7.711127281188965 
5.822856903076172 
5.493646144866943 
7.4231719970703125 
6.282571315765381 
8.60462760925293 
6.760693073272705 
8.500434875488281 
6.259516716003418 
7.903032302856445 
6.792275428771973 
6.321767807006836 
6.624626159667969 
6.168081760406494 
7.168675422668457 
8.406702041625977 
5.991818904876709 
7.128986358642578 
6.249043941497803 
8.158626556396484 
6.053849697113037 
6.4461236000061035 
5.9748382568359375 
6.507009029388428 
5.096016883850098 
6.110403537750244 
6.0611491203308105 
5.631768703460693 
8.236148834228516 
8.822233200073242 
7.8123087882995605 
6.1516008377075195 
6.463036060333252 
11.822040557861328 
6.083014488220215 
6.216867923736572 
6.50209379196167 
7.344261646270752 
9.629363059997559 
7.000353813171387 
7.3935933113098145 
7.125710964202881 
7.881805419921875 
6.75274133682251 
6.924485206604004 
6.20415735244751 
6.612985610961914 
8.271154403686523 
6.996424198150635 
6.709238529205322 
6.755852222442627 
7.754838466644287 
5.982845783233643 
9.776463508605957 
7.052877902984619 
6.351434230804443 
6.809746265411377 
5.321492671966553 
7.718211650848389 
7.091653823852539 
6.471934795379639 
8.225944519042969 
8.247901916503906 
6.547539234161377 
6.680721282958984 
7.981289386749268 
6.5308637619018555 
6.700598239898682 
8.535627365112305 
7.41420841217041 
6.307772159576416 
6.316578388214111 
6.122528076171875 
6.170958995819092 
5.880263805389404 
7.383805274963379 
7.172444820404053 
6.4322943687438965 
7.592532634735107 
7.262148380279541 
9.597482681274414 
6.83035135269165 
8.110650062561035 
8.747434616088867 
7.8674235343933105 
6.520784854888916 
7.323357105255127 
6.072004795074463 
6.677659034729004 
8.003524780273438 
5.62363862991333 
7.417478561401367 
6.51618766784668 
8.259021759033203 
6.985355854034424 
6.740135192871094 
7.0384368896484375 
7.6402812004089355 
5.342448711395264 
5.87711238861084 
6.3285651206970215 
7.017452239990234 
5.53667688369751 
7.240952491760254 
6.307012557983398 
5.795252323150635 
6.513592720031738 
7.788516521453857 
6.151179790496826 
5.69726037979126 
6.577540874481201 
6.081405162811279 
6.877938270568848 
5.629824638366699 
7.784764766693115 
6.998300075531006 
9.783771514892578 
6.90285062789917 
6.722775936126709 
6.12342643737793 
7.903973579406738 
7.185546875 
8.6824951171875 
7.310733318328857 
6.706331729888916 
8.883172988891602 
6.411548614501953 
6.085254192352295 
6.210128307342529 
5.628101825714111 
6.25147819519043 
5.93728494644165 
6.92239236831665 
5.671158790588379 
5.434090614318848 
5.936840534210205 
5.855622291564941 
6.347447395324707 
6.505897045135498 
9.552656173706055 
6.011074066162109 
6.609267711639404 
7.716955184936523 
7.2675323486328125 
5.994147777557373 
7.692327499389648 
6.259995460510254 
6.679117202758789 
10.213825225830078 
5.097167015075684 
6.443645000457764 
7.991880416870117 
6.2579026222229 
7.4167633056640625 
8.008389472961426 
7.794713497161865 
7.694596767425537 
6.343273639678955 
6.956254482269287 
7.223368167877197 
6.222523212432861 
6.261984348297119 
5.557993412017822 
7.375646591186523 
7.616246700286865 
6.6627516746521 
5.9698967933654785 
5.541163444519043 
6.673458576202393 
6.024726390838623 
8.460485458374023 
6.991957187652588 
7.601529598236084 
6.926636695861816 
6.323577404022217 
7.228474140167236 
8.545781135559082 
6.5215959548950195 
6.452906608581543 
7.63908052444458 
6.243646621704102 
6.290729999542236 
7.0593695640563965 
7.351002216339111 
9.272478103637695 
5.6998114585876465 
6.908982753753662 
7.842996120452881 
6.565391540527344 
6.646250247955322 
8.06622314453125 
9.613594055175781 
9.070158004760742 
5.941403388977051 
6.018322467803955 
6.478553771972656 
5.855603218078613 
6.257035732269287 
6.245314121246338 
5.924296855926514 
7.852396488189697 
8.065376281738281 
7.786790370941162 
6.272379398345947 
6.822844982147217 
6.726616859436035 
7.796205520629883 
7.170699119567871 
8.617011070251465 
6.540628910064697 
6.497268199920654 
6.833768367767334 
6.536984443664551 
9.397018432617188 
6.386810302734375 
9.024772644042969 
7.273169040679932 
7.4403815269470215 
7.193592071533203 
5.796360492706299 
6.410573482513428 
6.674798965454102 
7.540278911590576 
4.568122386932373 
7.148573875427246 
6.0766825675964355 
8.693122863769531 
10.652464866638184 
8.32918930053711 
7.2149977684021 
6.734791278839111 
8.47406005859375 
6.518907070159912 
5.807601451873779 
7.327934741973877 
6.881972312927246 
6.812587261199951 
6.702706336975098 
6.470472812652588 
6.600959300994873 
7.463851451873779 
5.799975395202637 
7.708829879760742 
6.291506767272949 
7.33969259262085 
6.110072612762451 
5.672738075256348 
6.859035015106201 
5.537600040435791 
6.440864562988281 
6.609038352966309 
6.6592583656311035 
6.911922931671143 
6.142512798309326 
6.760627269744873 
6.306686878204346 
10.423893928527832 
6.570286750793457 
6.704143047332764 
6.954183578491211 
6.699460983276367 
7.700917720794678 
7.336361885070801 
6.23298978805542 
5.345935344696045 
6.041432857513428 
7.616544723510742 
6.400914192199707 
6.598447322845459 
7.020750522613525 
5.979504585266113 
5.585373401641846 
7.8927178382873535 
6.66521692276001 
6.081269264221191 
6.451364994049072 
6.429174900054932 
6.183986663818359 
6.7640838623046875 
7.673709869384766 
7.306790351867676 
7.983351230621338 
7.006819248199463 
8.061286926269531 
7.357899188995361 
7.849669933319092 
5.837700843811035 
7.067417621612549 
8.257573127746582 
6.0517377853393555 
7.263315677642822 
6.7111639976501465 
6.2304205894470215 
6.115860939025879 
6.185112953186035 
5.308968544006348 
7.029019832611084 
6.677384853363037 
5.852457523345947 
7.5804524421691895 
8.179750442504883 
6.278141498565674 
6.007777214050293 
6.159169673919678 
6.910513401031494 
6.302313327789307 
8.44137191772461 
6.573010444641113 
6.037823677062988 
5.52977991104126 
6.154556751251221 
6.470896244049072 
6.8047871589660645 
7.0639567375183105 
6.166847229003906 
6.630489826202393 
6.40065860748291 
6.390340328216553 
6.156854152679443 
6.350484371185303 
6.92119836807251 
6.791805744171143 
7.408006191253662 
6.642721652984619 
6.887965679168701 
8.063640594482422 
7.405712604522705 
5.677627086639404 
6.066751480102539 
6.470510005950928 
7.191199779510498 
6.638816833496094 
6.341744422912598 
6.947349548339844 
6.8101301193237305 
8.248202323913574 
7.271489143371582 
6.754621982574463 
8.275720596313477 
6.479931354522705 
6.801084995269775 
7.5237956047058105 
8.820024490356445 
5.940225124359131 
5.400792121887207 
6.879649639129639 
8.168354988098145 
5.867321491241455 
6.905734539031982 
8.721010208129883 
7.5548810958862305 
8.152425765991211 
7.011094570159912 
5.863989353179932 
5.563288688659668 
6.450960636138916 
6.504033088684082 
7.833864688873291 
5.783507823944092 
6.685252666473389 
8.334298133850098 
6.340152263641357 
6.990437984466553 
7.765094757080078 
5.9323835372924805 
6.729689121246338 
6.1466193199157715 
6.812841892242432 
7.531361103057861 
6.817176818847656 
10.26595687866211 
7.288193702697754 
7.108578205108643 
6.481817722320557 
6.662835597991943 
6.976667881011963 
9.27952766418457 
7.571703910827637 
5.489335536956787 
7.1632490158081055 
6.933521747589111 
7.2790374755859375 
5.915339946746826 
6.667357921600342 
6.528698921203613 
7.418795585632324 
5.4852752685546875 
6.337915897369385 
6.547111988067627 
8.116765975952148 
7.517673015594482 
6.574225902557373 
9.138696670532227 
6.174656867980957 
7.118419647216797 
7.729332447052002 
7.009570121765137 
9.332538604736328 
7.180566310882568 
4.797878742218018 
6.490931987762451 
6.2599568367004395 
6.8098554611206055 
5.714382648468018 
7.58876895904541 
6.298097133636475 
5.692205905914307 
7.243136882781982 
6.101649761199951 
7.500657558441162 
6.325325965881348 
7.118381023406982 
6.398833274841309 
5.789185047149658 
7.737148761749268 
6.208893299102783 
7.188591003417969 
5.915149211883545 
7.869582176208496 
6.096651554107666 
7.45385217666626 
6.611967086791992 
5.7197136878967285 
8.857900619506836 
5.31316614151001 
6.185606002807617 
6.737191200256348 
8.34051513671875 
7.171271800994873 
6.770843029022217 
9.127365112304688 
10.493782043457031 
6.064633846282959 
6.636338233947754 
7.0680317878723145 
7.68339204788208 
6.6181416511535645 
5.9483866691589355 
5.81935453414917 
8.83060073852539 
7.073300361633301 
6.00928258895874 
5.823446273803711 
7.6984782218933105 
6.909850120544434 
7.577830791473389 
6.5081048011779785 
8.405500411987305 
5.792107105255127 
6.717986583709717 
6.228240489959717 
7.445438385009766 
7.1149516105651855 
8.036813735961914 
6.4346699714660645 
6.105177402496338 
6.393324375152588 
8.582633972167969 
6.250156879425049 
9.947092056274414 
6.116697788238525 
5.87277364730835 
6.945062160491943 
6.272014617919922 
7.332296848297119 
7.310052871704102 
6.8676934242248535 
7.313022136688232 
6.789236068725586 
6.272550582885742 
8.268707275390625 
6.591315746307373 
6.478627681732178 
9.687945365905762 
6.708047389984131 
7.870806694030762 
5.988404750823975 
6.522476673126221 
8.000846862792969 
7.097081184387207 
6.620726108551025 
6.381140232086182 
7.661738395690918 
7.3847832679748535 
5.886298656463623 
10.444228172302246 
6.979737758636475 
6.594725131988525 
6.095603942871094 
6.389505863189697 
6.5165276527404785 
6.78615140914917 
8.70033073425293 
6.323968410491943 
7.493232727050781 
6.028326034545898 
7.431691646575928 
7.467382907867432 
8.218402862548828 
5.897583961486816 
5.976620197296143 
6.791924953460693 
6.3328375816345215 
7.7915940284729 
6.412503719329834 
6.01324987411499 
6.323683261871338 
6.660419940948486 
6.73180627822876 
5.833991527557373 
5.913865566253662 
5.840504169464111 
5.7620978355407715 
6.4478583335876465 
7.147189140319824 
5.323331356048584 
7.064873695373535 
6.696666240692139 
6.706002712249756 
6.425473690032959 
6.639041423797607 
6.617195129394531 
5.847053050994873 
6.917731761932373 
8.19222640991211 
6.103114604949951 
6.573323726654053 
7.018832683563232 
6.746542453765869 
7.437744140625 
6.654399871826172 
5.739442825317383 
6.753331184387207 
7.308969020843506 
7.821335792541504 
7.038029193878174 
7.858418941497803 
6.9099225997924805 
10.210222244262695 
7.873602390289307 
5.9434733390808105 
8.636293411254883 
5.646578788757324 
7.080167293548584 
6.007649898529053 
6.139762878417969 
5.995211124420166 
5.162985801696777 
7.573951721191406 
7.202436923980713 
6.9353814125061035 
5.678713321685791 
6.0114946365356445 
6.353496074676514 
7.072517395019531 
6.119069576263428 
6.283786296844482 
6.307680130004883 
6.176040172576904 
6.873117923736572 
6.936999797821045 
6.570318222045898 
6.604564189910889 
6.478805065155029 
9.607246398925781 
7.211946964263916 
5.616865634918213 
6.624946117401123 
6.1304850578308105 
6.139395236968994 
8.180338859558105 
5.289625644683838 
9.514281272888184 
7.164999961853027 
8.124954223632812 
8.289247512817383 
7.606472492218018 
6.974807262420654 
7.661463260650635 
6.264176845550537 
7.77748966217041 
7.703975200653076 
7.258223533630371 
5.416162014007568 
6.531504154205322 
6.257543087005615 
9.502220153808594 
7.429029941558838 
5.901660442352295 
6.8989667892456055 
6.968001842498779 
8.1842041015625 
5.994029998779297 
6.232894420623779 
7.09692907333374 
7.825301647186279 
9.56639289855957 
6.169662952423096 
8.20948600769043 
6.895941257476807 
6.966304302215576 
8.084080696105957 
6.972462177276611 
6.21722936630249 
5.894351959228516 
6.940310955047607 
6.129308223724365 
8.492902755737305 
6.910510540008545 
7.632308006286621 
6.559821605682373 
9.65904426574707 
6.95588493347168 
8.182851791381836 
7.164295673370361 
6.265142917633057 
5.69915771484375 
9.152103424072266 
7.553649425506592 
7.736928462982178 
6.131758213043213 
7.2692718505859375 
6.777412414550781 
6.6526594161987305 
6.578045845031738 
6.852748870849609 
8.73024845123291 
7.4397807121276855 
6.851075172424316 
8.903690338134766 
6.392721176147461 
6.074747085571289 
7.071040630340576 
5.071627140045166 
7.544681072235107 
7.894052028656006 
7.931739330291748 
6.608983039855957 
7.258632183074951 
7.575695991516113 
6.966381072998047 
7.544448375701904 
6.375670909881592 
5.341514587402344 
8.464807510375977 
7.522045612335205 
5.735512733459473 
5.925583362579346 
7.636792182922363 
6.570160865783691 
5.992359638214111 
7.092010974884033 
6.049252033233643 
6.075949192047119 
4.85243558883667 
9.648880958557129 
5.930774688720703 
7.319065570831299 
6.591752052307129 
10.636164665222168 
6.022014141082764 
6.598053932189941 
7.523543834686279 
7.697630882263184 
7.172464370727539 
6.240163326263428 
5.411914348602295 
7.018197536468506 
6.745552062988281 
7.0223164558410645 
6.533335208892822 
6.122255325317383 
5.574473857879639 
6.484776973724365 
6.114765644073486 
7.190598964691162 
7.040400981903076 
6.210951328277588 
6.61642599105835 
6.370792865753174 
8.019342422485352 
7.227081775665283 
9.068412780761719 
6.789342403411865 
6.547921180725098 
5.836639881134033 
7.033454418182373 
6.637169361114502 
7.939613342285156 
8.214101791381836 
5.5605549812316895 
6.391844272613525 
6.937542915344238 
6.930984973907471 
6.65936803817749 
5.030991077423096 
7.815609455108643 
6.706038951873779 
8.170516014099121 
5.9454851150512695 
5.521284580230713 
7.246518135070801 
8.010834693908691 
6.177405834197998 
6.199366092681885 
6.333214282989502 
5.6604695320129395 
8.999794960021973 
6.6108317375183105 
6.375702381134033 
6.073060512542725 
9.149688720703125 
6.485987663269043 
6.2960286140441895 
6.77223539352417 
9.303118705749512 
8.964487075805664 
8.032336235046387 
8.321720123291016 
6.471106052398682 
5.6837077140808105 
6.318210124969482 
6.413933277130127 
6.296645641326904 
8.472272872924805 
5.390757083892822 
7.408759117126465 
5.516118049621582 
7.080539226531982 
6.8611650466918945 
5.5874714851379395 
6.108010292053223 
4.991551876068115 
7.786414623260498 
6.400630950927734 
7.6457200050354 
7.259079456329346 
5.699585914611816 
7.3422980308532715 
6.017721176147461 
6.3838887214660645 
5.959314823150635 
7.127308368682861 
7.9894328117370605 
5.333644390106201 
6.36188268661499 
5.9696125984191895 
6.46664571762085 
10.913434028625488 
5.396935939788818 
6.244802474975586 
